1.29401576711 1.07447899453 0.720471246029 0.932144812792 0.926745580739 1.1679160821 0.983848646458 1.31218474481 1.02535239205 1.14238528074 
1.2229597269 0.543357156099 1.34248534956 1.27887098606 0.971200474947 1.22809738531 1.06978077778 1.01762461208 1.14213143508 1.00492006062 
0.967291254673 0.939954309162 1.06547968331 1.09247662265 1.14212725953 1.00581894386 1.10024119121 0.834506091533 1.26494085453 1.23963082618 
1.08010839589 0.769004926678 0.98934400082 1.14213143485 0.85544389161 0.970382041952 1.0776738362 1.12882909769 1.49999999988 0.965209046741 
1.0319503194 1.14213143321 1.07060713478 1.00332677902 0.559622747677 1.30624488313 1.08406377567 1.14213143477 1.35069885904 1.04112058994 
1.49119220163 1.14186581634 1.00110082712 1.18074369862 1.02607785935 1.0514904832 0.999478266647 1.49999999999 0.981743518876 1.14213005002 
1.47068708683 1.14213143477 1.09879732543 0.862048076373 1.09159107767 1.01443415848 1.2177656877 0.990860249594 1.14196673321 1.43142010137 
0.998532569294 1.14202083857 1.21346001391 1.14213143477 0.909732013213 1.08642839791 0.768870763611 1.19027498407 1.11242477821 1.07432222984 
1.1421287302 1.14101526209 0.799788575002 1.03211566878 0.914492067469 0.977072134484 1.32571546066 1.49999999829 1.23006487047 0.826389574979 
1.12120408237 0.857606738843 1.01588946818 0.958739228289 1.14213143477 1.03418715229 0.648226151673 1.14213143474 1.07305069528 0.966601377592 
0.635019590299 1.2112990265 1.27523222332 1.14213063079 1.24232954516 1.00186135328 0.93436219498 0.888055464335 1.13524445655 1.01174287689 
1.01344950045 1.14213052915 1.14522151016 0.923653922212 0.756391941764 1.14249381694 0.671944405708 1.1878919856 0.992282016389 0.958420929043 
0.969551487428 0.804269354555 1.03840705908 0.968910472268 1.48910880469 1.14251032492 1.14210224265 1.1786562973 1.49999999404 1.08249895207 
1.14211638655 1.1362453587 0.968706664125 0.75715448097 1.25196954319 0.990852342141 0.993340070117 1.23037088408 0.8799467502 1.17659033073 
1.05282265216 1.01597118467 0.612527542106 1.14213143484 0.993961039528 1.25942012802 0.980796740581 0.571727151779 1.15376893067 1.32100892754 
1.50000000004 1.14174454023 0.993892835688 0.986293408539 1.08617069997 1.31380980672 0.85650099345 1.02212714271 1.04633654822 1.14213010597 
0.8281759244 1.23337481863 1.0474423459 1.06084320893 1.06338006877 0.903378563859 1.35659305268 1.14213143477 1.14161105803 0.894653706713 
1.00902411723 1.3623407727 0.948713883808 0.909768816796 1.14213143756 0.726233935522 0.977847747517 1.07250923401 1.17350314597 1.09391578137 
0.822526099891 0.992820134304 1.20579242813 0.633496839919 1.24490436206 1.14213143517 1.00379129243 1.23237136747 0.938748793874 1.03985166418 
1.23450416106 1.230000085 1.0759937362 0.995790454937 1.08526200605 0.993497928997 0.756435732473 1.06403496023 1.14359593643 0.951106873519 
0.960326447668 1.00673759995 1.14249726353 0.842305432533 0.94566459875 0.905687590288 1.22677759667 0.95182584328 1.05146921367 0.898239337881 
0.867159954285 1.08107816817 0.739918480909 1.14213143477 1.08074984029 0.701208709914 0.958531733064 0.962566675219 1.34022582349 1.14213143477 
1.00096966331 1.14211668752 0.963119950117 0.596672293149 1.05046157587 1.14213141591 1.00117306145 1.15842787482 0.938322047616 1.10573313355 
1.11624456095 1.22945876608 1.06678626353 0.979834034762 1.50000004362 0.944976701313 1.239323115 1.03471881235 1.14213069598 1.01203281762 
0.929218606942 0.797043635932 0.986185738681 0.911468380684 0.998834985065 0.777204051406 0.956784101138 1.27811138751 1.14239101031 1.08747818047 
1.23706985919 1.11569020253 1.14213143477 1.07003831894 1.03989651893 0.681798117098 1.14213143476 0.759403343024 0.910263229585 0.792705198072 
1.14174444701 0.994016337232 1.0219211245 1.04649997723 0.986128347148 1.49999999749 0.856431998299 1.08572759308 1.14213010678 1.31384222918 
1.27266317828 0.729033368316 0.894107633289 0.926428980475 1.24582733677 0.994612277696 0.749586605195 1.21174323237 1.13314245723 1.14213143482 
0.721057615737 0.925100255899 1.11881477593 1.14213143477 0.878344811404 0.925872250342 1.08554524684 1.02609738378 1.14213143477 1.4249526384 
1.14213143477 1.07374011051 0.756375953226 1.49999945893 1.16258800967 0.961983030778 0.854504523293 1.1424438259 0.853023551653 1.0405055257 
1.07363415299 1.14213143477 0.57744784229 0.998208048547 1.14213143444 1.20181567354 1.4335886929 0.940532144868 1.04878971171 1.0778085863 
0.999055899901 0.64688411872 1.14213143477 1.15581423671 1.18138442087 0.911338485341 1.22182026844 1.01779015691 1.14212516607 0.838329369473 
0.65626193125 1.36696943836 0.894514642952 1.27901745611 1.00232309701 1.01026601102 0.929875988668 1.14213047088 1.20495979451 1.37013964643 
1.14052845377 1.02450222921 0.97673781819 0.967902548901 1.36794352559 1.18794359635 0.969823147287 1.04042178575 1.14213143477 0.953207968238 
1.35913406007 0.976702128072 1.067051826 1.01960600074 0.988359708588 0.940061527065 1.04077082331 1.14232251899 0.971269226993 1.00646012061 
0.995051880096 1.14213143531 0.641342062071 0.904228575713 1.20982950579 0.934100135382 1.01128227411 1.41421085784 0.993305850697 1.24546147072 
0.997472784414 1.262741419 1.06802525299 1.10014458637 0.637312383642 0.902008228925 1.22729297782 1.30433348011 1.14212853389 0.99754577521 
1.01020467301 0.834183139542 1.31845691722 1.11811407194 1.1741858276 1.14212895192 1.14251201969 1.05659068675 0.648085514422 0.963914343591 
0.936644177352 0.99189026968 1.11059123893 0.906454636902 0.990390048789 1.03011256122 0.910392517796 1.12360058136 1.14242647567 1.1349280321 
1.0059132956 1.12164266778 0.615630158039 1.14753725497 1.17707419994 1.33323098973 1.02104612467 0.958758466667 1.04356249548 1.0098530824 
1.09249320129 1.07932925976 0.601214493969 0.998596357208 1.08852368988 1.14400777709 0.99452614952 0.842551453858 0.623382490307 1.34654148688 
0.949193388228 0.875782079246 1.14251700688 0.884371462153 1.24522727417 1.00314145349 0.965575865811 0.984759024807 0.860806314204 1.09399590188 
1.02971068704 0.864680575043 0.859102711922 0.977513306139 1.06059545827 0.893448532665 1.14212767931 1.14089102024 0.981974868223 0.999318295145 
0.79851346077 1.14213415215 0.880804590733 1.16420333406 0.98934303187 0.752083553369 1.07893093321 1.05383775014 0.969160404702 1.01007168838 
0.985622797045 1.12835662997 0.952343174195 0.591653274906 1.30732750413 1.00035765669 1.04265327187 1.01884417875 0.907508054921 1.14247460673 
0.960629787671 0.953343692497 1.14250008334 0.993485212734 1.0808442978 0.995626467475 1.03036151716 0.967917787799 1.1202530288 0.916757936881 
1.11406474368 0.985250045629 1.14978172137 1.02308315267 0.669103552862 0.992257099751 1.05740986649 1.12748992084 1.08395178102 1.02442973025 
0.581945950449 0.865941737211 1.14213143476 0.984109926554 1.10262165611 1.43041261266 1.17331472608 0.87225228639 1.05817414154 1.13867302796 
0.789927809735 1.14212909882 1.14247496224 1.01065089829 1.13931540135 0.95238122523 0.918364429394 0.77941477288 1.17384404543 0.956100890973 
1.1421314348 1.02912510011 1.24276136763 1.03685229029 0.963198201658 1.47545393834 0.738876819583 0.566453640678 0.981917472964 1.22150312554 
1.28109872562 0.608484329331 1.14213143477 0.790275546175 1.06090591235 1.14213140181 0.802937364871 1.02981370834 1.01489102693 1.33275485654 
1.05179879907 0.581075810478 1.14213143447 1.00201540123 1.14213143477 1.07602960784 1.19916612905 1.09351501851 1.4420641348 0.922163968547 
0.97181428784 1.147358115 0.57696072514 1.4001029534 1.14254125179 1.12704684411 0.844617347877 1.01199869561 1.0665792323 0.964920174354 
1.04180039593 0.898255932208 1.14382517309 1.16827068692 0.872700803558 0.691990055976 1.12573490463 0.980037708087 0.831284898661 1.1421126509 
0.872959002813 0.937893383011 1.10238039394 0.633907246747 1.18156271242 1.14213143477 1.01509651049 1.41001870067 1.26929595612 1.14213136463 
0.975570253184 0.683821700696 1.4311370766 0.974011735862 1.2341522042 1.07852949078 0.933000906008 1.14213075636 1.01618780208 1.00145894393 
1.02381045014 1.49999999468 1.0231975373 0.710751841394 1.04773743574 1.14213015089 1.24209399439 0.981608944733 1.05296084424 0.826506622694 
0.953210251469 0.969813721382 1.36791827254 0.967988423246 1.14052847093 1.18793880104 1.14213143477 0.976718573174 1.0244883628 1.04043598369 
1.26642342618 0.637766978294 1.21346066126 0.998691861327 0.928164636661 1.06506022751 1.09721514978 1.1421292914 1.00194691417 1.22656301238 
1.14164316571 0.829796081589 0.908122944106 0.921418248186 1.14213143477 1.06779756824 1.22132306423 1.04595160777 1.36199393645 1.04607569748 
0.854136005722 1.1218987686 1.09425812275 0.986907203289 0.775176559121 1.14243554651 1.00197551746 1.24031860211 0.986965702383 0.939167413524 
1.00478957418 1.34264229987 1.22825576828 1.27481774045 1.1421314351 1.22366531313 1.01763338857 0.543349698656 1.06907968801 0.971344347948 
0.91778784221 1.06690652542 1.14213143477 1.35983846732 1.2264011492 1.14163401209 1.0675060495 0.90564410001 0.83335027765 1.04563413015 
0.970484299014 1.00988363482 1.08413593693 0.866416676879 1.14212930071 1.05176297962 1.20920070368 1.25486249421 1.12086125728 1.23762411276 
1.11855099745 0.954231006721 1.10139314629 0.987399814537 1.35286110844 0.882314557905 1.14247911829 1.18306817042 1.11943920268 0.734102910172 
1.06605893851 0.739833325984 1.14719308901 1.14213143477 0.877988016059 0.996166153009 1.14211427223 1.10822188696 1.13436102341 0.908430994911 
0.988699659647 1.14231996228 0.966418211652 1.167052228 1.0160017215 1.18417287058 1.17532524199 1.02870042627 1.34891654254 0.979304527642 
1.14213016806 1.30912811218 1.10769813331 1.05149545446 0.999605854232 1.18590358649 1.14186446748 1.50000000001 1.09272724525 0.939903408972 
0.823974820065 1.14093920427 1.49999994326 0.825357721603 0.923539865586 1.00048293504 0.945379871043 1.01278898786 1.22353075606 1.10645438401 
1.28548206172 1.15801694456 0.972334091388 0.745715266169 1.10719035929 0.645184655386 1.06639877312 1.25488853247 1.01316894956 1.14213143503 
0.968964956654 1.08246953017 1.03846567143 0.804239846119 1.14251041254 1.17868237437 1.1421022633 0.969466993664 1.48884383575 1.50000000362 
1.2045589396 0.894456233231 1.36696974321 0.92972728432 1.27890008394 1.00235887165 0.656202365424 1.3703198277 1.01019287071 1.1421304737 
0.855439516754 1.1417314421 1.31501186414 1.50000000346 1.02165582134 0.994493027913 1.14213014473 1.04456675238 0.983294374999 1.07636501714 
1.14213143477 1.14212722517 1.00315141754 0.830704382264 0.650065002878 1.11840468624 0.82310845629 1.19368411465 1.0114424775 0.995846769173 
0.988999152158 1.1414402055 0.985639222515 1.49999999998 1.14213094334 0.934157868835 1.03884722027 0.813959915375 1.49999999975 1.49999999999 
1.03970470247 0.9841549087 0.65795309167 1.12666840825 0.742947743315 1.11528142708 1.49999999991 1.1419732256 0.98421067663 1.12077187934 
1.49999999931 0.986551821611 0.856569285218 1.14174589034 1.02210223765 1.04638346289 1.14213010923 1.08689829513 1.3138738909 0.993857897269 
1.16702625212 0.802660922296 0.953916353168 1.04629165606 1.03186214319 1.14173036688 1.14213143477 0.976768017275 1.07564748395 1.39246956978 
1.10844708063 1.15124082777 1.21610613634 0.849221399243 1.16387154522 0.996373224189 1.14213143477 1.06931215222 1.14199345433 1.02763502801 
0.815371096595 0.85871388962 1.14187431637 0.862633030222 1.00236341734 0.992111364001 1.07444933878 1.01097189586 1.14213143477 1.37936679185 
0.556705554502 1.23279699418 1.02885700556 0.972053080422 1.00181282081 1.00211590304 1.25399766119 1.00616861989 1.0333010565 1.14213143526 
0.656058832609 1.07184708436 1.1101347713 0.94675269948 1.17553962044 1.30466213577 1.14245560712 1.14213143477 1.00343476662 1.02794128196 
0.998708402509 1.14250110478 0.611283671497 0.93991993145 1.1871829232 0.960654829735 1.14213063195 1.01330982648 0.757964980094 0.647845030617 
0.628890242871 1.02498027928 0.939984916146 1.14243252074 0.999904452369 1.21075419986 0.987750647163 1.09827839933 0.872357074391 0.829722716461 
1.00070987107 0.998397305439 0.99071963282 0.631175213098 1.22581917042 1.11155510852 1.14212917038 1.26544531197 0.931696685793 0.819907885296 
0.732615212469 0.994181852445 0.969431564775 0.843726910724 0.997444318725 1.02175082913 1.17033455256 1.35835571236 1.13294990659 1.14213143481 
1.12662676145 0.733227429255 0.964394339124 1.14248591007 1.18178817635 1.16677655817 0.654891189752 1.33871273542 1.02366092368 1.14242703615 
1.1421299905 0.999216146365 1.01911917287 0.9765898754 1.0683236185 0.880763984014 0.940700515203 1.14197345815 0.749107695661 1.05345805988 
1.49999999252 1.49999999819 1.14030796253 1.0229637688 1.02313646479 1.14213143476 1.16192165714 0.862687222292 0.99455426433 0.869373617905 
0.874180553321 0.926707234914 1.4773487249 1.14189318217 1.24260166823 1.01215880523 1.07266474672 1.11183837393 1.18092473106 0.954378808536 
1.14213143477 1.32526049295 1.25650428236 0.623629526757 1.14213142493 1.00430122203 1.04842888294 1.13558448697 1.28819391295 0.980902615528 
0.671722583846 1.04353119366 0.963648331374 1.14213143477 0.773226566685 1.40436539059 1.04775017847 0.975921602598 1.14213143476 1.07656374047 
0.970591126592 1.49999999986 1.07793005377 0.769004136519 0.989341856101 0.855407926007 1.0799950325 1.14213143485 0.965052936383 1.12882912968 
1.45099281098 1.14213001492 0.99587081758 0.971985548804 0.888418228361 0.998327846942 1.03801911009 1.04876950729 0.967090623812 1.14180013472 
0.946604421337 1.051375361 1.14174719162 0.935045136812 1.1421300553 1.4562486819 0.988777035636 0.961157336108 1.04820000054 0.887874286549 
1.49999996137 0.921301348679 0.966011363966 1.24562475358 1.07388181353 1.1418534377 1.14213084558 1.05194694589 0.757060336743 1.09171604181 
1.016038868 0.87995977412 0.976015033899 1.3868998424 1.00678190806 1.14254689846 0.968089122691 1.3984700436 0.917349650367 1.07179416419 
0.927443272295 1.4267207303 1.03684714619 1.14177458566 0.976496667309 1.0898774031 0.728794001084 1.14213143888 0.947179027093 0.958255421277 
0.807345667001 0.851238996591 0.856487504789 1.12754415796 0.986745017364 0.962704092625 1.029475583 1.48994025618 1.1421314349 1.03295249194 
1.00788374281 0.976957866481 1.14277826233 0.675531017359 0.83040369458 1.14188763577 0.819864074662 0.997630936884 1.06405384544 1.14445293185 
1.27551439245 0.896508593007 1.14249635057 1.23895278066 1.11792803905 1.02045251381 0.988631247297 1.04742778143 1.10781304453 0.959526038256 
0.93301731013 1.00583846103 1.13736717724 1.43634366699 1.14213143479 1.22754069399 1.15206672003 0.90579327505 1.05007155063 0.909712369506 
1.14100339303 1.03193435181 0.981435296193 0.799999983191 1.14212872367 0.914104753155 1.32111803307 1.23021196827 0.828431248278 1.50000000053 
0.971465065076 1.21874455242 0.805997058301 1.14213143477 1.14179166478 1.38940774303 0.991683168882 1.05125705073 1.04839055991 1.02954119794 
0.982299456449 1.05118850567 1.05957767402 1.30039958176 1.14249147407 1.14213143477 1.14888277211 0.738105483471 1.12027580023 0.629771688538 
1.1421312675 1.22021575938 0.966330712692 1.01703473426 0.926542364709 0.979798722485 1.50000053006 0.991208909823 1.27619047772 0.945833190397 
1.29325779859 1.12244304592 0.623169996062 0.994457215597 0.998490697923 1.07470464066 0.842056650285 1.09043252128 1.14408830575 0.598734935673 
1.06620241006 1.14213143477 0.739871974396 0.877892926396 0.90850099808 1.1082544692 0.99643191861 1.14649972886 1.13638058299 1.14211424402 
0.96926295992 1.11395083833 1.00089601657 1.50000048697 1.14212948809 1.04464127441 1.23547246786 0.980946299763 1.32489850326 1.05677680969 
1.09154148916 0.892320485658 0.871439232766 1.04450075123 0.934564043735 0.941722565742 1.00774648742 1.14243883852 0.990466839422 1.10807425894 
1.08463110704 0.88767533918 1.37893542549 1.03587155168 1.14213143477 0.88615677376 1.02358953157 0.822382769229 0.875213193338 1.14124317064 
1.4002308054 1.09624977846 0.799345099648 1.14169200059 0.858226762297 1.14213143477 0.7912015404 1.00762417416 0.93381018002 1.03537713862 
0.86802136639 1.07924904397 0.8847148858 0.968162416514 0.739179716686 0.982203173119 1.00011367071 1.05084313704 1.14186021692 1.14213036178 
1.12730265077 0.96866491013 1.00344469679 0.952123952319 0.828903347199 1.13174035226 0.992330381711 1.49999999192 1.02106689146 1.14213143483 
1.14213141594 1.00123827326 1.00104328984 0.596835426834 0.963220042852 1.1056363142 0.938154300263 1.15807267229 1.04988478525 1.14211679221 
1.31406750206 1.04598012889 1.14213010204 0.856788752907 1.02586202016 1.06740754324 0.980217749421 0.995524165198 1.49999997019 1.14172970907 
1.07733052829 0.782977288404 1.14170892865 1.14213052831 0.849833131673 0.933032861865 0.769980986361 1.00797743598 1.04642153871 1.49999999889 
1.07728983194 1.40225308973 1.04556282113 0.773186355084 1.04909690094 0.972647259344 0.670872247968 0.961997538997 1.14213143477 1.14213143476 
0.834605801373 1.49999999729 1.45814869962 0.996308304598 1.14212741345 1.07206587133 0.562490996238 1.25466476601 1.14213143474 0.901110975149 
1.14213143477 0.998748220778 1.07183667069 0.683304153332 1.31016361542 1.03438008619 0.750252058243 0.904293250432 0.81742081209 1.14213143476 
1.09261296404 0.757350708258 0.921508195878 1.14213143477 0.889589842982 0.997985824808 1.14205848082 0.695781606694 1.03307008099 0.984029735226 
1.13913142003 0.840895975109 0.720289919602 1.50000000029 0.905402096019 1.14204751526 1.14212995036 0.968944945362 1.0517097235 1.01716137102 
1.17168024862 1.00961875761 0.956783207562 0.907553534309 1.14250304553 1.1181998528 1.17343437406 0.961262226949 1.1421286648 0.653205355117 
1.14186391379 0.855964823331 0.854342163615 1.07050561466 0.971834185539 0.980958350826 1.49999997965 1.14213021349 0.700955946847 1.05106244337 
0.984990877621 1.23492155831 1.02236203524 1.32977618123 0.879350591394 0.802429159278 1.04172754293 1.01196534402 0.921283902177 1.1421313364 
0.980506392797 0.831527842441 1.50000000002 1.33100272686 1.0376783903 1.14135550261 1.48348753125 1.46495587468 1.1421314313 1.00305719243 
1.50000000022 1.09224648699 1.14209707102 1.00287270483 0.774933360279 0.975814529288 1.456853333 1.02934392779 1.09186558284 1.08861655751 
1.02531820173 0.926737105423 1.14238526083 1.16784681961 1.29401048625 1.31225198432 0.983853262799 1.07445365183 0.720886910037 0.931890941132 
1.24067810081 1.50000034743 1.01391292445 1.14213100944 0.883094320176 0.989000871604 1.2426107592 0.986863552943 0.821010337991 1.19429339279 
1.0069427812 1.16305077678 0.790566722404 1.24399562703 0.958704487028 1.0389736834 1.01729462158 1.14212382588 0.947535712709 1.14246186778 
0.922834602311 1.14213084679 1.23725440539 1.00211537064 1.11593623758 0.640858654378 1.02513685115 1.22384929308 1.28275838905 1.50000001863 
0.637652665974 0.928184329467 1.22637616874 1.06510995586 1.26638155969 0.998669817076 1.0973020868 1.00191499156 1.21423219826 1.14212929446 
0.569956419281 1.0705099311 1.00424362378 1.02675533694 1.14213143477 1.03184837643 1.49999999994 1.05885124189 1.14213075855 1.24202586108 
0.938695495779 0.633484604246 1.14213143516 1.20586884557 0.992868450515 1.24495771878 0.822775326657 1.00377277462 1.23199588144 1.03961867356 
1.14212578598 1.00233932516 0.63116634083 0.818994454326 0.767001240451 1.24544994739 1.00049402352 0.886953432144 1.19658790913 1.14211236724 
1.16689204716 1.03388797056 0.768255738673 0.87617976656 1.0924013895 0.986309222868 0.724133818791 1.08866988556 1.14241170507 0.92961434868 
0.648231493633 0.856824741234 1.12057528536 1.14213143474 1.01623148033 1.07311942292 1.03390431836 0.960255015861 0.970418094021 1.14213143477 
1.14213154713 1.0451569398 0.741122864014 1.0486742881 1.18333124144 1.04687721493 1.01753735443 1.14203174615 0.955021786767 0.89953222023 
0.983715169948 1.1229800975 0.918856462192 1.14246399374 0.930715836049 1.07671411868 1.0462374883 1.06953564534 0.996521525617 0.948738372882 
1.18726147011 1.14250184468 0.611320916024 0.757790180226 0.998618953769 1.01336198613 0.648091895846 0.960874607743 1.14213064127 0.963674660602 
1.22132369654 0.726443585881 0.963393492497 1.30560287622 1.1421314348 1.46382512068 0.565151607848 0.861005256219 1.04293946423 1.02239151405 
1.4173826682 1.40235881134 0.835394100536 0.771981917715 1.14029932257 1.50000000002 0.873470568047 1.0232820854 0.994672731919 1.14213141492 
1.03984257492 1.16942655492 0.888229781047 0.973065716255 0.999744524695 1.14213143454 1.22115370023 1.0643866155 1.10704658693 1.21779840289 
1.50000000084 0.978379316047 1.49086481137 1.1780846477 0.998398643121 1.1421300567 1.05166605873 1.00348014655 1.01912149341 1.14186271454 
1.00606255456 1.1476411418 1.05351701315 1.2277709122 1.00372305348 0.617561242566 1.14596405429 1.13688707818 0.934004254831 1.11383183551 
1.18798992696 0.834216930429 0.99215336393 0.649683152935 0.835601004058 1.14213143477 0.993533106736 0.991738899353 0.844432189016 1.14212467907 
1.38743316036 0.872324131304 1.29907701419 1.5000000001 0.915007478563 1.14212908691 1.13017231337 0.862705601853 1.03616389641 1.14125569547 
0.982792515103 1.14166783547 0.891816319774 0.887001490878 0.947685971335 0.880302393626 1.0472328737 1.46309880357 1.14213011622 1.07095294333 
1.25209084784 1.14213143528 1.00611888622 0.556768207989 1.02886655282 0.972084315349 1.03366999114 1.00205042432 1.23284693789 1.00185034547 
0.905676427893 0.953754895505 1.01537972497 1.14247916966 0.755199520358 1.03876442732 1.14213090297 0.975816604955 0.681375749555 1.19384701186 
1.02398405346 1.37957712165 0.875145035216 0.822912405162 0.886235626866 1.141246804 1.03579765734 1.14213143477 1.08424309287 0.887595523843 
0.959229978373 1.06965849056 1.04940584854 1.1419732279 1.14213164237 1.21488233638 1.03477763155 0.963689079023 1.49999999958 1.49999996118 
0.967360062553 0.986938911081 1.14177222388 0.805481859497 1.0580013725 1.04732054153 1.14213143477 0.951010274836 1.39209621415 1.21953629224 
1.01432385211 0.687783917621 1.14213143479 1.23827858177 1.09167870812 1.50000023359 1.27971965506 1.02748958525 1.32043021891 0.93883380888 
1.02753668605 1.23512417403 1.1421347299 1.22164836824 0.958437624718 0.981689178144 0.904209205029 1.14212706791 1.47042611392 0.858789112126 
1.1360444856 1.20719608158 1.2746188345 0.887825192266 1.24420580994 1.00186890893 0.93489617183 1.01128079495 0.634980532283 1.14213063367 
1.14138475101 0.953056745722 1.13988634218 1.2180102886 1.07061016669 0.936791338579 1.02296425225 1.0466498334 0.927324199679 1.18863830079 
0.649155097425 1.18691162713 0.831741295352 1.14213143477 0.9970416201 0.994274455537 0.835863741334 1.01545961893 1.1421241463 0.850336252353 
0.895963770003 1.02628442415 0.935430560969 1.10850202287 1.49999999998 0.9996672813 1.24551430769 1.03467349812 1.06967093442 1.14196471552 
0.947500602015 1.07270593402 1.16948660132 1.00906744737 1.13209280497 1.1424606012 1.18472218158 1.14212725502 0.920858230023 0.787164831894 
1.22816811279 1.27697212274 0.543343920976 1.01765288298 1.14213143509 1.06949986134 1.34251974254 0.971258619272 1.22319852762 1.0048726207 
1.36930550803 0.642164732823 1.20106816255 0.994112018319 1.03964627905 0.676427023094 1.14213143478 0.995740645426 0.917893696541 0.827098072596 
1.00387280495 0.632570917699 1.26807408763 0.99949753991 1.10978858098 1.04319987364 0.792213862335 1.22081865638 1.03350577515 1.14212967369 
1.22346857838 1.06916016414 1.22820942201 1.1421314351 1.27447171513 1.00482569426 0.543373060918 1.01764969454 0.971310737932 1.34256004964 
1.02760726906 1.14884816986 1.14443761532 0.995779763178 0.993027221829 0.996689892591 0.668153793727 1.09733914592 0.89536538513 1.00222031401 
0.998426388965 0.899780738549 0.637838783204 1.22513847751 1.12830039579 0.990161457991 1.2444189085 1.14213143502 1.24808152777 0.961893346387 
1.13580450099 0.789984687273 0.954195600294 1.0113796999 0.945642997013 0.939602653616 1.14245471329 0.823518410124 0.808145450477 1.45559704347 
1.50000000006 1.06032255362 1.37779601356 1.14213143481 0.997056085886 1.13423446893 0.857587854846 0.820756840821 0.960128099982 1.40665471793 
1.01028772783 1.08082537827 1.2993567535 1.14246776913 1.142115839 0.979992785571 0.930751253359 0.951455905466 1.02872989961 1.00832521043 
1.14213143472 1.0345661814 1.2884122546 1.1465679298 0.602408246579 0.965501391107 0.982662615385 1.04005720392 0.794855138096 1.117513833 
1.05943533193 1.1420043326 1.14241147796 0.773698801015 1.04704432664 1.15672190984 1.05609835997 1.00722568194 0.896511441545 1.00012861061 
0.999957383721 1.13416806665 0.734241105915 1.02999255721 1.15621134807 1.06921209833 1.14160596668 1.05214925887 1.32515512801 0.81698766887 
1.17581971711 1.15716135475 0.647650842869 1.21527465601 1.14213143477 1.10899643425 0.999104158394 1.14212398897 0.917272102222 0.842317973068 
0.788859360921 1.13290804806 0.936255069316 1.13771726382 0.90260015492 1.14202583929 1.1455868303 1.01957119988 1.50000000019 0.991518788678 
0.87616765163 1.07442526508 1.14247247276 1.38710866532 1.01275440968 0.975937421286 1.00669825196 0.967797445075 0.914115075282 1.39889988592 
0.841887563117 0.987297422292 1.03792802134 1.00407779605 1.08566827312 1.19475781922 0.968614536923 0.833765235743 1.14213095013 1.14213156838 
0.631206860651 1.00323522882 1.2688886256 0.902545740521 0.992737608712 1.13648048224 1.24916672931 1.20356256024 1.22876281813 1.14213143516 
1.03440450336 1.02375176911 1.14238968141 1.09665381462 0.998662212522 1.21259293772 0.998818998306 0.979360064901 1.02726890525 1.08432594963 
1.49381444817 1.016947109 1.00081719323 1.00028336657 1.05183820075 0.97851393292 1.5 1.14212998427 1.14186645443 1.1800526276 
1.24123504753 1.01673522234 1.02735643511 1.18339412829 0.557477958841 1.14213143518 0.972293282121 0.964847167764 1.23107702374 1.09779094749 
1.0189432045 1.26909394579 1.14213113738 0.960842611332 1.21068309831 1.1730030447 1.49999996697 1.03565571198 1.49999996692 0.72322986775 
1.18722896745 1.50000000012 1.05130624628 1.14186200236 1.01891072888 1.01158056828 0.966872493731 1.01444682657 1.14213035315 0.979721758247 
1.07456656183 0.903853851999 0.874041121543 1.14213143477 1.0388609733 1.14139467256 0.842013435571 1.36806338174 1.21094948246 1.05797623877 
1.22908162318 1.14212872977 1.14101613276 0.827603336111 1.4999999987 1.03215551909 1.3294350588 0.973920885048 0.799897670003 0.914807071752 
1.14210965815 1.02511022874 0.94024636932 0.912729679615 1.34180332054 0.847647812075 1.1591790191 1.00278783073 1.48608169401 1.14211334113 
0.933236577874 1.13739547465 1.14213143479 1.14968926208 0.908230110369 1.23092526792 1.04948973413 0.905289111339 1.00576997357 1.42661750896 
0.990087572591 0.815552068214 1.49999987439 1.00153349592 0.827044887752 1.0217848846 1.42304817942 0.901319858121 1.14213143472 1.13098896774 
