1.29401576711 1.07447899453 0.720471246029 0.932144812792 0.926745580739 1.1679160821 0.983848646458 1.31218474481 1.02535239205 1.14238528074 
1.2229597269 0.543357156099 1.34248534956 1.27887098606 0.971200474947 1.22809738531 1.06978077778 1.01762461208 1.14213143508 1.00492006062 
0.967291254673 0.939954309162 1.06547968331 1.09247662265 1.14212725953 1.00581894386 1.10024119121 0.834506091533 1.26494085453 1.23963082618 
1.08096673457 0.765324683202 0.996331590467 1.14213143475 0.852351918467 0.964324713427 1.07262346674 1.13319977525 1.52995592957 0.976297844612 
0.692994870353 1.14209795507 1.14778279788 0.856604456025 0.763355286631 0.905101019591 1.21814739566 1.1421314366 0.858232144948 1.09692347808 
1.49452063706 1.14183703435 1.00075376145 1.17845221175 1.01161377925 1.050114702 0.998562383082 1.50729843699 0.975678077953 1.14213013845 
1.47068708683 1.14213143477 1.09879732543 0.862048076373 1.09159107767 1.01443415848 1.2177656877 0.990860249594 1.14196673321 1.43142010137 
0.998532569294 1.14202083857 1.21346001391 1.14213143477 0.909732013213 1.08642839791 0.768870763611 1.19027498407 1.11242477821 1.07432222984 
1.14212874087 1.14059182292 0.800528260881 1.02662007061 0.91976473112 0.959338278052 1.34608782924 1.59999824817 1.21855698915 0.826422689182 
1.11779138937 0.85179356034 1.014478834 0.938074004347 1.14213143477 1.03279666527 0.657249265433 1.14213143474 1.07311038676 0.94287720233 
0.634999787951 1.21104297491 1.27525354206 1.14213063148 1.24100479995 1.00187758599 0.934376828549 0.888037797716 1.13518520927 1.0117644598 
1.01327727349 1.14213053089 1.14521127204 0.923036324909 0.756370394646 1.14249261708 0.672053406559 1.18767178254 0.992275210602 0.958047542163 
0.973692122981 0.813049483865 1.0388924678 0.959362076753 1.52060022728 1.14251021637 1.14209940237 1.17834794814 1.53874819208 1.07916677683 
1.14211638655 1.1362453587 0.968706664125 0.75715448097 1.25196954319 0.990852342141 0.993340070117 1.23037088408 0.8799467502 1.17659033073 
1.05282265216 1.01597118467 0.612527542106 1.14213143484 0.993961039528 1.25942012802 0.980796740581 0.571727151779 1.15376893067 1.32100892754 
1.54804800303 1.14147698778 0.971787046267 0.920766233432 0.962836560165 1.28822399701 0.85145180903 1.05179880306 1.04126169717 1.14213033942 
0.8281759244 1.23337481863 1.0474423459 1.06084320893 1.06338006877 0.903378563859 1.35659305268 1.14213143477 1.14161105803 0.894653706713 
1.00902411723 1.3623407727 0.948713883808 0.909768816796 1.14213143756 0.726233935522 0.977847747517 1.07250923401 1.17350314597 1.09391578137 
0.822526099891 0.992820134304 1.20579242813 0.633496839919 1.24490436206 1.14213143517 1.00379129243 1.23237136747 0.938748793874 1.03985166418 
1.23458224624 1.22986403789 1.0761637632 0.995819711654 1.08536212984 0.993408321888 0.756452513701 1.06408268888 1.14360046155 0.950910671556 
0.961323525932 1.0069805258 1.1425044877 0.838407147456 0.945729850242 0.905795323821 1.22686092569 0.951641108636 1.0495698673 0.89762199819 
0.867151685165 1.08129485009 0.739919400653 1.14213143477 1.08088511486 0.701229586524 0.958549584822 0.962631886287 1.34013058941 1.14213143477 
1.61004319073 1.14211033462 0.955621448995 0.603314368788 1.04823951412 1.14213143374 1.13433943481 1.03981221802 0.939913280258 1.10728173428 
1.1146386929 1.22350825898 1.0532093182 0.982472620099 1.63306049268 0.943503623717 1.24299624849 1.0356420319 1.14213067866 1.01210607491 
0.929218606942 0.797043635932 0.986185738681 0.911468380684 0.998834985065 0.777204051406 0.956784101138 1.27811138751 1.14239101031 1.08747818047 
1.23706868559 1.11568749773 1.14213143477 1.07001208675 1.03986847944 0.681698562544 1.14213143476 0.75940742952 0.910208623097 0.792631604447 
1.14163570916 0.999436826848 1.02306462552 1.04282536804 0.978002058065 1.54256374063 0.854477083177 1.06201924178 1.14213024347 1.32137818258 
1.27326068779 0.730397878698 0.893940765791 0.926496680653 1.24642864807 0.994708938068 0.749691741416 1.21072966853 1.13311327796 1.14213143482 
0.721072519101 0.925248242786 1.11829814334 1.14213143477 0.87796699557 0.925974313432 1.08328467148 1.02622234514 1.14213143477 1.42731304581 
1.14213707904 1.08660054162 0.662052212839 0.750501051727 1.29045708086 0.840966908874 0.882254860267 1.14215767228 1.33352395154 1.03845033249 
1.08857718155 1.14212997546 0.718877078524 0.9948375244 1.14213143476 0.855088530121 1.2039302233 1.46209145632 1.04833964033 1.12807935398 
0.999055899901 0.64688411872 1.14213143477 1.15581423671 1.18138442087 0.911338485341 1.22182026844 1.01779015691 1.14212516607 0.838329369473 
0.65626193125 1.36696943836 0.894514642952 1.27901745611 1.00232309701 1.01026601102 0.929875988668 1.14213047088 1.20495979451 1.37013964643 
1.1405282353 1.02449715606 0.97674212921 0.96791821103 1.36794988047 1.18793689776 0.969823155787 1.04042139873 1.14213143477 0.953207741662 
1.35915891379 0.976697647913 1.06691813893 1.01960116491 0.988254978634 0.940339101015 1.04067928701 1.14232257634 0.971343370033 1.00607596558 
0.995051880096 1.14213143531 0.641342062071 0.904228575713 1.20982950579 0.934100135382 1.01128227411 1.41421085784 0.993305850697 1.24546147072 
0.997034305865 1.26316880193 1.06875723932 1.10032924636 0.637304103949 0.902956504471 1.21876279966 1.30595965611 1.1421285345 0.997459117314 
1.00980356199 0.834361969553 1.31850217912 1.11811732507 1.17437570869 1.14212896912 1.14251144819 1.05628047363 0.64824749188 0.963747482301 
0.936686466053 0.991886500383 1.110580309 0.906448331164 0.99038794979 1.03024340724 0.910410411543 1.12366278822 1.14242658584 1.13612612817 
1.00591569057 1.12164415883 0.615626699849 1.14753766796 1.17707082136 1.3332307506 1.02104088399 0.958783614868 1.04356206507 1.00985904516 
1.09024211069 1.08870658783 0.601767751346 0.998166145348 1.0888770255 1.14400661627 0.992628048404 0.843927163828 0.624205120683 1.34821526851 
0.949193388228 0.875782079246 1.14251700688 0.884371462153 1.24522727417 1.00314145349 0.965575865811 0.984759024807 0.860806314204 1.09399590188 
1.02299514021 0.863588092111 0.851490676027 0.973846089642 1.60457409247 0.882394961265 1.14212668036 1.14036964479 0.90692974825 1.05236575044 
0.798509319982 1.14213414516 0.880927078204 1.16421990473 0.989354748458 0.752075909784 1.0791154976 1.05388772046 0.968966238127 1.01007068774 
0.985622797045 1.12835662997 0.952343174195 0.591653274906 1.30732750413 1.00035765669 1.04265327187 1.01884417875 0.907508054921 1.14247460673 
0.960629787671 0.953343692497 1.14250008334 0.993485212734 1.0808442978 0.995626467475 1.03036151716 0.967917787799 1.1202530288 0.916757936881 
1.11439857295 0.985235876007 1.14978296879 1.02312962908 0.668960924633 0.992185514044 1.05673929067 1.12749237001 1.08376379346 1.02426481699 
0.583537167439 0.865746006713 1.14213143476 0.982459994683 1.10446864114 1.43077954864 1.17358144987 0.872561135443 1.05861385037 1.13870524484 
0.79022311896 1.14212910365 1.14247722974 1.01031434246 1.13930721094 0.953131746651 0.918558681612 0.779330872287 1.17412722946 0.956045938639 
1.1421314348 1.02909241256 1.24191672784 1.03683447817 0.963464609146 1.4709134789 0.738695607286 0.566347268185 0.980008069047 1.22171802601 
1.28106874985 0.608463179942 1.14213143477 0.790420293578 1.06038088156 1.14213140205 0.803376627699 1.0299565166 1.01489900183 1.33290833599 
1.05178227433 0.581066359393 1.14213143448 1.00204440717 1.14213143477 1.07597440541 1.19890027343 1.0933470259 1.44223548453 0.923216469726 
0.971533451325 1.14783841818 0.576956040882 1.40041745456 1.1425401901 1.12713975868 0.844668316721 1.01198846291 1.06653126127 0.965487272396 
1.04208317798 0.898513845069 1.14383135764 1.16818876946 0.872752196761 0.691965442983 1.1261302535 0.980058259768 0.831379464122 1.1421129409 
0.873241009545 0.937639066305 1.10258311415 0.634067642143 1.18257829334 1.14213143477 1.01531613953 1.40984138547 1.26888836337 1.14213136456 
0.975568895636 0.6841044511 1.43137698571 0.973998668032 1.2341400909 1.07851276212 0.933026015933 1.14213075661 1.01621900443 1.00145906844 
1.02357190009 1.6798426998 1.02598647763 0.710360233755 1.03639328809 1.14213006326 1.24666206816 0.984629552264 1.0509781281 0.804109039305 
0.953205712942 0.969818227713 1.36792098582 0.968031503963 1.1405284094 1.18793730602 1.14213143477 0.976727321337 1.02449855439 1.04042762823 
1.2686490265 0.639706089914 1.26389429951 0.999158336016 0.912147106897 1.09978472415 1.09813030694 1.14212938931 1.003827192 1.23913999596 
1.14164316571 0.829796081589 0.908122944106 0.921418248186 1.14213143477 1.06779756824 1.22132306423 1.04595160777 1.36199393645 1.04607569748 
0.854136005722 1.1218987686 1.09425812275 0.986907203289 0.775176559121 1.14243554651 1.00197551746 1.24031860211 0.986965702383 0.939167413524 
1.00478957418 1.34264229987 1.22825576828 1.27481774045 1.1421314351 1.22366531313 1.01763338857 0.543349698656 1.06907968801 0.971344347948 
0.91778784221 1.06690652542 1.14213143477 1.35983846732 1.2264011492 1.14163401209 1.0675060495 0.90564410001 0.83335027765 1.04563413015 
0.970484442881 1.00987580523 1.08412910579 0.866417799876 1.14212930047 1.05176303343 1.20925381936 1.25486514657 1.1208688767 1.23762486247 
1.11855099745 0.954231006721 1.10139314629 0.987399814537 1.35286110844 0.882314557905 1.14247911829 1.18306817042 1.11943920268 0.734102910172 
1.09159604152 0.739717141602 1.06295738052 1.14213143477 0.894947861135 0.962742812887 1.14213143477 1.11371325279 0.863974151086 0.894919929914 
0.988723977237 1.14231987915 0.966207663335 1.16705729867 1.01600139174 1.18452655116 1.17535859454 1.0286869728 1.34908485169 0.979313390728 
1.14213045623 1.28051923299 1.10083203632 1.04615248038 0.926845441378 1.114854139 1.14164328152 1.52621267925 0.987637831514 0.980310557658 
0.825423090091 1.14102937626 1.52375236417 0.827092787977 0.919368929198 1.00110670514 0.943721426369 1.01233182443 1.22922814678 1.10631488874 
1.28548206172 1.15801694456 0.972334091388 0.745715266169 1.10719035929 0.645184655386 1.06639877312 1.25488853247 1.01316894956 1.14213143503 
0.958787875689 1.07891412009 1.03871039849 0.813499487835 1.14251032926 1.1782048697 1.14209923385 0.974112016407 1.52220714422 1.54042332006 
1.2045589396 0.894456233231 1.36696974321 0.92972728432 1.27890008394 1.00235887165 0.656202365424 1.3703198277 1.01019287071 1.1421304737 
0.851657051717 1.14161454572 1.31943094428 1.54446484648 1.0181976395 0.997843584217 1.14213027095 1.04246153141 0.970423630361 1.04381757373 
1.14213143477 1.14212722517 1.00315141754 0.830704382264 0.650065002878 1.11840468624 0.82310845629 1.19368411465 1.0114424775 0.995846769173 
1.00043350658 1.13144045065 0.910266264516 0.835766403044 1.14213143492 0.93295091699 0.964233330496 0.928313556348 1.28055430215 0.741788916207 
1.02261929145 0.988337020549 0.747631837236 1.12601120097 0.748267806347 1.16190593005 1.56064564378 1.14202021704 0.990533279686 1.07585399935 
1.54397986513 0.972385831039 0.853347848321 1.14162224886 1.02134996938 1.04256544928 1.14213027387 1.04812016117 1.32119092523 0.999273335491 
1.16702625212 0.802660922296 0.953916353168 1.04629165606 1.03186214319 1.14173036688 1.14213143477 0.976768017275 1.07564748395 1.39246956978 
1.10967019107 1.15079726653 1.21631021598 0.848574421884 1.16533165321 0.996244783201 1.14213143477 1.06921157341 1.14199221194 1.02669060975 
0.815371096595 0.85871388962 1.14187431637 0.862633030222 1.00236341734 0.992111364001 1.07444933878 1.01097189586 1.14213143477 1.37936679185 
0.556705554502 1.23279699418 1.02885700556 0.972053080422 1.00181282081 1.00211590304 1.25399766119 1.00616861989 1.0333010565 1.14213143526 
0.656227328405 1.07238568921 1.11022889267 0.94687670032 1.17556494713 1.3046794246 1.1424559592 1.14213143477 1.00341411396 1.02790952645 
0.998633812555 1.14249980881 0.611339341472 0.939032013298 1.18737950619 0.960261885885 1.14213065068 1.0133252588 0.757902239964 0.647950615619 
0.628890242871 1.02498027928 0.939984916146 1.14243252074 0.999904452369 1.21075419986 0.987750647163 1.09827839933 0.872357074391 0.829722716461 
1.00070987107 0.998397305439 0.99071963282 0.631175213098 1.22581917042 1.11155510852 1.14212917038 1.26544531197 0.931696685793 0.819907885296 
0.732762687381 0.993997690235 0.969865912025 0.843718724718 1.00316858681 1.02620669666 1.17141255927 1.35840995432 1.13303344025 1.14213143482 
1.12664912072 0.733271318209 0.964384217288 1.14248588279 1.18172811711 1.16680845371 0.654926658621 1.33859722391 1.02361375428 1.14242693386 
1.14212995552 0.999587646911 1.01922708014 0.976704010679 1.0671244645 0.880807565793 0.940619395203 1.14197546952 0.749015324377 1.05283894271 
1.47351421043 1.54260168897 1.13922496171 1.01995155363 1.01425711861 1.14213143474 1.10723324747 0.862997277359 1.00577001188 0.906378993644 
0.870826336634 0.925777433151 1.47470416821 1.14189082037 1.24215791629 1.01189521712 1.07238303987 1.1075714045 1.18024135526 0.955103055817 
1.14213143477 1.32525398743 1.25696204878 0.623645595315 1.14213142496 1.00259193969 1.04851149295 1.13563097769 1.28818104021 0.980830016652 
0.671539367981 1.04521331783 0.964006901447 1.14213143477 0.773418146851 1.40493873 1.0504587118 0.97660083379 1.14213143476 1.07792343317 
0.964313532908 1.53009127854 1.07255160309 0.765248338385 0.996350764013 0.852347895328 1.08099904071 1.14213143474 0.976310283522 1.13321775559 
1.45099281098 1.14213001492 0.99587081758 0.971985548804 0.888418228361 0.998327846942 1.03801911009 1.04876950729 0.967090623812 1.14180013472 
0.830298506547 1.19599456916 1.14158975912 0.981264279352 1.14212820398 1.61065850619 1.00193948868 1.15281511932 1.02525789328 0.837215365371 
1.60312014788 0.854333802263 0.933412244683 1.41126762785 1.26609615134 1.14039239892 1.14212883062 1.02442864294 1.2000876519 1.6856837377 
1.016038868 0.87995977412 0.976015033899 1.3868998424 1.00678190806 1.14254689846 0.968089122691 1.3984700436 0.917349650367 1.07179416419 
0.927443272295 1.4267207303 1.03684714619 1.14177458566 0.976496667309 1.0898774031 0.728794001084 1.14213143888 0.947179027093 0.958255421277 
0.807350185564 0.85124135269 0.856484858568 1.12754885047 0.98674527585 0.962701084775 1.02947630909 1.4899606172 1.1421314349 1.03294899097 
1.0079214833 0.976820270118 1.14281362786 0.674241020228 0.831124845008 1.14188636421 0.819297623825 0.998670688661 1.06394884361 1.14429508384 
1.2748440014 0.896408753828 1.14249630118 1.2394074487 1.1179290892 1.01932904444 0.988632313533 1.04758310175 1.10781999169 0.959510839342 
0.93301731013 1.00583846103 1.13736717724 1.43634366699 1.14213143479 1.22754069399 1.15206672003 0.90579327505 1.05007155063 0.909712369506 
1.07338447047 0.947473066355 1.31407929641 0.830410253636 1.14213143477 0.526717945829 1.17007602265 0.823349643265 1.00702485643 1.12061887585 
0.970942369291 1.21939806426 0.805556391716 1.14213143477 1.14178249469 1.39205269317 0.990644880794 1.05606922412 1.0467246897 1.03101140329 
0.982305801389 1.05121209836 1.05951765285 1.30040222879 1.1424915149 1.14213143477 1.14885436502 0.738113517731 1.1202825822 0.629753058077 
1.14213127926 1.21807755867 0.963951384118 1.01630053661 0.924863281638 0.978589156778 1.55916341052 0.990597547324 1.27667517255 0.949892942458 
1.15441580342 0.917801921454 0.622959398234 1.00736068986 0.989476155218 0.982559653741 0.883418975693 1.13437943869 1.14304390676 0.8615299228 
1.0597621565 1.14213143477 0.739861760593 0.877308885906 0.908677828022 1.11075407143 1.00573685203 1.13648076879 1.1594398535 1.14211388658 
0.970791605715 1.1056574974 1.00116877218 1.57565764698 1.14212945289 1.03979678673 1.23743096562 0.982695272789 1.32254218754 1.05582870819 
1.09154148916 0.892320485658 0.871439232766 1.04450075123 0.934564043735 0.941722565742 1.00774648742 1.14243883852 0.990466839422 1.10807425894 
1.08463110704 0.88767533918 1.37893542549 1.03587155168 1.14213143477 0.88615677376 1.02358953157 0.822382769229 0.875213193338 1.14124317064 
1.40006395011 1.0928346288 0.799331284414 1.14169195551 0.858312303391 1.14213143477 0.791360933077 1.00775307094 0.933778355726 1.03549503788 
0.867793318776 1.07909586978 0.88506847686 0.968191712172 0.739117916202 0.983853032217 1.00009076918 1.05166651837 1.14185911175 1.14213035307 
1.13346792572 0.96667902318 0.996225964062 0.941809375704 0.846195208007 1.1342192382 0.997429623989 1.5057382469 1.01559332499 1.14213143481 
1.14213141604 1.00105829322 1.00116738232 0.596878588877 0.963279855144 1.10585749546 0.938193424931 1.15824158055 1.05023958562 1.14211676047 
1.28820862786 1.04125425018 1.1421303396 0.851451465649 1.05183522876 0.962833944129 0.920764883184 0.971770501059 1.54805798907 1.141476775 
1.07479665188 0.780128101336 1.14151443586 1.1421306733 0.85188594796 0.934065303356 0.762957056638 1.00361155182 1.04122364154 1.55406790434 
1.07674275056 1.38697225032 1.04700075777 0.772182184376 1.04528895642 0.954802399587 0.669460523068 0.950078498444 1.14213143477 1.14213143476 
0.834967476102 1.70076085043 0.957118287204 0.999408260667 1.14212767919 1.07598282879 0.570512130523 1.17259252745 1.14213143453 0.938659443991 
1.14213143477 0.997906943132 1.07305718608 0.682904833208 1.31009475063 1.0367803883 0.750274040431 0.904753126735 0.817747124682 1.14213143476 
1.09261296404 0.757350708258 0.921508195878 1.14213143477 0.889589842982 0.997985824808 1.14205848082 0.695781606694 1.03307008099 0.984029735226 
1.07079139527 0.831058728815 0.694525037627 1.60931451988 0.907511404197 1.14201664699 1.14212978733 0.972928238202 1.05191097402 1.01844104102 
1.17269809841 1.00965594031 0.956582468053 0.907663148198 1.14250302756 1.11820010577 1.17332490671 0.961256836839 1.14212866451 0.653304544891 
1.1415685785 0.803892297413 0.842910792685 1.01835392323 0.99016141109 0.852223669508 1.53396843258 1.14213043391 0.658995317652 1.04391302256 
0.984990877621 1.23492155831 1.02236203524 1.32977618123 0.879350591394 0.802429159278 1.04172754293 1.01196534402 0.921283902177 1.1421313364 
0.99156128674 0.84115662676 1.55007131907 1.35201663836 1.02947338684 1.1408789364 1.41659785058 1.44182553405 1.14213143263 0.973234022688 
1.57493764395 1.08497344532 1.14209903417 1.00423218754 0.777994011839 0.977204642027 1.45634898827 1.02880402433 1.17026950539 1.04675454187 
1.02531820173 0.926737105423 1.14238526083 1.16784681961 1.29401048625 1.31225198432 0.983853262799 1.07445365183 0.720886910037 0.931890941132 
1.22200400173 1.66248602623 1.01386154975 1.14213099219 0.885108839793 0.981826048858 1.24683765554 0.989604952884 0.820443071118 1.19644528966 
1.00693788848 1.16305025946 0.790575033854 1.24399041699 0.958701583179 1.03895743032 1.01730490156 1.14212382277 0.947523590541 1.14246183306 
0.932851455953 1.14213086403 1.20476350709 1.00162192598 1.1341815561 0.635673939595 1.01232551919 1.20649941906 1.24937512457 1.56451758405 
0.697770535915 0.912252039986 1.68019764704 1.12942774291 1.24771190484 1.0260902386 1.01886487273 0.984145415302 1.17110432073 1.14212970346 
0.568993359214 1.07122746861 1.01003851892 1.17543167018 1.14213143477 1.04591225112 1.60688018282 1.07595119747 1.14212995233 1.19859492554 
0.938695495779 0.633484604246 1.14213143516 1.20586884557 0.992868450515 1.24495771878 0.822775326657 1.00377277462 1.23199588144 1.03961867356 
1.14212517237 1.17587522725 0.629490207657 0.821232015149 0.772074391136 1.25344196878 0.99933578381 1.04023252854 1.19470083935 1.14211242487 
1.16689204716 1.03388797056 0.768255738673 0.87617976656 1.0924013895 0.986309222868 0.724133818791 1.08866988556 1.14241170507 0.92961434868 
0.646004149859 0.852590840707 1.12189468268 1.14213143474 1.01429234217 1.07286113142 1.03248028504 0.961663641039 0.972675144741 1.14213143477 
1.14213154685 1.04534400137 0.741276609484 1.04933734351 1.18307067046 1.04697178306 1.01801542153 1.14203310552 0.956733702108 0.900677780824 
0.983212929281 1.1229812483 0.918858524205 1.14246401596 0.930691121064 1.07682880731 1.04656611345 1.06950148969 0.996516960296 0.948744291778 
1.18685573794 1.14250016462 0.61144551855 0.758034453228 0.99884599434 1.01315400051 0.647935594721 0.960369796948 1.14213061675 0.942330844201 
1.22148688295 0.726467413994 0.963662986383 1.30568929515 1.1421314348 1.46317078059 0.56475553293 0.861007868855 1.04306044028 1.02240623651 
1.42276843682 1.4070871425 0.846668159546 0.768209769102 1.13969350165 1.58466278625 0.882059606278 1.01818560878 1.00162931064 1.14213142201 
1.04236531069 1.1630006775 0.87817037635 0.968098279114 0.999368873427 1.14213143487 1.17728323883 1.08655659875 1.117836657 1.74906908485 
1.50641371801 0.977696609256 1.49457531358 1.17970715817 0.998961242144 1.14213011836 1.05028989292 1.0004597891 1.01665495703 1.14184123292 
0.776156242098 0.999096580977 1.19685972171 0.91978893402 0.859967782978 1.086393571 1.15527968475 1.1956143034 0.670529178798 1.17433006666 
1.18798992696 0.834216930429 0.99215336393 0.649683152935 0.835601004058 1.14213143477 0.993533106736 0.991738899353 0.844432189016 1.14212467907 
1.40116201573 0.8650717452 1.32288448196 1.58694906875 0.920538580201 1.14212919548 1.13367884205 0.886138512574 1.0317690995 1.14099481393 
1.03003529438 1.14137581144 0.881824766119 0.849458583616 0.967398364048 0.862659344801 1.03761513325 1.55784227421 1.14212981726 1.06093347761 
1.25209084784 1.14213143528 1.00611888622 0.556768207989 1.02886655282 0.972084315349 1.03366999114 1.00205042432 1.23284693789 1.00185034547 
0.9057715025 0.953809748116 1.01514769517 1.14247933738 0.755198679362 1.03810162583 1.14213090229 0.975755646591 0.681629700097 1.19357644444 
1.02398405346 1.37957712165 0.875145035216 0.822912405162 0.886235626866 1.141246804 1.03579765734 1.14213143477 1.08424309287 0.887595523843 
0.956635040864 1.06931473587 1.05037974821 1.1419798037 1.14213163852 1.21848837075 1.0331800823 0.96506605877 1.50770794928 1.55162168179 
0.967360062553 0.986938911081 1.14177222388 0.805481859497 1.0580013725 1.04732054153 1.14213143477 0.951010274836 1.39209621415 1.21953629224 
1.0434283633 0.653446694593 1.14213143489 1.22939477195 1.08811718718 1.64886890664 1.26020119311 0.9607514933 1.34087318419 0.918764650246 
1.02752786642 1.23517469767 1.1421347069 1.22150433787 0.958706541312 0.982286973304 0.904230594496 1.14212471586 1.47103632599 0.858808769404 
1.13600864393 1.20897275131 1.2743715642 0.88755003784 1.24414864761 1.00238270376 0.935241030908 1.01100764768 0.634038848177 1.14213061154 
1.1413859946 0.953138688728 1.1398883612 1.21886431459 1.07044634234 0.936787580912 1.02300938024 1.04633198817 0.927167236854 1.18867663412 
0.649149360555 1.18689391771 0.831731238666 1.14213143477 0.997047868431 0.994277569903 0.835861689536 1.01546263697 1.14212414243 0.85035453997 
0.896441110894 1.02597615875 0.936299801379 1.10973226889 1.5038531034 0.999888711989 1.24584604562 1.03639634035 1.06976598644 1.14197080087 
0.947500602015 1.07270593402 1.16948660132 1.00906744737 1.13209280497 1.1424606012 1.18472218158 1.14212725502 0.920858230023 0.787164831894 
1.22816811279 1.27697212274 0.543343920976 1.01765288298 1.14213143509 1.06949986134 1.34251974254 0.971258619272 1.22319852762 1.0048726207 
1.36930550803 0.642164732823 1.20106816255 0.994112018319 1.03964627905 0.676427023094 1.14213143478 0.995740645426 0.917893696541 0.827098072596 
1.00387280495 0.632570917699 1.26807408763 0.99949753991 1.10978858098 1.04319987364 0.792213862335 1.22081865638 1.03350577515 1.14212967369 
1.22346857838 1.06916016414 1.22820942201 1.1421314351 1.27447171513 1.00482569426 0.543373060918 1.01764969454 0.971310737932 1.34256004964 
1.0275336443 1.14860965742 1.14443592324 0.995725418566 0.992961444238 0.996712365093 0.66815786792 1.09731017189 0.895290150814 1.00221130725 
0.998640002172 0.89967356504 0.638573434139 1.22502995851 1.12816666039 0.990296592636 1.24446732335 1.14213143502 1.24799779638 0.961632718852 
1.13552261171 0.789989188115 0.954194034213 1.0113880674 0.945628720509 0.939592667114 1.14245470776 0.823439213372 0.807981746295 1.45561098868 
1.66579082421 1.1186892683 1.31717672238 1.14213143479 1.00287464598 1.13610458001 0.85773618079 0.863836769775 0.955552122531 1.38678220834 
1.01028772783 1.08082537827 1.2993567535 1.14246776913 1.142115839 0.979992785571 0.930751253359 0.951455905466 1.02872989961 1.00832521043 
1.14213143472 1.03481216283 1.28804661362 1.14657000079 0.602385661317 0.965499018086 0.982712742433 1.04008458893 0.79480918827 1.11752457972 
1.05972856745 1.14200441863 1.14241179402 0.773493019504 1.04697724809 1.15668232374 1.05603532848 1.00997392763 0.896454108425 1.00109033828 
0.999937861345 1.13416680933 0.734237160273 1.02998042422 1.15620919965 1.06918113431 1.1416057869 1.05210901745 1.32527210758 0.81698720188 
1.14872550243 1.15871809854 0.655352458555 1.19097744449 1.14213143477 1.09500612879 1.00137352641 1.14211556554 0.916689420192 0.858631118062 
0.804413489416 1.13164111816 0.934505551901 1.20858194317 0.904478626651 1.14204160654 1.14672143851 1.02266575631 1.58910610972 0.992379643258 
0.87616765163 1.07442526508 1.14247247276 1.38710866532 1.01275440968 0.975937421286 1.00669825196 0.967797445075 0.914115075282 1.39889988592 
0.841896230806 0.987308943726 1.03770556905 1.00442930388 1.08548071723 1.19317351745 0.968383038923 0.833827638708 1.14213094978 1.14213156726 
0.631206612479 1.00321383567 1.26840842446 0.902587641745 0.992577120445 1.13637892361 1.24903381865 1.20349481027 1.22851129803 1.14213143516 
0.775894248561 1.40614142907 1.14213143477 1.1438748759 0.978339994289 1.61506528725 0.799741164754 0.952549277521 0.943225766342 1.29018466781 
1.49427389697 1.01643143654 1.00063882943 0.998768336805 1.05026928458 0.977612346928 1.50624342377 1.14213011974 1.14184157303 1.17966346335 
1.24131791887 1.01676033844 1.0273530447 1.18344214452 0.557472789802 1.14213143518 0.972290729199 0.964772085961 1.23107622401 1.09779656193 
0.79042767302 1.11386175822 1.14209167433 0.911697446954 1.3026903315 0.517635808886 0.46119510034 1.08904418574 1.60911678522 0.653024366334 
1.18686598528 1.50104902841 1.0510194036 1.14185796286 1.01889224416 1.01164698666 0.966856058715 1.01476670204 1.14213036655 0.979535690554 
1.07471504545 0.903800663057 0.873967846958 1.14213143477 1.03883349988 1.14139410443 0.842063607638 1.36803859651 1.21114777397 1.05803966691 
1.21737428609 1.14212871684 1.14056379695 0.827371860552 1.60056193374 1.0264298418 1.34641032714 0.958833714285 0.800690971098 0.919937891461 
1.14210966214 1.02516237006 0.939840034893 0.906878707414 1.34168490311 0.847995005772 1.15936439925 1.00304475615 1.48652050199 1.14211337434 
0.933554640361 1.13724933659 1.14213143479 1.14841155747 0.907886125368 1.23166416913 1.052513745 0.906477203344 1.00551585076 1.42608702646 
0.997289575328 0.787046779864 1.54228172123 1.13846396834 0.821775467312 1.00878879858 1.43460687665 0.89689073499 1.14213143439 1.13433290443 
