66.2226922557 461.686340963 -223.142645174 -333.330568849 311.170784497 -176.603315698 328.147922731 -62.2717944666 -461.686340963 187.907436091 
-173.079420732 66.8459484381 -224.189035294 210.482728273 461.686340963 -58.5888058578 -461.686340963 84.2627874774 333.807443224 -332.936039344 
461.686340963 -333.937858061 -461.686340963 -179.893358366 334.649142366 85.6595872322 -211.184022972 -61.7253572605 210.688307926 70.3006941292 
-461.686340963 -225.556104148 348.217632454 273.892625148 -336.404053594 -185.234431897 61.8320608993 461.686340963 -69.4807858408 168.953561294 
-242.612959811 454.685126493 359.101023814 74.3881507249 236.364078549 -340.016336957 -147.751850741 203.25667159 -32.49354741 -454.587725636 
-172.801452949 461.686340963 -461.686340963 -327.071076448 -191.688216196 336.881508609 76.8215706286 -48.8945559032 106.784437288 225.204939789 
72.5332546048 215.903795342 -260.25008696 -333.983781611 337.117734736 -461.686340963 -49.2120582668 187.67580618 461.686340963 -173.146827459 
167.858298528 461.686340963 64.6289670869 212.718166285 -331.691214162 -461.686340963 -58.3045558748 -298.244515295 -178.051191531 333.572283166 
247.589795961 461.686340963 -336.120460228 343.620970617 86.7362944609 -211.922396569 127.697472689 -20.4626513242 -87.5675158509 -461.686340963 
-210.2824583 -59.8409867613 -333.317529338 91.7029606035 71.5682604744 -461.686340963 219.884605259 461.686340963 341.971670347 -178.186362407 
-65.7746414405 169.399277993 47.7065242727 325.622636762 -332.665263473 211.336400041 -461.686340963 -223.35922569 -97.3963615821 461.686340963 
198.887991922 461.686340963 -333.967670402 -72.9660303926 -229.790460822 48.391607946 -116.836797111 332.327056769 -461.686340963 176.793610752 
-461.686340963 -331.56827083 -46.1366702206 -39.5000462092 215.469896363 -175.57502636 461.686340963 -298.912127395 93.3386330642 339.609889096 
334.280732527 -33.840930114 461.686340963 -334.488976452 81.1539862365 217.928165443 -461.686340963 -81.6899059582 -208.683137454 195.655010561 
-461.686340963 271.00282311 33.1675545359 332.099787311 -339.732689852 -92.9850661998 461.686340963 33.1591540931 -211.649626743 173.565710983 
-42.1246655354 461.686340963 -161.716271806 57.9790504155 -223.23362141 111.474760161 -330.855031028 -461.686340963 339.262351494 233.344600144 
-46.6879246331 -329.946196301 338.391022595 -209.127179138 -461.686340963 83.6070819323 107.225081203 229.719162184 461.686340963 -168.122145953 
79.7560251747 -227.233777562 -179.137065817 209.22583854 332.252252329 67.1810439203 461.686340963 -335.075608305 -60.4473301792 -461.686340963 
-209.472262418 461.686340963 47.1056063579 -106.140354859 -59.6310483144 329.612224809 263.319889458 161.376677291 -336.090186817 -461.686340963 
-330.609618549 -302.94340472 329.576168525 248.594605636 -461.686340963 461.686340963 -69.2805389944 50.0771239749 177.257425934 -182.927868437 
338.578592465 -113.625461532 209.582503171 107.229618701 -270.225080044 -461.686340963 -8.18837325354 461.686340963 -343.756736645 -150.470422009 
-146.240103595 340.375078035 -236.075227294 461.686340963 -337.014522461 215.54558236 106.284008434 -461.686340963 -78.9241176315 46.8181750327 
-129.203301199 120.860539208 0.988223182447 233.253980616 346.851033724 461.686339739 -11.1058571696 -461.686340963 -344.012522774 -233.880876146 
-254.915943523 -155.430516092 -461.686340963 461.686340963 208.574374264 -333.717613693 53.0591439175 -39.0734625242 331.50018409 126.718201879 
306.957148313 -141.709805453 329.710657202 61.192474248 -461.686340963 -211.369409716 -335.277331936 -67.2441473813 183.363625244 461.686340963 
-61.4754385478 -461.686351473 65.4176465962 343.907667129 -339.953902066 222.892741645 461.686340963 -211.950895196 117.143126436 -135.585841351 
461.686340963 -162.163054649 -461.686340963 339.356813189 57.9904300797 -42.710374006 -331.126390633 -223.73127443 232.077175477 110.566485412 
-112.559504802 153.382653701 -461.686340963 -84.8433211095 -232.349993296 347.768837812 26.8430944509 -334.133366991 461.686340963 274.048945521 
213.886967119 -224.434242416 342.739311963 461.686340963 -98.149746974 -340.43043908 -461.686340963 91.2409269982 39.5324320048 -83.0132362761 
422.245163569 -124.697210512 -18.4494519542 141.141741721 133.52620202 440.715540051 -414.357199817 -0.75164102443 -244.948060456 279.655553531 
339.877517777 95.7596587739 218.939203416 49.7370373522 455.011431835 -47.6339359874 -334.890916722 -174.631433905 -461.855363915 -223.714693623 
199.677038517 -77.4024564669 180.07440811 -106.953701337 332.544589375 -461.686340963 45.2153027682 -334.931646981 461.686340963 -230.836887607 
-115.740815542 -71.1666492909 -228.603253059 49.4693716554 212.269929599 461.686340963 -461.686340963 325.930437075 170.061144576 -333.452355787 
461.686340963 342.392817068 -236.014728229 124.020703849 -156.910090684 -331.800410487 8.27296973353 -461.686340743 247.695797231 -27.549026435 
-69.2187511547 461.686340963 -170.30105441 81.3198701558 333.27561609 55.9478880938 -327.109443162 199.766252633 -458.923821424 -196.544696425 
461.686340963 329.149496223 -131.45976842 -207.216395772 38.1911373307 -333.504919276 260.028093529 153.524513467 -461.686340963 -57.4460001548 
461.686340963 -57.2422327941 -461.686340963 -336.563792776 -91.1860976172 -207.367527588 179.916369686 61.2113139615 328.637960008 213.451504834 
199.588179705 -206.770157348 -336.188261049 -66.7914115932 333.848588144 461.686340963 56.6497997235 -461.686340963 -79.5614724733 185.9856792 
296.835088609 332.371389135 461.686340963 -5.01829160493 -96.4254797341 -215.888434536 54.0497850313 -461.686340963 172.03900948 -335.505138867 
461.686343291 326.69698294 -37.0977618386 154.667257547 -257.554840769 -334.551875076 -130.188969842 29.6000085896 -461.686340963 229.192383808 
-461.686340963 47.8025553192 -100.77349577 237.416396466 329.602649891 173.314223379 461.686340963 -227.447550053 -76.3000316985 -333.425342 
-335.62974842 -210.59824864 174.715844402 16.7229021542 -461.686340963 51.5452140959 304.317942186 328.485213779 -94.9867212148 461.686340963 
343.316755127 126.364375461 -257.60645234 -340.703939998 -13.7591298477 -461.686340963 249.479302168 461.686340963 -131.227439689 108.586885429 
212.078225406 331.395518301 -139.355155347 -52.4461037368 -461.686345565 70.1231556347 -249.209052069 -342.285749001 461.686340963 85.1133654135 
-333.019699106 461.686340963 280.901077807 5.44745418959 -246.35831296 334.355552538 -118.993195997 -461.686340963 38.8132294882 153.359591385 
289.95653534 -461.686340963 161.125318128 333.693701585 -114.634545149 -336.930564567 37.1722241631 -240.611126213 461.686340963 -4.8937360763 
-329.997571251 461.686340963 151.688481744 233.26862059 4.82359881152 40.243731634 -208.014660836 328.695179672 -461.686340963 -124.219201003 
228.156316314 -140.53925099 461.686340963 -461.686340963 -233.210060234 9.98006044799 -90.0198990619 -338.378257473 344.716231908 106.409645116 
-186.197382844 461.686340963 57.3179654956 198.648528264 -461.686341886 184.915150734 -50.722440368 -192.410712267 333.447135566 -333.758373932 
335.530164801 97.7447044618 -461.686340963 -88.1455702521 461.686340963 213.193918885 -338.684013965 71.916147422 -215.602481277 -57.9961048063 
333.39684362 -35.8770130051 128.255084922 -265.095908258 -341.784487222 461.686350329 -140.942092686 211.962147059 -461.686340963 3.98276741296 
-461.686151893 216.619945586 461.686340963 2.04653296242 94.5343732276 339.502635927 -50.4482635521 -241.226091231 -331.44731175 -176.500675694 
335.608909982 -178.313911642 -55.2455031933 -299.396652643 204.944316928 -331.603682542 88.9054544312 -33.712288665 -461.686340963 461.686340963 
305.317259118 -332.432358273 40.1626862814 195.007260101 -208.506045416 77.0779606951 -80.0189884601 442.230971785 -461.686340963 446.19206823 
-227.714768092 -140.759248301 -461.686340963 -40.5871639096 -334.845667123 135.290786202 209.968039597 12.8203455706 332.532456137 461.686341023 
-461.686340963 -343.097615874 211.644669627 461.686340963 53.9847543167 -147.402690915 -273.757388046 333.305225191 118.297605119 -41.1659542424 
152.963983059 211.899769903 -66.0989188804 -99.3719568119 -461.686340963 331.06754937 57.4372158604 461.686340963 -336.771816533 -209.608737146 
-27.5527803107 8.27074066042 -156.91401226 124.0176493 461.686340963 -331.799644629 247.691987121 -236.016603131 342.391044421 -461.686340963 
56.8899840881 -83.1127979231 -335.520970089 212.345040369 -215.298588376 -461.686340963 -65.6378420809 327.219121775 461.686340963 176.007021808 
461.686340963 -45.6485925559 -168.054857004 83.677620022 229.306646192 -206.790121423 -329.499619729 -461.686340963 107.099214918 338.10007462 
-225.365263017 51.6207737082 461.686340963 330.016418647 -163.36316575 179.219420989 -68.1740474565 -332.905843616 -461.686340963 304.416973375 
-332.953525969 -224.213698892 -58.6319572566 210.44049138 333.771827337 -173.122687034 84.2299199894 66.7911680065 -461.686340963 461.686340963 
83.5488333829 -207.00226536 229.295690676 107.065767786 -329.464927765 461.686340963 -461.686340963 -168.177691431 -45.76714152 337.991202868 
461.686340963 91.2758923829 -332.783134782 -186.418226225 333.899564136 -60.2426414273 209.90385079 -210.499084303 -461.686340963 63.9058486038 
48.5033361276 301.298869686 461.686340963 330.483958545 -86.0121502837 49.1092104284 173.599616683 -461.686340963 -336.903762164 -209.595538567 
-122.760576524 -247.595105625 88.1155209094 18.0678987627 -98.0188786724 -461.686340963 461.686340963 339.467388342 209.152047936 -339.551463898 
332.771854986 199.180272513 -65.0340684673 -333.085610764 66.9070155876 -461.686340926 76.9488111066 -184.209261927 -222.858850927 461.686341966 
228.894850909 106.672767697 -170.005886303 337.853483633 57.3213540538 -325.721053762 461.686340963 -47.4867670265 -192.407662042 -461.686340963 
-224.820438895 338.935186491 -461.686340963 -23.3612383466 -339.345296136 -123.828122604 461.686340963 102.882902775 128.966374522 243.005869181 
-177.958076001 89.4304504487 461.686340963 -330.866126287 -461.686340963 -48.5135740784 -301.288931084 209.401683207 -43.4611650925 333.613153191 
-39.4684295396 339.612590179 -46.118106254 -331.573283467 -175.561493431 -298.893481408 461.686340963 -461.686340963 215.51873606 93.3884308831 
170.056351837 -228.594185528 -71.1734360298 -461.686340963 49.460871629 212.31580163 -115.71526082 -333.433659711 461.686340963 325.945630783 
-330.460185617 461.686340963 110.897844781 -42.4710406933 -461.686340963 -161.899317494 232.506154667 339.474186609 57.9804950237 -222.858853711 
175.750477342 461.686340963 -461.686340963 43.3029488762 -82.0175439521 -335.960777222 -234.654901194 332.473333202 -108.254308029 202.529390388 
-461.923618655 461.717323254 -231.372929176 15.3927451716 277.255761685 22.5144729196 342.621891267 -331.136012383 -122.350918591 150.708555697 
-461.686340963 350.84962433 164.791834145 461.686340963 -241.764160302 -73.3675501168 49.4345035508 283.706367183 -337.911951286 -184.441387109 
-42.5952717773 57.9790503106 -330.903616813 461.686340963 -461.686340963 339.458073001 232.402334246 -223.244556719 110.804325489 -162.05732806 
-329.417272073 -44.7298881917 -167.356686062 338.503923007 -461.686340963 461.686340963 229.242815556 84.4093623365 -204.731978259 107.116486413 
-181.632299222 -461.68634138 67.8064842622 -54.4249653511 -332.3235528 167.674114452 215.83529661 334.27025203 461.686340963 -222.857349741 
-42.4917342225 -166.402775275 461.686340963 -333.461897694 -461.686340963 178.633949974 336.453387701 -268.856696543 219.072672847 71.2299587027 
63.401526461 -64.1642471141 88.1666308466 461.686340963 -163.763209145 -332.813213677 210.10829529 -461.686340963 -209.873459723 333.58792313 
216.670923133 339.262718274 -224.065928898 68.0004628053 -172.919478895 -332.882432582 -58.4179350985 461.686340963 85.9190754236 -461.686340963 
-461.686340963 46.9204804225 -98.0777178629 -332.87604923 331.926520467 175.685474842 461.686340963 198.015851544 -224.040497766 -67.0526369397 
37.3441796097 -461.686340963 302.768859779 177.43874239 -336.979487702 -85.0763601604 330.452434878 461.686340963 57.6185687821 -206.472504823 
461.686340963 213.025884861 -461.686340963 -76.9832773534 177.653896608 -62.4747494994 327.882152666 58.3900197201 -333.774293642 -202.059963408 
-241.085357687 347.403524531 -335.985573312 46.4534073807 -73.6908384598 165.434819842 -461.686449343 -193.750511816 461.686340963 274.192008549 
-211.791408278 -336.834882093 461.686340963 332.15259779 -461.686340963 219.677308706 -87.6316126656 85.5321897222 90.3596480889 -45.6094626275 
217.229675148 70.0636831584 100.917110642 -461.686340963 -55.7905917004 -331.320610923 -151.465047973 461.686340963 -206.482494127 333.885627993 
17.8648666756 -90.6095561571 461.686340963 -461.686367601 344.466432105 256.723164551 -233.242905041 -140.716363608 133.629445843 -336.140576604 
0.673691347922 461.686340963 225.397967481 342.46577668 116.000506139 -21.8787834663 -233.930797324 -343.793713234 -461.686339409 -136.709945956 
117.401860217 -7.76910208379 -333.645817069 -35.8812995179 461.686332133 -461.686340963 211.958280916 -273.185386705 333.494542249 -162.423500604 
216.943818202 -461.686340963 97.707555553 59.6036764543 -194.540162696 -56.2326182994 -329.550933781 -188.472464375 461.686340963 340.615505252 
-185.229231042 -69.4728361012 61.835400078 -225.577257852 348.208972576 -336.403915604 -461.686340963 273.859955476 168.938273581 461.686340963 
-46.8697205855 226.486184369 78.4480989551 -165.25818462 -331.586894185 -224.112414458 -461.686340963 337.247324944 107.489803232 461.686340963 
-248.352777659 -458.091311914 460.468393337 115.060062134 230.829767881 -35.6942203771 86.485881446 -148.376939523 334.757809888 -332.452549819 
-19.1921119767 -461.686340963 77.363484683 -332.941448918 -210.025675678 461.686340963 249.144161942 343.650287716 -93.1762497065 131.381679474 
-175.716808054 87.2206084843 335.14101826 -224.092764627 32.0445202386 203.714379832 461.686340963 -59.8757076053 -333.511341817 -461.686340963 
-333.222558872 -166.86831359 341.335291389 461.686340963 -461.686340963 -290.932236182 -38.1465401035 235.745692971 -15.6119109551 110.599296353 
165.71997937 -214.349774202 -341.166106834 461.686340963 349.115695636 41.012831681 -461.686340963 -97.9634914302 282.003649294 23.8734369822 
-26.4837365224 461.686340963 104.367098721 213.174204353 -274.92087781 330.083483333 -151.702223185 -13.6705918471 -342.379703025 -461.686340963 
-220.988411961 27.7093437072 169.533426146 -336.452261042 45.3358418994 -461.686340963 331.482300041 -100.378556296 461.686340963 298.123123582 
-461.686340963 346.141195967 461.686340963 139.939658378 264.090232624 18.6500640422 -122.52947751 -110.697555659 -249.159071681 -339.803052661 
431.314842926 272.965781583 -195.646407823 -326.835374599 272.537601125 -1.54532561381 142.503714282 -71.4420782676 -445.695465674 24.2510804895 
-169.146740708 -329.672328984 -46.8363018303 227.433850481 461.686340963 105.519457547 82.5322336359 -207.327597494 337.732745707 -461.687236767 
-60.704912308 -461.686340963 211.945879719 333.82543185 -189.140182201 461.686340963 -273.196174345 95.396782755 -329.342655014 -35.8950475753 
335.436355957 44.6612622094 461.686340963 111.855078121 -92.9375410956 -79.8032180555 213.259529949 -338.761769825 -461.686340963 -221.87331614 
-341.834565042 -461.872015203 -102.290746591 460.122956681 204.669444742 20.8366858886 -253.845200105 323.187369962 137.734629894 -133.00422805 
-123.205693285 17.5234765756 -247.958204542 -96.2117863917 -339.667562649 339.240832348 -461.686340963 88.7220245161 209.961262272 461.686340963 
461.686340963 -178.838853154 128.145824327 212.166027897 333.812580123 -461.686340963 63.2047559016 -64.6969788375 -246.721215039 -337.203417394 
-461.686340963 48.4102067717 30.6415761427 -92.8505932732 -208.888149121 298.158577479 -335.618723472 172.533434676 331.89289817 461.686340963 
-461.686340963 101.536107333 116.028791764 340.829198892 238.518626762 -332.836805415 -27.6785007023 -156.163909203 -253.985720869 461.686340963 
108.94201026 -26.7204411114 -149.738227395 461.686340963 -277.005189919 230.46885826 -343.249751611 104.419625035 -461.686340963 337.610114735 
-330.607642543 -51.3577111294 -145.333126688 -461.686340963 -204.725601989 107.212605353 75.0049137476 336.628984284 461.686340963 224.213197438 
-461.686340963 27.1387011843 -339.855726379 152.152506004 10.0851847488 461.686340963 347.772509657 -114.053464133 -225.854444375 271.936718861 
461.686339935 -7.11597265522 -128.170606397 233.159644334 5.31282964877 -233.510247841 -343.862600098 -461.686340963 347.291554728 125.182470869 
111.476786361 339.262012123 233.346973118 -330.855854978 -461.686340963 -223.234755485 57.9790421803 -161.715840013 -42.1236799959 461.686340963 
84.406611631 -207.007663969 461.686340963 235.00430883 -333.421862757 134.076426842 -118.674032339 -461.686340963 340.010290295 -43.3934742747 
341.208095321 -55.6397628118 -461.686366576 -196.173491926 -329.631924154 -186.605046254 217.996045027 98.2408306515 60.7750540374 461.686340963 
-332.790084659 -292.683155729 -171.555648767 -8.72604983416 93.6942470319 339.028196745 215.988206053 -49.4612677267 461.686340963 -461.686340963 
61.0162330998 -88.6154681343 343.230288842 221.335424723 -60.7931594007 -461.686340963 -222.204593625 114.449911528 -341.046285338 461.686340963 
333.324596001 45.2379349071 -336.444615401 208.305507835 -236.304588906 162.852193012 460.75172241 -89.1168949608 -109.427486772 -461.686340963 
72.1267144651 -331.31348172 -205.953745325 -53.56699495 -145.379020407 461.686340963 218.56888067 -461.686340963 334.903891877 107.165639019 
-461.686340963 199.849966372 -213.464215487 -334.238724669 57.9793250372 -65.8788386313 334.046577176 186.904235834 461.686340963 -80.9742453193 
461.686340963 -134.003849859 -330.348389842 81.0900573259 -461.686340963 118.747545874 -45.7871777788 230.412261375 -203.023788987 337.701479121 
461.686340963 36.882603751 -85.6136149488 208.228123862 -236.76051139 -337.788968023 117.706250785 -461.686340963 -112.51411497 330.998978359 
-332.049338048 -147.173965916 -77.3369520744 116.639817056 342.054039696 461.686340963 -219.176088511 21.9857378548 244.024020407 -461.686340963 
86.5131657526 -461.686340963 332.623091933 -330.663485763 -57.3372506865 461.686340963 -261.683178509 -22.0335186933 -184.555197657 209.559010094 
-461.686340963 311.178463598 187.916364175 -176.573020549 66.2299643885 -62.2619881706 328.1516551 461.686340963 -222.88525714 -333.291539751 
-76.1832851109 206.58640807 127.124060377 330.083122579 -233.127622731 -461.686340963 47.418254532 461.686340963 -125.675507866 -335.526699571 
200.226699143 334.787873175 -184.916060443 -54.5430553697 -230.677190217 -461.686354235 -333.340894608 461.686340963 192.408038042 65.6586872203 
-461.686340963 325.504883519 169.093670615 211.603710356 -99.7983730849 -74.4146032518 461.686340963 -225.676404536 -333.430932637 44.8884235456 
-93.3292019931 -215.517005281 212.734422339 -461.686340963 59.4474809986 158.803163135 -64.822859693 461.686340963 -335.698355143 331.167894397 
218.038903164 339.795212152 -7.6624875787 -331.406855486 461.686340963 -461.686340964 -179.338299525 -249.497970509 93.2878705283 -53.5142807875 
-336.089705379 -106.150644326 329.603975423 47.105053606 461.686340963 -59.6563961553 -209.479599543 263.32436977 161.385520963 -461.686340963 
461.686340963 -461.686340963 -82.4983034667 -209.526758796 56.9359427761 -70.9500854676 205.623100562 -336.596599646 334.045598999 180.06434488 
-174.430618284 -461.686340963 -57.9246916222 -333.109724479 66.3260833614 329.669731592 -223.813183912 461.686340963 182.890379834 306.539633786 
219.471804022 -60.5350872938 -210.205208137 461.686340963 -333.223187288 341.49666709 -461.686340963 90.8710362476 -178.708985779 71.3164607788 
74.2940723829 -51.2573350554 -207.011239213 339.090605443 226.297446326 -331.247037063 -461.686340963 461.686340963 124.542460328 -168.944191509 
-203.703531898 461.686340963 44.9907685686 160.370608271 10.8671373828 -461.686340963 -327.983234338 -117.499629829 333.840747189 287.288645302 
331.983524292 47.2755416143 -97.8067618319 -223.802489343 -461.686340963 198.026275348 -66.4795344108 176.058285657 461.686340963 -332.818796191 
-56.7220857842 -337.196150644 461.686340963 -215.491616576 335.502184983 213.161027616 72.9131861913 -461.686340963 -87.5000629592 93.7143431758 
42.7080400896 129.304234323 -335.228720389 -209.701643655 461.686340963 -54.9046454789 -117.631376431 344.733433286 -461.686340963 254.16066476 
98.2984847864 6.07295610042 -232.286878147 461.686340963 -70.2510756493 334.247431686 -461.686340963 -336.992232978 -125.226644657 207.239850352 
-48.9359556143 106.220768654 -172.846578371 -327.101626892 76.7790557047 225.038108096 336.832943626 -461.686340963 -191.65851022 461.686340963 
124.013211948 -292.859464061 -99.3211972529 -166.920747245 406.475907192 42.2856270588 152.587637626 -283.568276849 152.88026965 391.810549051 
333.364687966 48.6810490387 -461.686340963 -77.0365125634 -331.98134072 180.193495406 202.891015442 -102.678971839 -228.133199957 461.686340963 
-332.029721751 -461.686340963 122.55136834 -26.8277369852 85.3112237556 242.768384404 -95.4144978338 -210.018524512 342.250145145 461.686340963 
90.3387650966 461.686340963 -224.876344228 -330.901837564 -159.309818019 115.043484498 339.20692895 -36.9410841682 235.345730021 -461.686340963 
210.091316551 333.578572406 -461.686340963 63.3883073368 88.1583166601 461.686340963 -209.899289396 -332.844492313 -64.1857016621 -163.771175958 
-75.4861998716 171.980417041 198.354545058 44.2706341019 -231.904511687 -335.119643297 461.686340963 -461.686340963 -125.245561824 331.533175209 
-27.6816128061 116.015405348 -254.012963637 -156.179354738 -332.851804924 461.686340963 340.821438192 238.50654548 -461.686340963 101.508272045 
-249.427768377 -336.02472007 345.212286461 461.686340963 -43.5823512476 -170.721870365 -461.686340963 -7.58030874683 230.510020238 111.017506722 
-168.869335435 82.8233561225 461.686340963 -46.6507698166 -207.345626509 337.994962137 227.821460946 -461.686340963 105.836861038 -329.63605093 
-460.149497194 -12.907584646 343.72374915 131.222595964 23.3330907556 226.238178435 -142.571248994 -334.971637842 -223.194253243 461.686340963 
-28.6173421879 -334.276449073 109.522401845 -461.686340971 212.96640734 461.686340963 -232.892244799 329.157307674 -10.9778848044 -157.833162698 
-96.9204204518 169.721962589 48.0581042801 -222.927182149 -332.63619992 212.076586852 -461.686340963 461.686340963 -65.9122436677 325.782027665 
461.686340963 -76.508638829 247.325645206 -461.686340963 140.371395417 -336.637750548 345.474596523 -218.273162666 -83.8673189237 45.6757946765 
-75.2678401691 333.752436195 50.0475215919 181.730782998 -101.450108374 203.565951639 -331.685209181 -461.686340963 461.686340963 -226.990445792 
-220.297147955 -341.198117377 461.686340963 -82.2300280416 221.481293206 -206.58449224 109.97100877 -7.13845784396 -461.686340963 340.565514927 
189.962687107 -329.789660192 334.653252433 200.607193797 -59.0010857959 63.2820852352 -306.518402287 461.686340963 -461.686340963 -186.987160788 
-58.6175412846 210.463209672 66.8103083027 84.2571287334 333.793326954 -461.686340963 -224.198290007 461.686340963 -173.103274622 -332.939091326 
-227.133736045 -77.5712918616 168.906693792 461.686340963 46.498070561 -104.264326507 329.497504216 268.070161368 -461.686340963 -332.224585279 
461.686340963 -80.5449905092 55.6710826245 212.742608748 -66.0075575861 -461.686340963 -206.5687942 175.384604251 -336.056632788 327.240646816 
-173.0965175 -461.686340963 -58.6035354279 333.779251127 210.43998969 -332.939485512 66.826777012 84.2557394248 461.686340963 -224.206583896 
61.5632029925 -53.2616533861 169.398575233 -461.686340963 -331.022807515 461.686340963 -153.489509978 328.742720868 -206.222302849 233.861000253 
266.443410503 -337.124615129 -91.4210079021 51.7614319715 -461.686340963 461.686340963 166.38809555 330.142667349 -66.7142972036 -217.460950052 
-346.720671214 -287.75185466 339.782933317 -133.004745974 461.685017029 -461.686340963 211.95429772 89.9515153426 -166.014629382 -35.8857151144 
143.970608805 -461.686340963 26.6699660063 267.687507233 347.215686995 461.686340963 -337.672911448 -260.827091708 -64.5522718678 -156.700896134 
-210.540338598 334.902832919 -333.213287326 -65.7363966489 461.686340963 -461.686340963 208.993084198 61.3497041943 86.92730947 -164.950014649 
461.686340963 210.736240565 332.731077502 -53.2134967144 15.8035414406 -178.885978648 -327.942248304 -461.686340963 -190.658559832 115.944805451 
-461.686340963 461.686340963 228.734620894 -49.8481887664 341.563792408 -176.609142728 -330.812562206 -251.294366002 104.138569349 -9.76801462282 
-335.408977411 243.503614108 -234.818487282 344.823614931 57.9790003182 -461.686422328 461.686340963 138.565528226 -61.876107821 -191.801124734 
332.749167101 -107.556567948 -73.058149645 49.0697462508 190.370872216 -333.812299943 192.542278235 461.686340963 -461.686340963 -231.641910489 
157.564039944 461.686340963 -87.8205815744 -80.7964725239 -220.970106273 276.517484766 -461.686340963 -338.026769621 40.1421217205 348.829635561 
87.2832381115 -461.686340963 203.792996136 -224.149902084 -175.7177653 335.207640115 31.9119972026 461.686340963 -333.475610043 -59.8560275543 
-17.6320044114 -461.686340963 179.997658464 202.124813182 -333.803675268 333.197233809 -139.121805708 -250.916809108 461.686340963 53.2794831475 
-105.186331394 262.436825311 -331.467481863 -461.686340963 461.686340963 -213.939797752 -65.3986501051 45.7991534682 160.717465196 329.661543797 
-66.9046981015 17.6076171977 146.712538365 -394.349909504 102.332874423 -284.021025774 -161.002102763 390.924032903 268.335002345 -223.58305191 
-172.893646479 -191.671044932 -461.686340963 76.7360830694 336.814724356 106.229678726 -48.9736108081 225.009013192 461.686340963 -327.123772236 
210.11718133 81.9282831926 -186.558526211 -193.039137307 66.2362146604 333.565525867 461.686340963 -329.85163835 -61.5733315902 -461.686340963 
441.058910129 -317.798344448 351.311425392 -445.12692203 -229.145956221 -115.241723834 197.133955631 40.8123255997 107.116782646 -87.8702177851 
-326.331803714 -51.4120063726 336.56372875 461.686340963 -192.041350719 76.1622989518 -461.686340963 -175.063046943 224.260534996 104.009499415 
-212.845855849 98.4830388158 -153.825230205 235.244789626 339.792893695 461.686340963 -38.2671783588 112.901711036 -331.097661634 -461.686340946 
-87.5279908006 247.844365815 461.686340963 -461.686340963 -20.1336445681 343.698300606 127.954269011 -211.85562959 -336.085832238 86.8687730405 
191.830216795 -461.686340963 -222.861957512 55.7508297436 -57.9474634811 -332.538054959 334.494059203 198.655404181 -172.134294942 461.686340963 
-461.686340963 461.686340963 264.459266441 -122.355267131 -339.736074652 18.9644681795 -248.97280558 -110.358741012 346.224150897 140.310514713 
347.465162773 -210.256068818 -60.544019468 149.317243725 -335.944591847 -461.686340963 40.1703798241 -115.100641731 271.707940724 461.686340963 
