66.2226922557 461.686340963 -223.142645174 -333.330568849 311.170784497 -176.603315698 328.147922731 -62.2717944666 -461.686340963 187.907436091 
-173.079420732 66.8459484381 -224.189035294 210.482728273 461.686340963 -58.5888058578 -461.686340963 84.2627874774 333.807443224 -332.936039344 
461.686340963 -333.937858061 -461.686340963 -179.893358366 334.649142366 85.6595872322 -211.184022972 -61.7253572605 210.688307926 70.3006941292 
-461.686340963 -225.675808589 349.315204857 280.457038132 -336.057666154 -183.911160603 63.6115829206 461.686340963 -68.0080768714 172.974911882 
-261.086857122 461.686340963 340.852898506 -21.3253407944 219.954264116 -334.767098845 -160.620947667 101.913241373 -19.8460539091 -461.686340963 
-173.65197376 461.686340963 -461.686340963 -327.44470992 -191.96485956 336.473706129 76.0431820947 -49.6702682562 104.986344216 223.890402318 
72.5332546048 215.903795342 -260.25008696 -333.983781611 337.117734736 -461.686340963 -49.2120582668 187.67580618 461.686340963 -173.146827459 
167.858298528 461.686340963 64.6289670869 212.718166285 -331.691214162 -461.686340963 -58.3045558748 -298.244515295 -178.051191531 333.572283166 
242.709932638 461.686340963 -336.362083535 342.353584366 86.4080700669 -211.980931469 123.212683337 -25.3093890215 -87.7717324173 -461.686340963 
-210.473804395 -60.0336910866 -333.465405074 92.0927194816 70.673589824 -461.686340963 219.532887915 461.686340963 341.581804299 -177.940093929 
-65.7215809829 169.409460817 47.7174990029 325.626628332 -332.619978229 211.327630677 -461.686340963 -223.386837533 -97.4008363749 461.686340963 
198.995027936 461.686340963 -333.970825542 -72.9274178242 -229.804100866 48.3683256704 -116.83881825 332.364841838 -461.686340963 176.831465093 
-461.686340963 -331.295272383 -46.8084325619 -40.7169132628 214.607654602 -176.256444526 461.686340963 -299.583732862 92.1987458469 339.430864816 
334.280732527 -33.840930114 461.686340963 -334.488976452 81.1539862365 217.928165443 -461.686340963 -81.6899059582 -208.683137454 195.655010561 
-461.686340963 271.00282311 33.1675545359 332.099787311 -339.732689852 -92.9850661998 461.686340963 33.1591540931 -211.649626743 173.565710983 
-45.1045445296 461.686340963 -163.985036348 57.9790317784 -223.425007293 107.475586578 -331.211878032 -461.686340963 338.330321156 228.793061361 
-46.6879246331 -329.946196301 338.391022595 -209.127179138 -461.686340963 83.6070819323 107.225081203 229.719162184 461.686340963 -168.122145953 
79.7560251747 -227.233777562 -179.137065817 209.22583854 332.252252329 67.1810439203 461.686340963 -335.075608305 -60.4473301792 -461.686340963 
-209.472262418 461.686340963 47.1056063579 -106.140354859 -59.6310483144 329.612224809 263.319889458 161.376677291 -336.090186817 -461.686340963 
-330.592864601 -302.912490243 329.560520598 248.670729111 -461.686340963 461.686340963 -69.2485805188 50.1188249318 177.290870007 -182.900910207 
338.509023874 -113.737646216 209.680607983 107.114324062 -270.274071145 -461.686340963 -8.06456363786 461.686340963 -343.61311843 -150.465756562 
-146.24273657 340.363428261 -236.077143972 461.686340737 -337.026888366 215.555832607 106.281311404 -461.686389083 -78.9278065501 46.8147778139 
-128.083212541 125.225317287 5.17841245327 233.15527843 347.308495558 461.686340963 -7.03192998041 -461.686340963 -343.811348554 -233.465176105 
-254.922829457 -155.552064581 -461.686340963 461.686340963 208.968560201 -333.721044117 53.6054856039 -39.1456569844 332.24384831 126.397453556 
306.957148313 -141.709805453 329.710657202 61.192474248 -461.686340963 -211.369409716 -335.277331936 -67.2441473813 183.363625244 461.686340963 
-61.4813800821 -461.68631205 65.4083088443 343.919185203 -339.952241874 222.904552009 461.686340963 -211.951776239 117.12285745 -135.605800017 
461.686340963 -163.972263647 -461.686340963 338.35663768 57.9766627721 -45.1017462687 -331.196085599 -223.372747714 228.800819057 107.477400745 
-112.618837614 153.34944376 -461.686340963 -84.8160495189 -232.420142052 347.72423324 26.807100259 -334.138506581 461.686340963 273.99636704 
213.878038292 -224.435348515 342.777466085 461.686340963 -98.0842382239 -340.44372514 -461.686340963 91.277049756 39.5809153854 -82.9694057019 
445.007768071 -211.08599304 57.5801162257 189.397769324 37.4977699827 443.408601153 -461.686340963 -89.2146121653 -330.375641017 308.963394303 
340.259869766 95.9151555786 218.306222676 3.88878219889 461.686340963 -49.2804079954 -331.170693115 -175.420010191 -461.686340963 -239.689526375 
199.677038517 -77.4024564669 180.07440811 -106.953701337 332.544589375 -461.686340963 45.2153027682 -334.931646981 461.686340963 -230.836887607 
-115.740815542 -71.1666492909 -228.603253059 49.4693716554 212.269929599 461.686340963 -461.686340963 325.930437075 170.061144576 -333.452355787 
461.686340963 342.392836568 -236.016066122 124.01903169 -156.909563952 -331.800482666 8.27137910874 -461.686343512 247.693863568 -27.548693329 
-69.1801303497 461.686340963 -170.294140008 81.327150204 333.273295216 55.9756990093 -327.072810065 199.745774543 -458.919321962 -196.452725772 
461.686340963 329.149496223 -131.45976842 -207.216395772 38.1911373307 -333.504919276 260.028093529 153.524513467 -461.686340963 -57.4460001548 
461.686340963 -57.3600556745 -461.686340963 -336.610144346 -91.3058947119 -207.444999936 179.799248239 61.1117496803 328.535569138 213.384713844 
199.763933886 -206.76135977 -336.202195776 -66.7195283304 333.851667444 461.686340963 56.6937298423 -461.686340963 -79.5716407971 186.057129256 
296.828830319 332.371390887 461.686340963 -5.01831486919 -96.416583498 -215.923629889 54.0524570873 -461.686340963 172.039589561 -335.591724846 
461.686340963 326.697456975 -37.097765027 154.668837194 -257.554840769 -334.551875076 -130.188970569 29.5990974706 -461.686340963 229.189719971 
-461.686340963 46.8511936834 -101.372744759 237.258603184 329.248084741 173.07916477 461.686340963 -228.029764842 -78.1559514217 -333.762860167 
-335.62974842 -210.59824864 174.715844402 16.7229021542 -461.686340963 51.5452140959 304.317942186 328.485213779 -94.9867212148 461.686340963 
341.957172538 123.592698653 -272.198438507 -342.338112209 -21.3097356803 -461.686340963 243.940434431 461.686340963 -143.051153164 100.753790361 
212.021527434 331.363303468 -139.363846607 -52.5275795845 -461.686340963 70.0418725334 -249.192838831 -342.29054217 461.686340963 85.0526730228 
-333.019699106 461.686340963 280.901077807 5.44745418959 -246.35831296 334.355552538 -118.993195997 -461.686340963 38.8132294882 153.359591385 
289.95653534 -461.686340963 161.125318128 333.693701585 -114.634545149 -336.930564567 37.1722241631 -240.611126213 461.686340963 -4.8937360763 
-330.07216562 461.686340963 151.688394891 233.256943882 4.87666542096 40.2566593593 -208.002948387 328.692750846 -461.686340963 -124.160906838 
227.775472894 -140.52438336 461.686340963 -461.686340963 -233.238691019 9.95078002822 -90.1456884003 -338.388629324 344.437489206 106.169886012 
-186.219809452 461.686325203 57.418866166 198.776571979 -461.686389996 184.894030142 -50.637594538 -192.317691221 333.406642316 -333.750421605 
335.590287885 97.7956553356 -461.686340951 -88.1250650561 461.686342608 213.273159199 -338.663740819 71.9618155617 -215.584856664 -57.9791058817 
333.407633345 -35.8775148378 128.321924161 -264.982520851 -341.742142424 461.686339341 -140.9005719 211.961694406 -461.686340963 4.02843544072 
-461.686354712 216.640839781 461.686340963 2.13537542057 94.5614286482 339.520108181 -50.4214195669 -241.152093231 -331.454066204 -176.490103833 
335.712758495 -178.347929289 -55.2795790441 -299.432978749 205.001074043 -331.610240195 88.899985409 -33.7223153422 -461.686340963 461.686340963 
305.32089707 -332.436194704 40.3594818592 195.147648023 -208.459723562 77.0826095539 -79.9437208125 442.232151205 -461.686340963 446.190879275 
-227.73348007 -140.637941557 -461.68634304 -40.6097491777 -334.825236152 135.282225085 209.980595033 12.8740468137 332.587227178 461.686340963 
-461.686340963 -343.142387841 211.641822711 461.686340963 53.9852261799 -147.395129532 -273.739801742 333.302772569 118.282893437 -41.1604443454 
152.780428851 212.369874555 -65.8658369246 -99.5613018245 -461.686340963 331.951691856 57.7738931639 461.686340963 -336.768601753 -209.609325376 
-27.5534218262 8.26898514588 -156.915020796 124.016182757 461.686340963 -331.801510426 247.692030208 -236.018079708 342.389542465 -461.686346444 
57.6823845045 -80.966757667 -333.864252495 212.706544391 -212.810372428 -461.686340963 -64.6748690517 327.629696699 461.686340963 177.003412578 
461.686340963 -45.6485925559 -168.054857004 83.677620022 229.306646192 -206.790121423 -329.499619729 -461.686340963 107.099214918 338.10007462 
-225.365263017 51.6207737082 461.686340963 330.016418647 -163.36316575 179.219420989 -68.1740474565 -332.905843616 -461.686340963 304.416973375 
-332.953525969 -224.213698892 -58.6319572566 210.44049138 333.771827337 -173.122687034 84.2299199894 66.7911680065 -461.686340963 461.686340963 
83.5488333829 -207.00226536 229.295690676 107.065767786 -329.464927765 461.686340963 -461.686340963 -168.177691431 -45.76714152 337.991202868 
461.686340963 91.2801745426 -332.782536627 -186.419132509 333.899535389 -60.2437978974 209.903415439 -210.500281466 -461.686340963 63.9048554789 
48.5033361276 301.298869686 461.686340963 330.483958545 -86.0121502837 49.1092104284 173.599616683 -461.686340963 -336.903762164 -209.595538567 
-123.292071838 -247.882529409 88.6097686258 17.5610372327 -95.5116954165 -461.686340963 461.686340963 338.991146575 209.760172639 -339.646817383 
332.770145526 199.183274318 -65.0312564792 -333.078764736 66.9094509457 -461.686412967 76.9521727186 -184.208999702 -222.811957609 461.686340963 
223.955964978 102.664514586 -172.536287093 336.774091678 56.1514730575 -326.446223722 461.686340963 -50.3319016749 -193.485413434 -461.686340963 
-224.258487326 338.400556956 -461.686340963 -22.614480356 -339.079765431 -123.462213349 461.686340963 103.534249402 129.330596242 242.882859252 
-177.958076001 89.4304504487 461.686340963 -330.866126287 -461.686340963 -48.5135740784 -301.288931084 209.401683207 -43.4611650925 333.613153191 
-40.7104521432 339.424965505 -46.8172487497 -331.293302324 -176.269534062 -299.592479441 461.686340963 -461.686340963 214.601099211 92.192638155 
170.056351837 -228.594185528 -71.1734360298 -461.686340963 49.460871629 212.31580163 -115.71526082 -333.433659711 461.686340963 325.945630783 
-331.126998263 461.686340963 107.869451172 -44.9030890371 -461.686340963 -163.846738127 229.236007728 338.293800056 57.947737578 -223.464786138 
175.750477342 461.686340963 -461.686340963 43.3029488762 -82.0175439521 -335.960777222 -234.654901194 332.473333202 -108.254308029 202.529390388 
-461.686340963 461.686339169 -230.457887493 -45.3401994587 236.53598691 23.0655260465 340.232319509 -332.666589242 -169.479418964 112.073108699 
-461.686340963 350.333854356 166.034352941 461.686340963 -244.277355806 -70.2324218177 52.8587199905 283.60679926 -337.771542024 -182.396498942 
-45.1659652878 57.9792108046 -331.210882975 461.686340963 -461.686340963 338.318071102 228.751661979 -223.394329409 107.431174382 -164.030541913 
-329.417272073 -44.7298881917 -167.356686062 338.503923007 -461.686340963 461.686340963 229.242815556 84.4093623365 -204.731978259 107.116486413 
-181.801062379 -461.686352336 67.6550340613 -54.5689777858 -332.362372008 167.56286491 215.725527448 334.239459089 461.686340963 -222.855799416 
-42.4917342225 -166.402775275 461.686340963 -333.461897694 -461.686340963 178.633949974 336.453387701 -268.856696543 219.072672847 71.2299587027 
63.401526461 -64.1642471141 88.1666308466 461.686340963 -163.763209145 -332.813213677 210.10829529 -461.686340963 -209.873459723 333.58792313 
216.59572297 339.169638189 -224.065898261 67.9604284615 -172.924103766 -332.883582935 -58.4376813663 461.686340963 85.8878985446 -461.686340963 
-461.686340963 47.0827599616 -97.9893995529 -332.846471395 331.975002544 175.912314114 461.686340963 198.069071505 -223.972006007 -66.8691133327 
37.3441796097 -461.686340963 302.768859779 177.43874239 -336.979487702 -85.0763601604 330.452434878 461.686340963 57.6185687821 -206.472504823 
461.686340963 213.025884861 -461.686340963 -76.9832773534 177.653896608 -62.4747494994 327.882152666 58.3900197201 -333.774293642 -202.059963408 
-241.137629449 347.387773714 -335.945344256 46.466965353 -73.6840589583 165.41831557 -461.686340963 -193.780315342 461.686340963 274.202988032 
-211.793352843 -336.840892958 461.686340959 332.150932224 -461.686340963 219.672541231 -87.6346480406 85.5328566104 90.3696929175 -45.6139921732 
217.387458938 70.0411157223 100.907658238 -461.686340963 -55.8288906755 -331.301121718 -151.474224904 461.686340963 -206.483754823 334.029243891 
10.6216492367 -104.782514965 461.686340963 -461.686340963 343.224368138 249.988093924 -244.569451408 -139.138833911 127.8981032 -339.079651953 
0.62758355655 461.686341282 225.183501933 342.298450367 115.731237342 -22.0723022269 -233.99629588 -343.505752982 -461.686339811 -136.974515332 
117.434108955 -7.73631825331 -333.616665069 -35.8815234947 461.686338745 -461.686340963 211.958078586 -273.185562031 333.498509015 -162.408690051 
217.011536203 -461.686340963 97.680225816 59.5268589629 -194.687705984 -56.2761029951 -329.518930679 -188.507830187 461.686340963 340.545933159 
-183.887567412 -67.9948240204 63.6458905951 -225.679520252 349.316540803 -336.05114346 -461.686340963 280.456997825 172.990583905 461.686340963 
-46.8697205855 226.486184369 78.4480989551 -165.25818462 -331.586894185 -224.112414458 -461.686340963 337.247324944 107.489803232 461.686340963 
-224.034315236 -461.686340963 461.686340963 108.158320383 227.15983326 -46.4320705577 78.9428454231 -164.927808325 337.267076823 -331.524650149 
-55.96133027 -461.686340963 134.072487343 -329.51711022 -209.07529915 461.686340963 224.480088808 336.714282212 -118.678022803 73.1633842124 
-175.716808054 87.2206084843 335.14101826 -224.092764627 32.0445202386 203.714379832 461.686340963 -59.8757076053 -333.511341817 -461.686340963 
-333.222558872 -166.86831359 341.335291389 461.686340963 -461.686340963 -290.932236182 -38.1465401035 235.745692971 -15.6119109551 110.599296353 
165.721981927 -214.349988423 -341.166107711 461.686340963 349.117417488 41.0128348872 -461.686340963 -97.9636924636 282.009087496 23.8734392665 
-26.5081642178 461.686340963 104.329592877 213.118059625 -274.916773431 330.060292975 -151.716242366 -13.7125235158 -342.323827513 -461.686340963 
-221.044170371 27.7089012003 169.534649852 -336.650199212 45.3395866818 -461.686340963 331.482300041 -100.425236891 461.686340963 298.126839324 
-461.686340963 346.141195967 461.686340963 139.939658378 264.090232624 18.6500640422 -122.52947751 -110.697555659 -249.159071681 -339.803052661 
461.686340963 342.275309044 -211.876924445 -336.322042887 242.669789865 86.467430601 123.177507552 -87.7372925762 -461.686340963 -25.3293200269 
-169.17625229 -329.881329019 -47.4757506357 227.05337094 461.686340963 104.956967893 82.5012499356 -208.07293874 337.770054323 -461.686340963 
-60.7156451022 -461.686343438 211.945903859 333.825021906 -189.148851639 461.686339502 -273.196153344 95.3837793523 -329.339026504 -35.895020812 
334.946370837 44.7258461137 461.686340963 111.141854722 -93.2950277504 -79.6453950306 212.37157302 -338.37757266 -461.686340963 -221.944434911 
-334.082069084 -461.686340963 -78.731631122 461.686340963 236.084377054 46.3384236844 -227.781072544 329.242785541 172.420570104 -101.377291015 
-123.356285627 17.501607507 -247.986849533 -95.578225229 -339.664683137 338.999129652 -461.686340963 88.608653429 209.774965355 461.686340963 
461.686340963 -178.703484533 127.407618449 212.328837851 334.259103735 -461.686340963 63.5012246551 -64.4978826559 -246.792714323 -337.177606132 
-461.686340963 48.4102067717 30.6415761427 -92.8505932732 -208.888149121 298.158577479 -335.618723472 172.533434676 331.89289817 461.686340963 
-461.686340963 101.536107333 116.028791764 340.829198892 238.518626762 -332.836805415 -27.6785007023 -156.163909203 -253.985720869 461.686340963 
108.949648312 -26.6522837557 -149.733915785 461.686340963 -277.069741888 230.476550416 -343.220626213 104.453973556 -461.686340963 337.592929474 
-330.618229993 -51.4758695019 -145.348756182 -461.686340963 -204.805545771 107.19661082 74.9119220877 336.493386804 461.686340963 224.16051598 
-461.686340963 29.8443801313 -339.240537093 155.51741473 12.1942728667 461.686340963 348.443139032 -112.288784691 -224.145669371 276.361226829 
461.686340963 -7.07203768992 -128.149684575 233.165689603 5.34867043639 -233.553082148 -343.907056029 -461.686340963 347.263073281 125.2228445 
107.939267346 338.513320115 229.292977837 -331.500795391 -461.686340963 -224.02050319 58.0428896757 -163.600867972 -44.5804929742 461.686340963 
79.8054986631 -208.216694463 461.686340963 229.354725961 -333.919820066 131.883469308 -120.891308413 -461.686340963 338.079553987 -47.6438289981 
340.689630821 -56.0934483386 -461.686340963 -194.865149311 -329.613851325 -188.084218335 217.142452587 97.9202415843 59.8730469246 461.686340963 
-332.370273072 -295.064356942 -171.296947268 -6.26277670632 93.3706100083 339.541738943 217.674524241 -51.9796169183 461.686340963 -461.686340963 
60.9582322393 -88.6434790878 343.16025723 221.38353188 -60.8353615104 -461.686340963 -222.224184613 114.380368919 -341.073556052 461.686340963 
333.324596001 45.2379349071 -336.444615401 208.305507835 -236.304588906 162.852193012 460.75172241 -89.1168949608 -109.427486772 -461.686340963 
69.2849134723 -331.540375994 -206.224050319 -54.5757541922 -144.697841151 461.686340963 218.412567721 -461.686340963 335.128267777 107.862520182 
-461.686341735 199.846348272 -213.409834539 -334.217468764 57.9777358475 -65.8795278833 334.058841292 186.903534546 461.686341046 -80.966692678 
461.686340963 -137.522227154 -332.089780553 75.9808096138 -461.686340963 115.173462554 -50.6025299573 223.982787005 -205.452914759 336.403571805 
461.686340963 36.882603751 -85.6136149488 208.228123862 -236.76051139 -337.788968023 117.706250785 -461.686340963 -112.51411497 330.998978359 
-333.406995789 -148.386888632 -82.1060443552 109.719223262 339.773681608 461.686340963 -223.271657178 18.1180105011 235.995297459 -461.686340963 
87.3814308805 -461.686341053 332.942889671 -330.888741544 -56.273924608 461.686340963 -259.391165744 -19.3143414913 -183.595878225 209.879785114 
-461.686340963 311.178463598 187.916364175 -176.573020549 66.2299643885 -62.2619881706 328.1516551 461.686340963 -222.88525714 -333.291539751 
-75.8353629002 206.956327056 126.946143917 330.872148578 -232.901298249 -461.686340963 47.861867443 461.686340963 -125.853661481 -335.466639801 
200.226599911 334.786724315 -184.921315791 -54.5489303909 -230.677344917 -461.686340963 -333.344272447 461.686340963 192.404437674 65.6531270191 
-461.686340963 322.793299807 166.624325333 208.2357686 -105.707659531 -75.9718723771 461.686340963 -231.202568349 -335.246423378 42.4720214362 
-81.0586653858 -212.812792173 177.002621451 -461.686340963 57.6770563964 212.693730409 -64.6708573978 461.686340963 -333.85918717 327.636268211 
219.514927528 340.62564364 -6.91720186331 -331.530571424 461.686340963 -461.686357131 -179.727598918 -248.86117038 94.2072118968 -55.3575482944 
-336.089705379 -106.150644326 329.603975423 47.105053606 461.686340963 -59.6563961553 -209.479599543 263.32436977 161.385520963 -461.686340963 
461.686340963 -461.686340963 -86.1695285373 -210.990429499 55.7221920927 -72.0467017252 205.595344505 -338.65832088 333.875536174 178.940219373 
-174.430618284 -461.686340963 -57.9246916222 -333.109724479 66.3260833614 329.669731592 -223.813183912 461.686340963 182.890379834 306.539633786 
219.341818937 -60.283155523 -210.584343811 461.686340963 -333.521709516 341.478423979 -461.686340963 91.4212551616 -178.087042577 70.5562500571 
74.3320249481 -51.230435737 -207.032610238 339.082805876 226.432121852 -331.235197148 -461.686340963 461.686340963 124.47534784 -168.888968301 
-203.730197605 461.686340963 44.9614817511 160.377559533 10.8699937621 -461.686340963 -328.081876541 -117.496079737 333.843446023 287.294339697 
331.947366395 46.930619854 -98.3231149753 -224.401979208 -461.686340963 198.04957397 -66.4891573695 175.796923223 461.686340963 -333.072595595 
-56.7593673264 -337.199669269 461.686340963 -215.491769334 335.553293427 213.176013761 72.9541023242 -461.686340963 -87.501842521 93.7208156564 
42.0871081239 126.009704942 -335.095650206 -209.890403201 461.686340963 -55.8748581776 -120.750791858 343.89387464 -461.686340963 250.055427744 
95.9941056622 4.14365543113 -233.28374441 461.686361998 -72.8820530216 333.415605304 -461.686340963 -337.509235641 -126.061089965 209.234963996 
-49.7061924928 105.188542994 -173.690990286 -327.440550843 76.0082876716 223.893964039 336.479432039 -461.686340963 -191.880458599 461.686340963 
232.540891836 -333.466109026 -124.516580896 -220.97211232 461.686340963 -38.3322215681 160.205038574 -461.686340963 34.6469601599 327.204807285 
333.364687966 48.6810490387 -461.686340963 -77.0365125634 -331.98134072 180.193495406 202.891015442 -102.678971839 -228.133199957 461.686340963 
-332.491225078 -461.686340963 118.421928794 -30.8636187696 86.1832277918 238.338132464 -96.4620230132 -210.62111224 340.920577903 461.686340963 
79.5104820149 461.686340963 -223.990195569 -331.452655986 -164.54564095 109.063217964 337.234774602 -45.9425870395 228.018198873 -461.686340963 
210.091316551 333.578572406 -461.686340963 63.3883073368 88.1583166601 461.686340963 -209.899289396 -332.844492313 -64.1857016621 -163.771175958 
-75.4810601385 171.966328921 198.468428452 44.2654775522 -231.864615666 -335.083851973 461.686323508 -461.686340963 -125.187592332 331.562513496 
-27.6816128061 116.015405348 -254.012963637 -156.179354738 -332.851804924 461.686340963 340.821438192 238.50654548 -461.686340963 101.508272045 
-249.135013959 -336.0326681 345.346639778 461.686340963 -43.7694325236 -170.759124022 -461.686340963 -7.23763086167 230.938081011 111.035906719 
-168.869335435 82.8233561225 461.686340963 -46.6507698166 -207.345626509 337.994962137 227.821460946 -461.686340963 105.836861038 -329.63605093 
-459.598085123 -15.2272023142 339.402819755 127.939018296 19.1877092144 217.283381751 -144.957363876 -335.787879287 -226.754003418 460.770439394 
-28.622567134 -334.297036961 109.50870053 -461.686362136 212.971510027 461.686340963 -232.897718336 329.259206029 -10.9800816435 -157.837099597 
-97.3566789414 169.470872444 47.7856874364 -223.374460996 -332.606717503 211.453931017 -461.686340963 461.686340963 -65.4833158261 325.727005875 
461.686340963 -76.4922985419 247.344139968 -461.686340963 140.385981226 -336.643313167 345.487772952 -218.286079748 -83.8290537953 45.7052404272 
-75.2677599046 333.752360997 50.0438125593 181.724955479 -101.454258375 203.566315108 -331.685398525 -461.686340963 461.686340877 -226.992756808 
-220.064898609 -341.037969967 461.686340963 -82.348813493 221.511665173 -206.802643199 110.504895486 -6.75928364939 -461.686340963 340.723331645 
189.962687107 -329.789660192 334.653252433 200.607193797 -59.0010857959 63.2820852352 -306.518402287 461.686340963 -461.686340963 -186.987160788 
-58.6175412846 210.463209672 66.8103083027 84.2571287334 333.793326954 -461.686340963 -224.198290007 461.686340963 -173.103274622 -332.939091326 
-227.133736045 -77.5712918616 168.906693792 461.686340963 46.498070561 -104.264326507 329.497504216 268.070161368 -461.686340963 -332.224585279 
461.686340963 -80.5449905092 55.6710826245 212.742608748 -66.0075575861 -461.686340963 -206.5687942 175.384604251 -336.056632788 327.240646816 
-173.0965175 -461.686340963 -58.6035354279 333.779251127 210.43998969 -332.939485512 66.826777012 84.2557394248 461.686340963 -224.206583896 
61.5647123718 -53.2574329249 169.391293855 -461.686340963 -331.025883944 461.686340963 -153.480258057 328.746688534 -206.221027625 233.858882626 
266.328796739 -337.109021041 -91.5687129142 51.6808821107 -461.686340963 461.686340963 166.36228487 330.168755175 -66.9722304446 -217.49690954 
-346.694609941 -287.737928815 339.780497074 -133.013386504 461.685390212 -461.686340963 211.951613766 89.9523946266 -165.993230402 -35.888690684 
148.55149878 -461.686340963 30.8131774124 271.905810234 347.683095784 461.686340963 -336.250477165 -260.819685617 -64.7057108688 -156.934526831 
-210.540338598 334.902832919 -333.213287326 -65.7363966489 461.686340963 -461.686340963 208.993084198 61.3497041943 86.92730947 -164.950014649 
461.686340963 210.736036351 332.784488934 -53.2143469645 15.8057883806 -178.889590009 -327.955302097 -461.686340963 -190.670456195 115.937120605 
-461.686340963 461.686340963 228.741374717 -49.9194751768 341.57639076 -176.682016499 -330.770258054 -251.325387301 104.119394859 -9.80441386075 
-335.414290619 243.499903427 -234.81838858 344.824565548 57.9731870377 -461.686389822 461.686340963 138.566986852 -61.8817144847 -191.806488234 
332.586748412 -106.7007182 -76.6411183146 46.1068810703 181.959240005 -334.572355413 198.644016177 461.686341033 -461.686340963 -230.781276375 
157.028186966 461.686340963 -87.8364000729 -80.198128144 -220.841460755 275.641929186 -461.686340963 -337.980874862 40.8570522697 349.390123849 
87.2832381115 -461.686340963 203.792996136 -224.149902084 -175.7177653 335.207640115 31.9119972026 461.686340963 -333.475610043 -59.8560275543 
-17.6199517284 -461.686340963 179.990792318 202.161869702 -333.810975344 333.371829452 -139.145885105 -250.915484874 461.686340963 53.1793761963 
-105.20724044 262.471192525 -331.428838202 -461.686340963 461.686340963 -213.937371419 -65.3976667838 45.797781093 160.741287557 329.629940935 
-70.183364989 46.5571003583 191.600009259 -461.686341352 170.222053386 -333.173258525 -184.030731835 461.686340963 332.339157475 -227.481470139 
-173.298695506 -191.576410833 -461.686340963 76.3573742833 336.510319347 105.950688212 -49.3249325045 223.85616556 461.686340963 -327.148775001 
210.116576451 81.9098593842 -186.555891288 -193.02018426 66.2388429217 333.564984581 461.686340963 -329.841292889 -61.5715937309 -461.686340963 
461.686340963 -336.569462206 324.208573576 -461.686340963 -236.461698746 -108.999001003 202.615293048 146.649460463 38.4070463157 -105.86460168 
-326.31352923 -51.4997270712 336.517927354 461.686340963 -192.070155035 76.0454361087 -461.686340963 -175.17255066 224.071771112 103.922464832 
-212.876760069 98.4603020567 -153.847248898 235.239025182 339.795142182 461.686340963 -38.2915648762 112.893318163 -331.124572852 -461.686341737 
-87.7224596899 242.829818642 461.686340963 -461.686340963 -25.1881871285 342.434716841 123.347306539 -211.836221234 -336.294306895 86.4330800552 
191.850133642 -461.686340963 -222.858948657 55.7389858444 -57.9258720341 -332.454474777 334.48186908 198.518123012 -172.135285714 461.686340963 
-461.686340958 461.686350264 263.999862224 -122.571516906 -339.816400614 18.6013640839 -249.201104721 -110.851103111 346.08826308 139.856504239 
348.389346322 -209.969880427 -60.2256419871 155.008735729 -335.94472967 -461.686340963 42.6032954667 -113.008315757 277.738689042 461.686340963 
