-50.8162141926 1.99493534057 405.198646454 -319.47956805 -201.113181877 -121.125318884 324.998525611 -458.132557376 -6.48549102509 -421.82563497 
-124.058639883 -239.349444067 404.534587091 -15.87616867 12.4946936745 -458.835125028 -7.53226781858 453.937551102 -318.971748418 -319.8996993 
18.8796316709 -318.832870723 -6.19836948777 425.596773694 -318.07542987 453.671097299 -97.8366355238 106.050459355 -11.2507313745 -456.600962853 
3.12640666881 403.667018815 303.62645549 -372.609573904 -316.206639223 -113.584859785 -167.11978428 -29.0468425172 -456.757368724 125.378782859 
337.359554593 -85.7080714021 291.332346884 284.53249594 65.2649640768 -301.336226931 -36.2335570189 -405.330928063 -293.367372588 86.7172464685 
-239.171178452 -28.9200277571 -29.0468434824 184.931124116 420.046534897 288.23209366 -199.218880517 -459.522990049 449.64131663 -403.889874494 
-64.1726194792 -408.651548302 381.649547814 -318.783967109 218.035269221 2.02265653295 183.131329201 421.934631732 -16.7630742025 -123.747256121 
430.905279602 -27.1940288161 -205.266650826 -410.15059155 321.225303479 -3.06283852026 58.04186465 -204.064428837 -426.463631607 232.634247867 
-389.684012794 -29.0468430377 316.508635484 308.521403173 453.46570441 -46.9307949892 -167.122401208 -461.311773865 270.364580135 -7.86915013606 
-98.6536670632 104.50933648 -319.493453719 452.518262172 -456.359161641 -7.53759024765 54.3648892098 -29.0468425214 301.525105778 426.400025021 
457.464353579 -128.93631663 -459.597734663 -327.687682035 287.996002253 410.800801389 -29.0468425176 -405.061200279 -185.878178673 -15.459756056 
416.658577608 -29.0468426562 318.014935383 -202.702387451 -400.979814357 -459.554632852 447.483170344 188.149023898 -11.1376007721 -241.79153755 
-0.994014979227 321.35622483 -210.480139773 460.1140425 -72.9630738128 -427.628826491 -15.6442605764 -206.957578485 245.028646625 302.110849719 
-318.467746502 -229.399493254 13.0216940955 192.776144202 -454.530586656 407.698952041 -25.6927791528 193.461685581 412.049331991 -107.065879864 
12.5429065467 374.825653952 460.512449107 -320.790217266 -312.662001633 -452.27368745 20.2043008848 -233.194989298 -94.7111309221 -22.9716733131 
-459.948915448 -11.9547541274 -134.233018351 458.951442084 405.140911179 -177.239341156 -322.115748076 -13.1576769048 313.162861113 -398.724288957 
26.7815863974 229.385154362 313.849619508 -411.840381835 -21.4494908572 454.062633625 -179.884743434 -401.025061848 -8.7194765477 430.819550377 
454.797261991 402.602334891 -118.646388603 33.5943880071 -296.251784129 -175.525482117 20.4971974415 -317.621289772 -458.480592553 -0.804012339877 
-16.5149416737 6.38463651114 248.70816402 449.764181925 -458.636306646 -323.439202277 379.701391909 -134.747280918 -316.540873393 0.686918540996 
322.377085822 -201.673648227 -225.077750184 389.046341184 -0.422683569771 29.0465859858 116.408419252 -110.628014504 -426.837149344 -424.168841644 
-194.214418875 448.336321462 -411.626122609 148.161304708 -375.31922471 -29.0327617517 -283.23724624 29.046434168 308.376827037 -74.2787325986 
437.929456932 299.580400469 -396.991380273 -29.0095075826 272.05914281 28.6322043495 449.73677854 -29.0468436734 -167.74256888 -459.65362486 
-443.465049592 -367.33928396 462.537001031 79.2420808236 305.081735327 -29.0468720199 -151.717600829 -29.0468429561 308.104442476 80.5547546848 
385.034698175 -139.842530744 -0.300137720492 0.755392304447 -100.52810417 -319.067407153 -459.260976379 253.429719545 -321.428729844 444.272507308 
-203.436056958 439.401440029 323.334382425 -100.982533225 -2.63208904241 -97.0552407895 -317.406475923 -457.184030329 -423.963790055 -3.51928120877 
-207.373813528 29.0467157046 -457.532453988 308.216102397 -192.513774396 53.9318109532 -29.0468425172 -410.511641918 447.383637912 441.391236584 
-29.0468425173 -133.786250099 -10.3855822886 294.812216034 458.949271312 -459.912065795 -321.826779446 404.825090969 -399.528621109 -177.846433739 
-108.701836758 3.41528729419 -22.2535015991 453.826808389 -399.355485656 304.104373242 -319.59223177 206.292198038 -29.0468425173 -372.480254446 
20.9873668579 58.2417026418 309.46027428 -29.045736279 451.288471901 307.8483372 -29.0468428988 283.839899826 -460.112004959 -167.828684076 
-114.65796962 -8.77499747617 456.690309303 138.013814938 -161.765096654 143.197157061 29.6534238464 -403.387729819 291.416338143 355.123228855 
272.794269783 -379.301641369 33.7759497315 451.944319758 -86.6044886836 -20.3110145816 -220.065944295 -429.813112159 26.7841206642 406.935517008 
416.287280464 455.246229233 -425.511578151 -112.551358896 188.282559063 -28.7516813544 89.3210187204 303.32528078 -29.0426536112 -400.315731726 
447.839276342 -203.941541293 -401.733239313 -458.647439355 410.361515724 -14.7421483526 -8.36354504424 -327.359907993 -128.330751305 319.349878133 
-25.3423943072 309.829253866 397.029774147 -14.9451726902 -434.462567969 -251.921569717 462.078683626 29.0468398726 -389.616742343 -217.267828031 
-456.807354514 29.0468380071 430.111436366 454.498942606 -191.830622463 -208.341186504 231.821322203 -416.245299488 -50.9144363659 -171.582690028 
3.87760455861 -323.931958173 442.731878948 -100.298358454 255.311467595 -319.293903703 381.790429129 -106.327509228 -7.6977858989 -458.984978779 
-6.02908006768 -209.271664557 29.0468398354 -195.375601492 452.61685906 -412.668411002 -120.051326437 -451.611738968 -324.476688914 409.805508623 
416.329094247 -9.48418427865 -316.436434944 -238.422045217 189.047973923 -29.0468425171 -459.035071464 0.268100860152 454.834374903 -241.825333467 
-209.443304303 320.5009907 -8.9694184052 462.283450617 -434.495429154 63.3149725274 -136.37874308 -29.0468429986 -429.292749732 286.024837989 
29.0468251508 -249.951967106 460.265181422 -435.19130863 -224.77405826 318.179009014 -443.144786435 -144.807036639 -14.4969836562 401.359365572 
-9.04276490099 20.8375036493 -183.693764374 396.140248436 -229.890899187 -428.692679621 29.0464460878 -402.466670743 455.456528005 315.277426753 
-317.031190485 19.9676876531 -428.033126831 461.547058939 -9.40429967794 -207.268918176 -210.982127706 324.639347127 -413.269481892 -1.76050012987 
308.845359766 444.38747248 -383.327249359 311.627725278 -461.733523688 -29.0468425171 -388.484895692 -28.8917020056 -60.1194072419 -173.388638002 
40.1473804063 -290.727271684 159.188450343 -459.299545598 -29.0468428584 -169.033398582 -300.579092344 309.943269777 -26.2268043709 453.775294683 
319.810610702 7.8267778015 -217.347978932 -159.2185615 -228.411338094 318.388071283 -446.782513872 -7.25125393886 460.157253346 -435.616195122 
-215.583515276 -21.8803208198 -433.092957548 319.092870962 -448.143828467 315.645961985 -212.767129506 -145.832774499 -2.04773932536 462.291286987 
186.744511981 -4.00105750429 -436.159171559 296.821323727 -227.700498321 460.067253779 412.363893211 -255.669603777 -29.0468425173 -445.084481913 
67.7605097337 439.781776229 -29.0463516345 -29.0468426631 -167.570873295 236.67644169 -452.839323332 282.404625486 304.637077419 -293.706440999 
422.630324947 -29.0465492353 -458.993034037 416.771260652 29.0468355346 -240.757385439 197.874874973 -419.706554053 188.812456088 -210.114859194 
-317.137236269 451.365737892 -29.0468425172 280.039593465 28.4563745113 -18.0125043312 313.778728028 -242.082685013 28.8373012177 -458.9481888 
188.782522235 460.341984429 -443.773143736 -378.574296105 310.477059356 -29.0468663828 -16.4928960264 410.506347193 -29.0468425171 -223.627212325 
29.048339165 62.8978609636 -29.046842517 462.470417823 -431.099669079 283.822473507 -136.98601322 393.72254262 -227.444951346 -427.193248977 
-190.070355778 -426.340004906 -138.864219272 -204.423782374 -406.483398036 321.318515187 68.8094271532 460.47817734 -2.1953779913 29.0467872355 
346.612855809 283.216727304 -460.07235272 -260.244932165 -56.0037151743 455.308130112 257.246552399 134.098208586 -29.0468609673 -118.670756509 
290.071795636 -439.710294769 29.0467334857 460.045646852 -277.727881382 -441.487105814 411.444702938 -149.819746233 188.271135869 -29.0468661994 
-29.0468425172 309.078719369 -23.5743987224 13.6681238274 -459.202741909 -49.3476156115 -372.721451765 -319.506556304 447.008525049 250.847332593 
435.744736059 -98.9390401367 -238.425644467 451.055322905 4.64798296755 -321.889439027 -458.98553144 -0.887956733344 -315.81501147 -14.4525531158 
-217.266653717 462.078823867 -434.461293771 -14.9445222716 -25.3243941948 -251.915804508 -389.619160312 397.028584298 309.831141544 29.0468348914 
-459.019960345 454.156923342 292.638475698 410.326171278 29.2327460696 -29.0468425172 -237.898167506 -325.987598171 -12.9030417611 -123.396922669 
-11.7822944928 22.6096743547 430.841413881 454.049177765 -401.286852457 -412.940117719 215.134154564 -19.7174220766 -179.98799238 309.534103418 
-403.788130279 -207.679110055 -5.62579156443 323.008779557 432.365836778 -425.913904552 14.9349990167 244.802431941 1.12880360126 -206.292837289 
-319.881077936 404.518935095 -458.826893458 -15.9878838056 -319.009675486 -124.019026965 453.943820911 -239.33457075 -7.45769233992 12.0048663596 
454.07374513 -412.84029036 -401.293805039 -180.007370581 218.668344232 -10.0164761671 -28.5036893739 430.801502557 22.8787186988 310.360426926 
10.3379758062 452.599729793 -188.419945246 -422.52640394 -318.873649612 207.894931851 -12.320745299 411.194812268 29.046841728 -457.820844879 
-208.879616281 -210.382443135 -5.10924494538 322.510900135 245.850741861 459.509485131 -428.558383725 6.3941722476 -308.235146057 25.3173277817 
-169.853027888 -389.680643179 280.252374333 -461.462438925 451.313436364 -29.0468426075 -24.2754959228 307.274321234 -12.6771841279 312.854987673 
-191.826875074 -416.521040802 198.335199568 -219.253179814 457.248341658 29.0468292028 -195.235456445 -423.565863637 405.378747551 29.0434959634 
-401.548185691 -180.257409914 -171.845034562 312.672444685 458.992820847 184.07588463 -9.05353938617 -459.611560617 419.70798938 -29.0468425611 
78.6465799167 -302.755175175 -9.68477566047 231.364299658 -313.074534039 -445.211550988 29.046555147 450.385574143 -443.542031736 239.972214976 
-426.507448449 240.890750335 29.0306347088 322.103932825 1.22928677671 -209.362425657 -205.832710007 12.8970835014 459.864830024 -303.579089717 
460.116031652 302.326687685 -210.489507232 321.350886914 -427.635194604 -206.961089286 -15.3495682686 -0.969123382369 -72.8794857554 245.041859462 
-128.330229525 -401.738993744 -203.934660143 -8.10449218777 -458.650494126 410.339929985 447.847579574 319.369787432 -14.6932625172 -327.343728337 
-322.536215732 -28.1765210581 -177.62773148 -459.927123371 -19.2351271142 -134.134852308 -399.256382637 298.205127595 458.951166526 405.378745993 
-427.546265525 -29.0298160018 -18.7500591742 23.3701321504 454.365854211 316.678680615 -397.892746625 188.25303812 -178.961867011 414.945065556 
29.0617707643 -27.8783155443 350.733856999 -344.318991817 -363.897450206 436.208841816 284.140072042 -232.651638894 -44.4769240849 56.1280759605 
13.5873143113 300.823668818 -12.0015261548 -29.0468425166 393.381073604 -238.519490917 -459.489019422 -364.490940434 -314.600891276 -11.4282220215 
-459.919307413 458.951442086 -322.06400947 -28.8323899674 -13.031596325 297.42574552 -399.322269079 405.13397142 -177.687965702 -133.918381368 
188.121718035 23.3634591711 431.068263372 292.900492212 -28.8356138467 -28.8581676 -401.327360611 453.909590453 -413.908606378 -179.983707744 
-424.778490241 29.0468371775 -203.756206964 70.6233694883 -221.800693078 430.965124636 -408.683781359 237.69556059 -29.0468425149 405.379674763 
243.692190538 -33.4988810048 -0.999471543594 -319.339717034 3.02038290164 426.189406299 228.703032226 376.187627286 -407.160387737 -119.746054292 
-239.517538696 -457.771552726 453.192853152 9.1840474678 432.2358548 -320.030495351 -15.6425574639 -9.67587031466 -99.1376323824 -319.205513576 
33.2049852977 277.852000311 404.612712785 -239.947121354 -124.202618738 -319.956784703 -458.867720369 -29.0468425323 453.621597279 -7.64408152942 
-29.0210325646 -459.647188351 -185.44578209 287.869223431 187.909902113 -242.098535832 -29.0468425172 417.068975718 -404.628851872 457.220562899 
-165.878438894 2.79535727379 -207.20638499 -426.751828297 -315.593864138 -453.782353813 322.544469431 -6.39260412254 458.974121681 -99.0857406359 
-9.15557987245 410.005790179 11.0278729326 455.326191926 -121.960831841 -236.838031179 -325.281541985 -458.873045512 -241.844221204 -26.0684631985 
393.811854842 304.493392375 -210.085596466 -262.621398998 46.9907703109 129.007648988 29.0456589982 -419.076092242 -29.0468425172 -372.361902416 
9.16784861249 315.74785347 29.0401215489 -188.051677883 -29.0468454822 231.443291479 273.255847641 -243.605384549 452.774512739 -459.729670599 
-408.027636624 -202.479561537 450.760569048 -13.6753797918 -421.724952588 -321.619955844 436.231769592 -29.0468425154 -101.794377833 189.069680897 
242.849056712 -452.726840226 -29.0468425172 -29.0471574308 307.621078133 -383.887800835 -244.007966878 439.724228851 -11.2772614269 279.358344081 
-222.79363187 29.0467986872 -60.8181159835 -309.75155977 -447.754897752 461.222678382 80.6578704652 308.33745097 -29.0474353112 -441.025992857 
-447.299570211 -227.663347764 -319.143862792 460.341714744 -29.0469124132 6.66853041737 410.508166462 373.194652427 188.839996878 -20.0752501631 
34.2693488103 -29.0457492731 451.372824426 -458.641528108 -418.704510743 206.105658719 186.472404178 421.559752841 -29.046842518 293.57122124 
-113.58878412 -456.758885218 -167.132299952 403.653594266 303.635677324 -316.206786168 3.14104424616 -372.636600607 125.394670461 -29.0468436264 
-452.431362896 -403.076771959 -198.155893604 -130.961493366 -321.336392972 404.583212152 -11.3505208931 291.344665314 449.50676088 -27.2540575514 
345.328199001 -23.2697903723 -1.45473168754 448.129439453 -380.225553907 -456.926887821 -165.83843053 1.62103429813 282.90073378 -315.509519794 
-461.391709425 -29.0468472606 455.253663499 188.513702751 -128.5541668 -27.6775425681 -388.697582147 308.490183634 268.641660674 -98.8136510351 
-121.780798344 -123.379253178 -198.272641839 404.595682314 460.583104436 -414.38745185 23.5935412932 -458.58963539 -319.287064391 -5.86107077445 
319.594586992 -431.226945207 310.955404333 -19.6888600548 -5.15691369534 -210.963504956 -213.652716423 -333.763104122 461.616956581 -9.24499606428 
46.8312832953 -77.8208478583 -311.135567585 -29.0468429418 302.670115336 460.018866105 18.1393736562 -451.324002046 -365.899551176 -162.423103548 
460.932959293 10.9055424752 -450.102448624 105.517779804 -371.758929324 -239.398105793 49.992910929 -161.797337359 309.843218903 -29.0468425172 
235.887995558 460.855850625 -430.360997645 -281.219800392 -210.172896088 29.0468404498 321.447774422 -3.5932403554 -5.05964572057 -212.708683821 
-29.0466068024 305.837635762 -29.0467823962 -59.5570400844 -379.21251727 162.246193285 -169.889614925 448.894849379 -388.688120139 312.587072852 
166.698700515 375.705166676 -44.6846547878 179.491656801 -375.02494671 462.992593496 46.3914686857 202.023836187 -124.454442493 -203.760503531 
430.48663936 217.470502841 21.0852806049 -402.475364756 -28.9915992455 -181.014921908 454.267671903 -412.687200678 286.955679687 -29.0470101693 
-203.502072434 29.0466228265 410.514002023 189.034398494 -421.245548683 -29.0468430997 373.185728116 8.81452082314 -210.886077602 460.34084979 
-317.237132541 -459.789326313 28.3625331731 304.065628513 452.282753348 -239.751964264 -18.458070419 295.918865727 -29.0468425173 50.9411095051 
288.465708828 -29.0585241678 433.82236585 29.1919428871 394.896601053 138.71968464 -384.412715268 -192.081149745 -399.452423312 -72.0614180397 
-169.576035301 -461.496691066 -389.4502136 451.658157653 312.73135506 313.185776676 -29.046842517 279.299168669 -22.2432921409 1.04553893168 
8.81543852476 -14.3324932519 443.808644656 -97.3586096343 -318.966278177 9.1858200925 -457.954585464 -239.89727985 390.235231009 -315.355403235 
-1.27856114482 459.553462713 -219.836429474 -440.420935118 -2.53541064754 -209.683329361 -317.042930862 -429.060090895 321.010531825 -8.04065123111 
-3.38291589744 450.642489114 -174.298081533 311.494338103 -395.440751819 -320.005372702 153.284564987 -139.188950134 385.625035422 -18.6517989835 
-178.875960289 187.455461542 -33.3939567198 -28.9783633469 -370.03463639 -400.549290251 308.916711263 450.092428694 -29.0468425172 214.032510969 
-322.379190055 -419.401648392 438.224151594 -15.503060042 -103.149738349 449.559639204 -200.448851652 285.782842441 -29.046842517 -404.519253328 
-28.9510918499 460.891752409 297.169665554 -18.9287823484 -228.033341207 -29.0468428824 304.100463125 -448.254675599 63.1834674808 -374.227640305 
-29.046928524 -221.869036241 -443.800592473 79.042800099 462.264919854 79.7810529737 308.26409391 -29.0468425174 304.612628104 -437.287145606 
-177.238026027 313.163222506 -398.722783022 -322.114870658 -13.1477839591 405.140191473 458.95144367 -134.233271405 -459.948977453 -11.940128615 
-171.165005366 -25.5733474181 -29.0468425154 -397.671005797 -319.382349912 441.881675088 446.886216431 -7.9581279455 295.256015716 -459.869088769 
298.026809109 206.207285491 -29.0469250409 -417.935924348 186.52084681 422.438493108 38.2055155948 451.27109676 -458.418075883 -29.0468425175 
320.055125253 -207.62841069 -429.520202019 462.050178242 -428.576946873 280.880237444 58.0049251758 -138.701252057 -29.0468425171 -5.87588088767 
-458.372068516 297.605839132 308.937437007 49.3066965715 -211.125087635 -29.0467826824 -405.686617687 448.179049214 311.263164518 -29.0468425172 
245.858346209 21.7753663973 316.163445286 -412.227031002 -396.845822968 432.531861885 -36.4451101591 453.011580577 -178.190749817 -21.0095651332 
-170.668459267 -321.627547674 -102.099015324 -459.229025101 438.20923982 -29.0468431272 -376.732847234 -13.4676981578 189.663126151 449.568598511 
-29.046842518 416.205906792 18.8451118565 279.706596041 -458.951401242 -238.5721932 189.163894598 -241.49748102 -29.0468538511 454.56487407 
-6.11565960396 441.905256779 -322.65526614 -172.10553008 -15.9386704434 446.862330436 -459.718489709 -400.585207727 -104.260466875 314.825021366 
-0.993282870059 -460.278718021 296.971262617 -26.2650618248 -396.556485762 314.731855149 447.20066772 -25.513677793 -176.395923865 -321.962459738 
265.205211452 437.626026671 -455.258724865 -173.586888118 310.190015126 -23.9057203137 -245.999317448 249.762153946 -391.946922771 -29.0468425655 
-412.828076996 29.0468086704 -320.232954445 -217.101822148 -204.946139828 8.71927165092 380.740080262 461.212943267 -423.403078639 -9.7105613169 
-6.65227651143 -201.108283047 -421.821433733 -121.159969047 -50.7713965457 -458.134428027 324.994551043 2.00553552781 405.361989867 -319.521129817 
-200.679447272 -102.355784988 444.140635888 -322.937747085 -398.86198701 -29.0462751463 -459.615871058 -3.88319306321 444.61129913 303.649141885 
416.028629807 202.016643082 -423.233269502 -94.0778767068 400.417078771 29.0467090514 -218.592343221 -18.0276074976 -238.757320736 -457.48647303 
-29.0468425172 -327.813076503 -129.20952028 410.675014703 -184.358921332 455.816192717 -15.8777213305 -403.590673867 290.542530948 -391.659598986 
452.208040036 28.4727155321 -98.4412456672 -29.0468428609 -458.671323985 433.847471443 -238.524276708 -0.326723083172 287.147240223 -321.782582427 
54.1483382186 282.06350684 462.117091907 -223.90992176 -29.0468425178 29.0457568169 -425.857964559 388.473048403 -341.835727045 -136.027586387 
-316.541386073 449.762219104 -323.447986982 248.713635724 6.49641447999 -458.631471287 -16.548632185 379.698548617 -134.74081937 0.760313731968 
-29.0468425187 27.6397422089 454.274144429 45.6841956507 209.02101138 -456.47708483 413.489276052 -276.120742349 189.163363341 -425.516313548 
-122.918449307 -7.03738982668 -347.27131797 -319.714743417 -25.9150770655 323.377963774 404.773109631 -4.09705864663 -424.186482441 -203.689992519 
43.3407340703 104.987309464 -98.7446098849 -29.046842517 -319.593917797 294.041560803 -8.65261924271 452.676960231 426.154097129 -456.407195002 
-455.83918521 97.5877042777 -101.531760934 287.230086135 -165.866493543 -321.698304048 -12.5479437347 -29.0468425209 444.979448592 430.552451584 
414.3925565 0.723468179885 459.76859553 -433.338177645 -229.483935106 -29.0468426267 185.502264318 -447.267802938 318.936283298 -214.706862702 
187.944602027 -459.624849794 -185.615764842 -404.779896611 -29.0468425173 417.064070648 457.329888054 -242.086703898 -29.0462257707 288.498133747 
-459.030523611 315.363141538 29.0468424332 -59.2520322543 -317.167031748 -17.2457995145 -241.999336311 -1.84125162536 275.870056054 452.134570426 
251.779064905 -165.698836164 -317.458241963 -21.9378505804 -29.0468425171 -459.144867263 447.224995872 307.336750754 -1.65106505534 -385.514012653 
268.198943995 -462.217096752 262.568577258 29.046787784 456.610428084 -295.564761952 4.37126359307 -315.580291797 -177.510769605 -40.2965508938 
-459.5203854 449.748842173 -239.170668872 184.951445666 -199.234684953 -403.995749105 287.283854235 -29.0457382884 420.060513469 -29.0465275905 
128.92099204 -14.7024636313 -408.345172874 446.097648418 72.7237650854 227.052262291 -258.799791275 390.29819922 -38.0583507557 -85.9854094673 
192.135185337 19.922625579 -9.46486580518 455.316036766 251.392038628 -425.455539924 414.774897723 -182.556975944 -402.031544083 -25.6752702693 
187.971592407 -29.0468425172 -170.357377782 -460.911316618 453.737551186 -392.74377361 276.972018372 -130.61189839 309.981184033 -24.689407616 
-176.213304589 -12.0318765006 404.098407578 -322.065904177 -136.421031277 448.065819114 313.221880127 -460.275038745 -397.45433332 -12.9182183506 
-15.6564373836 -319.215471086 -9.41996152347 -239.518256524 453.194439168 8.99727888869 -99.1073536706 -319.997186987 -457.767460053 432.233266226 
-169.475507187 -241.644125952 416.909598648 -459.81390255 -399.638196882 303.822965949 -29.0468425172 -28.3528364507 444.750997067 187.674161201 
153.219261512 -174.306471622 385.607746636 -139.172669761 -319.989399847 -18.9762277897 311.502602409 -395.448418834 -3.27709799487 450.647798979 
388.517600031 -316.610588398 306.132872706 -28.9888181504 -459.857205637 -125.344261271 6.32101554188 462.122262161 -131.289121112 199.998362658 
430.576773797 454.212137319 -29.040056646 21.2829764653 -412.678716868 289.054038987 -402.229379675 5.38841187592 -180.807615989 220.959132632 
-41.2122136159 -222.10729798 -308.411955152 216.214981735 461.131181123 -84.570531844 -439.121540055 178.420080631 405.165894977 29.0468024365 
460.798724202 -253.122298207 -449.119021958 29.0468327761 178.449695296 29.0468312797 311.870539591 -186.229491949 -226.885989046 -434.16264369 
-186.177595504 -128.638322287 -459.575615124 -405.335383447 288.637072017 410.452495915 -29.0468425172 -14.8367484658 457.43810455 -327.517947963 
-28.6664795277 -238.413942488 -307.261786322 -29.0468425197 158.762066165 285.795193306 306.547492071 39.2017084247 454.012990764 -459.72549734 
455.65342907 188.991526664 19.0469536324 -424.732147293 -183.331454736 414.457296856 250.494311028 -28.2425165848 -29.0469011668 -402.756757929 
-89.0861746229 -311.101479819 29.0466735665 192.937338129 -49.7540331815 413.036879468 -449.03344561 -224.995023959 18.3857222423 -311.775133006 
-239.170857534 323.250252786 191.237790423 415.849582614 -106.51556256 -457.939834105 -199.502936317 -28.4108453006 1.68905622733 -422.258683657 
-458.829643452 -15.8808453883 -239.340020582 453.938630566 -318.98678072 -7.50506377223 404.528713872 12.3116610762 -124.038457534 -319.89644927 
-402.665823169 455.214022159 -128.321945386 28.9193139972 153.990283634 -112.090018871 -323.561367301 376.686777686 -27.2588801784 220.134406374 
-11.0083900292 454.646758804 -459.096647125 410.1390898 -237.506600273 -0.0440164996137 -10.8190018391 -123.856666929 -316.576604804 -325.964676331 
-124.043852214 -7.41754510254 -458.832315212 -319.001769953 -15.9144878135 -319.896029504 -239.344097921 453.93889559 12.069868118 404.523450409 
213.030486495 -310.695738071 -430.404813363 -14.2814027512 -321.937084264 29.0468396987 435.573982013 -234.146607763 -102.090151068 398.396571483 
377.719145177 298.718911984 452.572047527 244.229471223 -29.0468425171 10.0041948285 -130.280772234 -322.874338345 -457.285104656 36.2356639586 
305.2205573 -361.144222137 -192.409880443 442.22988531 29.0573225368 -29.0468432988 -410.510040812 -91.8997630664 -139.586356051 -460.341436938 
-82.1705225289 26.7819728379 141.767875954 -376.929617384 304.693419034 -29.0468425172 -314.855442848 298.372363315 457.697533046 -138.34159831 
-98.5633150748 192.326432699 -319.604460186 -457.471649163 -26.3829226752 -8.41318243159 -33.7325428034 -238.937982738 453.429266348 431.850238316 
-29.0468430925 411.083215002 188.389078632 -459.251265325 250.120228834 -239.901619129 185.477316414 -29.0462433186 420.531054404 -271.386130391 
29.0460926281 -29.0468430139 -249.542336341 -138.098353276 294.23280492 -427.142208265 -226.819600147 387.333021157 62.3908444041 461.984623374 
-211.943829801 -287.229414025 397.788931737 307.240717056 -458.951451311 29.0457813975 -28.9144732497 161.071486992 -87.2147009892 -419.993404172 
189.950878562 -110.956658986 456.074950081 87.4845344795 -420.666429921 314.870632267 419.644643808 -29.0468419399 -15.1009001983 -399.80484867 
-19.899303113 -29.0468425172 453.258865581 -238.078834509 48.1775145668 -370.43810118 -29.046702296 290.642088902 -460.073646533 302.974738375 
-123.344205434 -6.50925093033 -414.350457826 404.559421781 -121.789538658 -196.107229269 460.591442078 26.0319806985 -319.325114865 -458.593389561 
290.176313064 -0.160583257384 -170.519185143 415.135445139 -318.975760884 188.664869145 -45.37971244 387.572626048 -29.0468425172 -459.24711381 
449.946171634 380.261801458 187.634695083 -29.0468425172 6.56241967539 -148.477227299 -457.536077762 247.187143794 -135.32887102 -323.386682889 
191.932056328 -97.9945011028 -437.981284171 180.046768133 451.053707057 -167.900578901 -409.563433969 161.481321995 -63.5667531241 406.69606163 
-239.173593231 420.054615081 -28.9626706934 -199.263197919 287.340337884 449.747142486 -459.518016336 -404.014213293 -28.9582710224 185.048439716 
-14.5909582427 454.382881612 -238.523808671 419.410839676 -240.154448844 -319.229364238 10.3248588201 186.655385543 -458.265796296 -29.0468425172 
143.308725764 338.420804936 -186.903340298 -19.2404032162 -359.116629428 -114.102918309 215.022942627 454.788830581 -262.358659374 169.598822095 
184.464256135 -459.36460549 286.390164782 -29.0012157813 419.880362405 -199.611803321 -29.0468425172 -171.439731802 -404.489212 450.17066434 
-410.090505402 451.224893082 435.464899899 -397.518392043 312.597891052 -13.7157661185 28.3599519075 -176.294498392 255.236364256 -29.0468426518 
270.427840746 -389.522457852 -29.0468425024 -8.33717139868 -461.332473215 308.439055099 -166.959647189 -46.9694937129 316.545510548 453.440432769 
-419.979714488 -8.92841779216 405.377524355 178.020332304 -458.953429381 -320.323509624 189.425041094 416.768025091 -124.93036527 -29.0468425171 
-29.0468425635 -29.0280812622 -378.978321288 -170.000846133 312.658397187 163.134892303 -388.806328201 448.959481729 305.749297735 -58.6374624621 
304.427754314 -21.1337759319 -458.462148084 -31.0003951797 -316.695916289 5.14660271681 248.551041194 448.047281422 -374.378172706 -29.0468425173 
