-50.8162141926 1.99493534057 405.198646454 -319.47956805 -201.113181877 -121.125318884 324.998525611 -458.132557376 -6.48549102509 -421.82563497 
-124.058639883 -239.349444067 404.534587091 -15.87616867 12.4946936745 -458.835125028 -7.53226781858 453.937551102 -318.971748418 -319.8996993 
18.8796316709 -318.832870723 -6.19836948777 425.596773694 -318.07542987 453.671097299 -97.8366355238 106.050459355 -11.2507313745 -456.600962853 
2.87967982552 403.591052067 302.457659594 -367.179019201 -316.575504382 -114.686225207 -166.070380979 -29.0468425173 -457.038302985 121.316992877 
381.118517322 -29.0468425172 286.277752884 461.257498044 59.8029682005 -317.949818979 -19.0479390737 -450.570546948 -229.024804685 4.60606201136 
-239.164457346 -29.046842517 -29.0467777158 185.165790807 419.916356412 285.573682014 -199.665480845 -459.474186364 449.984321228 -404.72410534 
-64.1726194792 -408.651548302 381.649547814 -318.783967109 218.035269221 2.02265653295 183.131329201 421.934631732 -16.7630742025 -123.747256121 
430.905279602 -27.1940288161 -205.266650826 -410.15059155 321.225303479 -3.06283852026 58.04186465 -204.064428837 -426.463631607 232.634247867 
-392.780868229 -26.153738223 316.251332797 309.87103245 453.528316562 -46.7171056308 -170.006884506 -447.530929576 270.309222542 -7.28299418784 
-98.4719828085 104.692020681 -319.335982054 452.44391169 -456.529829195 -7.66017722218 43.5447910203 -29.0468426015 294.808727257 426.51591017 
457.474475403 -128.927207227 -459.597044192 -327.683431445 288.236490508 410.804927939 -29.0468425173 -405.04367727 -185.873942135 -15.4806963784 
416.608210283 -29.0468425171 318.016180509 -202.735059402 -400.971158122 -459.556097649 447.482513636 188.171463361 -11.1376007742 -241.829055437 
-0.755200402246 321.646938649 -210.165244646 460.037483714 -72.4975296832 -427.308175441 -19.0188673924 -206.631443216 244.999650739 297.764405725 
-318.467746502 -229.399493254 13.0216940955 192.776144202 -454.530586656 407.698952041 -25.6927791528 193.461685581 412.049331991 -107.065879864 
12.5429065467 374.825653952 460.512449107 -320.790217266 -312.662001633 -452.27368745 20.2043008848 -233.194989298 -94.7111309221 -22.9716733131 
-456.362845214 -29.0166601517 -132.149290927 458.951445655 405.019454004 -179.824798254 -321.735744613 -12.227044346 290.501975884 -401.612783302 
26.7815863974 229.385154362 313.849619508 -411.840381835 -21.4494908572 454.062633625 -179.884743434 -401.025061848 -8.7194765477 430.819550377 
454.797261991 402.602334891 -118.646388603 33.5943880071 -296.251784129 -175.525482117 20.4971974415 -317.621289772 -458.480592553 -0.804012339877 
-16.5149416737 6.38463651114 248.70816402 449.764181925 -458.636306646 -323.439202277 379.701391909 -134.747280918 -316.540873393 0.686918540996 
322.394926965 -201.684199921 -225.024995762 388.998031758 -0.465051816233 29.0468264786 116.411154936 -110.596768137 -426.821411758 -424.181527224 
-193.955412277 448.314921089 -411.579957989 148.216544242 -375.288134012 -29.0468447085 -283.147551773 28.0131484507 308.529764903 -74.2702024173 
437.928601427 299.581110016 -396.990163913 -29.0469685423 272.0694822 28.6385481862 449.737293026 -29.0468455995 -167.742435546 -459.653838595 
-443.828988458 -437.339015428 462.273376667 79.0355374434 304.594587953 -29.0449591351 -221.895599295 -29.0468425172 308.318671261 79.6865012927 
385.030328228 -139.721469897 -0.239594699457 16.8157878632 -99.931022162 -319.063754123 -459.226603474 253.318307915 -320.636807884 444.376724756 
-203.436056958 439.401440029 323.334382425 -100.982533225 -2.63208904241 -97.0552407895 -317.406475923 -457.184030329 -423.963790055 -3.51928120877 
-207.369650291 29.0477319846 -457.534235259 308.203836893 -192.511867661 53.9658056577 -29.0468425173 -410.511227331 447.390223705 441.384751621 
-29.0468425173 -132.163444241 -12.4994515737 290.600169508 458.951628407 -456.357921728 -321.752561845 405.052618942 -401.607860119 -179.823126142 
-108.683619191 3.91972272603 -22.3804114848 453.832010724 -399.310967902 304.151872288 -319.558577794 207.129502698 -29.0468427813 -372.523751148 
20.9790119039 58.2446684757 309.419644267 -29.0098427582 451.300968363 307.773988895 -29.046842929 283.819198293 -460.108954643 -168.765510266 
-123.283301095 -62.3247913872 458.976540911 60.1362339203 -234.242369116 129.511645022 -29.0468425172 -452.992940024 186.974777036 343.596510459 
287.690249159 -429.063712483 61.0192883999 462.354513326 -29.0358131203 -136.62382886 -228.579786918 -427.701771563 29.0467822031 394.697676329 
416.287280464 455.246229233 -425.511578151 -112.551358896 188.282559063 -28.7516813544 89.3210187204 303.32528078 -29.0426536112 -400.315731726 
447.839276342 -203.941541293 -401.733239313 -458.647439355 410.361515724 -14.7421483526 -8.36354504424 -327.359907993 -128.330751305 319.349878133 
-25.3423943072 309.829233101 397.028925095 -14.9437262799 -434.462739114 -251.922314679 462.078783699 29.0468297136 -389.617945366 -217.267883851 
-456.814721826 29.0466115679 430.113823388 454.497553862 -191.838084218 -208.317432196 231.800211613 -416.254935745 -50.9500532742 -171.596097046 
3.87760455861 -323.931958173 442.731878948 -100.298358454 255.311467595 -319.293903703 381.790429129 -106.327509228 -7.6977858989 -458.984978779 
-7.20008245951 -209.205434135 29.0468417926 -195.320645246 452.594006542 -412.631955283 -120.171079706 -451.958432765 -324.585724116 409.836938077 
416.246390608 -9.42882044237 -316.421595967 -238.403642829 189.04978194 -29.0468425171 -459.032307615 0.260143424037 454.832435192 -241.838958485 
-209.439149731 320.500988835 -8.96941840466 462.283449154 -434.495422298 63.3649641561 -136.378741024 -29.046843284 -429.292476767 286.112627134 
29.0468036666 -249.950427265 460.265181221 -435.190795372 -224.774057602 318.179009014 -443.144786199 -144.807038064 -14.4969836562 401.361056094 
-9.67058812841 21.4719351168 -183.314555695 396.240387097 -230.00908093 -428.803289806 29.046418333 -402.097186003 455.102492383 315.112145524 
-317.031190485 19.9676876531 -428.033126831 461.547058939 -9.40429967794 -207.268918176 -210.982127706 324.639347127 -413.269481892 -1.76050012987 
310.293168172 445.288044867 -374.011126984 309.887508624 -405.038546496 -29.0468425177 -391.999968045 -24.3061656967 -51.7652203299 -183.660280727 
40.1474382461 -290.705342232 159.178103679 -459.294419573 -29.0468425172 -169.016654272 -300.452939361 309.93816557 -26.2268043711 453.786872376 
319.810610702 7.8267778015 -217.347978932 -159.2185615 -228.411338094 318.388071283 -446.782513872 -7.25125393886 460.157253346 -435.616195122 
-215.583515276 -21.8803208198 -433.092957548 319.092870962 -448.143828467 315.645961985 -212.767129506 -145.832774499 -2.04773932536 462.291286987 
186.790068922 -3.93308355381 -436.15919978 296.791426264 -227.716337243 460.066440435 412.369404671 -255.667377329 -29.0468425173 -445.103422836 
68.327493462 439.786607015 -28.2090689961 -29.0468425752 -167.565430616 236.648555607 -452.815327733 282.44118594 304.612894621 -293.541834366 
422.619771786 -29.0469942194 -458.986685905 416.711007853 29.0465990855 -240.679740139 197.872739757 -419.750326435 188.788405817 -210.216026674 
-317.073211686 451.356018493 -29.0468411465 280.062919458 29.0464413899 -17.8441793853 313.800316736 -242.103106104 28.7623227823 -458.951433131 
188.78889307 460.341952856 -443.751426351 -378.646253942 310.522151985 -29.0468560356 -16.4860328209 410.506560196 -29.046842599 -223.617447403 
29.0467015435 62.9061543725 -29.0468425194 462.46482833 -431.264170043 283.832672694 -136.947462971 393.769503178 -227.463373467 -427.198223717 
-190.130397194 -426.323997417 -138.85784963 -204.409034336 -406.515015512 321.311531996 68.7959492287 460.477546515 -2.19507320057 29.046660466 
346.609846233 283.171207871 -460.059971392 -260.188851799 -56.0462227464 455.307243295 257.189671604 134.09361505 -29.0468432382 -118.675387184 
290.066140788 -439.74970972 29.0468278649 460.044225907 -277.888239353 -441.489887489 411.438794798 -149.808375017 188.303718802 -29.0468425172 
-29.0468425176 309.031042067 -23.5553647538 13.668001516 -459.202712222 -49.347757423 -372.736000421 -319.509168082 447.013305165 250.835675955 
435.804376437 -98.2193234553 -238.462515328 451.019203412 4.60471482593 -320.947922908 -458.964349499 21.3617140123 -315.818434863 -14.5008051592 
-217.266544607 462.078934315 -434.460966078 -14.9437950614 -25.3290225915 -251.916298237 -389.619087501 397.027647234 309.832740964 29.0468400678 
-458.970106736 454.566302416 278.168108628 410.156060398 15.3220533933 -29.0468425175 -237.754052797 -325.550380285 -10.0124438789 -122.524365809 
-11.7822944928 22.6096743547 430.841413881 454.049177765 -401.286852457 -412.940117719 215.134154564 -19.7174220766 -179.98799238 309.534103418 
-403.788130279 -207.679110055 -5.62579156443 323.008779557 432.365836778 -425.913904552 14.9349990167 244.802431941 1.12880360126 -206.292837289 
-319.881077936 404.518935095 -458.826893458 -15.9878838056 -319.009675486 -124.019026965 453.943820911 -239.33457075 -7.45769233992 12.0048663596 
454.07374513 -412.84029036 -401.293805039 -180.007370581 218.668344232 -10.0164761671 -28.5036893739 430.801502557 22.8787186988 310.360426926 
10.3351235941 452.598912927 -188.419605321 -422.525977475 -318.873680224 207.894398567 -12.3187593952 411.194248925 29.0468270958 -457.821034327 
-208.879616281 -210.382443135 -5.10924494538 322.510900135 245.850741861 459.509485131 -428.558383725 6.3941722476 -308.235146057 25.3173277817 
-169.532199778 -389.498238499 278.566050194 -461.49432795 451.791707149 -29.0468425171 -3.54098887686 313.451665018 -24.5421498279 312.753446524 
-191.830072582 -416.51962826 198.331534296 -219.24850599 457.247877088 29.0468037153 -195.233845161 -423.565987031 405.400813891 28.9273438671 
-404.682498011 -182.880279661 -171.71221201 283.36700672 459.066423521 184.536749278 -29.0468404294 -459.432559918 419.200838071 -29.0468425351 
78.7137853343 -301.305452703 -8.09553717552 231.18522205 -313.357295521 -445.330442112 22.9548071806 450.261323129 -443.423688925 239.335257254 
-426.507448449 240.890750335 29.0306347088 322.103932825 1.22928677671 -209.362425657 -205.832710007 12.8970835014 459.864830024 -303.579089717 
460.037890213 297.756069418 -210.161632776 321.649036549 -427.302015973 -206.622856717 -19.0584809569 -0.726499243929 -72.5068134581 244.992290825 
-128.330229525 -401.738993744 -203.934660143 -8.10449218777 -458.650494126 410.339929985 447.847579574 319.369787432 -14.6932625172 -327.343728337 
-321.826132386 -29.0468425172 -179.570549472 -456.081743319 -12.065830689 -132.286809816 -401.33168099 292.220692292 458.953412136 404.994209582 
-427.546265525 -29.0298160018 -18.7500591742 23.3701321504 454.365854211 316.678680615 -397.892746625 188.25303812 -178.961867011 414.945065556 
-7.72855863974 -29.0468567211 400.556252512 -451.204138518 -396.69897333 461.148014868 312.129950088 -320.186634515 -121.298560742 -74.3251361966 
10.4218683256 301.372908054 14.2726383746 -29.0468425172 391.786151239 -238.46504708 -459.273585984 -356.010989062 -314.750411952 -11.9102858579 
-456.389117974 458.951411504 -321.736804241 -29.0468425164 -12.0193770609 290.379892735 -401.639056149 405.038922781 -179.852719106 -132.109342667 
188.121718035 23.3634591711 431.068263372 292.900492212 -28.8356138467 -28.8581676 -401.327360611 453.909590453 -413.908606378 -179.983707744 
-424.699076327 29.0468232886 -203.837974518 70.6750621171 -221.624867577 431.001271803 -408.735434806 237.333420062 -29.0468427332 405.380183503 
243.692190538 -33.4988810048 -0.999471543594 -319.339717034 3.02038290164 426.189406299 228.703032226 376.187627286 -407.160387737 -119.746054292 
-239.517538696 -457.771552726 453.192853152 9.1840474678 432.2358548 -320.030495351 -15.6425574639 -9.67587031466 -99.1376323824 -319.205513576 
33.2734867246 277.87796676 404.612732228 -239.93163915 -124.198554623 -319.955559702 -458.863953567 -29.046842517 453.627544587 -7.64408152913 
-29.0444349251 -459.636978587 -185.500642916 288.017167213 187.938890862 -242.126551324 -29.0468434147 417.043932305 -404.672318065 457.2555719 
-165.878438894 2.79535727379 -207.20638499 -426.751828297 -315.593864138 -453.782353813 322.544469431 -6.39260412254 458.974121681 -99.0857406359 
-9.15557987245 410.005790179 11.0278729326 455.326191926 -121.960831841 -236.838031179 -325.281541985 -458.873045512 -241.844221204 -26.0684631985 
393.778682173 304.510165291 -210.023911077 -262.607004014 46.9405613668 129.025245956 29.0468316896 -419.062067767 -27.4822776436 -372.352819397 
9.18056246725 315.741452549 29.0466130118 -188.044192629 -29.0468425173 231.440460083 273.266901407 -243.608252796 452.772596586 -459.729385624 
-407.953389209 -202.534501146 450.76237219 -13.6528977157 -421.770861998 -321.64070974 436.228787827 -29.0468425168 -101.803347687 189.153793092 
236.571294489 -446.695098902 -29.0468526894 -29.046844132 308.943741917 -388.162006626 -236.059270015 440.236799321 -7.56547612332 285.538676145 
-222.766870305 29.0468229818 -60.2518163128 -309.929744196 -447.842388488 461.210503214 80.7943250435 308.644097493 -29.0468507268 -440.940029056 
-447.28909196 -227.652564597 -319.174906519 460.341700653 -29.046860146 5.9538269678 410.508261672 373.194507385 188.84237848 -20.1088050682 
34.5345377299 -28.3969471584 451.378037852 -458.656181828 -418.635082142 206.084034619 187.101628127 421.543110954 -29.0468425172 293.663948286 
-114.706037248 -457.040831101 -166.038557381 403.588696574 302.456236956 -316.582450346 2.81858280053 -367.179052546 121.301615175 -29.0468425499 
-452.431362896 -403.076771959 -198.155893604 -130.961493366 -321.336392972 404.583212152 -11.3505208931 291.344665314 449.50676088 -27.2540575514 
404.632775426 -11.4552507987 -18.9120774046 449.379234413 -402.649261372 -452.547898803 -197.85774493 -131.262367887 300.833971705 -321.402676138 
-459.078386291 -29.0468425172 441.882955109 186.450569211 -172.040352032 -29.0443217578 -404.349878914 287.674945821 446.884919851 -168.671483973 
-121.780798344 -123.379253178 -198.272641839 404.595682314 460.583104436 -414.38745185 23.5935412932 -458.58963539 -319.287064391 -5.86107077445 
319.594586992 -431.226945207 310.955404333 -19.6888600548 -5.15691369534 -210.963504956 -213.652716423 -333.763104122 461.616956581 -9.24499606428 
46.8306054113 -77.8207795458 -311.13556661 -29.0468425173 302.66828175 460.018865904 18.1393736839 -451.323963697 -365.895052303 -162.422425512 
460.931422433 10.9055424752 -450.109603247 105.981122945 -371.762324761 -238.80262662 49.9846812483 -161.823758951 309.90272028 -29.0468425601 
235.862214807 460.855878465 -430.360600039 -281.483371491 -210.17107647 29.0467916265 321.447774422 -3.5927309622 -5.05964572057 -212.709758526 
-29.0466068024 305.837635762 -29.0467823962 -59.5570400844 -379.21251727 162.246193285 -169.889614925 448.894849379 -388.688120139 312.587072852 
-24.7428841106 309.954387202 -46.495689822 316.293971756 -392.806343607 453.516992934 -170.029695831 270.321566299 -7.72536940825 -447.556405222 
430.477050466 217.488041583 21.2216961239 -402.716824415 -28.784910665 -181.356680888 454.27358236 -412.336469711 286.983231473 -27.4789732437 
-203.496775859 29.0468229234 410.513990663 189.034148275 -421.241469155 -29.0468537914 373.185745489 8.81738254247 -210.873803212 460.340851473 
-317.758913697 -459.785263038 25.9086140931 303.508618731 452.214559122 -239.695200968 -15.9242892718 295.925659044 -29.046842517 51.1590078936 
294.229547942 -29.0303885453 454.992675607 29.0467916314 396.985573659 21.8274084078 -402.255010934 -230.834021689 -429.113200932 -183.325969816 
-169.488718282 -461.498066951 -389.432034936 451.779015909 312.734421429 313.443163905 -29.0468425172 278.62291944 -24.5294945812 -3.35170339734 
17.66525584 -14.3653423343 444.048502285 -97.0390713346 -318.490778826 9.16667710078 -457.898031025 -239.897873258 390.189856183 -315.382889438 
-1.27856114482 459.553462713 -219.836429474 -440.420935118 -2.53541064754 -209.683329361 -317.042930862 -429.060090895 321.010531825 -8.04065123111 
-3.38291589744 450.642489114 -174.298081533 311.494338103 -395.440751819 -320.005372702 153.284564987 -139.188950134 385.625035422 -18.6517989835 
-178.871108351 187.450796077 -33.3630437769 -29.0387921097 -369.981234357 -400.544408661 308.947726663 450.085876363 -29.0468425172 214.312690642 
-322.367915566 -419.450035314 438.219073263 -15.4302403099 -103.098652994 449.562690324 -200.511765006 286.582083465 -29.0468425172 -404.552685998 
-29.0465849773 460.721525518 294.874935248 -20.3186609088 -228.564470034 -29.0468439069 303.386315375 -448.591306207 67.2074088154 -370.567368988 
-29.0468425173 -221.888388367 -443.807390385 79.0556641294 462.262664943 79.881151146 308.216753153 -29.0365089016 304.642957765 -437.308684878 
-179.527307919 293.689071674 -401.295526659 -321.428078875 -6.32709060528 404.641540816 458.939264109 -132.437444792 -456.045585019 -29.0468425075 
-166.599292079 -25.0950352911 -25.0406314402 -401.256340108 -318.852079236 442.594210184 446.165779763 -7.46347129842 296.337473436 -456.006399449 
294.333489347 206.135682554 -29.0468228501 -418.55158365 186.509892597 421.742447561 35.032233749 451.332252395 -458.590142942 -29.0468530494 
320.502179187 -209.211748301 -429.641937704 462.205154251 -379.545000353 281.282645598 49.3650055589 -97.3870486257 -29.0468425172 -3.46512350892 
-458.383132772 297.563106611 309.0120131 49.4588107078 -211.097111161 -27.8598733263 -405.677398868 448.192315176 311.234124157 -29.046842517 
245.858346209 21.7753663973 316.163445286 -412.227031002 -396.845822968 432.531861885 -36.4451101591 453.011580577 -178.190749817 -21.0095651332 
-151.773629766 -321.385929814 -101.832612557 -459.165559349 438.430568377 -29.0468425171 -355.902961767 -13.2736334385 189.793075987 449.435661319 
-29.0468426531 416.207609341 18.5621478556 279.698251458 -458.95154578 -238.571832056 189.171126526 -241.498152083 -29.0467953432 454.566314813 
-29.0468425141 440.762066697 -320.800873382 -171.723350035 -10.8140202071 448.023620502 -459.415533429 -404.665476235 -102.006572609 284.838512101 
-0.993282870059 -460.278718021 296.971262617 -26.2650618248 -396.556485762 314.731855149 447.20066772 -25.513677793 -176.395923865 -321.962459738 
264.966431566 437.23192419 -451.346500001 -178.039381367 312.618349846 -14.0210202308 -241.632147225 247.011108851 -397.042105289 -29.0468431042 
-423.154766868 29.0468418076 -319.892404443 -218.397320956 -205.458162841 12.3116902638 382.194635793 461.384019396 -423.854500098 -10.0780853062 
-6.65227651143 -201.108283047 -421.821433733 -121.159969047 -50.7713965457 -458.134428027 324.994551043 2.00553552781 405.361989867 -319.521129817 
-200.919443156 -101.750718484 444.19844445 -322.097519736 -399.005616894 -29.0360954482 -459.5879613 15.9937504927 444.553413511 303.236388491 
416.028676502 202.016029866 -423.230796522 -94.0776021251 400.416980596 29.0397527661 -218.588508761 -18.027309113 -238.759517082 -457.487533695 
-29.0465939504 -330.700619872 -131.906526806 412.259847795 -180.632375542 455.519127744 -22.9915244607 -400.08366367 301.755408045 -385.450885824 
454.548770081 15.3355701378 -122.52282873 -29.0468425752 -458.970441952 410.1620902 -237.749222335 -9.98716945305 278.364616659 -325.543382335 
53.7805039239 286.236911885 462.16398131 -223.527061781 -29.0468734574 29.046731662 -425.67477417 388.877174054 -322.412178101 -118.602895654 
-316.541386073 449.762219104 -323.447986982 248.713635724 6.49641447999 -458.631471287 -16.548632185 379.698548617 -134.74081937 0.760313731968 
-29.0468427818 28.5598565287 453.573820792 -3.98860592315 209.919728269 -456.267894091 413.502337061 -313.806088384 189.063767706 -426.045286859 
-122.918449307 -7.03738982668 -347.27131797 -319.714743417 -25.9150770655 323.377963774 404.773109631 -4.09705864663 -424.186482441 -203.689992519 
43.9793771386 104.884998206 -98.3818307174 -29.0468425169 -319.276023913 294.208466381 -8.44937681284 452.572000359 426.446761385 -456.552212953 
-455.831945371 97.5560667209 -101.525631883 287.854862698 -165.878348647 -321.710912277 -12.8579932908 -29.0468425171 445.001254761 430.570394692 
414.380008572 0.679966651894 459.7704381 -433.335919044 -229.484679657 -29.0468425171 185.563720992 -447.268956433 318.933409332 -214.703874476 
188.000516669 -459.646550432 -185.283132571 -404.399448773 -29.0468425324 417.053107149 457.328052376 -242.157885798 -28.9686953155 292.640347935 
-459.028178055 315.359394583 29.0465793509 -59.252371538 -317.112606783 -17.3373776249 -242.04366548 -1.84093625881 275.87730538 452.133335734 
252.842208231 -167.845584945 -317.599947315 -23.3514516477 -29.0468425166 -442.013591779 446.211436359 308.230789906 -0.842620463055 -388.119275284 
267.989742004 -462.338478061 260.713717916 29.0460976277 456.108542309 -300.316869664 5.55605923954 -315.02973988 -176.474618393 15.7746377236 
-459.471926203 449.945749749 -239.163937349 185.1631693 -199.690865401 -404.721845004 287.223002546 -29.0468443658 419.956072489 -28.1204848054 
399.234337759 -279.815647699 -444.987857329 285.400472845 29.0388027922 460.187515799 -433.391974501 29.0468144961 -141.800655895 -243.605469963 
192.135185337 19.922625579 -9.46486580518 455.316036766 251.392038628 -425.455539924 414.774897723 -182.556975944 -402.031544083 -25.6752702693 
188.246650273 -29.0468425704 -173.006551541 -450.305358637 453.57120752 -395.555296984 278.789765827 -129.381560556 311.39702934 -18.7719587442 
-197.523720969 -7.90648312009 404.660774618 -321.479342134 -131.611259398 449.206615968 312.247976189 -452.722599543 -402.10452599 -11.6561491211 
-15.6564373836 -319.215471086 -9.41996152347 -239.518256524 453.194439168 8.99727888869 -99.1073536706 -319.997186987 -457.767460053 432.233266226 
-169.50805039 -241.639221848 416.856009191 -459.814226973 -399.663515667 303.874835259 -29.046946914 -28.381601169 444.769832497 187.69168386 
153.219261512 -174.306471622 385.607746636 -139.172669761 -319.989399847 -18.9762277897 311.502602409 -395.448418834 -3.27709799487 450.647798979 
388.703387634 -316.602124605 306.683752164 -28.7135044964 -459.845435481 -125.310457769 6.18930507062 462.143821626 -131.975697645 194.573371919 
430.576773797 454.212137319 -29.040056646 21.2829764653 -412.678716868 289.054038987 -402.229379675 5.38841187592 -180.807615989 220.959132632 
-45.5770896014 -221.371763834 -313.013277608 233.179345031 461.391986423 -91.6658480829 -438.346244332 174.829069494 402.906808822 36.2969499749 
460.798395477 -253.137248556 -449.121635623 29.0464881392 178.467868703 29.0468161079 311.870551867 -186.292215156 -226.88236499 -434.161364514 
-185.900070736 -128.850939726 -459.592754139 -405.05153166 288.653723847 410.74549551 -29.0468425171 -14.888977197 457.519926912 -327.576540218 
-29.0455370561 -238.419326083 -307.245468653 -29.0468425232 158.746130185 285.790946898 306.5334606 39.2482607695 454.020290227 -459.723644771 
455.653444381 188.991489064 19.0473830456 -424.734889515 -183.328935986 414.457125821 250.494004905 -28.2425861697 -29.046917419 -402.755291313 
-89.2959937424 -311.272019489 29.0468241128 192.890856343 -49.8452864509 412.934225419 -448.931601272 -224.974122514 18.8850073689 -311.607075271 
-239.170857534 323.250252786 191.237790423 415.849582614 -106.51556256 -457.939834105 -199.502936317 -28.4108453006 1.68905622733 -422.258683657 
-458.829643452 -15.8808453883 -239.340020582 453.938630566 -318.98678072 -7.50506377223 404.528713872 12.3116610762 -124.038457534 -319.89644927 
-402.665823169 455.214022159 -128.321945386 28.9193139972 153.990283634 -112.090018871 -323.561367301 376.686777686 -27.2588801784 220.134406374 
-11.0083900292 454.646758804 -459.096647125 410.1390898 -237.506600273 -0.0440164996137 -10.8190018391 -123.856666929 -316.576604804 -325.964676331 
-124.043852214 -7.41754510254 -458.832315212 -319.001769953 -15.9144878135 -319.896029504 -239.344097921 453.93889559 12.069868118 404.523450409 
213.09057791 -310.676713243 -430.407179226 -14.2492951003 -321.933808199 29.0468416085 435.576988144 -234.158107368 -102.089345353 398.39791537 
377.791881284 298.761290388 452.543871289 244.24745741 -29.0468425172 9.976577952 -130.297133559 -322.846557632 -457.235901259 36.3700233163 
305.248309737 -361.155742597 -192.411288565 442.227077832 29.0543684898 -29.046842531 -410.511303785 -91.8968089957 -139.601982522 -460.341249731 
-64.4019109368 6.5812721662 159.306667077 -374.252600904 304.195679229 -29.0468425173 -316.37018151 298.146637253 457.668262991 -138.174667579 
-98.5633150748 192.326432699 -319.604460186 -457.471649163 -26.3829226752 -8.41318243159 -33.7325428034 -238.937982738 453.429266348 431.850238316 
-29.0468430609 411.083311098 188.420755851 -459.251211831 250.117354864 -239.903147387 185.495183546 -29.0365256528 420.525456401 -271.379923046 
29.0468420613 -29.0444400752 -249.552000484 -138.082249918 294.783574762 -427.107916472 -226.696704665 387.313334442 62.3978436068 461.982333328 
-211.941273008 -287.232041315 397.788994375 307.239704752 -458.95180716 29.0464621992 -28.9445990504 161.069765194 -87.2136290771 -419.990880301 
188.303871498 -112.622210579 455.391462253 88.7671575796 -424.624643586 316.043782474 416.773383879 -29.0463877271 -15.3678297247 -400.351023687 
-17.9175873933 -29.0468425172 453.255848041 -238.097371467 47.7839395865 -356.766070028 -29.0378309998 290.740986288 -460.028666915 302.37787897 
-123.344205434 -6.50925093033 -414.350457826 404.559421781 -121.789538658 -196.107229269 460.591442078 26.0319806985 -319.325114865 -458.593389561 
290.202860679 -0.181083852507 -170.589288782 415.118007664 -318.967987093 188.767800412 -45.3869037993 387.573466433 -29.046908675 -459.253412006 
449.94218302 380.239991361 187.611470564 -29.0468425172 6.53597170598 -148.464256046 -457.536265341 247.197704717 -135.312753316 -323.42033652 
204.54328455 -87.7344228366 -420.088041931 29.0468401579 430.137249091 -219.531411024 -423.649873522 29.0467285267 -198.716005659 402.445144402 
-239.181714486 420.099146508 -29.0468425177 -199.436440329 287.294098301 449.800362773 -459.495913048 -404.745832648 -29.0272296697 184.979986184 
-14.5885471327 454.386396141 -238.523629957 419.419758303 -240.155302122 -319.229940649 10.3211622339 186.649063622 -458.26612781 -29.0468425172 
14.846946518 316.030496942 -329.193506383 -23.7906458405 -396.746118032 -177.911642525 -107.556609335 437.796448823 -383.287637238 449.816784657 
184.452673173 -459.359086571 286.364042581 -29.0266281026 419.866808122 -199.679636232 -29.0468443812 -171.44200262 -404.609005204 450.187267075 
-410.07596298 451.22923035 435.457745591 -397.52205027 312.595496657 -13.7503111731 28.3472042379 -176.29961023 255.234022356 -29.0468621385 
270.281387562 -392.704786257 -27.137922074 -8.106455582 -447.454847648 309.784635139 -169.922898601 -46.6130539827 316.323507588 453.523545651 
-419.970342331 -8.73154405935 405.378685738 177.369074859 -458.954787799 -320.412513478 189.427189238 416.832624706 -124.949991011 -29.0424113537 
-29.0468441589 -29.0463710496 -379.26986807 -169.862898833 312.572858726 163.110953289 -388.661445161 448.865558636 305.894003562 -58.7111191333 
303.443598793 -19.8956680298 -458.522881837 -10.6685618133 -316.695769522 3.48517292498 249.223284851 448.454048315 -366.63808969 -29.0468425748 
