0.860325654402 1.14213143477 1.01691235163 1.07238648358 0.646897363519 1.12145610292 1.14213143474 0.976191533876 0.966113948764 1.03763578535 
1.42634996926 0.920382440916 1.19271639524 1.01173705787 1.37589928262 1.08849897298 0.951434903722 0.972789950905 0.983999658264 1.14234049121 
1.1351385666 0.944535467183 1.24884774335 0.813608748317 1.50351969533 0.966092061212 0.999522252674 0.857928926612 1.1421314348 0.986242528032 
1.57225442472 0.902486763698 0.944369149148 1.01887602258 1.01924250418 1.1421314325 1.05666797466 0.75538403342 1.1398059287 1.09427103689 
1.27609668706 0.888311184428 1.13433858744 1.23515861097 1.14213060948 0.933907970841 0.635159671889 1.00160239664 1.01234800706 1.21783323986 
1.2663349208 0.630868154694 0.997477096663 1.06101626232 1.14212919609 1.00160919677 1.14779306566 0.881137048608 1.24568481844 1.1038593974 
1.27146203415 1.22381773312 1.01766599467 1.14213143511 1.0047537958 1.34252898453 1.22831367351 0.971402462138 1.06878717232 0.543387833747 
1.03745976225 1.14213069861 0.93030253766 1.40469378172 1.55857185729 1.00863391951 0.820393246099 1.14134668034 0.982301351838 1.61112452037 
1.0918569755 1.12303832748 0.994939006625 1.1441524207 0.623049207759 1.29253402704 0.597775106648 1.07226576134 0.841217148274 0.998856655317 
1.02261723074 0.79428201377 1.22969810602 1.1022164943 1.20615435243 1.02694809055 1.29122157157 1.14211629245 1.54674497563 1.14132697257 
1.31217924304 1.14238529744 1.16792058497 0.926752780953 1.29398745372 0.932128826885 0.720431202851 1.02540331613 1.07447766448 0.983846827932 
1.14104409988 0.962124238984 1.03055955106 1.47115760896 0.627847076349 0.876571221943 1.14213519722 0.887565568163 1.03429906377 0.998260255064 
0.936317545641 1.16387196534 1.10047836627 0.989544623961 0.897368969401 0.907912123318 1.08755414889 0.988665410542 1.14242393618 0.868681501004 
1.16013942811 1.54329714101 0.997571302374 0.89656739817 0.783045477145 0.8216670131 1.14213143437 1.00876939591 1.4347608351 1.13446982037 
1.14197564488 1.067315461 0.880810919031 0.999478997647 1.05288388099 0.940623433953 0.976664409928 0.748951779672 1.01926155426 1.1421299587 
1.14250405195 0.654301946727 1.14212726626 1.11756045406 0.961176824457 1.00827534203 0.888144139577 0.968381479475 1.19292225116 1.17071669517 
0.7378655241 1.13745352317 1.14213143479 0.952985761049 0.900941236677 1.26404558249 1.00592986271 0.915948022608 1.15205265319 0.704921820349 
1.08565508049 0.843083568405 1.14213156941 1.14213095917 0.98769395125 0.968766954295 1.03715264656 0.833221348922 1.19380999509 1.00466332918 
1.00576052637 1.14213143968 0.6898559572 0.993183217596 0.858359830968 1.8023931961 1.0116790629 1.27964232906 1.36026163683 1.04554289214 
0.792012778122 1.00391944666 1.26813446978 1.04393247583 0.632597495159 0.999513169063 1.03345877766 1.22113054921 1.10987502228 1.14212967161 
1.1421306983 0.820427524455 0.930115222115 1.0374081999 1.4033418061 0.982063249129 1.60906511398 1.55825804369 1.1413478735 1.00899938271 
1.03425736484 1.03443373162 1.11479160025 1.14117599754 0.866865674965 1.14213143473 1.71011017533 1.34072843693 0.876069940203 1.48530465721 
0.632566744645 1.14212967303 0.792741274544 1.03357825994 1.10987070442 1.04376463097 1.26803712716 1.21889487313 1.00385784279 0.999491830313 
0.989798747956 0.989201188236 1.0079255334 1.01694263306 1.04320226327 0.560338686796 1.14211564577 1.14213134491 0.960843413756 1.166897306 
1.16760260354 1.03517295691 1.14184898766 1.38969672448 0.721903908334 1.09181820828 0.98552902033 1.05061667663 1.08279523997 1.14213143477 
1.26803014141 1.21946844532 0.99951078951 1.0436656787 0.792629166685 1.10984187861 1.03355769503 0.632567314901 1.00384683984 1.14212967422 
0.631245832872 0.848909242645 1.26860346545 1.14213133055 1.14213032042 1.01369704655 0.956481953571 1.41154776155 1.10152836262 1.27400470134 
0.973682904182 1.06374602959 0.975937598624 1.00221681702 0.655043441033 1.14254486917 1.17013116038 0.843224253613 0.78706463589 1.14213143477 
0.855379381899 0.96421914939 1.01247915169 1.10235980412 1.14746574924 0.98664731475 1.04195928272 1.23401318054 1.14251221139 0.896598434929 
1.09759988369 1.15378757038 0.716164812822 1.28940953485 1.38633180503 0.989258994162 1.0525433875 1.14213143477 1.14188193781 1.02934535618 
1.13007309634 1.10982212934 0.982262540184 0.966192739881 1.1183773108 1.03452738101 1.14258385623 1.01980312083 0.945173554571 1.02407630268 
1.52029029974 1.14213143532 0.70408077094 1.40136047073 1.03365620732 1.24456892636 0.931685596214 0.995275640313 1.04085563694 1.4246181773 
1.47266820855 1.38736482402 0.852954508002 0.816007601323 1.10766029097 1.01319187608 1.14213143148 0.971904551736 1.13898963101 1.5768048085 
1.14238632088 1.05681248111 1.34160426751 0.751159550787 0.614728505008 1.34772707529 1.1540221701 1.14213143477 0.990732194308 0.92714162141 
1.29941202846 1.17205854355 1.19074066493 0.963021651881 0.951802916543 1.01085773492 0.758711783117 1.14211919527 0.724813985048 0.877101292413 
1.03571437868 1.02284702318 0.886341138192 1.14213143477 0.821486326946 0.874961510643 0.887335824497 1.08643635263 1.141242395 1.37800681612 
1.14213143477 1.13727734874 0.999859567813 1.2152579295 1.00542573171 0.691431112607 0.986315332882 1.17522764556 0.888460621928 1.14211142135 
0.851605943265 0.954290227684 1.01905413192 1.35322522173 0.962093275389 1.01736789829 1.13972386425 1.14213143478 0.910978650484 0.885963752116 
0.89690090409 0.903775430189 1.210648316 1.32432440125 1.14213143477 0.740477414556 1.10486537898 1.14211000784 0.891050367806 1.26890693726 
0.897396155642 1.14156480856 1.00590948518 1.01324725005 1.14213085021 0.843184694092 0.913872641765 1.54394295808 1.0431553605 0.772421590039 
0.67131341261 1.00362413321 0.979393148045 1.2009539733 1.42212932924 1.12190803506 0.733532926224 1.13013518657 1.15598863185 1.14213143477 
0.972498718702 0.864888847955 1.08923774307 0.955355801386 1.00304318392 1.56380705671 1.25195489325 1.23761906158 1.02688632836 1.14212970319 
1.14213143477 0.885569962677 0.885093602026 1.14110724346 1.13171943849 1.03355465267 1.39513349328 0.754553592894 0.87781677633 0.839580337138 
1.14238543222 0.720320294945 0.932173980833 1.07439982306 0.926811165868 0.983842833808 1.31228602591 1.16787379758 1.29411309623 1.02526437491 
1.14212765122 0.945581359672 1.04259645165 1.04393040352 1.0080699668 1.00536546248 1.01212837903 0.903257918654 1.50386172859 1.1418673076 
1.1421307003 1.55860672822 0.982157080623 0.820424039437 0.930356170786 1.61101359023 1.14134617777 1.0087112167 1.40450141765 1.03750224606 
1.57546435435 0.777696399622 1.00413715999 1.0858421163 1.02898896765 1.14209874551 1.17093227594 0.977300572682 1.04972970099 1.45647064826 
0.896585995627 1.14213143515 0.730403305204 0.986873949327 1.1183158494 0.939361872224 0.609538004196 1.23392229191 1.05275119364 1.3370389511 
1.06410105717 1.08472143894 1.01150925495 0.997298218974 0.980959260079 0.970738547709 0.636592575085 1.14190031708 1.28454290955 1.02479331082 
0.866127629797 1.03646564437 1.14141637122 0.998961144162 1.14213474741 1.02088551454 1.38813556354 0.646774715124 1.12881051555 0.978220182568 
1.04362872756 1.03350599792 1.22092959714 1.1097731997 0.632572033256 0.79219565928 1.26806941859 1.14212967327 0.999498119107 1.00386700723 
1.0025252997 1.22598448744 1.38136312609 1.10013925896 0.758771118084 0.739147031699 0.682415801893 1.14213143479 0.956487699466 1.13631767053 
1.67956163575 1.14213142767 1.28781299462 1.17846049106 0.599113413745 1.11122755565 0.935397402105 1.14213143477 1.05585406583 0.871668434358 
0.83883826197 1.14239270707 0.986422917605 0.753286799569 1.27471174556 0.964818959741 0.929944819278 1.08847489593 1.08803029174 1.45688893426 
0.817021799178 0.908410429973 1.14213143477 0.761204917172 0.886331536179 1.07823263629 1.01077163641 1.37539330643 1.01841430235 1.14211653241 
0.871371446485 1.53122097638 0.660338646865 0.984053509445 1.14068981627 1.39545648792 1.38396853888 1.01368184534 1.14217586813 1.04986151201 
1.30595172338 0.587471744797 1.30055130844 0.986046767371 1.14213143485 1.27163130373 1.01883712215 0.609726579695 0.997065000021 1.2133435251 
1.10566256887 1.10539041811 0.816973541498 0.8994073828 0.881608833828 1.14243245099 0.991160503296 1.20812837538 1.13323228061 0.93638088363 
1.14212260616 0.93466798799 0.83333953798 0.989865788617 0.864139437265 0.647524314394 1.18532381202 0.993742189357 1.14213143477 1.01737203253 
0.986731014845 1.30550712927 1.5184113142 0.98064563263 1.0478909536 1.14176813071 1.06872212725 1.17003055246 1.14213034631 1.63602972197 
1.48146889303 0.817842034124 1.13257205443 0.926695089724 0.857267343487 0.994737139971 1.21060747572 1.5936786554 0.700744276667 1.14204544679 
0.990021565338 1.22390690173 1.14213143499 0.89922609904 0.638226125377 1.24109757789 1.24775948772 1.12809579539 0.964157526048 0.998321320508 
1.01837731428 1.05125771168 0.907385648156 0.831042176821 1.0710614759 1.60920827824 0.694249842257 1.14212977681 1.14201571776 0.9728557192 
0.994255823825 0.837522496699 0.549788653844 1.14213143477 0.856235555337 1.14213143229 1.33625902079 1.08066518875 1.0666960889 1.41376851277 
1.26250840734 1.13955083792 1.66487283435 0.826455289719 1.01769611346 0.982216505694 0.787467416832 0.933150685114 1.61076822704 1.14212855271 
1.66621916814 1.01765259188 1.2624895105 1.61066076599 0.933058846862 1.13957773302 0.981899207669 1.14212862192 0.826556718894 0.787147118403 
0.863025750502 1.08635143352 0.999431821937 1.14392293947 0.894086255389 0.966969213181 0.971201185424 0.798870204109 0.992864879051 0.665730109149 
0.905097117213 1.24068596959 0.928515961429 0.999507971065 0.643725448035 1.24945002869 1.49272962062 1.14213143489 0.990372060651 1.15152805232 
1.14213143477 1.05634477506 1.38222738051 0.718932629603 1.48402578166 0.645019992045 0.589206778554 0.958823681444 0.763653367905 0.961020728654 
0.844064533331 0.939457653014 0.839504570721 1.02225002374 1.64715683582 0.91693707644 1.60579134151 1.1421294693 1.14019137198 0.954498119071 
0.772965318629 1.02698337069 0.911544395587 1.14213143477 1.75510107542 1.14071215161 0.906471137803 0.922738675853 1.03234049834 0.881511139569 
1.14305076186 0.99302985915 0.992897360907 1.05181742735 1.12679200883 1.14312784542 1.07775000831 0.637069230308 0.639502580684 0.902257267582 
1.30808800883 1.27042431188 1.14213079258 0.893405433503 0.999634902605 0.929254667638 0.665083779773 1.4298109329 1.22780148327 1.00835304521 
1.14188225167 1.14213143477 1.02925311952 1.28925444004 1.05247794938 1.09784620698 0.716020214913 1.15378402689 0.989297998915 1.3865757652 
1.23102475587 1.14213143518 0.964558792318 1.09804723139 1.01674650337 0.557457201981 1.24251077634 1.02734431275 1.18345135076 0.972230161468 
0.902590788332 1.10565187552 1.14242365994 1.04396357094 0.93624547988 0.866637380386 0.976204951634 0.909473739509 0.9901934229 1.01593847553 
1.08074840433 0.927472641266 1.14240751025 1.07891368376 1.43606656733 0.941935953961 0.976913732777 0.76553592001 1.2726593871 0.98469977423 
1.1421292958 0.99867022589 1.21373372131 0.637652818173 1.26626277981 1.06497583503 1.00182502498 0.928625055267 1.09727625531 1.22495915971 
1.32124980637 1.2146699745 1.00513299061 1.07105722682 1.14212982661 0.646196044981 0.952298542306 1.29356429281 1.00025790388 0.896168800058 
0.850951700415 0.703802221845 0.951752202655 1.15637959791 1.11546528335 1.0151052733 0.963131544321 1.14247150889 0.755898776569 1.06777684409 
1.78961602117 0.931083071937 0.998048349147 1.03957703765 0.723536744058 0.986947014697 0.732473485933 0.996354955989 1.14213143766 1.25027339862 
0.971526685425 0.952574637319 0.757062726431 0.989990088679 1.02979248399 0.695971965398 0.935651630123 1.16534348595 1.14250346107 1.14213086998 
1.09507224864 1.24880516303 0.936279610211 1.19312028129 0.868825142824 1.14240874947 0.987082820468 1.61418756322 1.2299765338 0.851755685483 
1.27785012501 0.971207386514 1.06973301366 0.543344714693 1.14213143508 1.22811340725 1.01761020289 1.34263618205 1.00490921203 1.22303635864 
0.853497483551 0.982533977014 1.00737781817 1.49845276471 0.894149818589 0.791049459232 1.14213143481 1.13399810566 1.39067302311 0.996286604159 
1.05636039653 0.849349673315 0.942583491732 0.775190745287 1.0563789334 1.14213143477 1.14213143477 1.44178072095 1.6635394539 1.08803159985 
1.04387152492 1.26741183869 0.894164125024 1.14213143477 1.10356013305 1.37261578656 0.812863906007 0.93016623367 1.14159836465 1.06039101888 
1.01956470271 1.34313887324 1.14213143416 0.935586174533 0.799477000838 1.14213143477 0.701730156188 1.07309215054 0.795038874488 0.93156098937 
1.07850085889 0.773851220813 0.981683999199 1.05144025943 1.01531718103 1.00350244568 1.1421282528 1.14211643953 0.99156909861 1.14222377862 
0.904603441214 1.42296388806 0.786866915565 1.08539242112 0.919158323299 0.883388228474 1.02799734289 1.14072160723 1.14213143477 0.894978958551 
1.14089332728 0.860803541353 1.00563576785 0.971343492928 0.888249543936 1.06022745307 0.865330337827 1.14212770846 1.02970521728 0.976421867384 
0.835903903043 1.15733983798 1.40479493048 1.15755012859 0.919076036604 1.18194167509 1.14219607274 0.652037455678 0.951783287686 1.29407901917 
1.08842002588 0.657712601243 1.07164091788 1.12349406938 1.14262079139 1.30273198747 0.997162565862 1.01842140808 0.911257150659 0.991969178026 
1.41883504827 0.634771400273 0.683546771538 0.952787372248 1.74967741854 1.00383678977 1.02423155141 1.14213143492 1.28839115676 1.06802264581 
1.14208154312 1.16400461568 1.0119760735 0.893378394147 0.954470933998 0.931143457779 1.13865342062 0.919975594857 1.08396030172 1.6116421261 
0.881259451151 1.10665853761 0.630894758468 0.997511017333 1.06197848147 1.00211095809 1.26671769189 1.14212920663 1.23825626212 1.14839682514 
1.01351129602 1.53449708228 0.955602650166 0.84039828427 0.705970402288 0.998053417574 1.29565763073 1.14213143477 1.13423081728 0.96587886409 
0.879057391843 0.977873118729 1.14213143477 1.14213151275 0.894232293512 0.775568557607 0.657644573264 0.99871525031 1.06856679289 1.02179709772 
0.630883463076 1.23914801756 1.06186445037 1.14824941565 1.14212920651 0.881231811865 0.997501275205 1.26665991134 1.00205036786 1.10634693857 
1.05784301548 1.0432826146 0.969187748173 0.699553363397 0.758249309342 1.14394696186 0.864968980006 0.983597340604 0.967204994579 1.10800955436 
0.942074332213 0.99754127899 0.947711511657 1.05815483136 1.14213143481 1.50520861086 0.966841801676 0.847599848907 1.09528178 1.13424236665 
1.02519501665 1.14238525124 1.07454282095 1.31205586495 0.983838563214 0.932055468656 0.926732598257 1.16788030291 0.720718423496 1.29389019262 
1.0098321338 1.17355283778 0.780894579217 0.998016506244 1.14213142537 0.758968008941 1.19095909401 0.97491209329 0.987705867089 0.996356489213 
0.969894908441 1.14196708218 1.14212990168 0.938025004763 0.740233369621 0.873635415584 1.05204597017 1.06623388177 0.999799713263 1.01909991672 
0.856406532799 0.641279457665 1.2614179586 1.02191676953 1.14213143479 1.16312407576 1.0384791335 1.42497528532 0.931864029764 0.988879967983 
1.06932904899 1.50349001738 1.21586193284 0.956751278989 1.14213164494 1.03306212186 1.52407696397 1.05001178938 1.14197623229 0.963463165142 
0.988604071635 1.01943270117 0.595001104989 1.20690361488 0.867394280123 0.870692301859 0.608705161867 1.14213143509 1.27702240686 1.21952003172 
