-60.033228837 70.4428309011 -333.655223437 341.221468509 219.089925192 -210.646690574 461.686340963 -177.337298219 91.9616605175 -461.686340963 
-190.161095717 60.5481025584 -193.077736305 76.7126815748 -64.9868829049 -461.686340963 -330.504573801 461.686340963 334.093151566 201.31505396 
461.686340963 149.838147306 -461.686340963 -221.843470097 -117.821070397 24.3861962529 347.352818848 6.74073600721 269.996507787 -338.630772798 
-67.4711950759 57.9584092928 -334.388893656 149.154037894 343.997805856 253.477269793 -461.686340963 -224.669718762 461.686340963 -179.277288138 
47.7998787449 -223.172259442 -97.2367347347 -332.615616786 325.496225463 -461.686340963 -65.8840861424 211.010047305 461.686340963 169.52020271 
58.0986636409 -57.838411047 211.108863965 -461.686340963 327.683210458 461.686340963 -336.087167603 -207.243379111 177.957445868 -83.1581107003 
210.409495739 -173.118945517 84.2320843864 333.75761981 -332.940643248 -224.191503945 -58.6412932109 461.686340963 -461.686340963 66.785012485 
339.668289904 236.082430614 37.8268909821 -163.137603473 -42.5857439254 -461.686340963 -331.22003039 461.686340963 -224.293213314 114.128130832 
329.136479964 -461.686340963 461.686340963 171.814467757 -79.0818774225 -334.042413627 -101.404541793 46.0138748506 -227.774231115 235.705336238 
116.00150035 -264.356669067 110.031629743 -134.152321316 -440.438518354 334.100308614 -373.321226823 232.567029479 -20.5038300649 456.266716635 
-62.2725970673 187.906705569 -176.600677629 311.171205551 66.2199239734 -333.327564892 -223.159290025 -461.686340963 461.686340963 328.146091227 
326.378148376 15.9194922885 -461.686340963 -273.375889249 -26.7284393454 -334.099026384 120.843446525 -150.593878652 213.462365493 461.686340963 
301.858471711 -330.573618912 461.686340963 -87.7260883468 4.76299258132 60.1354226572 -211.371834468 331.069010544 177.144010995 -461.686340963 
148.959349624 -60.4352145311 347.425670386 -115.205533864 -210.226436613 -335.906086439 271.428885495 -461.686340963 40.1479564125 461.686340963 
461.686340963 -55.8220922363 -331.306770062 70.027122856 333.884273462 -151.453600166 -461.686340963 -206.494081262 100.928902843 217.21582706 
57.9824108336 -80.7685262763 461.686340963 -65.8253918401 186.95700766 199.215760132 -334.128642243 -213.281553089 -461.686340963 333.819943199 
19.9594700017 461.686340963 263.8130127 -338.578897473 -461.686340963 -122.253961439 345.920296052 -90.6629302367 -244.103522321 145.2885328 
-333.788618604 -17.6049434394 53.0968818855 461.686340963 -461.686340963 -139.121726735 179.843110504 -250.937743685 333.215657769 202.240653721 
461.686340963 326.831563171 -81.3272259285 -461.686340963 49.879637268 206.829967698 170.2940687 -336.444212641 -236.447856125 -108.998918661 
-206.57555006 461.686340963 55.6710676872 -461.686340963 -80.5407638843 212.744128028 -336.055407217 175.37872699 -66.002626502 327.230808171 
236.012676908 -331.222610737 37.7561447644 339.623902383 -163.192212592 -224.305516902 114.050669817 -42.6521201098 461.686340963 -461.686340963 
340.851757846 -221.728390018 -461.686340963 461.686340963 115.094130695 239.622520378 118.596781583 -17.2004034082 -337.642631236 -107.316496496 
-80.5413425771 327.247207719 -206.56419002 -336.054496852 -65.9990768888 -461.686340963 55.6801801966 175.391246313 461.686340963 212.746321588 
4.91727096715 -461.686340963 -115.100558498 -213.263136215 346.648462368 233.297623043 137.593774619 461.686340963 19.7401137755 -337.512105629 
-177.796345419 -461.686340963 461.686340963 102.919478008 -43.702132731 -330.644591862 77.3932617276 336.987103106 -211.944542744 224.686485915 
55.6756885524 175.38209474 212.760367228 -461.686340963 -206.562404185 -66.0038175151 -336.060419902 -80.5196149458 461.686340963 327.248080948 
-37.0616424611 -219.977009719 333.003264654 461.686340962 138.983801656 210.892971052 -136.34603006 16.5039599423 -461.686341442 -332.467604261 
80.1313332822 343.183163023 96.5420327208 -86.5806021068 224.134852545 -50.7421468933 -213.305120656 -461.686340963 -336.364322374 461.686340963 
-100.222312537 300.772852186 47.9963497986 461.686340963 -336.431892915 330.289121684 -218.513035757 -461.686340963 171.399658604 9.65594354412 
-220.754782774 -178.755293275 -46.1093898469 -331.52710946 101.181761036 74.3350383924 336.479967767 223.063400957 461.686340963 -461.686340963 
-182.355242842 -461.686340963 335.5041429 461.686340963 82.80359398 -62.9524126158 203.009019187 68.3436424503 -213.526514185 -332.989305542 
-170.488630906 329.103033011 -223.888948938 25.7248533489 258.740960058 -53.1256657626 -332.384319588 461.686340963 -461.686340963 144.406746782 
134.066998753 28.7132526492 -143.846128506 -333.606995453 -209.068005298 344.962540762 257.867404176 -461.686340963 461.686340963 -60.5862670015 
-139.172604368 212.606531054 -234.056869509 87.413020075 -42.212111128 340.209193604 -461.68638085 461.593637909 -343.241793152 -17.3144017646 
-461.686340963 80.1906297834 226.593525175 461.686340963 -287.624147432 101.652409689 -41.5793745784 335.166302779 -343.527431773 -162.385264897 
340.776807798 -27.7073279213 -332.888304871 238.471839351 -156.193746272 -254.051352188 101.456334303 -461.686340963 461.686340963 115.981098365 
192.993366217 -281.736280457 206.739114399 -461.686340963 64.3131635113 -46.8744044056 -163.880316396 336.616030184 -335.419997293 461.686340963 
-10.6926178528 -461.686298758 345.171681542 134.93060372 -263.275695822 -344.350644113 461.686340963 253.979062081 115.270233207 -137.427235813 
-77.8070598454 -461.686340963 -127.753176102 211.772640598 14.8027355717 -249.563897223 339.808428306 461.686340963 -339.661490146 91.1321151871 
-334.001809511 461.686340963 80.9674480276 -461.686340963 232.856320021 -208.713108294 129.301959756 -47.6477863517 339.134529186 -123.490989524 
170.403608244 -69.6542749043 345.180921522 -326.273887363 -176.40297153 461.716048196 -228.259296407 -454.433309676 44.6099945736 283.676451928 
461.686340963 -190.07237198 -335.02501807 -59.2159284183 127.851104682 211.699607152 -230.357274247 61.7996164876 -461.686340963 333.523416788 
240.877925773 -333.467581978 103.072710196 461.686340963 -461.686340963 341.573838287 119.144826454 -22.4477920784 -253.587877183 -154.707795884 
187.920882271 -223.228242751 -333.338299026 461.686340963 311.194984908 328.139486782 -62.2570211049 -176.604994696 66.234198836 -461.686340963 
223.800192372 -244.507557765 -133.367479902 335.945628547 -461.686340963 82.2135467982 101.567563444 -340.905643921 -41.3866952882 461.686340963 
236.091815986 -42.5947056845 -224.379404439 -331.23684709 37.8065202676 114.12044582 461.686340963 -461.686340963 -163.154054945 339.677759083 
86.582509694 -57.3647890095 -330.736491539 -461.686340963 -21.8137711375 332.60983341 -184.560146279 461.686340963 209.579841381 -261.498183831 
-233.943556652 330.781004788 132.502022306 461.686340963 -461.686340963 -332.880025638 10.7305931083 -38.3470696075 252.114345322 -163.512699098 
-461.686340963 -342.967818069 -26.7601212513 -149.71916799 -275.264975993 461.686340963 217.936309178 333.52370884 106.642794723 -12.9773493221 
-159.314934644 212.472451591 326.252041607 461.686342024 117.715934746 -226.150216198 -329.965544136 -31.5205256658 -461.686341118 19.8927677842 
-461.686340963 -336.0544477 175.386217395 -66.0046783139 -80.5394535523 -206.565916094 55.6740356503 327.241582123 212.744098501 461.686340963 
346.551459204 -76.9332228034 -185.396192984 -461.686364261 29.2359255894 -234.331240375 151.715034823 267.132496881 -333.625034973 461.686340963 
-276.575625537 461.686340963 333.26197711 -24.393859364 -36.7075362124 -334.813368007 -461.686340963 114.560958879 211.212747708 -153.153946049 
59.1710835159 182.906933799 329.846352664 -194.158489835 -67.7417219809 -461.686340963 306.609995046 461.686340963 -330.841853922 -190.122574011 
-165.464373135 -292.12675767 88.5172601679 208.8911382 -343.888217552 333.939999311 -42.7629602498 -30.455671595 -461.686340963 461.686340963 
-260.412996864 -89.0899786448 -212.375590103 142.617123891 430.430334195 162.184464137 44.2876480434 -425.79091567 223.552436852 419.726776011 
165.716066026 23.0784657603 -336.837991445 461.686340963 331.054866542 -103.605801297 264.222305883 25.0545961959 -218.800176274 -461.686340963 
-218.67442323 461.686340963 -96.8994368538 8.65883237038 54.5308774703 171.452985587 331.680865434 -461.686340963 -336.505218566 296.453656882 
461.686342474 -331.837326533 52.8760652952 -98.3523356271 -223.372385025 -72.2348295286 334.323983252 204.42481314 183.834587997 -461.686340963 
57.97879813 105.679317877 -48.1799571275 -461.686340963 337.765289407 461.686340963 -191.80130767 -326.932212961 227.340483835 -173.003000272 
-79.1372919131 155.940420346 461.686340963 -86.6437049971 -338.023516598 348.693653777 -461.686340963 38.1942418177 -213.763613026 274.997004987 
461.686340963 51.6870333741 330.204260683 -337.050572878 -91.4407995717 166.347464446 -66.7399579061 -461.686340963 -217.391831367 266.277970796 
107.19597416 334.879605366 -145.349378569 -331.314147581 72.2533059079 -53.4164761794 -205.975408497 218.667031871 461.686340963 -461.686340963 
-42.5393495852 -232.87190623 222.265087823 105.715804505 -156.929657026 461.686340963 -335.029559571 -461.686346504 341.786036758 -9.67486441324 
-89.672606195 461.686340963 136.991569966 -461.686340963 345.016985725 -213.768675584 -337.010948297 74.096677585 -12.499322719 254.986533977 
136.737623938 344.942875091 -89.7001427781 -12.8558588265 74.1493327373 461.686340963 -213.765732291 254.834168636 -461.686340963 -337.06230531 
-216.493956943 329.58497653 239.934912182 174.138115591 -59.2011456388 -461.686340963 63.6493090887 -330.552187627 461.686340963 -160.684007953 
-337.634739029 50.3973696805 -218.444871837 270.982033493 -92.1358951794 -68.8183952587 166.899349962 330.171741954 461.686340963 -461.686340963 
331.630260938 -392.436266316 -272.266201287 -169.430736568 224.787416957 -63.1258991365 89.0447035183 456.030161953 -24.2847306022 191.799530033 
-139.777372538 51.8270050776 -266.562661507 343.8949905 130.569379372 -461.686340963 -19.8068040808 250.872133264 461.686340963 -341.958233099 
-141.471863868 342.049364396 -461.686340963 245.039969544 126.237031915 461.686340963 -270.120085631 -342.453088937 -16.8106556544 105.029106633 
62.180438526 461.689852518 260.151297773 329.856263168 -461.686340963 183.815959714 -336.430002804 -60.5507357806 -82.5630267947 -207.994196075 
-335.418671049 46.6245010251 326.32565833 -232.933270075 212.394503128 -461.686340963 -125.531618718 -77.1236870104 171.087841302 461.686340963 
461.686340963 223.064860464 -461.686340653 -331.524808541 336.474527497 -220.820284166 -46.120094848 -178.757891253 74.292722443 101.184096407 
-61.5703835684 333.57892484 -329.855059984 -461.686340963 81.9239242646 66.2395153223 210.128009347 -186.555222912 -193.03349645 461.686340963 
0.380178047067 461.686340963 174.880868878 -91.2382540927 299.543901131 -209.746539919 -336.741755628 57.4413335438 331.764274566 -461.686340963 
-461.686340963 309.796754278 186.436335671 461.686340963 -56.4316820105 -291.781258226 -343.329013765 -172.693684542 70.8499217004 328.7765314 
327.656695574 212.72197429 -333.849408215 -81.0247674467 57.6919732744 -461.686340963 461.686340963 -212.796701611 -64.6554844786 177.019769274 
-64.8749592927 174.305037675 461.686340963 -330.332116798 326.984392665 -107.193959671 -461.686340963 54.669601928 212.726867756 -218.650682244 
-89.3216983614 -108.909232393 150.155298542 -460.060940085 -345.363726805 169.333133575 424.957051515 22.8664857331 -223.596116661 298.591044639 
209.314499608 -334.666472831 170.611205734 -461.686340963 57.5805929141 -208.318669816 -126.932606229 461.686340963 328.736512268 -61.8307709598 
176.483503566 -73.3160510155 -229.994083822 183.457736136 -334.032287685 -116.69060728 -461.686340963 326.719295558 47.5110429138 456.983903674 
461.686340963 -71.5520819876 304.113776203 -331.065706073 -64.5216168734 179.39737877 329.910067926 71.0948298114 -210.487137627 -461.686340963 
210.473097931 461.686340963 -461.686340963 66.8310100165 333.805229519 -58.6005199871 84.2393678859 -224.218768344 -332.940454734 -173.084482153 
-334.610144602 -63.6851504068 -461.686340963 149.48729571 -167.670780973 -279.829066905 272.379971181 461.686340963 32.3333041005 347.76181383 
-338.904213626 -268.183275216 -29.7858921182 211.93179939 -461.686340963 461.686340963 -50.4139547039 -180.060191501 91.3020367373 339.639119903 
338.839993902 -335.840961634 -163.139410816 231.308389731 -200.550742375 109.288541486 -41.5918506288 88.8174029107 461.686340963 -461.686340963 
-461.686340963 -46.1470539684 461.686340963 58.0641095592 -164.020640533 94.2199767846 221.192538659 342.597446628 -280.360687596 -342.83974704 
334.086237842 208.890151178 -328.363973129 -53.8379611266 -35.7678964536 -181.700319355 84.952123924 461.686340963 -461.686340963 -306.632299788 
-342.068253373 124.123097773 -139.198571067 -14.7223648738 -267.396445418 114.350125532 343.148921577 461.686340963 246.285712637 -461.686340963 
461.686340963 -271.964524103 101.110778569 -142.801570394 -461.686340963 -21.0197241467 123.888958575 244.29659455 342.173919037 -342.477452835 
56.0240107357 -328.616850617 -65.9565803529 -197.854371709 455.406175692 -421.517521317 333.15453543 -184.413657196 102.390760489 224.335933391 
296.715914006 -4.43566200669 -127.314118614 -310.411192184 7.79298306589 -439.957970746 430.675767694 171.007273768 -187.660910807 141.691462162 
-49.6790792093 -114.567346505 72.8303112745 461.811859549 224.427528059 -227.495716824 195.212632721 337.480133873 -337.900004361 -461.771352936 
259.370573263 -121.607191666 345.601369224 -245.750510052 -339.191381386 -461.686340963 461.686340963 -90.8833543323 138.873338011 17.321820077 
-207.274926844 -83.218520402 -57.9790504171 211.039527287 -461.686340963 461.686340963 57.973118485 327.598517742 177.858439874 -336.137594857 
164.684507507 -75.6042595655 -461.686340963 -339.743959407 -128.207190513 347.581013769 49.3100968725 271.913193747 461.686340963 -238.829355579 
-343.928074582 92.8450942638 461.686340963 -46.907783162 -159.234174137 -281.762016099 220.88849968 -461.686340963 341.685094953 75.1860945218 
-57.978867132 177.867406374 -461.686340963 -336.132790438 327.608767603 -207.259158266 211.042078379 57.9840054551 461.686340963 -83.1995083044 
-332.72917065 -60.5677812233 81.6607993113 -31.8000464985 -194.35946344 223.993686262 407.461587751 225.058470633 -462.265285709 387.957442159 
151.882008709 347.756156271 -340.584375233 -225.29164025 271.889946954 -114.660716983 26.7050879866 9.66901163653 -461.686340963 461.686340963 
-461.686340963 187.890325426 461.686340963 -62.2905949927 328.141427077 -333.310820748 311.151354504 -176.611393427 -222.975963714 66.2034180631 
1.40271162856 19.1586245746 -353.402430323 463.219653317 330.119770168 -127.592504755 153.670617365 236.870093698 -462.232187344 -250.642153994 
-461.686340963 461.686340963 217.875240997 -150.857937393 -205.607555567 -330.219598404 334.096205056 -54.8518825203 70.9091057644 101.542245495 
-335.831922375 -132.819952298 -87.0825585467 256.085240798 330.560818977 25.3088295737 -461.686340963 145.486156538 -232.190106104 461.686340963 
-335.979914628 230.744634059 -170.735772934 -249.270016546 -43.6739162794 -461.686340963 111.056744824 345.304560841 461.686340963 -7.39564195275 
461.686340963 261.886710378 19.7385463706 163.052564656 -212.211654011 -333.649130807 22.2753461706 330.457634293 -107.408100981 -461.686340963 
