45.2194706822
43.8795298383
45.1396522677
44.0659353814
44.3449830551
44.781341216
45.0675439246
43.4527326835
44.4186545776
44.4604604211
44.2483813318
43.943294114
44.3215226339
44.2354633026
44.394576947
44.0030829155
44.4288133671
43.7719880791
44.6515602558
43.9448016124
44.3174588412
45.0853247351
44.3279550025
44.5099275072
44.3610981552
44.878159021
43.9387203927
44.6038511106
44.1618944662
43.5526281672
45.1599683005
44.2708564233
44.228066783
43.9359510609
44.4287772996
44.1764111776
43.7194285446
44.4780607966
44.5428567886
45.0461426225
44.6293079031
44.8092434513
43.8143689517
44.0305131293
44.812802234
44.4288140558
43.7486565378
44.0975108793
44.4779568592
44.1932001965
44.2592544243
43.6735741146
44.7747771486
43.5781222973
44.2702597678
45.1012401401
44.615130528
44.0369332113
43.2256823568
44.835512993
45.1863835332
44.1347905791
44.035745001
44.1409760224
44.5700875834
43.3771774198
43.8100540571
43.4304705422
43.5233748102
44.6100868329
44.5589453401
44.092954473
44.6482341501
44.9183819291
44.3384330277
43.6958393086
43.8489921418
44.285637018
43.5057045231
43.9418740128
44.7517070846
44.1123220098
43.7362673683
44.2325099947
44.6930005815
44.5928015534
44.0868296018
44.2533679929
43.8489263198
42.9538998915
44.1082259921
45.1396522666
44.0765772531
44.9116061233
44.2454856156
44.9183993901
43.888103606
44.9799446496
44.0077744832
43.5618014428
44.6145157329
