0.849949063946 0.701954147961 0.861096002269 0.957267936107 0.876311903048 0.957634088769 0.957915115223 0.906987765887 0.957622683404 0.959994162277 
0.957416489269 0.883283896488 0.957470182401 0.817696305847 0.960000249583 0.697314774402 0.95938185884 0.899084349073 0.72101582499 0.959998245498 
0.832195037163 0.789508775655 0.948533483432 0.823558850929 0.773356747052 0.960000000994 0.960004698214 0.78404083281 0.807112534703 0.800393945661 
0.934715777561 0.760555957029 0.959999998461 0.957470182401 0.94297124663 0.957541898053 0.592594249442 0.945117787889 0.928698279029 0.638704171703 
0.959999867853 0.865092829224 0.875833149995 0.819537718889 0.750135123965 0.957470260405 0.915036073304 0.837062121499 0.957253066704 0.864274797396 
0.96004716749 0.957470182433 0.902750528513 0.959967938987 0.67327259086 0.792069139791 0.559214738254 0.957470159493 0.959787839661 0.71802317611 
0.859676967231 0.931947655777 0.762418256276 0.642206085414 0.792466000093 0.95747021122 0.940568184902 0.902578280881 0.602919040887 0.960000019542 
0.873905171611 0.721706595387 0.724604574425 0.870053862749 0.721550628411 0.957812724348 0.956763317489 0.934053454416 0.959999942606 0.878293725248 
0.895637177518 0.86067065952 0.960016677887 0.938888779038 0.960000124882 0.782110559994 0.86319700839 0.957458487488 0.847546862051 0.790944541872 
0.920754301685 0.750336309747 0.957010502696 0.653544677599 0.959998263696 0.90030724518 0.810564230225 0.959995186363 0.95997732556 0.957471069538 
0.731211446085 0.882986498399 0.847109078046 0.733812452488 0.955119650188 0.956411058846 0.869410061116 0.839469330184 0.943139914402 0.960000288862 
0.957470281251 0.784263871164 0.862434242131 0.774556037079 0.95999991567 0.796142134071 0.959999999851 0.78928661755 0.857598385561 0.810011200167 
0.860434606459 0.711293207036 0.960000269128 0.957470182346 0.715410295802 0.735071608365 0.847345681283 0.959999984633 0.96000003538 0.95747063789 
0.830332813156 0.95999824158 0.768823094678 0.846924612551 0.900448532963 0.957465924191 0.728609855583 0.933279664766 0.839042645975 0.957470195165 
0.952696038209 0.893745217671 0.815130671216 0.85829493901 0.957552465668 0.890150851718 0.903372177948 0.776857470319 0.861376673883 0.72709810136 
0.893874755853 0.957474496078 0.704440481265 0.84048087402 0.801876852137 0.580195897362 0.800249458746 0.95999999977 0.925491049851 0.794432938363 
0.802366052119 0.703484584881 0.960004346386 0.74027214234 0.960003017787 0.738263864548 0.880282572638 0.957470182401 0.957431752151 0.920664092582 
0.845903766149 0.957470825338 0.746101469793 0.814419242743 0.877332193393 0.957432740982 0.936477572567 0.804521754756 0.817590396628 0.943782230386 
0.953239481499 0.776704374671 0.71665393663 0.960008134345 0.83739017446 0.96000576901 0.756559528489 0.957473049648 0.825541698941 0.599658635301 
0.95740714731 0.920800203893 0.959999067071 0.959999911198 0.960001739109 0.742505935368 0.580141568856 0.957470183002 0.759793578348 0.90519377897 
0.745577688807 0.712156400132 0.957470182401 0.898491661272 0.785351168831 0.770414467271 0.95726675146 0.959999926645 0.903279781067 0.834518132878 
0.791896266982 0.835430857918 0.939833758465 0.957618456526 0.958238831607 0.690080911592 0.842857783857 0.845914651353 0.80238238231 0.722570195556 
0.95997667034 0.957460997379 0.89818298443 0.65753324107 0.960002061497 0.718336406556 0.957470182403 0.942444345521 0.871142775888 0.79980920244 
0.943585511107 0.639320236935 0.957471934075 0.959947281072 0.95999104818 0.960000536667 0.679974863848 0.789826170373 0.792017099789 0.735899874272 
0.680583561392 0.914480415551 0.903177846251 0.957469930516 0.781076556042 0.960001513924 0.866229381592 0.875264823266 0.960000679943 0.75532334031 
0.782899241534 0.913896254719 0.95753822677 0.668804333591 0.790926631465 0.774287350692 0.957470168366 0.916272150937 0.882400271345 0.96000000069 
0.959946078064 0.629712496775 0.672491091011 0.822559181555 0.957466943368 0.834588160305 0.808167148874 0.957470182401 0.925315438861 0.960041397928 
0.960002846517 0.897152798204 0.702749289171 0.850304731777 0.958364580587 0.594934984579 0.813985820844 0.785930745582 0.725642879039 0.957470509996 
0.960021054068 0.892924706923 0.826085662155 0.931276770189 0.850195352129 0.83885696093 0.668463351207 0.728366538026 0.957470182458 0.951560351771 
0.959999999966 0.960000000071 0.814865309145 0.957470182401 0.735027836176 0.932617360594 0.957816714476 0.562859384496 0.953949719488 0.725260574563 
0.902079292591 0.851503431817 0.943966036158 0.768903720823 0.78809628159 0.779622435955 0.960000007677 0.957470182299 0.939269440204 0.937198814526 
0.870876549561 0.835852413124 0.769300864266 0.95999309756 0.692398943139 0.90026184197 0.957648455757 0.960002096526 0.83185631872 0.807200433839 
0.881884333941 0.72599387564 0.702797040469 0.725468669924 0.960000029376 0.960001923224 0.901929039621 0.957297953918 0.92871602526 0.912715891663 
0.799692866922 0.694317742533 0.604468819754 0.845603830791 0.957470180743 0.960013351488 0.900659661006 0.799410329111 0.938908969445 0.960009231089 
0.957470182401 0.887393640934 0.806377625578 0.739592661776 0.951798576193 0.959999870251 0.957430988784 0.73876724369 0.769820964451 0.960007247722 
0.777801687688 0.837875102792 0.546792477074 0.922186122853 0.813831600672 0.895447160467 0.845781563051 0.960000914893 0.939054150979 0.957470182416 
0.699649619306 0.523568886804 0.715600782248 0.959698465485 0.957478391058 0.818120627945 0.90847702637 0.771202498537 0.887234909298 0.960000145385 
0.960004784306 0.788635157121 0.928132214675 0.863921453064 0.611285388845 0.692753187301 0.806973539359 0.957470194751 0.957470181568 0.739880889974 
0.85454645367 0.722865883396 0.469472576358 0.710487273992 0.960000413306 0.857921828414 0.690576315072 0.960080504905 0.790613426128 0.957470182385 
0.779696150253 0.793914052779 0.813541484895 0.960000008455 0.956049219935 0.768514284302 0.848739407625 0.957812231858 0.87967410731 0.877338426289 
0.836088427144 0.788664894764 0.848412956304 0.871751409427 0.850609504267 0.823089761556 0.95487233432 0.872759080027 0.957733299748 0.960000087679 
0.898273339346 0.789030614514 0.959999999989 0.714438168376 0.826169696527 0.957470184303 0.902722213014 0.957603686629 0.824288530507 0.895072494282 
0.957470985717 0.640775322948 0.957460932655 0.748356191074 0.887507125367 0.959999999944 0.959999999649 0.793987216993 0.825189646267 0.851494921631 
0.957454967228 0.936412668554 0.898493064436 0.783131050167 0.848516482376 0.960014813737 0.787324366271 0.867836133852 0.960004864076 0.854353986189 
0.957511632145 0.709162291568 0.864303439145 0.950204968122 0.934642939553 0.818394693694 0.957470182336 0.925170860786 0.775869462644 0.582227676467 
0.74039332471 0.957470182401 0.73820829207 0.703686337476 0.802277386868 0.957431731225 0.920628364384 0.960003069648 0.960004674206 0.880254703228 
0.8714444622 0.752682032537 0.836987412436 0.957470149021 0.87312825983 0.957852672979 0.729878030878 0.876179472649 0.936151123707 0.9599993205 
0.957509906222 0.695412653328 0.899274053953 0.91584196075 0.709079335695 0.957470182401 0.960000144968 0.799478830732 0.855860764098 0.776131561283 
0.928193057828 0.960003639096 0.692187256507 0.95747018157 0.739638986451 0.611644914291 0.863797923843 0.807126140622 0.957470194829 0.788616240654 
0.796904153894 0.925703021732 0.946101776738 0.940353147236 0.741664385279 0.737957944436 0.9574701824 0.74128733618 0.90870750346 0.960000000471 
0.957470182357 0.896461502032 0.84709721799 0.742682791266 0.889604385531 0.798091812544 0.875952548583 0.957534796153 0.911229583548 0.93054160794 
0.957470010073 0.959999999683 0.864582462621 0.755760623859 0.801116452323 0.926489233326 0.886407402917 0.808784694335 0.778789076499 0.95765745918 
0.878154874838 0.960001682941 0.841182907509 0.822938767053 0.956002610649 0.869205352246 0.844362902718 0.957656898317 0.812940684371 0.84225857475 
0.830360891009 0.959998859245 0.860331359432 0.691907059759 0.959891591745 0.724700500608 0.609127011014 0.872302728065 0.957482072145 0.957470182401 
0.959999676935 0.6577392338 0.938834841417 0.828053924227 0.808471353226 0.960001262489 0.895150920877 0.739062614811 0.751851432857 0.957470009661 
0.842518336331 0.653202248302 0.959997767589 0.68362855201 0.957470182368 0.89177500584 0.913737125196 0.748030912897 0.96000000918 0.918745751203 
0.60731548591 0.942851590669 0.891720870287 0.713378542192 0.8968058503 0.960000016217 0.959996385015 0.957493066713 0.849538513106 0.800202532748 
0.960000055403 0.692895990834 0.803623741683 0.8372905696 0.957470182401 0.674639844914 0.957225419138 0.878700872256 0.960000033324 0.790504458477 
0.875044294817 0.953936638185 0.931830292889 0.957474105111 0.957364943227 0.720736508652 0.542523062647 0.719868047597 0.960000003553 0.613970595399 
0.805805760732 0.960000495586 0.960099755083 0.844890954925 0.845333515171 0.768271475149 0.684096930049 0.957470182401 0.947001896065 0.840417591647 
0.83497487971 0.929397043268 0.747312247162 0.905852254333 0.959999999606 0.8409921459 0.926546516001 0.910540236779 0.957462081771 0.898677273537 
0.956013378034 0.957470182442 0.93231868809 0.839051272498 0.88960755896 0.666426594239 0.843543447383 0.818694968305 0.960001912622 0.731654662159 
0.958876678222 0.959792547168 0.957492482674 0.794629055727 0.847828260902 0.710725242998 0.710042375525 0.836884807862 0.844664748654 0.9600057588 
0.807777809564 0.929148010924 0.9599999988 0.953860668013 0.776065609544 0.888047489393 0.699534071697 0.781351983883 0.889923049559 0.957648638524 
0.898660378939 0.923108494608 0.746321366678 0.96000080084 0.957470182401 0.708459605657 0.887806887367 0.85198101078 0.781196329464 0.957485411267 
0.771185637961 0.960000000123 0.959999994975 0.960000000906 0.957470178555 0.827113601836 0.957484696917 0.803555608827 0.696749862772 0.770372857978 
0.731185466585 0.876337894239 0.628426366779 0.9574701824 0.857422560088 0.960000001619 0.64720907464 0.850603218992 0.960003018475 0.701502096575 
0.65847502204 0.957816238306 0.705523003824 0.793321464443 0.95999951191 0.957470182401 0.960000307009 0.812714740847 0.960000356426 0.781040225041 
0.849603583305 0.827863001327 0.810421768128 0.855833660656 0.959999840281 0.806025321576 0.623164539764 0.960001678879 0.960000094058 0.957503465619 
0.885351985135 0.698887788719 0.791533485797 0.959912150217 0.957470243995 0.848238072226 0.960029152563 0.519491432047 0.692889261401 0.794037226667 
0.89399624289 0.844102805062 0.946030740017 0.959999999164 0.769435455187 0.957433251883 0.831403389124 0.818639241545 0.957562365214 0.842929699847 
0.886973160013 0.76673311504 0.928044785123 0.957454662766 0.814208504875 0.95793342435 0.952186515082 0.746286199268 0.857797652522 0.872540586351 
0.858883616144 0.901591607003 0.944027850327 0.950381896598 0.76455953808 0.622035951103 0.95712449829 0.960000154118 0.780752199118 0.851219960002 
0.959999999786 0.833674953917 0.831239889791 0.96004055522 0.85580567678 0.85967870756 0.750770475435 0.917602922084 0.787517336673 0.957466222001 
0.683323676253 0.861135304865 0.74114985364 0.96000000023 0.642119589956 0.800531416357 0.786912721267 0.957501540066 0.864750800252 0.897582677565 
0.934525601508 0.957444901445 0.959999999272 0.795421637106 0.639108502993 0.959999999292 0.848384339128 0.959999999858 0.722561665065 0.957470182775 
0.95761771368 0.802457952637 0.530353093381 0.734035342792 0.523518112976 0.82104774383 0.779619164786 0.960031666866 0.631527321731 0.82414077684 
0.957470182401 0.670993931504 0.957524317467 0.821923897908 0.792586199276 0.913766091448 0.897707341869 0.960000400502 0.736275157365 0.624274378565 
0.906183634517 0.960006545464 0.681159807521 0.833819849078 0.694039208479 0.957470167103 0.95999514601 0.957496894558 0.804838715765 0.874075370036 
0.862483469665 0.717708832978 0.959999999208 0.823583457747 0.95746139222 0.957478707378 0.606122420662 0.903491885223 0.834051325396 0.960000000849 
0.797389811244 0.831327393884 0.960000224518 0.886406573856 0.959999818863 0.840796211758 0.862667388617 0.601259440688 0.957344464628 0.836325657078 
0.96000000709 0.664538931497 0.911903272267 0.676973764748 0.95756038765 0.947503612512 0.80119440068 0.822387254861 0.957268145 0.843434216075 
0.957580183396 0.827079191654 0.914694940443 0.898229712328 0.960000514301 0.700360595354 0.816113668987 0.957719623788 0.792561745473 0.683368443554 
0.933440192096 0.747757091194 0.95999997874 0.860715852961 0.537210585791 0.859367799088 0.960000000018 0.501631681314 0.825383324289 0.957407842136 
0.957729538029 0.833171426521 0.960009414898 0.96000336006 0.937434067679 0.816681944848 0.718017338395 0.924221451086 0.63410916465 0.957470182396 
0.62259828532 0.959999675817 0.844100927751 0.734832154606 0.957438756143 0.942814236901 0.960007200405 0.957470182826 0.865329928139 0.81956267695 
0.818085665142 0.960005966072 0.960001764586 0.871946545609 0.851547595339 0.845379007104 0.751301526066 0.837719687808 0.861466607549 0.957967054721 
0.958107593763 0.829540610999 0.601219801441 0.650830005465 0.821182608222 0.870360534469 0.718928948963 0.960048662947 0.795162120248 0.950742797485 
0.960003469906 0.76665936715 0.889707950478 0.957601716778 0.958590143418 0.695102468978 0.681128832349 0.954559700159 0.897263488394 0.74931550657 
0.629910090176 0.876308887539 0.780558017234 0.518904238256 0.856335505758 0.957470184364 0.959999930876 0.960022174486 0.690183123992 0.602157233695 
0.959999969878 0.802616200743 0.956554477618 0.84331836264 0.826430995112 0.658055580004 0.702114912905 0.958519678852 0.818122547683 0.856337273861 
0.773349409091 0.800391521642 0.789511551004 0.823560679935 0.96000000101 0.948531757595 0.960004711009 0.784039807865 0.80711876521 0.832193282568 
0.750600127305 0.960010014098 0.811529250908 0.957909172057 0.960000223709 0.959997841961 0.83535238416 0.819881893822 0.805295955732 0.959996359161 
0.669263463989 0.959999516299 0.918075271555 0.960000045846 0.813154617547 0.743396132575 0.903823395952 0.955727053787 0.751080536478 0.957470198283 
0.959999881465 0.760576928923 0.949864335728 0.775665019556 0.851497740215 0.827181543076 0.95967435223 0.929304522031 0.957506876747 0.744337067154 
0.959999999896 0.861442135988 0.787081849135 0.854165271367 0.957465909146 0.831477592365 0.923589118776 0.745910565257 0.834132202453 0.960030323457 
0.957470185399 0.959999999923 0.960000000112 0.929591725166 0.767996086288 0.777946410338 0.832261649681 0.959999999959 0.957468832674 0.707175004342 
0.957567443066 0.885883733336 0.821977320269 0.79798375346 0.902992615046 0.748988083488 0.958733670245 0.933518434108 0.676223591599 0.776880496384 
0.817297989508 0.743248188092 0.58819375183 0.831360434677 0.959999999909 0.960000000147 0.794089274426 0.95747017056 0.957470182434 0.708144249654 
0.809534702275 0.849229106722 0.957465500976 0.675853796029 0.905875106907 0.957471903185 0.765625219621 0.960000000019 0.829176768124 0.59938176177 
0.756572779834 0.579637948754 0.903274253756 0.932804730049 0.957470182356 0.960000000645 0.959995681699 0.882310298923 0.727600443207 0.834672196312 
