258.310812418 341.678440422 461.000435995 -24.6469714994 -127.146614272 -462.139279256 -237.550790655 27.0939484316 -333.446981327 125.854537592 
41.4709057931 186.854057585 -419.699258136 -291.248045003 -72.3907517448 460.726029896 -156.691969998 331.141635359 302.846485673 67.3164332802 
29.0468425173 317.197026949 -75.9534810456 -172.010036804 39.2584369636 -269.148791436 -462.324369403 460.988996586 174.198666193 309.568183972 
-118.251548256 233.874868531 -12.9643286843 -196.221731403 343.360896048 -458.576911541 118.78926139 -317.625896378 29.0468425172 454.355692171 
-256.320964079 246.567168998 3.65271240262 461.70359977 337.637230054 -406.396009007 130.851883759 -347.949056131 -114.66802389 -16.682473143 
-263.613344807 -438.290815642 -350.503991684 -94.7560355777 93.4507502082 322.984084507 41.5705221172 -82.6735741682 201.619219951 451.328924366 
451.359276943 191.143224971 316.718708672 -38.9748176079 39.2431728472 -259.898944203 -331.650533049 93.5885471169 -137.098674633 -460.440241371 
330.446064751 422.032186197 225.762139742 -299.168892302 458.04059505 -413.362366131 -196.652085808 105.570363835 -87.064346001 -18.9011671426 
-35.3723583924 314.431768783 1.42201757532 -145.487042763 -457.528893365 116.148693603 -347.106236281 -264.32547552 462.592272486 143.84588279 
462.179292911 107.432531876 -15.1094088937 339.727104924 -314.744389491 300.70196855 -115.36057188 -184.802802663 173.56146768 -457.372847512 
-172.084691613 221.667586423 -58.1280566481 44.8121883789 335.592054259 -254.918207906 -46.0061949296 462.521965677 105.351674476 -448.119558382 
-423.473802476 130.276605624 -133.543195965 -389.583929045 17.4784208894 212.637612483 -273.606649663 445.154683832 -29.0484831306 318.841563988 
332.985540496 459.958379206 187.748569831 -162.887805432 -28.1150990751 299.303552457 -86.6824415284 -304.258216197 62.8865589442 -453.69493513 
462.599174764 123.61706101 -305.901222056 -7.52552039858 241.087087507 -120.878810928 341.448050277 9.03088876982 -199.925632336 -425.924855734 
-208.787881172 -131.377770261 52.4808190742 -324.27227362 -440.437619457 333.78002864 -40.5565348666 246.026327734 163.034986864 458.845060857 
-331.183734184 -248.433921376 177.821097002 10.7695979462 409.505022105 -131.512929155 298.198022349 -453.282819593 -56.0291516305 73.7678946751 
-332.2753049 78.563527084 191.409808123 458.955253658 -214.524935794 303.893953749 330.41833623 -416.524503623 -9.41789544564 -84.4799335578 
-2.57835106406 -417.452683598 202.463153874 316.67052121 -159.981482285 -142.235657993 -13.2563703699 -294.937467058 459.251927296 105.362207534 
-2.00389462429 220.88939396 -125.210389129 102.588896744 -245.422414482 -459.879610242 326.826740541 -264.728178916 447.305693725 -20.6984420576 
-85.1349491521 187.743613716 94.700427409 -247.304452678 -142.346239906 459.366047523 21.2927696098 -411.202604334 -360.913764867 323.114210074 
-297.637987018 460.024297944 -414.605373285 319.452763672 176.62201919 306.436276368 64.6822718731 -74.1594485097 -181.001478822 13.7226957359 
-135.035496038 231.833016277 337.650462988 -249.991421735 -462.599174764 459.903949274 9.33932012241 -347.409327994 -24.3578418294 116.976941207 
-111.25480228 -60.5220034025 151.326711187 39.4350761562 -245.528778563 224.43068404 -421.620247078 324.048390593 446.394090292 -351.911813455 
5.83861981673 125.334512514 -261.093231972 143.638291559 -278.428304199 -459.009818582 -135.084691209 459.886509812 306.125161907 -30.700571698 
53.6820150325 -168.162865667 -341.111897326 -266.237511495 86.7459820475 187.662924229 321.440366274 -55.5371571944 -459.49081168 462.487911674 
210.006768507 50.4400357748 -460.91987257 460.373661254 86.6824414621 -115.572822139 -224.540894739 -333.185765395 331.048915935 -40.683132093 
-102.939090615 95.1031691515 196.588958243 337.350592522 -12.753742242 -338.311069277 447.675486734 -429.542268204 229.926948097 -223.202017585 
-423.057917359 335.869402727 75.3361872051 22.7288442878 -59.7837337334 -197.469699925 263.114472293 184.597255854 456.924736088 -205.287303178 
-255.539680757 448.266659005 -354.321020481 320.551653387 126.923603831 -86.4754838265 25.9093317056 208.679005562 -427.66506335 -125.193102465 
187.073910172 61.2599194914 328.400167798 -196.965161217 304.300751177 -32.6443346271 -446.543610357 -137.563698353 -308.757822744 460.801278151 
29.4717952388 462.599174764 -47.1787329233 84.2922898892 221.999852686 334.126005856 -462.533488737 -265.058964275 -159.104414067 -335.225331588 
-309.559093137 326.614672043 -200.261573325 199.979783399 438.277790114 57.9150544923 -423.970479554 -80.287042315 89.5141778863 -123.570071611 
312.618577996 324.47497011 449.304733616 196.224231729 -453.741849245 -56.2038162806 -136.429959004 86.7529167938 -260.539806442 24.120532881 
462.318122863 61.5146217987 -40.777847778 -49.8395333056 -85.6105458018 -265.904188122 140.012037444 343.982030199 288.572399115 -459.045493291 
-415.401681693 327.589129228 -334.353704786 73.4069923644 -86.863343786 -220.389014569 -21.2582935897 307.695375468 458.86833826 186.960358942 
321.057454515 -362.873214608 219.976557658 -91.318010479 432.51631572 112.415114761 27.5013009913 -265.064952279 -133.486403989 -440.886471261 
299.198819698 55.0755527838 29.0468425172 -238.485295228 -224.460364904 173.917607366 -95.2206875533 420.567479405 123.853066309 -437.868009149 
19.5254400394 -325.534435622 -196.595777895 332.601689575 -28.5871715116 461.364364584 225.017322801 -449.563984418 -131.80917146 108.548976146 
44.1294634296 196.466369959 -161.814494612 319.864735838 -460.633050811 -345.396199414 447.782631229 65.5003389108 -64.9649109294 -261.958625538 
310.143854451 167.084924444 -231.344063546 -111.317791651 29.0468425173 462.599174764 15.4605271692 -448.070076697 317.797576658 -334.844498551 
462.599174764 -223.579114243 328.416929687 -33.7598795713 236.908094493 -109.727277332 17.9537924987 -328.582030693 -443.150643535 102.179099244 
336.265455438 86.6824114407 -49.3814838999 452.311647315 -126.094558433 -229.867454531 51.0026034297 -462.400693185 211.773389257 -338.046028663 
-425.219172387 233.726846347 -151.816516806 347.861587471 117.384769389 -33.905076684 29.0468425172 -315.121926303 458.951448024 -118.592120036 
-264.355073434 -144.639668863 -39.3844623246 116.219380618 462.591480366 7.79629954943 152.787418274 -346.368821269 -457.534713975 316.450638548 
-460.038442495 -109.622471805 197.831127915 -329.096414724 -221.663857048 317.630279225 -57.6882172831 60.6782307501 448.065769559 63.3339823096 
458.965711592 -416.511176025 303.884877435 78.5113851569 -332.322815157 -9.53751411267 -84.5370095121 -214.588605282 191.387476239 330.409565774 
-334.600590631 347.117174168 236.942575822 -234.227485012 141.184169669 -451.451364143 72.4795811245 462.306541027 -142.189273451 -26.7686783622 
-460.979547615 335.522919284 311.963562669 -325.471177173 17.7675204349 -196.965185483 175.772805873 458.951442086 97.1128879378 -73.9699053557 
-196.578737634 19.5416526782 461.413114517 -131.859633421 108.676380457 -28.5761385102 332.717179077 225.185057423 -449.56595021 -325.542339084 
73.4185736937 -137.631344637 -13.7332636608 -262.195525827 194.435332169 328.292946355 -87.1567015117 459.037060832 314.146759958 -455.36931578 
-215.089882767 241.726643139 462.599174764 343.57639419 -332.059989108 16.5439874791 127.022117497 -457.912295069 -119.572049412 -32.3565219548 
-224.257255766 -12.955988631 100.338124736 331.115022446 439.679054595 -29.0469922306 -327.06931392 219.527556904 -136.90447897 -448.065773017 
-325.846284339 92.3791251721 462.589372044 -108.402186315 -220.842157172 -43.8570889483 212.393214145 -444.064403927 29.0468425173 321.403120728 
440.28354721 6.41908117899 -13.3809279289 -109.537834733 317.696216184 225.123007159 141.532124605 -326.506874143 -459.680319748 -176.839338348 
-451.771461385 232.108894619 53.2012699468 451.353290282 331.02407026 -35.7920002144 -114.546091838 115.011432325 -244.768599189 -242.084279261 
221.794910684 -137.054784469 -330.402981643 462.599174764 -264.359932367 334.053196798 -31.0170604142 87.4061042604 -462.42466991 85.5004635677 
-89.5135346893 -189.26795045 189.886190927 460.335295886 319.781914134 -301.610248127 44.5002615951 -433.35448196 -314.181502347 29.0468425172 
194.427553397 447.728389864 -98.8781494994 125.757767163 -408.298942185 389.426755822 26.6657859588 311.967972402 -207.204207152 -322.397110049 
-334.481605035 180.528497229 142.748701039 -415.066334733 -155.034694174 450.222695928 -51.872528462 322.758243586 -276.32872059 43.0432437112 
142.121128454 -262.974446385 -129.156516079 459.936432537 -361.427373596 330.793400096 264.197103092 -443.920418342 -75.5436585361 43.2619665753 
-7.1948653188 115.187442315 337.266812925 -21.6864045159 -455.576212397 459.381340572 230.056183289 -144.538603939 -262.372175691 -338.287509558 
-118.751588677 -427.331697455 322.619177432 -84.0335922634 448.33919957 28.056761678 130.405789526 -355.069539688 -254.414678446 211.437601585 
-440.25976873 -133.283881881 -93.0762212309 319.451621346 25.0405434753 151.250749482 279.790793069 457.917366608 48.3880129459 -239.903604376 
-338.244368476 -135.566719101 82.8576942145 -224.367621406 326.004278424 82.0756852041 215.86555401 429.942777621 -37.6775438122 -448.065771055 
-48.9954228864 -320.840415391 303.620280055 192.523154136 -184.008908762 458.960194973 334.760550469 73.3019732764 -60.1192492963 -460.695252893 
351.666170824 105.943293035 -19.0727462694 -129.757793454 -196.96514891 448.065851278 -450.460014902 -337.932792683 150.170972059 241.466575351 
24.5148170077 313.66022839 138.066646289 -103.3121095 -83.9822315344 -454.2208251 213.032650134 422.397560684 -261.10027676 445.929709577 
-13.044286476 -446.996754005 460.315605905 341.598498648 41.3655914566 -110.38937585 -230.826434059 328.816868222 203.59868669 129.622054795 
-315.675119967 308.759207092 172.993230169 -191.152689124 29.0468425173 446.345322416 -84.2865848716 59.4475034875 -301.763113977 -431.682350939 
340.356292124 457.078531484 194.013661177 -57.9100583063 -209.323552153 32.1690098218 -426.071757527 -183.352955502 84.1836278052 264.351960467 
-142.154703014 -336.609592809 -42.4243493557 76.6981834599 334.745728123 -223.716441676 223.718679552 82.462945035 -454.221043699 458.95144209 
108.524203909 327.73999982 -334.750211726 -245.578322099 458.372594435 -458.953794288 -24.2823564239 201.999246324 -132.503296428 30.4961138605 
453.238611879 -141.501144399 98.5075665717 -317.721452596 319.568595296 -25.5120933228 -254.132150591 -447.335421605 48.3424155952 198.247982269 
-457.384293407 196.530403489 -22.0924700549 -31.4453825263 312.523502001 -346.006455764 447.612010753 -155.045741398 104.463198535 -264.180247388 
-146.510906713 -16.4688641283 430.113278201 -458.951176036 99.8033139568 328.963597817 120.699720364 -257.568837219 -86.2463504898 225.603195665 
-155.40456271 -86.6824500471 58.8244540108 338.561577663 454.879931775 -25.4773659627 -279.9506116 167.731497302 242.054273607 -415.876397899 
-210.02999799 84.0465938289 226.378317864 15.6557730844 -63.4914994304 336.274110156 132.958292933 -426.347494308 -147.060266576 457.911967843 
-210.840083489 244.416558691 -460.431676384 456.505469225 21.174546182 131.047681717 -332.12060084 -90.3890910982 346.190042571 -96.4904472092 
-112.23169033 200.290303734 -105.277425687 333.940032167 455.545567102 -203.242058765 104.761948628 -449.274927618 18.5865368177 -324.696278328 
-86.6825426587 -72.1008764965 130.453754686 342.269029677 -176.946301564 -430.113806841 458.951442099 -299.877771813 248.506307733 26.4165953426 
329.305605764 459.966835023 -461.914110424 147.666547808 -268.716246474 -164.86992978 32.3542186735 229.387839543 -75.9106518843 15.2295418624 
-420.527985384 -94.9363341743 4.28434747586 453.328191539 -225.889986962 226.625488114 -63.6908216492 148.328939341 119.048650748 336.654344343 
-109.922588908 19.3911282827 239.633361596 341.456622721 -227.717391463 118.786249928 -34.1063421139 -447.404377894 170.436969629 430.74592401 
146.932770572 318.040642905 -266.873142785 197.415488877 66.0198390652 -161.415599694 -460.072285174 7.06693835624 446.086537392 -73.7043330633 
-460.137552991 100.853153935 207.734483184 -240.879721513 -329.686870058 336.080625938 457.539242918 -29.0882078842 -6.70228566299 -123.648581412 
459.849376681 -250.669733362 24.7853274091 233.078139939 -86.4250104923 139.185593754 -117.092049995 -414.777313797 -346.255937254 342.255338605 
453.304540622 62.7543892467 -96.8960005088 -308.29732081 315.962473798 -207.799748252 198.817728487 42.3783226329 -74.8379926482 -420.391287418 
-257.389988054 74.4409867813 334.881848686 -143.360242494 -62.1863260496 233.550369535 429.662308507 -455.602679786 145.281879668 -47.6152243613 
294.966529032 421.827639155 -338.236496112 -462.201941037 -231.047189324 6.03810154905 113.699762637 -125.846827171 -27.8346270682 194.652453711 
85.3384872628 65.3092309567 311.206915029 -215.262062871 437.561830857 -232.785895142 -448.001919265 -70.1683843633 449.955044744 206.954419924 
-459.790506055 -168.567667585 -266.587302407 159.572495307 446.937651302 204.91746222 65.1260921992 326.857073519 -18.7031211967 -55.2216375044 
39.2559430772 309.568047404 317.197437357 -172.00986473 -269.148790404 -75.9534783403 -462.324304226 460.988930881 174.198046297 29.0468425173 
189.610287975 29.0468425171 455.103095494 -417.400913907 -86.3842383208 -434.821498352 -203.426498835 45.5043378368 329.565430523 -280.326034232 
-42.5600651301 -277.802656305 198.598090152 -460.198115469 -125.671934361 451.045171849 328.527312285 85.9388562625 45.0046790782 -258.470700545 
-301.075944013 -79.3733093356 57.306441489 -190.52417837 -322.144894939 327.608087834 192.331101791 44.6145604014 -430.116369106 458.945191179 
-457.235175002 -345.58344606 104.341845278 312.767361428 -264.031129534 -21.7795848694 -154.835866023 447.401546571 196.604686976 -31.3840557196 
-430.641142969 131.975701416 -11.698808131 251.131204808 -310.214606116 439.281318719 -205.317589056 86.6824061334 -115.418105403 336.893385646 
-460.890130812 31.9336122694 103.347312333 330.508777155 -29.0470373593 -114.59044658 -230.815793635 -332.328932228 460.088637875 220.926586404 
318.031793406 453.902734174 39.3567076845 -203.988320657 111.955529279 188.325678989 -317.640430576 -86.6824436925 -443.763853768 18.0845480317 
-308.516418159 -192.437764656 -163.031905362 -51.6164470466 197.296775326 -430.113840504 320.126187832 131.410519047 448.065786734 43.9596552424 
330.816811295 -144.270015069 76.578411144 -334.551997564 -262.434210932 -460.478990069 86.6513668708 -37.4307182272 212.200751682 462.599174764 
