44.4045703762
45.1875879322
44.8925091541
44.6224957206
44.9780209439
44.5703026649
43.2388530483
44.5555826752
43.8101017903
44.0001965499
44.8093612392
43.3903348471
42.390784334
45.2410089473
43.8034917422
44.2692106464
44.461823583
44.088108333
44.2666314497
44.2884204922
44.2237451947
44.0556919068
44.6890830878
44.63133939
45.2033806414
43.9272900624
44.4955887702
44.4288141768
43.2354959694
45.218338213
43.4538809851
43.9821462651
44.7226824528
43.9194713272
44.8207674376
44.0248363014
43.4538744227
43.3217704058
44.8725584641
45.1814056795
44.7631981599
42.9289705677
44.2351934246
44.8265888182
44.7806608688
44.170816495
43.9711421671
42.7881831105
44.6982970659
45.0436638782
45.1860872172
44.0369332121
44.1743884624
44.5052143391
43.8313038813
44.8260373608
43.9547265773
44.6102515364
44.4211373006
44.0280991111
44.8303635934
44.8033889192
44.3591796153
44.0422303337
43.4280089177
43.9034317137
43.7438557495
44.3884797299
44.3043237004
44.1473272724
43.1687635059
44.8358472775
44.1472784184
44.0023209035
43.7515668589
45.0188081694
44.9078718963
43.9209450626
44.9047090439
43.0573460968
44.9149561204
42.8259034819
42.9166915023
44.3093045154
43.6260709995
44.4870465622
44.1225617754
44.3355494475
44.0203456036
44.7788368097
44.8162798279
43.7510118916
45.1024687
44.8523007556
44.3400543971
44.2780849643
44.9184570773
44.81617738
44.1546925081
43.6734104681
44.3117491431
45.0189756881
44.271591175
43.8264437081
44.2198286333
44.6562817799
43.9954193272
43.7307607798
45.0996892211
45.1303766485
44.4205626625
44.8568287694
44.1774431236
44.1610608421
44.5311929692
43.9322554734
44.7536630971
44.704898503
44.5428607777
