44.3997516405
44.7569024262
44.892264668
43.4803290882
44.9631855846
44.5664478532
43.1404490298
43.7555127654
42.9448078275
43.2995001213
44.7728045432
43.0545235683
42.901791488
45.2410089473
43.8034917422
44.2676365021
44.9794197163
44.061580993
43.7741732242
43.03529195
44.1451068898
44.0238471159
45.1322191061
44.5112559176
45.1572714696
43.7054052546
44.2672802652
44.3666227215
43.227976666
44.922105796
43.2935166731
43.9103285417
44.3552479566
43.9194714078
44.8012891319
43.7015485116
43.2938853596
43.2264348117
44.6271882577
44.7464725212
44.4209322738
42.57922997
44.6416768352
44.8136065669
44.7756376427
44.1673816973
43.4367190089
43.5612958764
44.0603724018
45.0403681233
45.1862800938
43.5513963552
44.0047895145
44.5016139745
43.3003935541
44.0560053481
43.881865424
44.2266122039
44.5776909084
43.831543745
44.4351794127
44.5450685665
44.3271571063
43.5336852521
43.4087385746
43.4235438781
43.740013047
44.3885396764
44.207768095
43.7706951336
43.0777448695
44.7756884746
43.7705573086
43.9261232573
43.5424023532
44.9536107232
44.9111355963
43.6443676118
44.9039455127
44.2459001735
44.5948463231
42.7843432992
42.1265613372
44.206518549
43.4239236021
44.4303111779
44.1201564305
44.2912680273
43.9821240095
44.6411869541
44.7726814826
43.6089486313
45.0143037123
44.5235801199
44.1890281234
44.2778007675
44.7490260007
44.6126804647
44.1460922587
43.3871712155
44.3117491431
44.9536104084
44.2014784429
43.8173039224
44.034823654
44.2992475722
44.5750054122
43.3259217488
45.2218902019
44.8743620407
44.4205626625
44.850786018
44.1774206672
43.7575353321
44.1035658412
43.8765997673
44.3135510849
43.9357794896
44.2021687362
