0.956509476007 0.803015199155 0.849994048234 0.694626573441 0.953997162689 0.980001594606 0.958143470045 0.773003955268 0.979999883514 0.828228364803 
0.745682903504 0.856959259712 0.980000099494 0.980014945382 0.868013597259 0.802782017766 0.957470182428 0.810755613085 0.862579058508 0.715841301387 
0.755194414412 0.957470182407 0.958416244759 0.777624609047 0.675226543091 0.857849248785 0.88295220373 0.979997677742 0.958690270636 0.773147867583 
0.851659293048 0.877260967235 0.957470182981 0.979941390291 0.980001870771 0.7969845936 0.979999701346 0.697652935975 0.505421130288 0.716827116602 
0.980000000187 0.831582492646 0.876817924127 0.980000000101 0.827675127417 0.674297090621 0.95113988889 0.957700508175 0.957470174363 0.779296837363 
0.98000000028 0.887418750773 0.7090322446 0.781049451611 0.957485096817 0.923470226508 0.746616511491 0.957470182401 0.856334900517 0.897641646901 
0.71856824803 0.875927667567 0.541227077243 0.957472344089 0.923923167465 0.609970958507 0.717098565665 0.955118962821 0.95738368669 0.979999997526 
0.73194486803 0.955737522645 0.787563666009 0.857643980049 0.957483101691 0.980000381567 0.835936936796 0.747957222182 0.979995363227 0.648613410804 
0.979975546407 0.343747720549 0.791487178316 0.769598554813 0.980000174574 0.957470182401 0.979999999478 0.859282170325 0.598496332895 0.979820062067 
0.872992654625 0.558431751173 0.97989212292 0.95747013124 0.743744198584 0.734647259297 0.980055448841 0.980001271616 0.51678928245 0.958310075986 
0.767715729231 0.738044540355 0.857376747936 0.980006633987 0.854044924208 0.980005710172 0.957433823071 0.845243093979 0.847135662639 0.980000001323 
0.957475861228 0.869182193086 0.957444241411 0.976058265936 0.795909395656 0.943836868731 0.87690419532 0.719579922172 0.979999999931 0.695197293241 
0.979999999147 0.697725473331 0.912961900144 0.647191593531 0.699746857448 0.957032956099 0.874866356658 0.91308581424 0.979999999984 0.957470182401 
0.787064900791 0.809016756617 0.925657026105 0.957471016625 0.960970811929 0.898847673393 0.896249380278 0.856327934645 0.735275687533 0.88998125137 
0.682963025142 0.958674026211 0.940780054416 0.917968245716 0.889265115518 0.957434626689 0.748920431441 0.840843529784 0.864293854938 0.680581122242 
0.957470182458 0.957470182396 0.724478706816 0.895282222706 0.716944288152 0.980000000731 0.967653105719 0.909572827795 0.719516695626 0.75329102843 
0.980022915344 0.867240758213 0.774226586103 0.749332640795 0.980000000298 0.98000167699 0.954289750415 0.957336987762 0.842791602334 0.933584002606 
0.836200127629 0.873176778982 0.957963111822 0.752528157207 0.851453083853 0.980002911624 0.844750486001 0.818852479186 0.980001220091 0.860192510694 
0.75361035366 0.775835089876 0.9800016481 0.790134439918 0.852399868497 0.772902023438 0.958012259957 0.926280817144 0.965416915991 0.798445410169 
0.883843811621 0.445612629184 0.957470182401 0.980000079471 0.97659512563 0.785020063369 0.980054142721 0.898892797195 0.570741263356 0.666076344592 
0.828203137837 0.957470182401 0.83347385062 0.980000000014 0.735979685292 0.775314559382 0.980000001384 0.576488420444 0.852698935316 0.930269893913 
0.959436145295 0.980010322907 0.839356763582 0.745179467342 0.632428261428 0.840390922899 0.979930010612 0.958187164906 0.921189216729 0.769511857757 
0.918577678044 0.928461624131 0.957470182123 0.979991283123 0.852551187664 0.777644425711 0.770347303086 0.77008371361 0.927331136245 0.966928585275 
0.814108089504 0.859691723088 0.821575385986 0.979999733229 0.787083525056 0.979996215908 0.884270876146 0.682851268656 0.934104143607 0.957729139908 
0.936057433373 0.893630593368 0.957470171334 0.795874650047 0.96475722745 0.783212921471 0.8986698492 0.980000019011 0.727247185621 0.914299487722 
0.957470900062 0.628138657146 0.95745952175 0.86874323259 0.979999999966 0.74692009038 0.885760771869 0.819719646515 0.795817919367 0.980000000005 
0.714072886953 0.980000017608 0.771003275823 0.745842037244 0.817106206364 0.979998117279 0.875343677736 0.957470183976 0.90301621236 0.923492571633 
0.957470182401 0.74046343143 0.838319870459 0.9606615804 0.906389611113 0.980000004506 0.95745979131 0.750516939096 0.896581280997 0.746690983103 
0.653052363213 0.979999991596 0.894595132924 0.980000001258 0.856873107237 0.925008405294 0.957435033437 0.68650813274 0.957470182401 0.640282584709 
0.740494531369 0.957471251781 0.824186810348 0.93402541508 0.850738889356 0.829951824086 0.809474746172 0.868251576925 0.704759610913 0.980000079104 
0.824421177705 0.980001839395 0.81684413393 0.77287692533 0.980000491545 0.668453683279 0.889128880597 0.957475228164 0.864227101953 0.855964012148 
0.979999705865 0.943811717791 0.809285595779 0.892431350909 0.957470182401 0.903847726524 0.69335770913 0.957461262874 0.924055217352 0.801191957154 
0.783329812862 0.882956954919 0.797389791172 0.815508138824 0.811822167103 0.820667479843 0.957784211509 0.979999993391 0.745710767936 0.96602035323 
0.957470182401 0.706126073281 0.925652199357 0.881235934734 0.920684477833 0.957470281155 0.915411620801 0.717858846143 0.975451483409 0.7077679209 
0.95747018244 0.980000002623 0.816150694834 0.653003507583 0.78304926757 0.698063056377 0.77825005238 0.947717946354 0.89819049184 0.957470182168 
0.965530320934 0.915729302709 0.932934856857 0.979995716665 0.950267010803 0.979999598796 0.724694281261 0.745541541046 0.726956440451 0.813613690051 
0.979982087165 0.81655593774 0.891568153648 0.979962418481 0.665636201409 0.857856502346 0.772066769361 0.825202838044 0.957478839621 0.857504678232 
0.902307400623 0.926461880055 0.757509795648 0.718646124494 0.957470182401 0.956540829648 0.980000000748 0.67164233094 0.788059646058 0.871533059102 
0.957860751698 0.805425767354 0.938379224598 0.979999996801 0.853755129835 0.827559508431 0.973788369862 0.710016986964 0.950067951967 0.87062286573 
0.824638441373 0.716408659579 0.980000169391 0.861823931561 0.743948490352 0.807606412084 0.863680640449 0.957470182445 0.980021094348 0.838509213394 
0.814897359571 0.759955216503 0.824046622688 0.980000000335 0.957469044723 0.980072503913 0.792627849911 0.980047325659 0.8262009311 0.847384885473 
0.674851897632 0.768928054136 0.847413118343 0.968645767222 0.955015241265 0.958035897447 0.637888192445 0.670357422422 0.979991112169 0.980005266439 
0.757643980937 0.98000000158 0.59347592064 0.956912955885 0.767700085021 0.957470184122 0.870939449071 0.828668850753 0.905124289398 0.965229000819 
0.95745648175 0.901694135052 0.979999999233 0.774120876154 0.659702111627 0.707794519725 0.813826179834 0.895118261831 0.888503558635 0.958095481242 
0.979993453206 0.903609851927 0.772779775191 0.957313797419 0.799163243509 0.898685593471 0.771828685407 0.746235962311 0.957308226914 0.957483852123 
0.980000744169 0.921903725323 0.938247096528 0.808275707141 0.641391633479 0.743678929785 0.870627634116 0.95773571556 0.901184119583 0.882158768195 
0.963665202993 0.767664963294 0.945789555942 0.970969231149 0.817360552425 0.709268085471 0.830624766634 0.686755067099 0.980000004342 0.655332244316 
0.928754488082 0.709826393478 0.97666170981 0.909325855803 0.798166189132 0.717750196947 0.95747018238 0.880093394776 0.685505873326 0.980001393341 
0.97998731437 0.700232090862 0.858621895799 0.979998653159 0.820291007301 0.949780863941 0.91265602667 0.87941392271 0.788796587172 0.957489047505 
0.87053049998 0.867044952855 0.980007561753 0.788974894007 0.762392303369 0.886031272274 0.830197510595 0.958583232527 0.9574701823 0.780178169193 
0.890753012368 0.921153974151 0.908132256041 0.957450350645 0.942822782288 0.842729225877 0.749884258369 0.967777363097 0.830662241171 0.927207297808 
0.957470182401 0.980006911462 0.957353692275 0.806192203899 0.886738115631 0.654864206737 0.910137268016 0.980000672657 0.690558534505 0.780904409204 
0.920659443193 0.979999998987 0.819599494248 0.746948795244 0.821214150898 0.872076393301 0.784107534216 0.980000000403 0.957718830204 0.885011813379 
0.980000000073 0.900860741202 0.837301048864 0.957605789036 0.85520896045 0.740408378914 0.9574059682 0.979999999967 0.83792724119 0.837896055316 
0.980008384241 0.980000000432 0.868990773383 0.957470121621 0.979999779436 0.908439385695 0.843637536794 0.979999860902 0.714920974625 0.766185363067 
0.979998604288 0.957470178441 0.957470182403 0.980006096454 0.778775536285 0.5828190644 0.957869845849 0.790328081482 0.830561552361 0.816413103325 
0.618127500004 0.957455956266 0.957470182401 0.803538749194 0.8950955255 0.912260486262 0.824501089399 0.844671819442 0.979993170108 0.903961160945 
0.649103451326 0.978130225898 0.747190384221 0.701709158103 0.980008242372 0.875604203011 0.870385783991 0.797137901003 0.957477445872 0.955712462874 
0.892876872294 0.957874352955 0.712796557785 0.833338799815 0.943062008626 0.774861307272 0.979997433077 0.956979962827 0.957470037894 0.889564427639 
0.828770100646 0.957470182401 0.979999999816 0.915753957105 0.98000000064 0.957483928255 0.562810637187 0.839350971699 0.732118641099 0.71231503246 
0.82136563065 0.954406082983 0.84450921347 0.616473674545 0.788985809551 0.979999510568 0.980000000768 0.96452173652 0.870124509973 0.686658567423 
0.769972359704 0.802772296973 0.709272700489 0.879145779628 0.980000399472 0.957470184408 0.802995025328 0.826576287718 0.784731955312 0.779032426573 
0.980000000193 0.765485718531 0.957472044384 0.883590822016 0.687056310139 0.837700685946 0.979999949255 0.683777220164 0.881782667141 0.747091930541 
0.805746298446 0.957491408477 0.979999937591 0.657365198461 0.97827396222 0.850308750096 0.808689609228 0.980005529341 0.951840998399 0.741229674175 
0.866821895862 0.956802328159 0.980000522784 0.957478272803 0.729555847349 0.764443593861 0.909884583949 0.621890563793 0.880968835606 0.856150171714 
0.957575184551 0.815871657246 0.775643684682 0.872691844088 0.957470182401 0.500923887183 0.663048160265 0.89305974097 0.980000048519 0.913588548948 
0.979989855827 0.957476175582 0.719610425793 0.957470182401 0.755177292037 0.777577178471 0.909390145982 0.648908866811 0.860222740505 0.770565446143 
0.816212671295 0.921302909625 0.923271694616 0.879533198322 0.81816537782 0.957362173349 0.899558862604 0.877450914096 0.978199070688 0.757280269204 
0.913682766167 0.892786616037 0.763762737879 0.979999999996 0.898016213693 0.943849510935 0.957001844305 0.858234513376 0.712360693292 0.954274788673 
0.742005587502 0.588518978749 0.808937030323 0.964467589218 0.957470182266 0.865931919535 0.635104498037 0.718376429927 0.980007703332 0.777818254786 
0.957500121329 0.873977217103 0.957467699585 0.873869385106 0.979998296965 0.979999451028 0.924339994812 0.540063600201 0.702201827316 0.956263326623 
0.631070123202 0.979999999751 0.812566124949 0.897235823868 0.689055274122 0.955849656096 0.980001319499 0.877687296723 0.980001711895 0.864920077842 
0.635832941694 0.718769528368 0.964372920462 0.865616046379 0.777750280119 0.741904717691 0.808958083434 0.588184807397 0.957470182263 0.980007933883 
0.980000472741 0.802604478112 0.979998177064 0.979999999314 0.88836960633 0.956118242436 0.888418100547 0.684480100746 0.900252448304 0.766628653315 
0.957500720257 0.979982023778 0.751141980518 0.739370280507 0.89427459258 0.885736674297 0.75176363186 0.894650835238 0.957470182401 0.980028037827 
0.892802644048 0.895085389648 0.820800547944 0.957467524511 0.806208356126 0.78266919363 0.957851042026 0.821135633571 0.656504247935 0.980000000004 
0.797873371458 0.979999998783 0.841366281772 0.811234288001 0.956147178443 0.779757187169 0.887368012059 0.660643070134 0.957746078715 0.879543237585 
0.855141984276 0.979995797781 0.912436936517 0.957470464056 0.824941136291 0.7839970501 0.865374322523 0.83402291345 0.799553651935 0.820772956397 
0.819094004156 0.9575608602 0.842600857285 0.957437754806 0.83296588815 0.771504430146 0.892020357546 0.979999997445 0.844872608249 0.943779540336 
0.739861212816 0.980004411304 0.884333263049 0.626020799163 0.9785145366 0.954289733529 0.712178739664 0.957470411358 0.843776355243 0.957470180868 
0.952576353834 0.692914136283 0.777579239548 0.980000000298 0.610558155841 0.957474288286 0.856581847313 0.829804419317 0.856547095653 0.851832419283 
0.957729516135 0.89169930962 0.98000150706 0.603109783055 0.980009357076 0.979998624703 0.980011604097 0.63309174989 0.802528684067 0.760153096534 
0.580534069805 0.957470181846 0.725255188837 0.579074434706 0.701615625156 0.980070230629 0.957470182401 0.652682270927 0.979875623021 0.895652166371 
0.940933554915 0.900497788736 0.898392379428 0.712965622317 0.957041240049 0.954293165947 0.980000002085 0.930100737364 0.859321347584 0.765308428143 
0.825136110061 0.877997408736 0.980000000788 0.712320865543 0.740549675041 0.915500311843 0.800283469947 0.954021053787 0.844544569811 0.980000000029 
0.638098160056 0.878478476914 0.799867206787 0.885554938585 0.957470182024 0.803147132276 0.734225667359 0.980000000004 0.828455986926 0.834137324784 
0.957458994864 0.958625421171 0.925538335415 0.747779085656 0.898579786903 0.979999998332 0.820791956943 0.833532312197 0.78643798777 0.896214122598 
0.957469106248 0.980000000178 0.958855107224 0.836263181383 0.772338239947 0.770183311775 0.81456154692 0.786607842992 0.980000000048 0.596048202663 
0.826743722982 0.957461055502 0.757517430676 0.885971500864 0.92678676376 0.787913956892 0.938089394413 0.980015173728 0.957687015624 0.801631809894 
0.957470184082 0.590306638135 0.766675013669 0.95690389997 0.980000050905 0.754379412429 0.961195547294 0.904271307238 0.871603251518 0.827067005116 
0.979999999585 0.844749264399 0.741752123988 0.979999184985 0.957438187912 0.853856725192 0.772205492331 0.853704876443 0.980004144068 0.845882567633 
0.835874371441 0.887755862107 0.861407959394 0.827772557877 0.747950542886 0.980000029928 0.957454666948 0.835432268954 0.980000047325 0.957504341844 
0.754744773948 0.980000201726 0.897958437331 0.90829988756 0.645956168196 0.979175837863 0.739691143602 0.901734078241 0.6835714433 0.95747018245 
0.817112859683 0.979999999791 0.957374872253 0.95745946675 0.724262669812 0.930757641914 0.828187947054 0.980048985971 0.814067642039 0.837529532198 
0.750234661139 0.957471497588 0.871439586458 0.755878909918 0.920941808319 0.878043725888 0.777702122656 0.562833604447 0.980000025187 0.949212352663 
0.980033649233 0.873427730406 0.957493511661 0.83772087258 0.911859586776 0.98000560639 0.957470182401 0.761907461721 0.67923264245 0.920001909764 
0.964517108025 0.777633772011 0.964730369436 0.836665052955 0.836956115192 0.744054984127 0.851372244907 0.957466434008 0.980000528298 0.849449374154 
0.836314185952 0.980000199846 0.814213643022 0.744823990616 0.792572356267 0.8686546272 0.880201680383 0.957469874926 0.951422885792 0.852335408635 
0.957470182401 0.980000001506 0.899067540554 0.860460805817 0.712643989841 0.689979252889 0.957511139697 0.915961233497 0.776500492414 0.801789064267 
0.705767656393 0.676740840999 0.762487597673 0.980000001844 0.975882440207 0.714859651519 0.854171776489 0.82541305973 0.979993252845 0.957470182322 
0.770197391636 0.819209465327 0.882553827776 0.951939716173 0.957638145381 0.973674204079 0.953796397273 0.895584494227 0.797205905932 0.71177654316 
0.82076596927 0.980000000831 0.957467527374 0.892686165533 0.782722942299 0.821250351904 0.806218093926 0.957852480738 0.656504549701 0.894998149698 
0.794776200078 0.61517783756 0.86104201333 0.95459282354 0.939675625478 0.979998720771 0.979999999867 0.954020849058 0.888959278894 0.771487416249 
0.957470182401 0.930125312339 0.957470182391 0.979999988182 0.705918324469 0.727877193558 0.650919686305 0.714248031372 0.821229391745 0.980000000375 
0.957470179674 0.730224811644 0.585989204491 0.808483487792 0.98 0.954840150983 0.783108361801 0.979999999701 0.757802090828 0.979999999474 
0.893718705252 0.954968432576 0.745813950596 0.957470184722 0.868116520469 0.979999999509 0.821305644671 0.607151694286 0.74773840446 0.829820704132 
0.979999824013 0.81777693402 0.665313816641 0.777103369372 0.799638485227 0.84533344564 0.894941571335 0.957470059144 0.979999995528 0.957470192996 
0.755927178787 0.863037274324 0.843075990063 0.876071880295 0.863087604641 0.605794066187 0.97999999114 0.957762291186 0.979947667671 0.799412208093 
0.957225836958 0.95778837082 0.904428785801 0.860515198708 0.893499645493 0.846311123096 0.980033633365 0.71835193837 0.957775624763 0.95762662059 
0.7545712771 0.773270595578 0.899673035699 0.886957095965 0.957469884483 0.936805047681 0.733811622634 0.916539768555 0.980000000006 0.980000000969 
0.783201262738 0.783699894286 0.957458416174 0.844708519482 0.97346106933 0.873196405711 0.963140175065 0.927666952831 0.90502489298 0.851009642153 
0.742251264955 0.957418843849 0.96301977085 0.840364647135 0.822510099048 0.792932357306 0.870033684546 0.757082410819 0.979993406651 0.842849290449 
0.613635697333 0.884743762343 0.775242762839 0.980000000127 0.957470182327 0.828331284313 0.83134957433 0.908781964951 0.897123193786 0.958275126962 
0.955996225828 0.957469999155 0.97997936885 0.920691657497 0.692246093738 0.855038944424 0.980017385664 0.846083811055 0.797067250686 0.707614689201 
0.74404762119 0.979973317753 0.980000267392 0.738525495123 0.824578316926 0.896160696054 0.957470182381 0.856709362673 0.741775645188 0.914091876575 
0.702073989377 0.980000097222 0.980032187658 0.796938380694 0.841477046394 0.803219644903 0.979997158659 0.799381685824 0.842828215613 0.957475539447 
0.641311261963 0.771431881062 0.797026832869 0.980000601555 0.923582007298 0.919805318155 0.800267574899 0.76412693394 0.957470175362 0.822390803238 
0.824930203629 0.905994137439 0.967537845836 0.980001355292 0.74013393026 0.957470182401 0.922069576053 0.809063993618 0.925653256974 0.677651445053 
0.980000075971 0.980004812508 0.744034478456 0.910097971057 0.724763570288 0.957470182399 0.914809913123 0.66356718549 0.582359337289 0.759334534773 
