0.956472466859 0.802024580781 0.849571007456 0.694174370443 0.954222978535 1.00359451249 0.958207018989 0.775204062545 0.994887435735 0.832670616009 
0.863686423964 0.855553785528 1.07632147985 1.11050024523 0.909806424607 0.82563763544 0.957470182403 0.824437924262 0.828114723345 0.724414203329 
0.7549875704 0.957470182406 0.958461374828 0.777265615303 0.674588031218 0.857992065717 0.882548371318 0.985763055404 0.9586390171 0.772954518006 
0.838739733416 0.846591166798 0.957470182401 1.09104477501 1.13310186576 0.847374150059 1.22101973287 0.677959036666 0.631580996197 0.823714728527 
1.00834161221 0.867952803033 0.874402275839 1.03520486722 0.818080449752 0.680554601923 0.963162420109 0.957813129786 0.957470220474 0.790596545374 
1.02144206704 0.887127358703 0.709250639079 0.780174124153 0.95748564133 0.924072948613 0.744918927694 0.957470182401 0.864882171603 0.899121483757 
0.719978366883 0.868155132956 0.723446053345 0.957470622151 0.921650766607 0.588633024272 0.705475952718 0.938753120678 0.957454104621 1.10087316744 
0.674571612305 0.957435910695 1.05504903874 0.963641877309 0.957470184296 0.951664212338 0.875592395065 0.661429181264 1.35561901139 0.626380641917 
1.02066072401 0.487244660402 0.813064035114 0.839203441229 0.99120432472 0.957470182401 1.02304510097 0.884343857326 0.654972057679 1.25721579777 
0.921871169854 0.548603946112 1.05666480051 0.957470175576 0.775274188726 0.746026789536 0.993141842679 1.19029021067 0.579466238454 0.957491906498 
0.767973360518 0.738359560107 0.86362679577 1.01804364957 0.863598912996 1.10139478718 0.95745082615 0.84365836509 0.845331892527 0.978093726383 
0.957470195357 0.906527924481 0.95747016437 0.944272885431 0.740801699818 0.865034068128 0.858613846828 0.658606563438 1.32672107484 0.869906097085 
0.984460204316 0.735028844322 1.2300925287 0.668301052087 0.702642600963 0.954439134386 0.855037926099 1.01026559126 0.801953123308 0.957470182404 
0.787064900791 0.809016756617 0.925657026105 0.957471016625 0.960970811929 0.898847673393 0.896249380278 0.856327934645 0.735275687533 0.88998125137 
0.682963025142 0.958674026211 0.940780054416 0.917968245716 0.889265115518 0.957434626689 0.748920431441 0.840843529784 0.864293854938 0.680581122242 
0.957470182458 0.957470182396 0.726499318331 0.895995945376 0.71735167598 0.999406018239 0.968322458185 0.911323101282 0.726709211596 0.7500000123 
0.88845895799 0.880160040026 0.667157056552 0.792892641605 1.0968398938 0.940304673318 0.957204518472 0.821729847985 0.964661317693 0.831516697649 
0.833454403094 0.875437624877 0.957872780502 0.723221827456 0.852674210885 1.01515264977 0.843396877957 0.8217356001 1.05126420815 0.849148967099 
0.775652574589 0.837821097267 1.13656735707 0.856034455694 0.832265960845 0.771291413098 0.957893421707 0.929666627497 0.954072737849 0.794368344138 
0.860706286194 0.63894196155 0.957470182401 1.08651525482 0.954308549597 0.81604161229 1.25760242738 0.895754827826 0.677047036607 0.806714184329 
0.851141695106 0.957470182401 0.835147455439 1.08448949618 0.754397666177 0.760607267494 1.0684433422 0.710809265413 0.799116672585 0.896456470884 
0.959172592459 1.04031650463 0.881130999906 0.746224240383 0.6398899133 0.828204760652 1.00351599721 0.958361720025 0.916417739187 0.772689273373 
0.902176480043 0.961999176216 0.957470182331 1.06303378598 0.846418044513 0.775747335872 0.808461419614 0.831839891019 0.892416483177 0.960761026501 
0.854241105573 0.794431839898 0.828454850587 1.24075197784 0.777677006156 0.9773833541 0.882459411525 0.698019799168 0.948245862223 0.957703931147 
0.966012616165 0.887820600685 0.957470163068 0.808570767553 1.01639370473 0.799396591478 0.842342465575 1.02867780608 0.730548993046 0.905742212525 
0.957541019326 0.621239426128 0.957449043328 0.773621189055 0.974642396768 0.744962708729 0.886111748052 0.840233714441 0.847469386594 1.34523235638 
0.697821285324 1.02602354209 0.777923335941 0.808839164082 0.890052876012 1.15299296381 0.856420701601 0.957470182636 0.943185765203 0.886270038268 
0.957470182401 0.773889892678 0.862907433652 0.908356745978 0.942472489534 1.04219132527 0.957468439551 0.722316855799 0.873500665149 0.752851231717 
0.652827606353 0.984067847484 0.895687215213 1.01276314094 0.852855704786 0.925289966031 0.957438834648 0.683841595255 0.957470182401 0.638639237771 
0.776000851088 0.957470196961 0.822310759149 0.939753371196 0.869416517431 0.837435148327 0.802772001488 0.9570338471 0.70142509393 1.09171594867 
0.830179465282 1.06397530803 0.824930473684 0.797604174789 1.27872522317 0.648386266492 0.879146397659 0.957483073443 0.862859689888 0.851956199523 
1.03075941017 0.973152129632 0.824813400093 0.881042600076 0.957470182408 0.905550852141 0.704454402255 0.957463295605 0.902879750608 0.828985172953 
0.83679094215 0.898396143476 0.80214754311 0.81973034679 0.821000105836 0.840386572713 0.957815842701 1.12529150481 0.768159134643 0.986314536864 
0.957470182401 0.706123774545 0.92565192494 0.881232633285 0.920668004131 0.957470281123 0.915425266404 0.717866572807 0.975397317778 0.707772223062 
0.957470182445 1.03765191474 0.820330738484 0.663681142682 0.788496327308 0.700051936642 0.782155637375 0.949668588857 0.902744930406 0.95747018233 
1.01118171312 1.1813999785 0.888884179484 1.21326471984 0.956148258992 1.08534554288 0.727244321754 0.701168140285 0.771004069753 0.862965734783 
1.27730629124 0.824850676797 0.87909512422 1.06595100974 0.647194466231 0.862773961471 0.796999779255 0.830443847221 0.957483713829 0.852297082877 
0.932908946299 0.917224510361 0.771884496226 0.719953304848 0.957470182401 0.956675853727 1.17084870195 0.685670033697 0.804675907728 0.871475504104 
0.957345640303 0.804399604759 0.938166584832 1.08983675829 0.858379791744 0.836090715107 0.967760283814 0.706899406811 0.972799892925 0.861386640769 
0.836923227444 0.724685470412 1.07644552034 0.827763694055 0.863781638017 0.821048406999 0.905760293011 0.957470182403 1.11008350391 0.84664524707 
0.842433606051 0.810681334967 0.859904810243 1.05802123096 0.957469855504 0.990668236269 0.802115817637 1.18143652088 0.837154894976 0.865385138859 
0.517082308676 0.864089951636 0.913308025734 0.988575030893 0.955277162084 0.959070300152 0.716324547678 0.647831600173 1.27072841172 0.93378301463 
0.782239962074 1.14791500478 0.536091192844 0.955079321904 0.784355505179 0.957477355424 0.949938355722 0.848201076696 0.787842528627 0.964659438149 
0.957458132248 0.902231633892 1.03640037174 0.777542074972 0.663705438416 0.723697733128 0.812848889856 0.89336048011 0.892801162679 0.958001404983 
1.01534248685 0.903414159284 0.773860823449 0.957318155775 0.798996756478 0.900631596657 0.772250271922 0.74429099572 0.957305146857 0.957486078194 
0.994943663939 0.926933347848 0.961641083299 0.807316929054 0.642235861673 0.74578139817 0.868337383112 0.957583655927 0.900833078321 0.865667617572 
0.958525667853 0.752463116794 0.898574781702 0.961017967534 0.861250127912 0.758936082655 0.801960917609 0.71971678575 1.17274973117 0.692598346922 
1.09339225847 0.682272543534 1.03642447125 0.880865709455 0.74735500257 0.803727449828 0.957470182401 0.759116029182 0.760589358855 1.07685971462 
0.898269590234 0.694108716941 0.915126218092 1.3199983891 0.818991635674 0.877954215884 0.955453211924 0.873887801411 0.843012968108 0.957470182502 
0.868219211584 0.872749695653 1.01576231174 0.786422033883 0.762276124739 0.889477366613 0.818511032737 0.958618575586 0.957470182335 0.778830981329 
0.890785323611 0.921168358801 0.909100935814 0.957450413694 0.943656356611 0.842755423631 0.74958233251 0.96759711651 0.830570231947 0.928689459313 
0.957470182401 0.946666996128 0.957364643666 0.867267688286 0.71331934567 0.779478571892 0.892317783822 1.31871335128 0.692077893383 0.881848269427 
0.908906837695 1.06071159423 0.815945577677 0.748777517279 0.792674412362 0.876788704766 0.722704739664 1.15581959252 0.958216136548 0.904007782565 
1.00821041152 0.900405428831 0.838642440831 0.95760643017 0.857558672886 0.741249243833 0.957410920748 0.986136010034 0.838594563796 0.836936691397 
1.07106386214 1.11194970883 0.875270825034 0.957470147131 1.13492139838 0.995312845649 0.823667588395 1.1728807327 0.730946347828 0.791053523446 
1.06446193421 0.957470182359 0.957470182447 1.21283119171 0.787696182235 0.661385877403 0.899035288287 0.862676644211 0.856286839478 0.832696773386 
0.684207076735 0.957448472789 0.957470182401 0.841723999216 0.855345541106 1.14149829865 0.858462736819 0.729191191439 1.17424896046 0.935283876329 
0.651146890676 0.972679764391 0.75598386535 0.709071560966 1.12184226076 0.956911942676 0.898144040073 0.821968953364 0.957470202989 0.956847976071 
0.907663842121 0.959276856182 0.72509524649 0.781879413534 1.05273351002 0.754218019129 1.10649568434 0.999630119525 0.957467364861 0.88248453764 
0.830369461283 0.957470182388 0.923451090102 0.958750602633 1.26747556528 0.957483353179 0.52883971641 0.842607578475 0.818447330679 0.599111784148 
0.860958018412 0.955762819134 0.840316796549 0.666098554091 0.790824642733 1.0003311635 1.12532054381 0.964061140719 0.86175174832 0.702883645237 
0.830123441923 0.8180338903 0.711905882777 0.896133221476 1.0428735677 0.957470182423 0.799484146328 0.858884849811 0.793950264098 0.796740605966 
1.01198573126 0.779071224673 0.957470385722 0.849129045535 0.710205136629 0.839598674179 0.996264197442 0.715879204729 0.877861930847 0.748918358075 
0.723124403593 0.957470185471 1.37303615103 0.660564578635 0.919637064158 0.987980348458 0.733348532042 1.26026336934 0.957450238994 0.734010377859 
0.867337957519 0.956758506302 1.04509553313 0.957480566336 0.728968532766 0.766302761773 0.908650883062 0.626812747935 0.883451344326 0.859130033907 
0.957483566351 0.701356264901 0.788872958748 0.892470891609 0.957470182401 0.642313954501 0.716921802376 0.871200150751 1.20930072892 0.969602028228 
1.00801855186 0.957477768499 0.71645211264 0.957470182401 0.75438099374 0.773031539367 0.906351079682 0.655244496379 0.859375151307 0.768414098493 
0.81707215064 0.920246713769 0.924249277885 0.879653922636 0.818371725317 0.957365103505 0.899644542608 0.876874807306 0.978066763985 0.758674910888 
0.911956903258 0.958087279453 0.772129460728 1.03801512319 0.90666953127 0.95584969823 0.95703387283 0.865750445169 0.709633705402 0.956864693472 
0.741009504415 0.603611628232 0.827603259174 0.957952307973 0.957470182329 0.872909475196 0.670628584096 0.737500115046 1.12537823634 0.777175615734 
0.957489409961 0.885360374509 0.957470052884 0.878004638505 1.02566932801 1.12330159586 0.945100144932 0.55094417433 0.730652312627 0.945191067236 
0.654680113578 1.04832512637 0.810780873653 0.843868944175 0.704388847124 0.956743393996 1.01476700478 0.879894637583 0.999683492563 0.858834996263 
0.671474278588 0.740012995348 0.95794188941 0.872353205238 0.778831325164 0.740394686162 0.827570129549 0.604449862002 0.95747018233 1.12626481496 
1.10994142951 0.807630238299 1.02667688934 1.02922323884 0.850418205348 0.956920482123 0.884149877341 0.708549343332 0.913018784589 0.765493291609 
0.957499472198 0.979260462225 0.78619742189 0.743698585342 0.890329684627 0.882887765897 0.725411718297 0.893386179316 0.957470182401 1.07124334629 
0.903669644177 0.910314169376 0.818616781657 0.957468852851 0.802314549263 0.787328137039 0.957776198808 0.795331347006 0.66823557082 1.12374399949 
0.815740661712 1.00970764443 0.837940016114 0.8149723386 0.956494654054 0.776051952136 0.892490262305 0.65912421325 0.957817604817 0.873336295574 
0.883655157628 1.14930999504 0.909037987028 0.957470195333 0.799506220479 0.803796917199 0.851390249369 0.854702996905 0.821356835916 0.822795361711 
0.819293316059 0.957560267019 0.842368797205 0.957440306396 0.833910568818 0.772555955963 0.890989924179 0.99166516467 0.845174851278 0.942565536781 
0.717655192916 0.991486899621 0.990032234155 0.614703859641 0.954620350789 0.868300000068 0.811003664591 0.95753863921 0.847877680845 0.957448962901 
0.945663715092 0.708362349647 0.805159584286 1.11255187431 0.660582441305 0.957470991855 0.877103163684 0.816312412207 0.857169269298 0.855906396444 
0.95768827199 0.859768662242 0.988328329267 0.604718581277 1.01483852996 1.04911455549 1.00298456753 0.654637783229 0.814336114254 0.763492185333 
0.578432000202 0.957470181654 0.791380935689 0.629649604675 0.750086384666 1.1224939978 0.957470182401 0.673098748969 1.0931274522 0.895560938755 
0.955603453564 0.984003573706 0.905205461412 0.712093115328 0.957108157976 0.957013989329 1.05173436019 0.936454339632 0.859539474295 0.771075446144 
0.832879494995 0.829336734687 1.05286431473 0.746749815505 0.727145359905 0.985040866738 0.806824690518 0.957024363439 0.817109353846 1.09284288165 
0.730299141175 0.80428947524 0.804890725385 0.961592899889 0.957470179802 0.766236173162 0.775776318252 1.08057857427 0.832632743587 0.858931059318 
0.957459821596 0.958769529307 0.926929997671 0.750439872409 0.895946497682 1.00102124851 0.820856889133 0.832175957564 0.787497491115 0.904945544302 
0.957469226974 1.01647755537 0.958416602357 0.85720571485 0.755249536996 0.774653100766 0.820149215263 0.78554724727 1.09516187118 0.647859602072 
0.827972331492 0.957463685864 0.761898724542 0.895817390303 0.902794272866 0.805973163831 0.951702139682 1.1008062517 0.957744643581 0.80276981955 
0.957470182167 0.659181848404 0.778851642548 0.956621444608 1.10624513899 0.751347749835 0.993395442754 0.804663744542 0.839940670351 0.832766890506 
0.997952961628 0.846509401723 0.750992003591 1.01224249809 0.957452663361 0.864627085988 0.769305408784 0.849693551413 1.08228834636 0.85061888166 
0.77718702607 0.903504423861 0.913115572811 0.763283650172 0.644929054469 1.02670835136 0.957463674483 0.832359845919 1.24746946271 0.957519451641 
0.831719418506 1.04046012774 0.816299548447 0.905016455239 0.65097566306 1.01716826619 0.812735756208 0.887133675828 0.676695577714 0.95747018221 
0.816739937475 1.11292463961 0.957344240687 0.957457376689 0.729086371125 0.98106773571 0.830854489602 0.993349957067 0.84171109745 0.843778576297 
0.747497488341 0.957470338354 0.872310340798 0.807073458889 0.932676645835 0.879565207957 0.804504093844 0.567092083295 1.02136660939 0.958706693804 
0.992094604057 0.872217751801 0.957491041776 0.838061674955 0.914169945074 0.986874031936 0.957470182401 0.762718769337 0.676804186335 0.917361414299 
0.961074950514 0.771646467883 0.958330357548 0.848862010939 0.824612748828 0.744142543102 0.839064781338 0.957469565937 1.21543120387 0.860969837278 
0.845385104133 1.05585955737 0.827137928072 0.741474840974 0.835201218837 0.860729735849 0.877512625966 0.957468699906 0.967631733483 0.853699156986 
0.957470182401 1.08861677343 0.892788737997 0.882676891797 0.719135706916 0.696585439526 0.957519694127 0.914836314769 0.750050950218 0.863492075919 
0.749815918759 0.675644048144 0.862482959226 1.06984969035 0.856014983308 0.729944594576 0.870102206579 0.841989237219 1.00693294434 0.957470182047 
0.770197391636 0.819209465327 0.882553827776 0.951939716173 0.957638145381 0.973674204079 0.953796397273 0.895584494227 0.797205905932 0.71177654316 
0.818480397405 1.12399292683 0.957468914876 0.903411888026 0.785800567319 0.792938987573 0.804453147149 0.957761985379 0.668277997606 0.910462843533 
0.791037435216 0.645343017961 0.871974545038 1.0078521834 0.966963056032 1.09784453264 1.0332608774 0.95657070561 0.855476937035 0.781415577139 
0.957470182401 0.923636001039 0.957470182394 0.943656397464 0.690310998921 0.699770030653 0.678203603228 0.715742755913 0.816300209191 1.0687324189 
0.957470168763 0.779667119576 0.626217016038 0.796806749149 1.08258051834 0.95711795008 0.782105615916 1.03344404096 0.755188091088 1.0014175299 
0.864483793049 0.953655950072 0.752932221845 0.957470182214 0.879729911144 1.13238621873 0.828706993125 0.632362520841 0.763221059861 0.836960658028 
1.0719980658 0.890884459408 0.624415790857 0.769505132752 0.842195053689 0.794063202111 1.06203792982 0.957470182401 1.26453045096 0.957476379573 
0.79441611167 0.858931333286 0.841450154792 0.90329396799 0.858292870752 0.600802944294 1.10189238151 0.957485762048 1.02188851719 0.828100535974 
0.956487378803 0.789025139052 1.0232761869 0.858702191589 1.1757535344 0.880049483419 0.946569767672 0.729662266982 0.957388123741 1.0916474211 
0.790413630014 0.758880829557 0.946048912489 0.872319093273 0.95747018231 0.925853775873 0.750989350726 0.946029541474 0.960777107812 1.23124626216 
0.783201262738 0.783699894286 0.957458416174 0.844708519482 0.97346106933 0.873196405711 0.963140175065 0.927666952831 0.90502489298 0.851009642153 
0.733110304427 0.957351072343 0.964853560854 0.844826419151 0.822266763523 0.794373054217 0.867845720141 0.740099373517 1.04348216697 0.84214858135 
0.613371209533 0.884707949782 0.775382144743 0.982267708441 0.957470182326 0.82831564715 0.831355870848 0.9089166328 0.896601665021 0.958274465903 
0.95617606233 0.957470182424 1.23925455702 0.946416438675 0.713906353956 0.760193459717 1.06295457369 0.842020607116 0.945632193032 0.713589257817 
0.766329371111 1.10881733123 1.09429396702 0.875424814325 0.888998544754 0.963594289682 0.957470182014 0.813462642786 0.747646573322 0.932793652068 
0.658408443653 1.14823215657 1.06164075413 0.828094823882 0.844113480863 0.802398128199 1.0003904759 0.822538443507 0.830152936642 0.957470213985 
0.662406519972 0.758276747999 0.852303012848 1.10187765916 0.954461882416 0.940993843411 0.84010685828 0.763968141742 0.957470099402 0.816286611396 
0.870730434118 0.977665843031 0.839385145068 1.39296309649 0.728223471104 0.957470182589 0.917159657105 0.745216655712 0.95748445698 0.740604135883 
1.07441776955 1.21703273829 0.798207668029 0.821391613041 0.761257991164 0.957470182401 0.977516877456 0.709151181076 0.656857110866 0.786676415364 
