461.686340963 336.829127195 -181.254554262 144.014349278 252.292958373 -300.212390141 58.4265144056 -57.6736187358 -422.586241145 -48.942149427 
458.649782101 -461.686340963 -56.2375298153 172.715981432 -210.505480801 58.7931959112 347.221781823 -331.459915874 277.099059547 -71.0320176437 
223.196881007 332.778385239 -24.4036732822 -318.690788865 112.241027853 -17.868075488 -308.913075703 -170.005088761 -454.407803112 450.403280325 
268.470969081 -309.474165525 350.923949617 49.1439072246 -170.46849126 -455.294832814 166.002391887 -60.7046240001 -57.6059707901 456.638480592 
-454.405272087 -95.6461852364 249.302629078 -327.412687541 -193.287166675 31.1939631503 158.418698313 32.1542589764 335.966998238 456.881473874 
80.3797003366 319.367416815 -54.5467115232 203.779277819 -33.8763113698 -297.789149606 -347.975814018 424.168504154 -176.257697747 -459.230781059 
-102.963178556 -318.213183137 59.5334422283 202.371157602 -439.957972371 -202.470193526 115.530744091 324.68476966 437.220007917 -57.197246944 
-163.74408013 460.584654484 258.858169306 -334.669512458 141.52598696 -457.698495224 338.105339674 54.899329398 -71.8185366863 -218.508341016 
-301.894494321 108.341206678 -340.373626865 150.976549171 14.363669043 451.3860869 -179.665521948 -461.477792475 -82.7068593777 293.68870761 
-304.480586581 246.602606765 34.0925606612 458.104386455 329.253082605 -82.1628806022 -438.029669666 -174.463280039 -69.4166431639 160.445830041 
456.03125668 -120.444029799 -234.288985904 -29.0983817415 -461.686340963 211.078673481 340.101801216 34.2724002539 -335.482760466 96.8832545285 
187.87834676 -337.142676634 431.207952352 -458.455669217 -252.154633715 -147.500236013 298.323152678 80.4535182535 -22.9804342813 454.405273018 
-73.6526969147 115.043711984 27.3909825157 -337.595118073 -266.936822604 461.686340963 334.353854386 -441.767720982 -180.482036039 226.771086109 
110.333303121 461.686340963 -461.686340963 332.438990004 -38.7705983968 -171.185788972 -316.205147453 -0.135856403841 -310.406294315 223.659672792 
-76.5104900835 155.584168608 -455.689280143 39.084784288 274.573908649 399.013819361 -304.891990644 57.951415594 -329.225814431 -191.644867448 
68.9068370754 454.405271557 80.157626697 -150.45422182 -347.732730566 -264.887951917 -431.876079358 338.653448921 217.3098387 -48.834703504 
-89.6615060532 -457.850354837 -57.6354643857 -340.453926107 36.1790455466 -222.460862265 231.155630944 461.686340963 334.720785723 121.995016912 
459.775966861 -125.574308061 191.266285535 -31.1033047914 -336.259666401 81.2669982551 327.922323259 85.4433242835 -244.24514 -455.881445789 
28.8575054151 -320.958443171 -65.1205054685 -197.122997627 455.159503992 -325.280589122 316.786738802 205.156723207 -461.686340963 127.622241535 
94.601124137 9.97158042289 367.584898384 -106.56150454 -221.32362742 -323.720539848 202.671118773 -448.507193691 -42.591240471 440.649201312 
-327.352696663 317.932388713 46.5108759563 -57.9790729168 418.572274542 -167.383421533 191.839856787 59.7051488909 -296.647132099 -457.728483987 
298.858022379 -440.943634733 -301.151489866 -135.884650556 -192.303795863 182.64103391 -39.8134739847 60.6204912369 458.529961076 332.597376425 
-461.686340963 135.130835683 338.198877879 -131.530476448 -0.068539092815 -229.463905207 242.408924175 454.424855702 -323.380472267 4.6501390513 
-451.331582862 -321.286546146 320.087175732 50.5769365041 289.428829709 -91.8087756604 -201.49344151 26.3284720452 460.754312781 164.445174037 
-461.617205839 263.531227521 335.682559227 -226.94182265 -117.96936617 454.803039841 -329.431906945 26.9679976634 -17.4084254104 158.951998013 
182.697610476 -60.3192776096 437.185233079 -170.310896612 -461.686340963 -285.902462324 304.937145583 57.9790503803 -338.482303859 66.4936259867 
-75.8276749138 -59.2383986098 -326.465131751 461.686340963 47.4635060428 160.561909526 268.719039246 348.790097821 -440.063800417 -204.588889454 
187.402567183 -163.2392185 -286.03529777 112.11440416 322.824852711 -0.480635147484 461.686340963 -57.9790522913 -456.006569538 -347.591575658 
-206.354699396 10.68405978 -329.758185683 323.663691739 -303.499271093 -461.686340963 454.376688515 106.029343468 172.360144913 -146.488787287 
190.266878703 323.691050869 318.384444157 -461.686340963 461.686340963 -327.272752042 -199.609609203 72.8570746534 -48.4930303112 -62.4804866608 
443.838866967 -200.192615631 106.34947959 -316.864465575 54.9206504624 -87.6040205309 -434.9889675 175.979128512 -46.8066853638 315.173077789 
-73.5462893948 84.7558273193 -306.662458615 30.615748627 187.100476985 320.653642238 -365.322311574 459.631193388 -452.626013373 -191.566274026 
44.1716556375 -221.525370968 436.979255629 314.556119828 103.528169937 -461.686340963 184.035901597 -59.649210856 -338.325961302 -116.195532556 
438.626220858 -337.165804598 326.293963632 200.160274393 -233.10368698 49.9456494032 -439.957945681 -189.588377078 -84.6936960137 71.8750387553 
97.2474820484 -461.319403367 -119.310836808 230.434481284 -25.1863235581 -224.900610692 91.9053705288 -332.895743712 344.660122887 454.405271476 
133.459807854 -210.013267231 -428.401487647 26.403952111 317.727812379 -62.2818896418 -92.7360794019 432.483287837 -323.233870094 213.756497041 
55.1540453801 110.284897758 -437.862832179 -199.100922185 -87.2769196536 -45.7013313349 -317.246072741 443.414617341 174.996057717 314.549973562 
-101.260931658 -432.145932766 -226.499091715 -332.307009759 221.471903182 455.286481552 111.288488018 57.9790260753 -10.2882075887 326.823368997 
284.525384123 349.231897388 454.679690475 51.1170094235 0.38427641761 -461.185996046 -197.910606445 167.38511 -83.0132556854 -320.577756733 
-332.011501085 -71.8983367514 -56.3616260316 276.006589487 459.022950347 57.9929799416 -211.259496375 347.851870659 171.798146312 -461.686340963 
458.959531585 -11.2249653757 -107.75085067 58.0259055968 331.617701321 -230.055511405 113.872376475 190.528311834 -334.789090526 -457.520955036 
-198.351444392 -330.755437062 308.950174667 -461.686340963 419.323914195 221.120218743 -159.782430642 74.8020698886 -60.2500133776 112.325545252 
-16.5961536206 -93.0735213748 23.5660111802 461.686340963 -211.985120472 242.495548535 123.537143069 336.167913695 -334.133428704 -454.582986828 
446.471568142 -455.681504148 194.40593216 -310.437084616 -181.571591003 -65.6219129929 65.795680529 -316.891718217 316.058828008 52.9819041422 
-138.402673604 -259.632322628 117.458758079 228.871121633 325.148737461 -444.331402 -340.022005955 -20.2217458805 457.420190773 0.0 
35.8990877753 -457.119360799 -117.625626867 455.359595021 168.47397089 -186.158782198 279.926278375 326.258572926 -28.0263283535 -314.709562754 
154.977447093 -58.1446755691 332.454482516 -419.549080356 -313.224372237 442.042959673 232.13439456 45.1988862851 -59.3475724705 -192.800707931 
342.65197296 -46.735745898 100.737020115 -439.109305773 -184.287676641 223.73025746 450.540172241 45.9221418202 -318.115336553 -170.278223495 
-459.497896352 43.2030531336 -337.971957621 -44.1480084671 454.846436795 -166.707763204 326.196899081 255.491510659 -264.208939259 170.266283201 
-28.8603563249 -307.255355252 120.113453131 -321.591667076 231.603683347 -461.686340963 -160.623388259 -7.91231548962 331.697921813 450.842984661 
-316.670272145 206.794106566 -461.686340963 328.048849765 -182.608143672 50.3711326043 -315.094398864 80.3830548987 461.686340963 -60.670722048 
208.369533486 -72.0076343042 461.686340963 -177.227810438 -324.606829314 114.469523117 332.394915617 45.6434718039 -223.9661012 -451.634927657 
-454.055332489 -309.397542554 115.042287028 -176.787773544 -320.545777589 458.730244345 -82.4520629011 27.5352678044 170.294061134 316.93459354 
-453.441370482 -331.308842701 321.613188517 74.2720150956 213.28857085 -236.555675821 461.686340963 -50.2974262202 -172.557251366 57.9790503517 
85.7191122321 57.8842744152 -74.7999754859 354.267639786 214.240126127 -70.6677335536 -454.408284034 -212.989206599 390.502802658 -329.959027729 
306.002917818 456.665242377 116.691993889 -52.7372829912 -344.408549551 -58.7336135086 -448.65183868 -180.800823994 -289.202185459 167.273686303 
-348.86101722 460.78127022 191.721397774 -247.769651855 321.955473455 -92.3358841597 111.323936343 -181.044281984 20.6346713829 -454.417962839 
-201.159811585 -440.417708813 139.393103333 -77.7733930111 -68.6373455723 51.8099536234 351.779759479 -325.314797123 258.087097615 460.347057538 
161.948691759 47.9657145828 -133.931900962 -178.188524712 -321.986870859 457.188101545 -31.0664989512 -455.780012528 337.44649077 252.936036896 
57.9790470457 419.461279056 304.514946778 -178.60836183 -287.3544084 34.8102373795 -77.2320294524 -430.254601762 -310.792185981 171.977694064 
-213.183644686 324.619787192 -328.120167031 -9.8777766085 449.959003503 129.640405592 -113.784765371 -456.990551283 222.075254729 6.53590975778 
461.686340963 -460.780684489 -104.263560169 236.905373241 -55.8039628011 343.460724964 -334.411008608 -214.189649151 23.9623348404 123.659364474 
-34.7707691276 461.686340963 340.83478572 -317.004466849 -194.907606942 109.544267737 -434.586835505 86.2774895236 233.147297647 -103.473018366 
-158.607280126 139.056899099 -75.1849721432 -218.729540954 -460.969610439 -337.983777152 47.2155482296 214.445454009 326.653347107 436.201173962 
321.406400844 436.538312146 -115.861531556 223.10036614 90.9869659819 125.808505896 -0.833432238473 -343.093177013 -215.511334644 -461.1964209 
0.0 -47.9327799023 -336.012527411 161.817108075 408.240278264 114.492018459 -148.038893414 -461.686340963 269.028537022 -217.026663358 
-260.245474447 -60.2283251282 -348.651523463 431.409678993 208.283438804 -136.743462863 327.92625269 103.299426353 -461.686340963 -3.46332370821 
179.431210417 -461.621479071 -190.715509506 -316.690787839 30.3671122853 317.122455416 -68.9835565635 461.667439996 84.7935382711 -324.420511125 
241.323939175 29.4287752108 -93.4953745905 -77.7335895744 -221.501671441 -439.879649722 458.218835956 335.241176319 -336.378984889 116.221655809 
67.1819383356 237.022840988 -461.563905602 119.252886649 457.416894238 344.843334561 -105.084032689 -19.5105333515 -215.245893807 -327.100062289 
152.485645334 -181.401881453 419.604383712 197.59787704 -305.299087667 293.213314619 36.8503553675 -91.6914610023 -8.24195547701 -418.590233211 
-219.144370481 128.354376363 458.564174305 -337.258485411 9.63311029453 331.584566881 -454.936901236 225.527475132 9.33855554944 -111.966510891 
-104.902369427 -19.1627399359 119.40854968 344.823302912 -327.093946641 67.8231453644 -461.561291256 237.05815487 457.434112946 -215.130102423 
-18.8192168564 354.263809862 -117.419397319 106.777768332 -320.406013148 311.884302179 459.513039256 198.661061869 -461.686340963 -217.535569469 
-96.7041375857 -454.233140983 10.2827241926 -330.224697853 72.1325811488 -197.760747626 152.586191738 -316.427880004 457.571010111 296.422052384 
-313.812218726 -460.474911023 57.9790380273 324.523380781 449.829085655 -311.722901509 57.9790336258 -171.67321559 -65.4140870104 186.56561063 
-80.1833684934 25.284100094 -461.686340963 244.728979368 461.686340963 -338.253474318 336.364959382 -117.592327015 115.043582616 -239.918255544 
-461.686340963 -56.3049426897 -175.828377952 178.837187913 -330.636927032 419.27632922 -297.305329885 80.2599184506 305.919621823 13.3045778439 
454.886513732 81.4186160499 57.9781764238 325.712760299 206.160270436 -234.645037177 -331.959857055 -455.573767945 -169.43106972 -48.4511467233 
-345.363838523 24.9736578216 324.422725379 219.571893755 -227.901794255 -94.8643559654 -89.4874527597 109.409969744 -455.032380794 434.40217407 
461.585861978 -323.550576084 158.55578002 -86.1918946035 32.7416279704 272.141091382 -188.615259038 350.563673777 37.8959071604 -455.030351219 
319.217730504 -335.979534402 135.230855684 -91.9848980801 218.840877406 -109.025963817 -461.686340963 3.39424002376 447.190808994 -234.183609218 
-244.743082026 461.686340963 -14.7120980716 219.868502572 94.0459362377 -111.938645928 92.9867347865 -207.202568221 -333.937637818 340.66098015 
-439.897199751 27.8567882901 -222.19047911 -336.550947388 458.476202785 114.13647745 -79.8188043509 240.596370306 335.664481593 -93.7447758527 
235.239087452 -124.194913486 -454.405274408 439.957862877 -225.965625089 26.4208650898 -35.847033913 342.50440721 -339.61135349 148.548873964 
111.599696149 -311.612374896 -63.332544272 -455.590908046 325.639386279 -325.656607965 -178.075689784 -5.91372704078 170.294077332 457.560318939 
311.644414821 57.5882313759 185.210331496 418.572247248 -327.499805067 -457.09781955 60.4240824347 -170.391418881 -228.760905799 -59.5277425445 
332.0249655 -439.957958881 57.9790481094 -296.382473186 -54.8008899615 -312.590151371 71.2769234098 452.729781466 192.442205465 -177.121545414 
51.6251317223 299.737602711 409.7070136 -74.5580440046 -455.714552769 -321.068825332 173.718813938 -315.545315635 43.8668614123 -183.711214344 
242.670671555 23.6390957441 -211.235861621 461.686340963 -92.5837929371 -18.5388520784 -454.68650091 -333.36231714 123.158890494 335.957100774 
94.5111960934 36.3062483789 -119.776947705 -31.4848815837 338.934613843 -461.686340963 455.880802239 -233.597591059 209.393680336 -335.222821169 
-318.426429298 291.657782231 -450.792741384 -167.172510502 -67.4447554565 -289.152090143 421.395122733 57.9790119757 57.4883901813 170.287970371 
460.16237221 -3.05383692419 -336.670200635 243.726956992 -215.00394186 -455.668461415 133.608247278 -106.232133616 29.223636807 346.337598644 
-199.441476959 -31.9771901178 461.686340963 222.463549714 -324.484012687 -155.988067123 87.3450956582 80.4493674203 -452.265387829 330.514895472 
43.0222637439 342.61106938 -222.796562183 461.617652542 -115.199038598 -459.349122335 128.692206511 -344.890082422 -2.94935381199 248.536289617 
90.3268715949 330.752022908 -29.1235579831 -174.277112942 -328.423916255 -456.552313958 421.523177516 -48.4884045354 -289.705106167 221.428135425 
68.7249839234 450.141884941 -58.1382657993 -461.686340963 -333.315199789 -117.694083441 96.198221003 332.348215654 195.143536102 -224.758160528 
-210.31652495 54.7157288216 -332.062177018 -116.456422748 461.686340963 169.675260175 251.40867818 338.72575498 -32.5211621074 -461.686340963 
418.572186562 75.532501324 314.96002345 -451.303155075 -175.294272679 -317.210341163 -27.333106259 -313.697498149 197.739511675 -57.9710208581 
-291.829644826 0.0 -6.40702671268 -128.307263926 -147.284481048 205.325302484 -426.181048459 316.23923244 104.702001891 446.247532826 
-319.958685251 -92.0647849309 -209.161227918 250.042366645 140.109539724 37.4225926138 333.242441217 -441.490312097 460.166127241 -70.1713568906 
57.9790416398 186.569814242 324.532470092 -313.780569396 -311.756450634 -171.646926296 449.840485078 57.9790273459 -65.4014662222 -460.477285596 
459.613876993 -210.654802104 230.715781547 23.7182720658 -457.451281707 -73.1646878131 142.403874048 336.358653851 -331.010728429 -152.924937284 
57.979050173 331.809801414 461.686340963 -84.8625908739 -92.7858647517 57.9702923317 197.925600321 -306.591071962 -201.885598311 -418.541087626 
454.40527109 -198.109591013 239.572622622 333.765797149 -57.9803310056 135.976119945 -327.889002108 36.8873242222 -87.5065777595 -444.310186789 
-101.421566496 461.686340963 118.734148954 261.173590312 -224.34385858 -75.0811566458 -457.105609044 42.8956055125 -334.459603438 343.012807403 
-461.686340963 178.578164965 -41.4302334078 -219.981544958 -111.834578231 31.3065458842 -333.090189572 443.83313745 306.307482417 146.883299985 
-314.458635054 -95.9527673757 211.7098151 -64.2412432563 115.309288191 -194.620043537 56.7870329379 328.073024276 -425.900725398 455.439053776 
461.686340963 -320.398229573 -461.686340963 -18.3577180171 -149.627498547 340.355098497 119.358721228 -248.385443525 237.389775918 -7.05993439148 
101.056920634 454.405275146 -327.389095658 -22.2828222237 337.789161799 -461.686340963 -239.616038065 -120.715975584 53.4980582738 197.943444888 
-184.774931924 434.576370867 316.523519841 15.8385489395 189.700397234 -305.719907555 62.9193493867 -68.6325604329 -459.820510039 -336.328316293 
219.373215446 334.297112413 106.41363547 -328.674471892 -461.686340963 460.408302815 -221.577101392 -106.956174476 -19.1409300256 55.2935702548 
95.191017278 -289.290089405 -347.223348031 -49.7759002913 315.477128596 445.914389531 170.294112609 -454.405266669 -167.822838019 -26.421461891 
455.017745969 240.686238144 101.659316082 -423.51768445 65.8718876727 -56.261519837 -47.3669767625 332.880239309 -207.170207028 -318.568287463 
-63.554273925 184.055224462 1.88571214199e-09 457.980887806 -143.741780365 -281.845921741 348.879928863 286.046144544 77.6918659211 -418.57039968 
-347.403606367 -21.7354716866 -133.913471621 332.304014158 77.8140141658 -247.029330523 106.24907996 454.365272696 -459.690702609 205.422747314 
-195.596603222 -78.3660283336 455.147534544 20.6895428377 172.196978818 -453.995697657 -330.493951569 -308.527817298 332.583289929 60.2425109097 
194.659082798 -321.596284819 37.1679244579 -95.2108321532 -211.917941842 137.296715902 -461.686340963 431.724955602 302.596565077 -32.3355364787 
-37.4284359854 201.967690831 100.173027195 -326.249048092 425.131365676 327.515733156 -459.269356747 -200.304839317 84.5325379669 -112.794312295 
