45.4292567992
45.9844265564
45.4739344916
45.7432383286
44.9171919221
45.6085187411
44.4857142614
42.6745877951
45.7500294431
45.3803174497
45.3408238605
46.0248915095
45.2587799214
44.9705952449
45.5078586159
45.2570205276
45.8383208615
43.8387737719
45.6800418229
45.6671630928
45.6707754659
45.4729674738
45.1434435829
45.9159715045
45.8810846494
45.7832261681
45.4160567947
46.1232694898
45.4624890636
45.6339679185
45.7140739891
45.1315762373
45.8841507113
43.7392172632
46.0248925644
45.5097790618
43.1555600184
43.7075273818
45.8077718676
46.0249014069
46.2929490891
43.4947477934
42.2903798896
45.4168455836
46.0271252335
45.8028019391
45.869707062
45.6272819642
45.5664920389
44.6885257897
45.726825771
45.4836255865
44.8007976888
45.6730774732
45.7239334306
45.8228118336
45.6339173362
45.6158711377
43.1346056375
43.0855206893
44.8986787558
45.7171356367
45.8259385443
45.7853075742
45.5683503372
43.3131436305
45.8547717693
45.7229638254
45.3724777353
45.4255216908
45.8958801814
45.7440077093
45.8480932248
43.6188854362
45.9756263834
45.6630545501
45.5134955374
45.7836811402
45.87261242
45.6495215114
45.9537116377
45.2386002276
45.5686356011
45.6281936146
45.7983217666
45.5719981972
45.8247329727
45.5862528207
45.7950365701
45.9327449749
45.3280504968
45.2148254976
45.6628716206
45.8468418443
43.1535999394
45.2804290815
42.9337346645
45.7012303568
45.6671270083
45.88108457
45.5625829774
45.6074247441
45.5131860074
45.3043864392
45.5068556302
45.5876843732
45.5400641629
46.0318179389
44.511516497
41.1160159727
44.6407806474
45.0582274972
45.522635728
45.4726680348
45.8097969699
45.7728565141
45.4615479955
45.5260971524
45.7742707591
44.9931115206
45.7827229127
46.0233084344
45.7455091178
45.8046643203
42.2123713902
45.6382441107
46.3234534134
45.4068006473
45.5700369117
45.4806060101
44.8204553193
45.5217268302
44.7568590899
45.794535575
45.5285817628
45.7386194031
43.3740544325
45.072267441
45.7686221214
45.7721743217
45.8663031779
45.8835666038
45.6336746863
43.2444914182
45.6064610904
45.7809113974
45.294329693
45.6501489215
45.2257187719
45.5057160622
42.3654433667
45.6548183296
44.599177913
46.0191890091
45.3565887495
45.5105437613
45.803559949
45.7662663017
45.8738015706
44.5405933716
42.3602777812
45.8118011787
45.672151362
45.2719131987
45.5067454928
46.0906389316
44.1995414174
45.8726198613
45.5130722933
45.3600960128
45.781578705
45.7852023805
42.1724686349
43.6872183473
43.5722698941
45.7878109565
45.3892285369
45.0891709833
45.6628661045
45.8783835242
45.446621262
45.5013439657
45.5548918948
43.280431874
45.2219901395
45.3146587827
45.5700362823
45.3489839277
45.5719488773
44.4215782664
45.9127745096
43.221603585
45.664204177
45.6767750003
43.7083542853
45.7790718659
45.8264153712
45.7986836767
45.8057718644
43.4289564367
45.5617310134
45.5338602867
45.2969913217
45.8622304688
45.4795109946
44.6563798488
41.696311664
45.8579385236
45.5632052255
45.5974762429
45.8632972365
43.9736798808
45.5423229447
45.7656082307
45.4212186033
45.8537204056
45.8835692178
45.5277362593
45.9274199258
45.8122490964
46.0052442644
40.2411032416
45.7973340937
45.0030587481
45.9274195963
45.8579388076
42.8295266625
45.0410744471
45.4589927788
45.2167821768
45.0030192534
45.5897886916
45.6107192512
45.4940847885
45.3125082504
45.7327535291
45.4674428329
45.9764931602
45.74011231
45.6323186106
44.1353483058
45.6368707304
45.8118590653
45.3731975519
45.7037745917
45.5625723257
45.5058958744
45.8078714749
45.5938006387
45.9912646531
45.3884479298
43.3649854456
46.0271738138
45.0411795471
45.5835331037
45.4400916861
45.1865924316
45.0492462745
44.5864854918
45.6681425441
45.5130423526
43.0206580755
45.4823691074
45.7336795147
44.8146736547
45.8078498236
45.7615628568
45.3245230715
43.1158022176
45.7151550267
45.6192288606
43.0116680023
45.3345711582
43.9122466887
45.5941210504
43.7660490561
45.6675090645
43.2340283059
45.6393292894
45.4317389193
45.9671273905
45.5614510235
43.4063792013
45.5870060941
45.6382450665
45.3526106321
45.4786147671
43.2170813032
45.4474347563
45.3901833375
45.6193594851
45.5258860379
43.5299654036
45.8873202875
43.4559309589
45.4255952161
40.7470073452
45.6159646143
46.0397804657
45.7261371948
43.0120716548
44.0434692454
45.8639527064
45.6016379511
43.2213730172
45.9274198772
44.4141810873
45.6123392433
45.8181843821
45.6825660232
45.8632804653
45.1321743181
45.4759616937
46.0398978662
45.7947089005
45.7408661609
43.0227438218
45.7440780486
45.6527519517
43.2716622004
42.5415384718
40.2117380705
45.8029612084
45.7558439378
45.8264165024
45.496083555
45.657107422
45.6530086905
45.8135611676
45.78587907
38.1050057702
45.4799536035
44.9770842823
45.5126212727
45.5508155397
43.5722699055
45.281527792
45.4815608982
45.6628739401
43.3310132723
43.8458345022
45.7143948453
45.704825668
45.0632520034
45.789053251
45.6630527102
45.7169647389
45.3336126687
43.2587941099
45.2132973156
45.375892654
43.2739881067
45.6336775293
45.9312273863
43.6653355389
45.5693886315
42.8205378181
44.1864794821
45.5755614768
45.6137685836
45.823192027
43.8773590724
45.8069983918
45.5699610926
45.7810117802
45.7576922652
44.4243818507
45.7849594766
45.5502971382
45.6272586154
45.4101842366
42.9835534772
45.8406139628
45.5194358916
45.6197183161
45.482033659
45.6120177364
45.861963002
