180.638377742 451.620876175 315.68447969 109.301233692 -157.607550847 -461.686340963 -281.957391338 -336.702323962 6.52476086378 -85.447814496 
333.886655447 461.686340963 -337.956611801 -461.686340963 10.9477889794 -237.820350911 288.731635177 35.9465356177 159.962087983 -109.125707091 
19.3278359736 209.242850433 -294.341885533 -461.686340963 -176.855173615 81.5867871812 -342.634861879 461.686340963 332.40848769 -59.0342492946 
-248.669585833 16.2041999697 -340.33154097 461.686340963 342.424201349 -461.686340963 226.281203461 -125.188478276 110.866886449 -101.621500193 
-331.340650214 224.010472106 321.71314825 -454.405283 33.8277603625 -226.706071886 453.291505609 -73.6551521087 143.754020767 -192.974947451 
461.686340963 140.734134791 -111.907541728 53.0175754781 327.346192468 209.07611029 -461.686340963 -339.120764539 -66.3702806541 -220.767632784 
-181.256028444 -301.521243821 454.405266085 -298.356874797 -439.958115558 -68.2238530606 119.556626498 4.58916383051 235.111456521 340.7836776 
203.583570326 332.012400203 58.2147330188 -191.481264218 -445.386752729 454.405270828 -315.150328173 -443.031136822 -62.4485877713 170.29484834 
222.8587502 41.9687282279 -232.314554555 -73.8772702518 461.686340963 -336.290132591 -461.686340963 165.052361415 -107.833316173 322.289930601 
145.688901978 332.180451983 205.773553526 -461.686340963 -42.9138994036 -328.136813487 -142.887163217 59.9717329823 457.168876748 -203.471644387 
-461.686340963 -338.204532806 42.4462809752 -65.3018350145 158.471882845 456.417954848 325.197713972 -96.9570692247 -211.239733161 230.558231574 
-41.3357526336 -1.90046622372 235.722941657 -461.686340963 461.686340963 -244.562147318 -330.887457228 112.22394698 -171.223637175 339.0735768 
114.537430691 -45.8483268456 39.5150460804 -461.686340963 461.686340963 -332.421615616 335.04209617 -171.617489268 -259.883748562 231.364156714 
-232.832170309 118.186580378 -19.9053431382 460.885697461 -348.849234626 343.836517985 228.266794487 -134.557452021 -461.686340963 95.9159521929 
190.13508158 -121.376207662 -86.6278365944 -339.025792547 -244.738335026 139.838229546 -461.686340963 37.8401993635 460.776094138 318.161340144 
108.438546754 222.858800823 444.418621729 -8.99286117462 -234.277222632 312.112552333 -342.291520121 -13.9797633951 -461.686340807 -140.857046169 
-461.686340891 195.355147895 334.549154967 -153.481043805 -218.267882571 -37.0939983363 -332.542202588 461.686340963 197.930837401 67.5542262012 
264.42903051 -52.6384922478 418.572244136 -338.489519783 -271.908771412 -170.875296777 152.596643557 -461.686424877 57.9358471001 343.464292367 
343.589682096 -461.686340963 461.686340963 -333.360257379 129.69657129 -89.1358036896 -208.968004807 114.428674987 253.441272869 -7.95086372051 
44.9253412276 -203.76309232 457.528020032 240.168027507 -158.37668361 -461.686340963 118.743724998 339.339364118 -327.597101615 -37.4050167662 
461.686340967 -106.552759691 331.931336426 -461.686340963 249.688775653 -111.962858241 -337.240787642 143.209118078 -238.808579871 24.6255232306 
461.686338914 138.186707819 -461.686340963 -266.050634694 -13.576138152 344.664324749 -341.91930598 97.1088480269 -137.708908479 254.625736731 
85.6879738931 461.686340963 -461.686341003 336.509674393 226.796040269 131.144716983 -20.722773591 -345.052696523 -121.636404505 -226.283792187 
211.155991227 336.063015996 461.686340963 -249.664046825 -461.686340963 -180.078434431 86.9792884517 -53.5411196061 -332.998203709 -23.5768039138 
66.0287134627 -461.686340963 219.754900142 110.636473264 461.686341268 -331.450795288 -141.981436276 -205.638134313 -53.5670365471 337.477196124 
310.841359445 -58.4967872928 461.686340963 -461.686340963 -176.815139835 -333.696240922 -225.575326821 68.9657463574 328.882668713 188.423680784 
-6.76362118929 -213.214279435 -461.686340963 -340.640421647 -96.0012984107 58.4558074307 237.28273877 332.687810637 182.936277251 461.686340963 
298.190245219 -461.686340963 -208.889610475 461.686340963 30.6541965441 331.879717678 172.563934191 -92.8456115384 48.4427085156 -335.622591539 
326.882727224 204.651573815 172.50820835 -11.410416103 452.829505026 -461.595620438 -237.289509616 -129.910982779 51.2442861862 -333.691436843 
115.043736145 207.247154348 -78.0347256264 -461.686340963 28.8873575891 461.686340963 331.068007702 -332.8149234 -292.303781522 -169.960955214 
55.8475447801 214.640814822 -461.686340963 -220.535016536 -337.34383403 461.686340963 -11.3904717442 328.597511892 -99.2616012241 177.35776945 
-169.488963759 -290.108107774 207.01620975 105.958589116 2.44185947225 455.247392712 321.706477757 -343.138138916 -461.686340963 -57.8268659836 
461.686340963 -3.7593364919 89.1333742338 -181.871811545 -331.703120266 -54.5762868926 336.80957819 212.5944615 -252.447844622 -461.686340963 
287.670740042 384.806748652 -94.1978594042 51.330236369 -278.157258674 -346.663409558 28.9462029885 174.656968235 -461.686340963 -202.741634192 
-461.686341444 112.323814137 -1.58805514586 -171.159065901 461.686340963 235.664679687 339.181416596 -244.2936979 -41.2994390442 -330.893341243 
-79.6838154908 -337.992569168 -229.369877301 259.864328789 39.3784951865 461.686340963 326.778256518 157.864299286 -124.204669725 -461.686340963 
-341.032428816 -185.406244716 -461.686340963 -68.7955731366 401.159469064 269.876750324 430.513611344 -304.491609451 154.049592415 39.1135315243 
461.686340667 -92.7740750501 -282.823351132 145.550242703 -459.14817248 30.2245211039 -397.479130033 202.179963886 320.665146148 -217.560645791 
81.0865276919 -209.74629151 -461.686340963 -51.2009602243 336.484788551 96.4004010674 -330.300515971 -170.519970081 231.31577351 461.686340963 
-244.312172187 -1.60955194147 -330.874057327 339.070632715 235.713713395 461.686340963 -171.213441393 -41.3155774028 -461.68634108 112.303854528 
187.730908875 -65.03918548 57.9784347167 -336.935094787 334.117118402 -78.2273611144 -204.763055588 199.554802588 -461.686340963 461.686340963 
-329.082739581 239.598276871 459.922408484 14.1079895724 327.856255167 -454.785176404 -104.060395603 143.022636992 -263.261901129 -203.326882643 
-57.9790549116 -187.254913761 -52.999713772 -439.983679771 63.1643794998 279.367044364 -318.816240051 146.568312033 -185.741226546 397.390012538 
458.336736341 208.853088141 324.07772768 -328.76710711 -461.686340963 -57.4980012635 -178.106698969 2.59806862183 -200.981096432 109.403308016 
-40.8351276041 -330.748543125 461.686340963 342.764716941 110.517242353 -4.49940302954 -461.686340963 -170.294120505 -246.792014459 235.960254176 
201.240036173 331.594833816 62.8808452329 104.017537204 -60.3754048913 -210.452314541 461.68634104 -177.477294408 -461.686340963 -333.459040552 
-461.686340963 -335.457262347 336.045166267 111.102059712 -76.0464070271 53.3453338346 461.686340963 -141.524746611 -231.46306277 211.58175668 
-73.2410471828 -305.587184651 461.686340963 -461.686340963 -329.81289368 212.739966489 46.5137014484 -185.831452115 339.103571348 107.76668146 
70.0635209821 144.657715589 461.686340963 -339.320179575 -102.399738207 261.705423998 344.261586721 -3.26176796267 -213.26482386 -461.686340963 
115.494926146 -333.783341641 63.4084879881 333.272383887 -461.686340963 -54.570958338 214.899615868 -209.989540302 -167.393655507 439.95795959 
-227.240202303 330.843134291 70.9693389433 -332.78611133 -183.058775268 177.234091726 301.688265759 -461.686340963 461.686340963 -50.2186398014 
-342.41226693 -125.941022859 -239.816750899 -461.686340963 99.767025525 230.827646315 461.686340963 333.131830295 -25.6837656502 98.5355999977 
-461.686340963 124.930779145 -342.468121072 -233.045815327 -50.2552713839 453.765228179 217.942230293 340.144820438 67.2284053969 -149.761852364 
-461.686340963 461.686341037 106.267243408 330.669041438 -192.085238546 199.410060244 -53.7299863521 -328.924356205 58.5568509037 -187.252416902 
-332.996802932 -461.686335095 461.686340963 54.5769903882 328.663428562 208.872065757 -214.02107715 -72.7680451319 -154.212369232 98.0831974224 
-56.0997153049 -175.848739944 168.909903464 461.686340963 -332.99573029 216.710102193 335.435596405 -209.116499366 -461.686340963 64.5141023383 
-207.777389462 324.407504043 60.550589929 208.944314803 461.686340963 178.256384443 -334.728589792 -81.9293921758 -72.7858290358 -456.374897855 
-181.900322173 -302.090052351 -72.8893333948 331.795827431 119.237654594 -461.686340963 461.686340963 43.0999169868 -330.774695267 209.205545169 
-458.606139308 -202.337120212 277.106985387 454.405271755 307.953927801 -25.1516541735 64.2697518607 -332.362498103 159.10807517 -128.512443638 
-427.449829926 337.263360035 -177.8405097 -279.18339768 92.3143766548 -51.1020725582 454.405271568 -430.841594746 217.879331067 -19.844436326 
132.65767821 6.78277834326 -220.694385805 232.370440382 -347.754034288 461.278701014 -461.686341963 345.721282893 -120.109441294 -222.858879076 
-461.686340963 259.129063105 -120.660010733 461.686340963 -93.474204068 -247.315589826 156.76944161 33.1895817344 324.961516046 -339.994326105 
201.174494974 -461.686340963 -56.7517462001 -218.452938059 461.686340963 334.404547239 -337.414270049 55.0727005679 189.326300315 -91.5170050951 
461.686340963 337.483592285 -335.062875436 -164.777027969 214.154306774 -15.0197118229 -29.5649155325 -263.694841149 -461.686340963 92.6969217159 
-222.862946406 -339.373174168 -105.05211513 327.892197535 173.828517491 242.290914737 461.686340963 -461.686340963 -10.1230932593 51.0564954812 
418.572247726 388.145032577 -106.785339965 43.8041895558 -341.5265192 -461.686340963 165.377189928 -227.168423704 260.438383708 -22.3357519598 
125.616283215 -127.183227586 -338.530070442 -231.681070926 -37.1819775601 461.686340963 -461.686340963 236.699049987 89.5808862108 340.429415636 
136.06360214 -209.863554296 -461.686340963 258.551193359 -62.8429689479 -333.283372443 461.686340963 345.912651355 -156.294936945 30.1961135277 
461.686336581 242.047357416 342.083469349 -85.8732279793 -338.672044777 -211.602797786 144.346641056 119.271487351 -4.47764605837 -461.686340963 
-103.793875064 115.387531012 459.310513795 261.059075595 338.570401994 -460.983721929 144.729442705 -342.26060535 -216.972859766 12.3901175119 
331.900624602 -109.078188057 46.1166219301 -461.686340963 -336.447706208 -82.966944505 -236.558274149 461.686340963 202.246475777 173.360747342 
461.686380076 -252.14866818 -336.646494187 334.472293762 -170.314301196 90.1518324891 -44.4545546029 -10.7709064007 -461.686340963 212.550643675 
-167.551575746 336.862614577 -39.3855246965 -337.070164535 -29.4632249479 90.6491522243 212.919996532 -461.686340963 -265.045183979 461.686340963 
427.92342757 -94.3362997327 397.156645536 246.207320459 50.3817278518 -217.031384779 175.198223995 -329.74909494 -461.686340963 -50.0880868112 
-336.161604747 332.231428906 461.686340963 9.86624811029 -96.1728939171 -218.14764348 -461.686340963 297.45868588 55.4558975321 172.536816403 
-461.686340963 -329.928137878 461.686338245 123.146791147 -211.583558897 240.717479816 -37.2108507733 87.7552526364 -164.157323517 341.400379117 
461.686340963 -461.686340963 -335.514900996 -164.657972566 261.887596911 56.8583984412 345.619827828 158.497793405 -72.7908940586 -213.899765478 
-172.429906258 328.909753167 181.999549579 -208.962721039 -461.686340963 -56.646872115 211.092910652 61.0468848119 461.686340963 -332.382309839 
164.393650975 215.080703058 37.7970269213 -461.686340963 -87.261764314 461.686340963 -237.740397981 -337.271182048 326.540362316 -132.86560409 
227.627860743 461.686340963 43.7519184972 -461.686340963 326.147091087 170.436502857 -338.232788837 -103.871787547 -18.1658601398 -223.081634425 
65.2246001309 111.86381714 -461.686340963 -51.5528592636 -192.343430957 -174.656439834 219.981581509 461.686340364 -327.751666314 337.49524576 
-74.4628455897 -192.628019169 -461.686340963 27.0372253808 461.686340963 -336.956857602 352.041470858 146.992331748 -215.538098402 277.858925828 
-461.686340963 461.686340963 327.798720843 241.840477079 -104.138782525 -9.29987072086 -222.230017258 174.441241116 51.9349950536 -339.230804985 
-331.148310893 461.686340963 339.252842694 -299.034213995 212.695750461 -73.614504705 -461.686340963 41.4434181316 104.593418979 -178.21910736 
461.686319087 136.855097269 -50.4075531064 72.6352139732 -208.877857091 229.104836387 -115.852834291 340.216184161 -461.686340963 -335.153793203 
-136.807777408 210.864640462 -346.051748317 -138.11886807 -461.686340963 -0.311601556234 -265.653359724 337.305864735 461.686340963 115.900937441 
327.271770604 -215.123933299 237.152990733 461.686340963 -115.037795357 -332.083761796 -6.9182381831 17.1541433208 156.315225133 -461.686340963 
-221.110192448 461.686340963 -36.6787919996 336.405236949 -461.686340963 142.632947804 -338.226009276 222.858835018 -109.97188117 85.6829533937 
-254.457485011 108.637483866 -26.0747965765 -161.057846238 223.283230358 -331.01008581 -12.1764211581 342.481260806 461.686340963 -461.686340963 
330.51602705 -67.0482248629 50.035028628 -334.937340713 177.096735568 -461.686340963 -120.068810935 459.245972913 -222.605308027 197.182469198 
461.686340963 -461.686340427 330.478065771 189.934759278 -331.843606336 -115.156878268 -6.71048711686 69.0733709786 -212.040020622 211.016339156 
-210.276726229 -69.112746715 292.350956481 161.36215186 41.5294574308 355.313617723 461.686340963 -342.814513352 -138.865956708 -461.686340922 
56.2766693718 -461.686340963 -135.649359486 328.6228649 178.086417407 -333.62848339 209.117611315 461.686340963 -14.7484091807 -247.66884642 
-97.5437495898 -461.686340963 202.79793269 135.89733767 329.298925996 55.5663886967 -339.215966404 459.785877651 -69.1827126175 -220.4785123 
22.790306418 219.397558891 341.712714291 -269.667298461 461.686340963 -454.26320617 -100.831701276 -198.183699354 127.096880885 -322.362816586 
-234.072484917 128.730280226 461.686340787 233.477717676 -461.686308393 -122.091420276 -343.174096307 16.7256820092 -102.761787944 345.820717887 
-192.549723092 -8.770745059 48.225891021 243.040066011 -118.043490634 282.777218992 -317.065337573 125.01277111 -438.10707768 390.585400082 
253.393034722 -461.686340963 -328.614954025 461.686340963 29.2399056199 -57.7814765483 -190.755525489 144.393848472 -182.601005868 329.626864955 
-461.686340963 -327.870724216 -201.625810889 47.2704380355 -167.398068016 105.469782763 -46.5463591615 454.456190498 224.73652269 333.199307247 
66.0162822035 -205.633936948 -141.982456897 219.742385783 110.635432512 -461.686340963 337.465558645 461.686341814 -331.453768891 -53.5780950069 
62.1971837846 -216.616125471 -0.000227014978272 151.305252787 461.686340963 -92.924631028 270.93903832 -461.686340963 -339.344307085 351.29457175 
-141.019500377 -461.686340963 454.405271568 -333.737783681 174.293304982 -251.809472064 327.317642841 195.041968395 50.826446457 -20.1505832052 
201.581967015 -341.807097087 135.374838601 -137.891639953 -29.8411111703 331.482744831 461.686341049 -461.686340963 63.8171699471 -264.938369275 
-223.255768518 -61.3735019357 461.686340963 89.6732262106 337.676349482 -461.686340963 -14.4738328599 -341.16543305 210.864826962 -162.725574214 
-339.81714115 -219.120039626 204.923621307 73.8926661056 89.1771912788 450.420771839 -89.8918437125 -57.9790508036 331.130707558 -461.686340963 
461.686314823 343.749839928 61.035238567 142.470493747 260.886730193 -338.515346659 -106.789195064 -461.686340963 -224.107479939 -4.49623817814 
-26.3590955141 328.598298481 303.693340083 -461.686340963 85.8406085988 -341.147801094 -264.88663375 461.686340963 178.42301453 -146.478288865 
327.982631588 -65.5382823181 -461.686340963 457.247145533 182.309923051 184.707207239 54.9600435958 -330.470855836 -107.945016721 -219.090111866 
-461.686340963 79.2815579322 -129.95607553 203.583763194 -349.656944813 330.346586145 454.405262243 -193.07396952 -48.2223682252 -311.659778939 
456.282608788 300.62862656 270.393998544 146.528268022 -407.936906915 -40.4109015458 -454.405280363 -153.646156283 -277.150186755 17.9332618693 
42.4568968176 -214.239591346 189.810932703 89.4688699651 -81.5024429751 -95.0633748668 -338.435238669 314.952344516 -461.686341175 440.632611397 
-331.333775674 -191.965043182 5.0807212086 -456.298147376 -238.692977043 92.6847732535 339.112422275 -71.9699638808 221.185606956 451.568789441 
-222.331501942 249.133803579 340.754014639 -345.860827592 -460.255449966 461.686340963 104.654112907 24.3139136019 -97.0291610116 144.46221236 
-222.865946524 189.193533399 326.343819433 -60.6629973185 -174.191421839 170.326748696 -332.950401995 48.3266763519 -461.686340963 458.20167894 
-98.4211122145 -215.086152085 -56.0592148289 -461.686340963 153.885199856 461.686294347 225.299562284 337.678728306 71.7612819227 -336.213912164 
148.358194326 23.2026918343 -115.042355844 6.50534689167 461.686340963 -225.399355504 349.005849712 265.749772307 -461.686340963 -340.207748281 
460.932211114 -58.5892537919 -460.214925303 -187.440880007 -335.057474251 148.427172824 -241.693397323 64.33295587 202.617541916 323.588760502 
461.686340963 -89.1536079251 -53.1917095124 332.036860677 -218.173225558 -339.630709922 68.8510946983 -461.686340963 215.160059612 94.8637334554 
241.08139174 12.4184834882 -461.686340963 -333.863298148 -245.319962682 343.407521737 461.686340963 116.375178211 -162.888942911 -37.4073414436 
-296.131661385 194.527303055 -461.686340963 10.1053302879 -68.5961662329 -189.683056846 -337.265350171 84.5572469266 457.600141096 331.889007191 
461.686328432 211.903726102 -59.3474119295 -187.400995741 -230.952073801 -461.686325076 105.691804968 335.474053524 62.8279747791 -335.328819989 
31.8259561508 -461.686340963 -335.557081272 -90.9058706956 461.686340963 331.559924422 53.7452873133 -208.649744151 173.323886233 298.978441128 
170.821513028 -461.686340963 -338.353842782 44.1007810082 202.214200396 332.301711701 -37.9341820812 -244.318826219 -118.811251827 461.686340963 
110.597133827 -169.757687582 82.6597140691 456.862561397 -232.013929329 337.461108417 -461.686340963 -42.8432157798 227.861237953 -333.228715838 
269.323868054 298.132940402 438.52169025 -262.412080543 18.5008691661 -66.3943160663 -148.513445788 -428.248585693 -318.446184919 148.328109652 
-223.151063393 -461.686340963 -168.012380683 -50.572041111 255.451320032 329.293665885 33.1055953465 -331.798761318 147.542096928 461.686340963 
-336.061615272 461.686340963 186.867939163 199.411420721 -82.939447291 58.5235418496 -207.126852097 333.924061892 -461.686341009 -57.8424120651 
105.362021454 461.686393229 -313.330332532 9.70940234446 -194.226116006 -327.736802666 225.720429052 -461.686340963 343.56031256 -74.3842685753 
-461.686340963 -85.3492015912 340.207232005 226.255347753 -184.817197069 461.686340963 32.6211171535 -329.711957033 -305.318423372 138.031218224 
344.031366677 -154.486582072 -461.686340963 80.7441395794 -341.386270563 98.9138120976 457.723452403 226.895146707 -268.142676941 -36.9482677061 
34.2568377974 -82.5996791065 -456.129103238 -142.442220472 271.908995276 -340.181450292 165.885136519 -217.469571577 461.686340963 321.609496641 
-454.377659774 330.128869527 -168.838202564 -40.6051875113 453.653605612 -189.116738123 -325.985988093 219.189995068 101.034636568 84.1969151019 
339.277093436 -228.578008524 -461.686340963 -154.458340355 -338.246474281 123.734125845 453.213571711 -54.381616067 63.6934877067 216.828648112 
-331.517121142 -9.37221398843 -138.37844935 344.738971822 139.823380753 461.686340963 -212.060282676 -461.686339839 35.7682092973 257.274125535 
-346.718594181 345.468219412 114.212432899 -461.686340963 -3.63096090593 461.686340963 221.591317184 -138.468141832 -267.966432796 -140.60716436 
-31.6903822846 332.755625973 -234.380888396 10.2124582615 461.686340963 -331.610047211 -160.428855905 251.673067437 -461.686340963 133.266038563 
-334.90894268 326.787052345 461.576269588 90.4818476149 -461.686340963 -270.176617198 121.980628501 245.81683104 -148.228018564 -21.0404442238 
14.8274573851 214.67293106 -461.686340963 335.332559162 84.1707476745 -230.472853403 -336.569035323 -209.14586156 453.387122715 -78.0409052859 
-461.686340963 199.549488855 322.772413631 -176.501337064 -337.161464137 -62.2681709697 62.507397067 69.8557259951 -244.139473992 454.669073292 
-461.686378638 -217.777691888 -53.9653289464 461.686357939 -333.394200861 220.24356428 -178.148561994 72.9022898148 336.884937237 103.347722527 
267.952542483 -461.686340963 -340.263058825 -225.909741615 461.686340963 8.59646565578 23.5491430085 147.652103752 349.779061257 -115.140801472 
461.686340963 -235.246104844 331.643372964 -336.44738313 -78.6507617649 115.044148995 -137.649129866 45.2381043959 -461.686340963 209.027146814 
168.489323976 327.274197411 -461.686340963 -245.756165091 -130.30176051 461.686340963 -335.870461063 229.257501091 40.1037458011 -16.2557661434 
-340.700769402 461.686350755 335.788681485 -136.944265017 -14.9958098352 213.088149153 91.7968549014 -461.686340963 -260.102107688 182.510816385 
-99.8538368235 -461.686340963 51.1056526138 -336.675278977 461.686340963 -84.934613629 -207.041201288 328.793599679 152.496786546 209.460524048 
-338.663915556 -54.5225850729 333.606395606 -461.686340963 461.686340963 96.4451609217 214.225883522 -213.428045313 -114.341500668 70.4745887753 
41.6713875975 -332.12240689 461.686340963 242.618968006 -183.74892731 335.752073793 161.168531186 -206.720282007 -461.686340963 -57.3007929629 
50.1171109483 328.230569564 456.296125954 -95.7558068196 -69.9001147257 -210.175295382 -337.383245467 -461.686340963 188.840026063 180.921585775 
113.81085273 -461.686340963 -271.912423943 330.967698793 -341.737450529 23.2968921948 -160.287439893 461.686340963 227.927831654 -43.6301452823 
-327.56281868 324.177525752 -459.514990441 73.355860613 -193.618675949 -1.00034143498 -74.1739759861 201.591875792 -298.209681381 461.686340963 
408.026163828 -356.438768317 74.530981843 326.555043869 157.204463327 0.407152631427 259.021088966 -251.931187157 -140.527263631 -454.405271568 
-228.471943168 258.615379461 152.97431842 -80.7926902933 35.1274916728 329.861521452 461.686340963 -461.686340963 -336.928267008 -115.065880819 
346.019309826 -355.013673129 121.40718244 461.686340963 -109.756849845 271.908933353 14.6132983456 -457.848653255 -238.145036593 166.700650737 
-241.080365619 328.815680631 461.686340963 -52.3334458913 212.472635123 69.7034458473 -333.569115408 -461.686340963 76.6472464044 -170.038458698 
114.301311015 -83.8355947831 333.64827952 28.1269530106 -338.175534274 -195.74343312 457.738998073 -461.686340963 -222.858862415 206.917306384 
456.159931402 -132.965856799 -68.0188339139 -461.686340963 323.27841471 -336.193309813 221.495971678 35.8812893636 -211.455827145 146.004510536 
46.2651579492 -231.753270505 -78.6328855512 -107.395448549 332.098966334 -335.047818364 177.914882365 461.686340963 199.866997448 -461.686340963 
160.760766754 -461.686340963 -61.001000291 -209.509137906 50.5778752402 333.897412994 461.686385526 -162.998252298 -332.668604158 210.488840433 
56.0920918647 -333.918517219 -138.776591246 -461.686340963 199.758869212 333.866199128 185.682263012 -18.0177206783 -250.103979454 461.686340963 
-461.686340963 -214.940639114 35.4304221657 194.465303319 -212.364881446 149.258709505 -337.93063021 -74.0756811441 329.296811669 454.405279047 
18.5538003378 -254.055499225 442.718906978 270.384665839 -439.957959609 -91.4435666296 -317.048327274 159.688422623 341.143470672 65.1288631359 
-72.1283176087 178.864748959 -85.8716861319 -337.182292057 333.840699523 205.575251991 461.686340963 55.6565321859 -461.686340963 -218.041179671 
461.686340963 87.988895609 333.047958888 214.016017514 -168.323037669 -461.686340963 69.6309366033 -337.011347064 -275.015629522 -53.6906480038 
-247.594654022 -338.372410647 322.159014855 -61.3277232525 77.3343880534 447.922361431 -180.274921144 191.443081553 -13.0719498504 -461.686340963 
336.238374256 63.0568543105 -59.2954351514 -333.59440626 -221.649665038 -461.68634243 -154.67533471 133.622778772 461.686340963 211.869796793 
461.686340963 179.876160446 -82.3666898656 329.96264267 61.7848417282 -336.28442418 -207.158619221 -461.686340963 -60.1974542312 304.122104908 
160.796249076 461.686340963 198.555505275 -186.726396476 -445.469385885 -69.4523262194 -315.410489745 -415.503560664 54.2375164304 334.681777484 
215.209990621 461.686340963 -87.1936305777 164.469177698 -132.910320154 -461.686340963 -237.821784607 326.55286229 37.8961344758 -337.232543916 
336.639223421 -334.670484143 -461.686340963 -163.635249809 461.686340963 206.759917692 -281.608699668 193.094616177 -46.7089601474 64.3990525857 
-23.3580139131 167.634209257 348.573404002 -147.393246276 -259.982108866 280.782151469 461.643889261 -461.686340963 77.8634151363 -336.091317646 
461.686340963 -237.300020876 -333.968931186 -9.74289100152 234.77693517 25.8599084885 328.019529852 -461.686340963 158.485822659 -128.703096704 
64.3585429149 210.288594953 -339.051873189 -211.923312073 -58.67099392 -119.256601412 461.686340963 106.249474072 333.217250909 -461.686340965 
307.975461276 58.3114093559 -312.309037428 442.398064216 185.782307568 -43.0949661465 -210.131583127 -420.999053295 -94.7580445305 -457.869395121 
17.8524117646 -461.686340963 -331.800964761 135.645897288 -162.767480582 -227.895675092 259.70826958 -39.2600195186 429.83750689 400.164035353 
-336.696215019 285.475193435 439.957942975 -111.643619128 -236.786477499 138.510809967 257.023623007 -83.2309051196 -461.686340963 30.6594953965 
-87.4303897254 102.332967893 -461.686340963 342.605838743 222.185711531 461.686340963 -214.55044031 -338.364983877 74.4896307214 -53.7247299778 
-113.432228172 -238.482780004 123.577617683 5.3318426885 -352.862918437 233.536812614 -457.778340659 345.551870024 461.686340073 108.423594373 
454.574365998 -461.686340963 -69.0853596996 327.599054922 23.0960879938 110.929854211 -200.60240067 -223.398428527 226.164962219 -328.801401141 
209.182669067 -247.737994584 -135.750486907 -14.8265703027 461.686340963 178.078948425 -461.686340963 328.62345379 56.2866372089 -333.640115226 
-340.999131292 26.9620168822 461.686340963 -39.1466016453 -461.686432786 -259.250046006 326.329432084 225.483822433 152.078393655 -131.797567855 
228.077138366 -297.943873831 -29.0589023885 96.8830711567 -155.490367005 -164.369630368 97.309630431 340.092769001 -422.538547484 461.686340963 
181.224427569 307.724467039 -221.091814438 -461.686340963 13.8090821604 320.646420087 461.686340963 -337.83373444 94.8000367469 -108.461363529 
173.614439235 461.68634159 -461.686340963 -78.6332486674 -152.150083005 323.815372803 -232.885755992 -333.996816606 48.5868061929 222.49316512 
-461.686340963 331.620435179 60.0153886913 201.994971648 452.81667215 -182.75063795 -59.3465749775 -216.740858184 170.606870965 -333.966584916 
-336.77770373 -461.686340963 461.686340963 -77.1796412265 -212.031730367 26.8524200325 244.630309289 -220.06540031 130.031809583 333.856279737 
-290.159017637 -349.886053326 -26.7575991872 208.81601242 86.5789674414 331.451506886 -138.470142482 454.946127923 -461.686340963 -165.879337752 
138.030396146 340.209603837 -85.3378843291 -329.709716915 -461.686340963 461.686340963 -184.792197442 226.262031952 32.6226850399 -305.291895863 
-145.756417922 -342.241658761 -99.1798783562 -461.686340959 17.7799489268 106.779334789 340.314307934 -246.084374599 220.262545051 461.686340942 
337.318976009 -138.044159055 -346.05951765 -136.776699557 461.686340963 115.932565327 -0.271569298279 -461.686340963 -265.615204095 210.864640462 
128.395934917 30.4175918992 -341.869946163 -159.015476608 248.987651776 -83.272301751 -232.517988815 348.938712132 -461.6863196 445.257929976 
-461.686340961 171.685271691 -212.716102658 214.67508898 46.187402663 -80.5994920103 327.799249164 461.686340963 -337.807595355 -70.1594255139 
236.924334598 -184.060929519 -0.000637192312621 -57.0495247958 -448.494126552 115.657674102 -439.957957443 461.686340963 330.083948379 -305.700512562 
238.595031351 -208.166984281 -26.6059340672 119.698251642 -105.67164091 -337.761398462 461.686340963 -461.686340963 93.2558432195 341.234208083 
461.686340963 -335.583224801 61.091484191 -461.686440648 -61.1521565245 209.555359357 -188.980692823 -254.100095477 329.280991043 180.684995759 
-4.88121227403 -145.340930207 120.196037067 197.460895113 439.957959094 311.924216361 -328.228167483 -259.983970431 -43.3421852131 -443.820182659 
-86.1876048073 461.686311244 333.852007578 205.569674609 178.959862371 -461.686340963 55.6496959623 -72.0254563078 -338.69414762 -211.028931499 
54.4515939677 -57.7484791049 189.19158146 200.737694758 461.686341587 -92.5825717658 -461.686340963 -338.16016311 -219.374947328 334.324553381 
-162.232433151 103.409518892 461.686340963 -42.5584689651 -15.2420290704 212.082272194 329.765648866 -281.351668531 -461.686340963 -334.621529525 
-75.6697167888 135.586032128 -461.686340963 344.186003399 -87.3011865386 -337.347219062 242.017637755 461.686340963 43.7743753249 -218.858732569 
-247.58784575 439.552328738 -17.9232099537 254.179848767 282.511961764 2.19066963349 -334.72586575 -461.686340963 130.616374818 -143.601018393 
-107.074435825 -52.836994322 330.425126752 180.929379601 58.6463483707 -338.231080063 461.686340963 244.364052826 -218.826079649 -461.686340963 
330.511097946 461.686340963 209.727388138 -164.49314305 -334.405400985 55.0495343376 -266.218191614 123.348061149 -461.686340963 -45.8789984342 
93.2512793703 220.153916091 -350.713518368 -19.8387400651 -139.629249088 451.840019748 336.418330402 -283.468448334 -158.92346425 -461.686340963 
-202.21972665 461.686340963 -166.709712898 -40.8107305613 244.108476216 -329.39745414 -461.686339934 123.821627136 344.280467283 46.6193336638 
-27.4357814737 -12.0704317538 456.729899037 -335.988130579 -153.913038679 227.270340304 343.350689748 107.536924919 -266.218162944 -461.686340963 
93.4981834212 -234.057302376 -343.23978197 -145.896717305 344.319122607 219.364805413 461.686340963 -461.686340651 -38.898357497 -7.52625699565 
-208.072461019 -454.084866137 305.599374593 -66.9577817945 -390.578927479 435.669914779 -299.069821749 451.363062371 184.848411846 57.8069477056 
461.686340963 -228.73266897 -461.686340963 -341.333257485 149.160337159 265.96364635 346.453076717 -116.612115068 6.99306015233 24.1710103422 
325.234271779 461.686340963 -4.0803917131 162.940433249 32.53829321 -334.736475681 239.529460547 -461.686340963 -246.432909907 -128.935108907 
-246.753417661 204.033337214 76.6262528021 461.686340963 -334.219306638 -61.843009869 -460.215532442 327.447854346 -181.515579615 -20.634469919 
170.479674636 332.892286627 -461.686340963 -213.037994339 -96.153223459 294.588623155 461.686340963 53.0292872243 -337.062649718 -37.4277736178 
98.8931871797 -461.686340963 -97.3441373657 -405.353071423 -276.814840856 -153.427946539 198.435608334 326.904580569 461.686340963 27.2221226951 
-339.908187017 -461.686340963 220.819313047 -84.5505813731 37.4415160543 -240.864885164 -133.190615852 461.686340963 123.365286707 339.009411871 
340.016132597 -152.66025659 -334.637253852 99.6852461329 -461.686340959 461.686340398 215.935765812 -226.511248592 58.0500345632 -68.0712573419 
-107.017438897 461.686340963 -322.941631478 300.830457505 20.7518108216 -454.460789793 171.590429174 107.792138487 329.98597382 -198.704715758 
-335.30704075 180.619366274 -73.5917784217 -209.059724278 -461.686340963 -72.1778184529 327.954541931 53.7584665822 454.405259931 192.978192624 
-241.860732821 -461.686340932 1.28406678787 461.686340963 232.504020493 -40.2544131961 -334.12956232 113.979339314 338.765115639 -166.570397272 
221.891968131 336.282080689 -461.686340963 -225.892213734 57.1873052749 461.686340963 -63.3606564264 -334.376730983 108.917533467 -177.51336216 
-63.2653112601 330.21641402 -333.108641853 62.1667684315 208.667291093 -210.278588025 -167.395234659 461.686340963 84.3689185299 -461.686340963 
174.375603248 193.32147511 -133.813007686 47.5213606282 326.792050597 -78.2643926984 -461.686340963 -232.635024808 454.359101217 -335.528787455 
461.686340963 -330.816730922 -48.6057296334 -41.2052850626 98.3757219017 -461.686340963 -177.844995886 207.143077778 -301.384309019 327.298907842 
-21.3357305884 -221.966572277 139.76370091 -461.686340963 361.283721766 -139.790089153 -338.434532409 112.86846501 390.585401488 331.451866602 
59.0391316709 -334.987125513 461.686340963 178.697174848 -459.078362091 -205.776496327 -82.6611776106 320.754998762 -57.9790737787 211.036666281 
136.111335249 17.8320919351 -461.686341953 -170.25622519 454.405272576 -211.988452858 325.815600641 223.276106687 -72.808294021 -332.801104634 
-210.290563572 84.3647684784 -63.2728622841 -461.686340963 62.1575449401 461.686340963 -167.399197416 -333.115667546 208.662007524 330.207658789 
149.113163345 6.94072891364 346.462542242 461.686340963 265.896527229 -341.343687738 24.1739196077 -461.686340963 -116.658464129 -228.768798501 
-97.3700024764 24.8127061384 447.161278898 -333.659023944 124.91960632 313.457289119 224.889932333 -461.686339305 -215.792452496 282.193916117 
143.582770872 -345.945957009 -172.649478451 348.154224607 -107.238929681 -461.686340963 232.977308975 -231.391780521 461.686187345 22.7566047791 
233.366926098 -342.004593466 346.328405794 115.69141453 -114.187990973 461.686340971 19.7535941034 -461.686340963 -226.868486579 -82.8783860143 
444.175818658 -461.686340931 198.200799819 312.253439355 -332.805525603 -141.199192265 -248.929949421 -18.0030350127 148.79802327 18.0611447832 
76.6181612234 -36.4680418949 432.773093452 312.223932349 181.814992141 -461.686340963 -295.035835194 -332.452774008 -59.6735314524 -173.7990791 
-11.703391287 461.686340963 245.33795941 109.909653176 127.048001497 -461.686340963 -115.844230783 -231.158516539 -342.679223742 341.677373603 
461.686340963 108.582983678 -60.1051420902 -186.013798353 327.369344601 -461.686340963 -330.583217346 209.582159508 -1.1591238247 -197.286152679 
-174.844474061 220.322327789 340.850970404 76.4604299936 92.2506956521 -202.491923408 -454.474631401 -325.707011144 -51.7466682668 455.05501855 
-330.357665088 299.671523196 -35.9224431857 168.95859159 -161.946563785 69.8900049343 -221.240466985 314.278048668 461.686340963 -461.68634106 
461.686352077 -332.597994128 210.309368977 -254.53848045 -461.686340963 -64.5637693269 334.493436965 83.6717622409 -5.80970281931 -185.960150006 
264.609962745 -237.089634025 -65.2342421845 49.5295269745 -461.686342279 -334.704988395 162.967451787 334.161107103 461.686341686 -189.57564637 
-461.686340963 -176.576893319 83.3178427722 206.850432895 330.041826214 -331.591402295 63.0577186755 461.686340963 -234.044435836 -61.389461544 
-170.594453103 329.306992398 -254.680141524 461.686340963 75.2036245359 -50.4985696939 -461.686340963 -335.88136914 88.1931071297 220.319766366 
112.87501728 461.686340963 82.7910969499 228.96949553 -461.686340963 337.461610677 -36.1996394308 -240.651817799 -128.821201559 -339.841901664 
-25.0857190665 428.459549313 320.770854379 41.8618773621 177.63784884 -114.83752771 -349.380896749 -235.49984268 221.643129974 -461.686340963 
325.049747364 65.5693679174 -186.204617348 205.925327895 461.686340963 -225.24911303 184.426338816 -460.081751867 -332.874678955 -55.4290057401 
55.017355558 -48.3783713438 461.686340963 201.323058117 -94.6816397926 334.432198536 189.089907691 -213.964085086 -461.686374309 -337.570756838 
52.042731789 -461.686340963 -34.0507849826 -123.970949385 323.309457228 -339.560586111 213.612192352 -250.659459247 461.686340963 173.821179054 
99.3142932971 -461.686340963 -333.075127549 461.686340963 -254.979214302 234.404432061 -157.867825926 115.043643834 -30.5158950401 337.411232862 
351.281336982 -339.330099353 461.686340963 -92.9113347891 -3.71252376743e-05 -216.595223551 270.941875856 62.1978711115 151.304040042 -461.686340963 
-337.626341302 20.8424642671 -461.686340963 94.484252234 -211.553713753 182.532010342 461.686340963 320.788177936 308.839004993 -99.6253609422 
-170.412821038 231.43208184 -461.686340963 81.2007075945 461.686340963 -51.0247883502 336.516053617 96.5215030255 -330.273694947 -209.487607364 
-81.32745912 -221.827435721 -461.686340963 -84.2528846967 461.686341295 328.632763436 55.0516360809 209.11842019 170.293846372 -339.182843915 
-233.263049209 -461.686340987 -334.885428918 58.4838949823 461.686340982 80.1696015112 208.948227604 -67.034856999 -182.117461862 334.520108349 
352.299344192 -77.3515622567 -461.686340987 461.686340963 164.199097686 -202.97827885 284.104870269 -336.354729922 45.7871270551 -267.301443913 
306.117632908 160.39386385 272.503256201 -149.100923572 418.572239559 -338.02518775 -51.4226203081 -461.686340963 -217.890502265 35.0126254999 
461.686340963 -170.297117627 -4.57060011818 -40.8619920299 -246.853017929 235.813057219 -461.686340989 110.409746767 -330.74494358 342.558497698 
-352.353418714 124.543418065 341.048099661 -101.716421962 -157.171998342 211.996583053 -276.984183957 461.686341235 -461.686387178 -4.30338986601 
74.7324597686 -282.059146996 -61.7025833133 202.322096072 -47.2932860044 -190.043986539 -340.135423689 327.25909421 -461.686340963 461.686340963 
-461.686340963 -208.824202119 214.49633923 -65.122174232 52.6778050232 122.708809149 -184.126915691 -330.14022833 330.835555142 460.96278025 
192.75489995 87.2981716969 -216.058221539 -338.721798 -461.686351006 -89.1453275626 327.375368264 316.267520063 461.686340963 5.28534916349 
-72.87399875 -164.655353971 172.522379613 331.612428092 266.651398527 55.0580793539 -340.156154433 -461.686340963 461.686340963 -220.757005514 
295.284361946 -91.2166229953 37.4454750914 -338.468127791 -461.686340963 173.491539482 -101.201452404 428.400473709 -234.613013708 69.0513950982 
-334.049914488 -96.9958787134 215.636501288 118.525267206 461.686340963 -103.482019484 -461.686340963 35.9658581833 -228.559181645 335.825974473 
206.969152474 -281.703273494 64.3385764384 336.630856065 -46.8315974202 -334.828272045 -163.753263278 461.686340963 192.646356606 -461.686340963 
-211.214258708 196.457201221 334.688419861 -453.219685999 -128.910536312 87.8237952807 460.874985566 -32.1172106201 -270.128098184 -331.08817853 
120.599977968 -68.3299218273 -333.089772131 -218.588807335 212.493404495 -175.977560802 331.667509674 -461.686340963 461.686340963 55.0137010926 
306.396799437 329.82205498 -174.015916392 -461.686340963 461.686340963 -217.752166969 182.75615979 -60.7933041843 -332.633567274 60.1243737932 
-86.2120700789 244.687027165 -337.135967756 104.770473346 17.5440379142 353.866890174 -211.881480064 -456.945592567 144.059534312 454.405271566 
-170.513007671 231.39362823 96.486347489 81.0939473897 -461.686340963 -330.333198706 461.686340963 -51.1282970356 -209.665798449 336.506068581 
461.686340963 -188.098848838 80.0895026734 -65.0749826993 207.247483671 -216.589355687 62.061452444 -333.919070876 -461.686340847 330.140490599 
460.846904372 -461.686338682 -121.858604078 130.833276641 -57.2490516083 -219.469712919 201.315946349 59.214559278 -334.967814925 326.355619851 
-461.686340963 77.3274020547 278.897731835 310.241033266 -209.149375767 448.173122461 -99.6528467119 -51.2313128493 154.742126943 -336.800519037 
-94.7981048575 -339.691547545 -461.686340963 461.686340963 -119.147590666 -246.284626761 157.387078901 324.676701342 38.6946669524 206.9028187 
185.825348841 204.636086075 461.686340963 58.3623837979 -174.135749183 -56.5291154171 334.820280733 -249.189163776 -461.686340963 -336.830239744 
-73.5437420241 388.314323422 -168.314376406 149.252068258 418.572247775 -270.538072641 27.9038410204 -339.122404697 262.230387236 -461.686340856 
461.686340963 -225.10968416 332.236467172 -69.4416925972 -183.9117332 82.2701228182 206.834019992 -6.41169574012 -335.722207831 -461.686340963 
-461.686340963 334.067256671 -334.148586836 -220.79080352 209.321727319 -67.8126183473 56.5601402203 75.4666595376 461.686341343 -178.905589708 
-77.6756541589 175.772038193 -226.917425586 449.109350706 318.513142504 -333.920946583 46.9239811994 208.081350764 -102.968108993 -461.686340963 
51.3643856579 418.572222696 -73.4802112336 -207.663078417 -333.38121787 386.589113755 172.291493105 239.761551804 -72.5123045688 -461.686340963 
-327.926112316 -164.946515876 46.3525903454 455.375071479 335.098287276 228.771501422 108.969319308 -202.462946916 -461.686340963 -43.9759732098 
175.265921067 -150.513172954 313.072643511 13.5441734631 -281.488843067 101.897061994 -116.637465948 448.05571076 -413.083131397 -460.121292898 
461.686340963 327.978386681 -234.251683488 -335.746798128 52.8895349089 204.39316322 -461.686340963 174.460414153 -106.753046494 -36.5848393385 
159.071171342 328.126084614 -334.879162665 -461.686340963 241.424505541 36.7293772525 -112.388639536 461.686340963 -69.8992675955 -230.766237999 
-332.532979376 -61.4327973402 67.2124175557 461.686340963 -151.684825804 -461.686340963 219.472248032 100.690709656 341.162898824 -211.092556395 
180.192553904 -461.686340963 -170.287690355 333.441632344 -328.22231798 57.2725910328 206.833220186 461.686340963 -51.1488199973 -198.304392428 
-332.749838476 174.944182638 -461.686340963 -64.5754015279 -114.186789209 50.5762535532 301.537734447 441.000858373 -220.654041451 447.435241249 
50.9054713365 -336.728394665 222.85796299 -233.678267281 -148.641854704 461.686340963 -461.686340963 -75.7151770126 177.082244408 324.886688308 
255.369466274 -168.0035428 -331.836663234 -461.686340963 461.686340963 -223.286908284 -50.5516710217 33.0856644535 147.479588559 329.27120599 
334.059615737 -226.307275573 -180.426928545 -22.0969212112 83.0768419815 455.219338645 -63.0269951231 -334.977152406 -461.686340963 211.005941646 
-461.686340963 461.686337241 -22.8205273895 215.659190454 -234.038143818 334.514946224 -343.323249248 -2.56274108288 -142.208386918 110.405018002 
-339.131243141 -100.205102888 57.9796898873 278.237969269 -223.11418076 309.173023538 453.68660116 163.654835558 -461.686340963 10.0099131751 
48.7925532463 458.370121973 -227.290982264 323.870394834 178.716082509 -99.3826547888 -461.686340963 -72.2890629017 186.923083284 -341.5844532 
-461.6863411 -67.935365473 -233.416189035 -334.699018 51.8967547818 -189.324802934 461.686341585 175.342916435 327.955122869 301.447024408 
-248.567684474 461.686340963 204.717973102 -336.270310903 334.792659478 -56.8075001745 186.009560243 -174.157298631 -461.686340963 58.5171141217 
-461.686340963 -335.931020863 -148.031305094 225.107329496 -20.7528579286 -5.60345945006 -260.794917218 342.742418867 110.60978551 457.605515535 
-240.471321741 461.686340963 -333.896846765 -187.513389633 210.093995034 -64.7102431483 49.9409958072 -461.686340963 81.2974367665 334.067116673 
-253.034960812 -51.9376437744 39.8585733002 334.161449948 163.054155156 -123.368098977 -461.686340963 461.686340388 287.915489232 -334.706750448 
461.686340963 336.506957881 -332.130881673 -50.8035798996 184.270703667 -223.868610783 215.066532623 -461.686340963 -169.080373365 69.3766891129 
-103.940164631 45.6584987383 -334.331759037 167.321539968 -62.2397861231 459.182986924 235.588334106 329.807085774 -461.686340963 -222.858921071 
41.5294316077 -289.498961909 171.104887554 -441.955402961 10.1108166178 424.442243058 -210.276755163 -395.389818042 292.350930658 -67.1936294711 
-87.5202033191 -338.491021601 459.649122841 221.922560849 336.479843406 -213.234003365 106.9713087 -61.6322903337 -461.686340963 52.8299556467 
204.167853068 -60.3875839149 -85.6496656163 63.7017903954 336.308959077 -210.680754161 195.385769756 -338.444741923 -461.686340963 461.686340963 
-461.686340963 38.4381966448 -332.17696993 242.377401987 -70.1813063452 461.686341882 -101.861591315 134.444174363 344.260388004 -225.248107698 
44.3015820058 -335.955671007 -461.686340963 329.545143149 24.5640216359 -207.567684305 461.686340963 211.882691877 -87.3535945558 120.818857528 
83.3799650021 -461.686340963 -122.616902957 -307.846748571 305.530708936 -188.483138717 439.957962382 -31.136225769 199.042653655 -368.258922661 
166.39671814 -336.980964535 -218.149998483 263.478227497 24.7851305458 461.686340963 24.1683434758 332.306462711 -461.686340963 -102.055660289 
35.8596695816 152.726461654 -85.1957508054 274.200906377 -341.22281769 -225.642514475 346.68798341 461.686340963 -101.937725544 -461.686340963 
307.953926838 199.511330771 -331.148284152 -209.858809376 -76.2785612215 -461.686340963 -49.5850317471 80.3892253953 454.405271565 277.106987227 
208.66941781 -63.2532742444 84.4044251029 330.212314841 62.1751778025 -461.686340963 -333.099071436 -210.266402149 -167.361342673 461.686340963 
-14.4883040851 101.408657076 189.136257986 439.95795849 -150.987704827 -461.686344845 -358.511038376 -153.143448393 323.360085668 -278.227607999 
12.1402034298 -117.487191213 461.686340963 343.26928238 -245.644964332 -338.988553962 -120.415840553 -461.686340963 107.260642869 225.018319888 
309.444537245 461.686340963 186.198068411 328.764336044 -333.746886761 63.2826385706 -461.686340963 -223.190877047 -64.6237113664 -178.106897031 
111.571881378 -461.686340963 461.686340963 -248.707552884 16.0749998224 -65.7822132888 227.322875402 -126.396763278 342.494426188 -339.517245147 
294.33360102 52.8986603051 -213.082893708 461.686340963 -37.0996318782 -95.9265364991 332.949455806 -461.686340963 170.294114277 -337.068938322 
330.227577511 79.4058786248 -84.748216776 -115.690002227 -337.808182717 22.8268854617 -212.421704699 208.904496077 461.686340963 -457.309240037 
325.077808513 97.3549198521 38.0986667408 -75.2279024727 -331.604945111 458.503965761 -176.890762849 -461.686340963 199.37946494 -298.278786949 
-338.455188019 336.30335617 -210.686071076 204.550837628 -461.686340963 -85.6601492472 461.686340963 -60.5853504913 63.5741208424 194.943949626 
18.2811268663 461.686340963 -86.841672054 -121.745670208 341.734825893 225.542370588 -245.998759104 -461.686340963 -339.23911556 109.991743751 
461.686340963 -341.541730222 89.2620303265 -34.4698016576 92.9636331451 -137.55695847 -252.646844738 -461.686340963 333.784534717 225.04965435 
-167.872544129 394.672119499 269.858834709 -331.128346731 424.368984491 -461.686340963 -49.9816877944 -284.126210875 173.547283952 61.5667682224 
115.043730648 202.931144553 -308.397183152 -327.15330647 -58.7516985202 333.739550299 461.686340672 66.2865003736 -461.686340963 -184.241571263 
344.61991627 -461.686340963 -138.77033637 461.686340963 -266.197880425 -16.3504570343 135.735370379 -341.836109311 255.231253819 51.3657443374 
439.957977893 -60.5551466501 -333.492846945 287.885362333 -461.686340963 59.7624558482 -209.055488009 -146.317663249 259.40000831 166.632151375 
19.6592819934 78.0316818017 -89.246514059 -454.405264878 -210.043674528 -327.192286404 444.49437872 412.89167514 299.461185078 192.205438153 
234.06820231 -93.2940550228 110.759474335 11.531191392 -193.634834355 -461.686340963 363.45445139 -250.650946668 395.020686511 -346.015035752 
334.113251445 -113.892641402 -241.249504383 -461.686340963 -337.833476177 460.879483414 -91.2359186432 39.0202562348 162.563551574 212.839226839 
-66.7625482887 461.686340963 -339.118913786 62.360399181 345.113750157 92.818545177 -103.467280904 -461.686340963 220.818736268 -220.596553726 
-210.11555377 -333.68062818 335.944222942 66.0117634467 461.686340963 -177.629532737 211.331310602 187.043447362 -56.5050852575 -461.686340963 
-333.592695551 -248.216789766 338.087970639 -187.335371384 95.9216804309 -21.0113654826 -80.0140636843 -461.686340963 461.686340963 215.513462144 
82.6992338328 -213.953056796 -86.8524119433 227.728338829 454.622892895 108.726047058 -48.6486225318 -461.686340963 332.984102522 -338.416151636 
51.2599012976 -213.992649221 -461.686340963 -335.436662824 283.7149602 -168.379039034 -70.6021588117 337.279428469 162.892515599 461.686341021 
-106.061441326 146.457359947 461.68628443 -216.945218839 -461.686340963 -334.32612686 336.655535428 67.7243093456 223.354856058 -59.3277731464 
-335.245204807 -161.049003458 -1.82431575861 -32.7521510136 -461.686341307 101.969755135 340.889821947 461.686340963 -246.592667723 219.227427614 
374.316594478 143.602883336 176.224277503 -395.134666282 -105.683878533 -279.649225511 27.4103537001 -5.49379809725 -186.598734703 -461.686340963 
271.90897119 -461.686340963 461.686338065 156.181710322 348.44285011 -342.371436839 128.084604598 13.2048446082 -106.644589429 -229.472648031 
351.039671466 -81.3360356256 38.75941463 -330.95545743 289.581115005 -445.740684721 106.220961937 174.712430801 -204.935414881 454.405270585 
-108.162145207 -335.561598129 461.686340963 -221.106799951 -71.0363562514 272.022757332 -461.686340963 163.68485921 45.2227276136 324.615381195 
-461.686340963 454.404524175 -47.9758568185 -271.910286294 200.981907688 4.63411011771 127.781364125 -341.783860654 324.227934709 -151.899295642 
257.023882265 439.957959536 138.513524461 30.6578555633 -461.686340963 285.475453064 -336.697683629 -111.6460994 -83.2309398537 -236.786746451 
226.026811739 461.686340963 -343.006547581 8.1974192968 341.045651547 -278.581617207 -168.94982262 -53.7661963232 -461.686340963 104.449380704 
23.8971999132 -339.283757257 250.634104453 461.686340963 331.67566528 -461.686340963 -210.925803836 33.1229090638 167.519749766 -92.7308169726 
-135.637074595 178.049315015 56.2468965264 461.686340963 -461.686340963 328.621105929 -247.646075134 -333.643144937 209.244080038 -14.7568801484 
-216.293828404 -98.6819205291 20.84159266 160.926156928 308.64304625 33.3062056035 -461.686340963 277.466537228 -335.135347593 445.973109609 
-283.890350723 -4.51209058255 461.686340963 -408.186451378 -173.211897803 239.16862861 -47.7327070196 324.738854956 -461.404466808 121.745089385 
-461.686340973 -4.2420446343 89.0102522439 206.356360563 332.041264914 -331.686170833 -182.0134919 -54.7494936841 -252.923270967 454.837561372 
329.533381976 106.252955868 -333.26831982 -235.393609975 221.420830677 -461.686340963 -44.2128785194 461.686340963 9.01109445361 -167.617419147 
342.325550132 -147.68416755 110.723535152 -348.403735058 223.000794926 -275.087391515 16.8776774724 -461.686340963 461.686340963 -24.4573690467 
-190.230252836 -211.437228177 -461.686440775 331.052975264 199.924365177 461.686389651 59.7144508228 94.3846287111 -62.0541632846 -334.459453754 
88.1438738982 240.357633679 -461.686340963 -329.977772584 -211.714593764 -36.9958380541 -163.785015485 341.272303756 122.766328468 461.62041451 
77.7692966817 327.263815633 -189.238343597 204.503459343 -335.247680157 -461.686340963 461.686340963 -279.601422443 -44.1116825746 -71.4264994172 
-336.226434002 -227.684877606 82.8667395172 -461.686340963 -184.212495837 461.686340963 332.873752667 -7.08059260217 -69.7020792743 207.416770514 
-461.686340963 290.632139857 -69.6184871366 -223.897449878 178.953950374 416.514565281 -332.167425238 53.2947988557 -159.585667034 448.08753134 
454.405271565 -456.702006312 -178.577501006 42.3999476602 167.015899527 -327.761624507 -223.197585697 -71.5625168552 275.107127128 345.398718582 
-65.5122265265 -461.686340963 164.209474864 47.1341961678 -160.248170465 327.275276568 -214.801062538 461.686340963 -336.186085685 209.130388074 
332.669358292 -389.504193064 -94.0077310314 112.034370194 -306.41376847 439.95795903 -461.686338795 18.9644952623 -216.193964203 217.862376766 
-335.854481819 461.686340963 168.441292278 229.202825863 -16.3199452253 327.266673828 -461.686340963 40.0498233657 -245.830198416 -130.381402642 
-461.686340963 461.686340963 327.259088882 201.992167738 -57.3781401255 -328.796390392 -290.56764443 -70.6418452447 -197.910558116 74.730767319 
123.745726468 -275.59575588 439.957874661 -4.83002168091 307.762910794 -163.293083402 -104.615551751 -398.808677032 -461.686340963 201.161839734 
461.686340963 -336.937471141 -40.1076176745 -271.908972672 -34.2568085473 331.743630734 94.1045391324 -174.165299778 -461.686340963 210.527510549 
-22.8872317218 329.040350616 -174.409034286 211.05904335 -449.746227835 439.957959523 -279.576258865 -338.072257998 85.8466256813 -53.1880040719 
-344.504883904 159.61298624 439.934283459 -130.966771395 -461.686343007 361.710665328 36.9497044974 276.296813294 -229.645097205 -92.0808257261 
327.823405475 -334.320266472 189.417096954 454.405271568 -67.7856676518 -222.858918537 -461.686340963 183.036032844 46.3090178084 -184.393264972 
-175.07326307 461.686340963 -57.718643115 -249.909298961 -336.085761423 186.282716441 335.302042867 -461.686340963 59.6791794233 206.542933391 
-183.898411176 -461.686340963 80.0384848385 461.686340963 -28.4687974286 -330.560078638 -66.005978499 -304.088407703 330.860148933 207.025790057 
-461.686340963 -125.693964828 -287.060305279 336.488312466 208.917331582 -404.48938402 461.686340963 -38.4150560779 82.539276619 -184.693463176 
-62.9392065212 -461.686340963 -337.933271694 -215.101735299 460.303726312 -107.326539316 202.213673458 57.5163938383 328.696108904 145.221789205 
-333.208871427 -461.686340683 334.504418712 207.112654315 -250.210993268 -181.298841439 457.707161195 81.8925795452 -62.0389029138 -24.131248625 
214.118241275 -54.3377453259 -115.286588638 -338.697635012 -461.686340963 96.9395243068 461.686340963 -213.557408552 70.5719197045 333.486835702 
-244.245323813 461.686349813 258.828126748 19.2473891849 344.765614072 138.504435541 -116.206309567 -461.686340963 -338.620448256 -115.043780029 
-233.926573467 137.641928814 348.191161412 -461.686340963 255.958414298 -343.811325702 -67.7974974608 28.6443823547 444.329301183 -113.750117027 
88.7813152544 211.464582727 -56.2834174158 461.686340963 329.565890061 -173.64243268 -461.686340963 68.0804813693 -334.746940195 -238.046791498 
251.635524513 -461.686340963 -19.1584061667 -332.764533324 135.052504021 461.686311428 96.3969330837 -150.25944014 -256.77474136 344.025317186 
-461.686340963 330.465983922 -202.538710128 -57.7565413265 75.7350509541 -185.712610132 81.1312156418 -331.619151357 461.686340963 212.660952156 
55.2593832649 461.686340963 323.826526907 196.081397776 -232.280855583 -334.707925263 -461.686340963 -29.8418624006 178.167218383 -109.112025802 
418.572253992 -153.945273675 110.883259759 262.885462307 -25.5125199848 -17.4358298237 -335.322408079 232.08110601 -267.841636093 -451.377194293 
-461.686340963 216.976760655 -171.569092589 -331.851638623 335.832053731 -208.104724272 120.125910104 461.686340963 -54.9935442854 67.3411477994 
-336.170613827 142.894453657 -89.7305611943 -461.686340963 -233.979409216 193.574927425 457.942285328 331.343044126 34.9329929221 -131.390663523 
-336.136777887 334.862251498 186.284120047 58.6285836607 -56.1839427504 461.686340963 204.531314725 -248.57637734 -173.730834981 -461.686340963 
-115.260442004 22.1962761787 -454.405281942 341.589793359 -73.6686903614 -202.219879191 -329.768778095 461.686340963 106.25071502 225.492158117 
180.501871964 -461.686340968 -181.065123069 -332.350585035 328.548774804 -58.1484827794 461.686340963 -228.085742204 216.109611508 60.0606541986 
-170.294193532 -461.686340963 219.214625015 461.686340963 69.4404669645 -332.04766842 170.294090706 -54.2440037155 -208.352960355 335.371836925 
