-461.549024885 -156.938935907 6.42311572362 -407.639759349 461.686340963 327.932636901 239.579352106 -280.197380379 129.619641257 -120.111880054 
170.343022089 -211.916592728 328.716168512 -461.686340964 -338.77388832 461.686340963 261.474053467 -108.663313277 35.9275155791 21.7851046435 
56.2985252415 -29.4884458047 -325.367388518 330.552206545 292.978132107 -454.549324859 -266.58415509 459.915540835 170.715506445 -144.031263474 
333.91616422 -237.849811565 35.9111119753 159.923798329 -337.958504301 461.686340963 10.9016071009 -461.686340963 -109.160246818 288.696177384 
-330.304392563 334.801018168 208.896672044 -60.7073803566 -219.314303557 64.0216220234 -461.686340963 461.686340963 -174.163294334 84.4592314745 
461.686340963 -220.55261006 335.786512079 232.747072936 -334.0848844 -461.686340963 -93.7696461649 105.562860278 0.389511933623 -183.152102865 
123.880202691 314.316371961 25.9995254915 -200.254600524 184.251344571 444.076370802 -340.355796304 -220.682148158 -84.4866540168 -461.686340963 
216.586180804 -222.089464764 24.5853563195 -13.4184258049 328.633423265 -134.315601247 103.654213971 -460.274647102 435.874859609 -339.375900964 
-108.865515526 -204.89202567 163.256707295 38.2167974733 -461.686340963 -329.185072691 291.011936564 333.449264969 461.686340963 42.1678623231 
-72.1682659195 -238.962867033 4.7581368956 -192.147337862 451.935471435 339.268086953 221.190531379 -456.602090208 -331.583139856 92.6226788534 
-342.549486928 -2.30896393488 -146.542185399 -104.392649007 348.574971311 248.336629106 -263.82089462 124.473887728 -461.686357764 461.686346957 
-461.686340963 211.041247415 461.686352977 -252.659661895 -141.099346107 -340.824642073 337.627346064 12.7705497391 111.535544709 -115.043485077 
169.180775939 461.686340963 -461.686340963 -2.47379997836e-09 293.856011782 -98.7542265015 -221.025444932 333.08419751 55.4015754205 -338.964016074 
461.686341878 -55.3825873162 -171.785667223 66.1073182051 -343.559764124 -461.686340963 336.222045616 -297.870953547 82.3439971192 204.937796986 
69.774059812 -291.317237172 -166.740634254 -461.686340963 461.686340963 -45.9122435162 -343.409238082 337.16920481 217.680270244 185.444816704 
329.719306677 -56.5000056004 62.3816789339 -179.632853147 222.626815389 461.686340963 181.358941575 -226.452808009 -331.9688637 -461.686341506 
175.73455524 215.860366737 -95.4152062073 -348.199382382 67.4507546206 -84.4164059099 -461.686340963 -224.256827525 336.690953425 41.2436485698 
-61.6902548632 -461.686340963 -213.859435676 79.8551070274 -154.093432152 208.611049836 63.4078906238 -336.087877142 461.686340963 329.526215988 
182.534813518 332.968764447 198.157062252 -110.752084122 461.686340963 -461.686340963 51.9626572972 -3.86811323952 -328.480422732 -204.566150423 
163.577598882 -328.54877502 -461.686340963 -58.0964799525 291.685394567 -190.563844144 -185.872482804 42.6169625071 316.699609107 461.686349 
-461.686340963 82.7223135217 -74.0571439525 -335.884239099 -201.976352545 444.972499631 -22.4281288548 443.44375878 207.933800326 309.072675802 
-324.742971545 -2.03200961349 50.2490192421 -115.645976714 111.536281753 204.53079105 329.57421997 -198.903830649 -452.914083106 454.405271651 
-214.779016086 -90.5594801173 -337.554510359 461.686340963 264.441239604 147.477718844 -0.799918703304 -461.686340963 72.9856953422 346.784023907 
-221.564232378 -82.506001178 51.6789235391 -178.506997425 297.979547257 426.235592454 45.9596430908 177.918034482 -461.686340963 -339.78128725 
-159.8002115 -340.771367631 106.80279493 -125.795777765 199.702176616 447.504332727 -461.686340963 -23.427012895 318.067465039 -284.298606955 
35.8121353744 451.991562136 -191.272910617 -461.686340963 188.347683142 70.997303759 -222.858858404 319.878852423 -80.6519550017 -337.180906852 
461.686340963 -461.686340963 -19.1789400673 -267.123616117 -178.011559599 -53.2562044542 94.966066084 331.823814253 -337.261347005 209.407167044 
-142.520288339 -21.0457467437 -253.896396804 331.944849656 87.8758652418 460.806157512 -461.686340963 230.298409153 -335.372016186 117.53564345 
209.061139778 49.6677071979 -232.659231729 -336.28468308 461.686340212 333.346372758 -461.68634088 87.4398524939 -71.9543315929 -184.138139241 
-461.686340963 -96.9732617675 122.48614488 134.059251814 251.0749159 -214.268454417 461.655003923 343.990541646 -341.187928053 -4.26247444478 
-332.283292239 -461.686340963 273.542535958 159.744023385 -73.5037084513 356.430223483 461.686340963 -190.547370904 -298.346108154 36.4316980813 
461.686341309 68.5232263776 -225.147941741 332.383224689 123.300609966 -339.441440504 -45.9314260763 -129.491387229 -461.686340963 210.382054872 
96.4645611712 -211.994929511 297.088768149 179.881510051 -86.1450464328 351.420774392 39.6506403238 -341.013162681 461.686340963 -461.686340968 
-80.7980978719 -94.807083354 157.378416697 -337.504839671 339.789321948 461.686340963 -461.686395596 58.9976686888 -209.132528926 223.585425904 
154.090927926 253.917145839 -335.442664697 -217.192245191 -461.686340963 461.686340963 -188.246740787 334.991335783 -68.9970226809 34.0834709778 
212.888209153 -99.1253907334 445.748131282 -67.4338157125 316.289115453 -461.686327632 -334.838685034 86.8703080276 1.11657239551 -218.723909159 
-230.728081273 51.4436819157 -336.630612218 290.008689115 -72.3630949296 -171.816074208 180.419290528 347.708044278 -459.471488217 456.670648473 
-60.5619569387 457.035191668 168.143590118 -241.409488582 55.2985012839 204.233988305 323.681098442 -176.814572411 -336.459929819 -461.686340963 
-244.267363396 211.440124528 443.421945447 -344.80018157 -461.686340963 316.870965303 -92.0635544808 -124.12579728 24.6026308427 139.429523896 
60.7508639538 182.945688462 306.575735765 -461.686340963 461.686340963 -67.6995052582 329.846745126 -335.364957815 -211.588409373 -142.355622544 
242.893496335 -331.417637331 165.63429247 -461.686340963 328.403255403 -63.7629708129 -222.37346576 -104.172562294 461.686341564 44.0525300484 
-61.8588052639 11.1850961798 93.4959850522 461.686340963 332.565471256 -190.29607357 214.242223744 -461.686340963 -314.647802661 -323.436067894 
-138.399327698 -461.686340963 -212.053077429 139.944404622 257.588425317 -331.630732658 345.090820454 461.686340963 -9.14578059707 35.7761990993 
317.758267644 -77.5277024195 39.2466653365 68.0492698842 -461.686340963 -341.176064513 -250.368903521 187.632342924 -189.228089712 450.776960009 
-31.8139798317 134.75218056 -160.216909183 -331.432842904 -233.078879395 11.7537762314 252.985073784 -461.686340963 461.686340963 332.550081134 
461.686340963 -36.4994822835 -14.85020553 109.79930362 -461.686340963 -334.569386474 232.521887898 -162.334262929 338.953678332 -280.902370943 
-41.2138270512 115.142513139 461.686340963 237.665526955 8.4440268289 -461.686340963 -165.646355821 -333.154511896 343.484644383 -235.870848077 
210.610454529 70.2228869842 96.0435807121 -338.74645884 -215.938592308 -461.686340963 333.860971661 -59.6110049579 461.686340963 -88.3719098775 
246.010781691 -461.686340963 -161.640204984 -246.927413895 -32.4299088915 2.17406934064 -333.783895789 461.686340963 327.657695854 127.253209512 
-213.023264806 -339.464484512 221.043854491 -50.2543391273 74.6336954141 332.420308201 -461.686340963 -87.8099490596 107.411866653 461.686340963 
329.601627174 263.31061884 -336.075751158 -106.17880133 -59.6594842997 161.35735347 -461.686340963 461.686340963 -209.471130771 47.0925892173 
-209.129243528 -329.73202541 71.2878557017 -461.686340963 454.809616074 107.523706822 -145.029073542 221.896412907 -57.9790770174 332.534103335 
-338.044549056 -461.686340963 -238.306559143 311.975265991 180.216845447 443.530811891 -89.8963802404 123.041731323 -179.486214693 25.7676545547 
78.5616572264 -252.397746833 461.686340963 184.622817051 -34.7817512016 -461.686340963 -142.660567872 226.588436098 342.911949178 -342.277559963 
-135.876196834 -209.396634799 461.686340963 170.273368757 -333.337955222 329.495171813 -50.0221540424 65.2117594152 236.907165343 -461.686340963 
77.3033393057 243.353214234 341.640899663 -144.285291331 -342.595020506 -271.90894373 -24.319013947 122.947329668 -461.686340963 461.686340963 
-265.88335169 383.224694635 350.282850383 103.828174709 -138.551157419 -13.2082177546 -341.353190693 326.063855736 158.814209303 -461.686340963 
454.404758997 -129.304959057 123.487982363 -461.686340963 -225.090065949 46.0428195672 -77.0603301915 203.75965975 -343.307274348 330.468219646 
176.99623802 55.1702882508 461.686340963 -461.686340963 -136.066207827 -14.5969132142 -248.521618691 326.977939157 208.50084796 -333.750673642 
-196.604126251 97.7101037265 -461.686340963 -334.523987006 342.561608768 245.419639866 -154.57346878 -27.5435235729 461.686308065 128.168941961 
65.1083959489 -461.686340963 -295.106144369 -55.3225398021 177.351459945 457.548980022 -341.555439175 -177.149353907 212.740674869 332.562257629 
457.040505622 -285.650919049 -461.686340963 -336.447843269 346.927165305 50.3524786875 282.919311883 174.121671593 -185.59310232 -64.6578259993 
-332.785000992 301.689922942 -461.686342693 -183.056892063 -50.217003589 70.9719523708 177.236315717 330.84280833 461.686340963 -227.236683825 
210.393834198 -190.361763078 88.3618860535 -461.686340963 334.329430025 454.405482297 -29.3312788309 -343.028090495 -309.186080449 -115.022055757 
-341.460525358 -271.677060602 341.263782079 104.184773797 457.960181218 -461.686340963 221.459718177 -31.67552858 -154.44758852 -12.7089971185 
-328.83279635 -53.9043010839 -461.686340963 58.3822142764 200.577457282 331.255470451 -191.436538554 461.686340963 -187.884383361 105.671639029 
-60.1357018857 167.320281565 55.0482260674 -176.498238582 206.116180412 -336.447774677 459.010890543 325.670760141 -461.686340963 -242.205020542 
53.3658879161 173.15435812 -335.657951973 31.6675741287 -461.686340963 -208.772336975 461.686340963 298.828126962 -91.0670294484 331.575469687 
-333.615376188 -63.8716394842 64.2793324335 328.611078766 -461.686340963 -223.165553399 309.99676626 461.686340963 186.773552463 -177.683046091 
274.044434434 73.3100692627 -142.050746119 -37.8248108559 -200.870748128 306.756799427 -326.993197456 179.710915169 444.434698766 -461.686340963 
-282.32843297 91.7096242245 221.252397659 342.354730211 -20.8580258642 -347.872377983 -158.681610373 -135.65533153 461.686341268 -461.686340963 
-461.686340963 -147.230560258 -53.9962976604 461.686340963 -332.793320879 302.597752197 178.156712537 330.546682887 -210.02134474 69.0022067057 
56.8378430127 460.669852296 -61.3699028466 -461.686340963 -177.661397252 133.504379203 202.422884784 -210.805287155 328.579466996 -333.602628643 
332.304649631 49.95760751 -74.071570979 461.686340963 -333.184379932 -461.686340963 171.515321658 296.166640898 -224.932713205 -98.4213201613 
-41.6951704882 -334.228673762 -170.293799788 87.9353229881 335.677285788 197.515662316 -461.686341171 -242.335450554 457.122125531 -40.9626383745 
461.686340963 -111.125123564 52.1649743926 -328.465258477 198.184622643 332.979801654 -4.31591772431 -461.686340963 182.6916744 -205.029760539 
-69.7506161626 -218.923534026 -92.6949723839 -461.686340963 49.9375822773 327.408074164 168.593915972 275.963341281 -337.883403822 461.686340963 
-331.569082709 461.686340963 107.452509534 -206.601467132 335.19705534 -56.1974988009 -145.098797548 66.2246418936 -461.686340963 217.129022679 
328.836828384 -461.686340963 461.686362426 -4.82163851205 179.119755694 60.8149607492 -208.886340706 -87.765194363 222.160227398 -336.47974785 
109.361899836 -461.686340963 -92.8901190002 -227.342679529 156.039696808 406.684802801 -347.386033954 -217.54961709 21.5940767526 284.873566404 
-461.686340963 -5.58609420826 -148.050887501 110.587059615 342.833696324 -260.824128127 225.138993353 -335.953693295 457.849668352 -20.7881264452 
-262.561703412 461.686338294 81.6693306272 -163.181114441 118.527707493 237.846281299 -461.686340963 344.366064539 -334.36317381 -33.0144024127 
-125.465953603 -334.918151351 324.428926159 -461.686340963 -10.5405606101 34.203846301 -238.400492349 461.686340963 234.103994332 163.030993909 
118.286155554 -211.562981466 -461.686340963 331.636389577 461.686340963 -179.817601496 209.959564906 57.0330379752 -334.122188536 -63.0898105049 
-39.3155771806 -111.745398918 55.7292802114 328.307216525 174.160797132 -461.686340963 214.720012562 -334.753899312 458.868029694 -231.296984587 
321.307200244 -461.686340963 -222.858852194 69.68244658 204.038094598 70.8773455566 455.104735701 -331.804467652 -56.4527422252 -171.703262606 
-461.686340963 122.657430787 460.531494715 43.4873648895 196.108418433 -75.6579932689 -232.364031994 -340.155726527 -124.94582742 323.808657021 
-331.113674175 70.693342099 -136.645466935 -50.7521994637 461.686340809 226.922281044 -204.466704912 136.800140934 -461.686340963 337.46128803 
332.867205624 -113.397120288 -225.941280326 178.599493137 50.3157451547 201.94126075 -71.7288252488 -461.686340963 461.686340963 -336.699629477 
-174.912259331 -260.696631484 68.1389802819 202.945657113 -461.686340963 329.989959584 -337.368973666 76.0925289763 -59.306775202 450.058031623 
79.2579940462 -64.1178218909 329.903052198 3.54877131045 -186.911938415 -457.637118022 -244.962431815 206.979749174 -332.107394028 461.686340963 
109.523932323 458.55140062 -461.686340963 -238.255580906 -336.103252667 283.202035073 338.723696032 -115.043751362 -1.65141177993 146.464072592 
461.686340963 340.072652493 47.6244409429 -38.915359062 -201.302824419 236.598883351 -329.245157768 -172.892427894 119.7716286 -461.686340963 
245.257110617 -118.178357382 324.292094784 -240.673464022 461.686340848 160.061224776 2.70971818376 -334.733468854 -461.686340963 40.033282052 
-1.41884099446 211.041235093 -231.497139742 -100.22056199 111.551196743 337.907088535 -406.757011425 -290.61534053 461.686340963 -461.685967134 
394.693743586 -215.803742205 31.6088652297 425.608544303 -93.3132098874 -267.630263019 -330.926799763 -452.501198574 142.021329364 269.704419476 
193.852987415 -330.566415542 332.842791522 -257.710322766 61.1977655399 461.686340963 189.150238441 -44.4447911833 -461.686340963 -167.593253746 
143.98505603 20.4287856291 -334.367423588 -461.686340963 -21.3448698105 273.20761732 -260.254519708 334.846726696 -134.300707437 461.686340963 
-45.0816569496 281.520778948 185.542121964 -210.91459706 -170.294114832 401.060352276 111.066214698 -335.389058547 -461.686340963 80.163891974 
57.2635389804 -461.686340963 218.060884104 461.686340963 -63.5137892756 -181.56659367 120.270061343 -212.569143279 -334.42992232 342.089162977 
170.312843936 424.121672263 -345.253835211 -221.45529728 150.712513794 -81.3073356096 -460.37321911 -102.753684951 25.2962279093 298.635937286 
255.143786124 344.609179655 -138.714171147 -16.420199134 -341.822398538 51.4221434647 -266.057436227 135.619388317 461.686341669 -461.686344862 
-211.31363814 55.3254908875 36.14052501 -89.4079014812 -461.686340963 182.432500598 -330.429423551 448.175039289 289.987752994 415.224441461 
303.362151969 425.168952978 146.982008063 222.90544419 41.7977297702 -77.862721868 -247.551807448 -461.686341122 -347.270652729 -157.819864662 
-3.09266568125 -228.083436849 138.353787195 343.712836142 -461.686340963 -340.241809333 230.918988114 84.5464732935 -106.615370788 451.997216431 
-331.431368034 461.686340963 -222.859227534 -461.686340963 339.289320353 86.1214224229 -172.579993244 216.712923245 -58.2202589648 68.0861688105 
-129.600210198 -13.695218372 327.633211948 92.8121032509 436.652475451 -461.686340963 -350.796707565 -150.9986345 -270.332974011 215.174328751 
461.686340963 118.248961437 331.642677995 -179.860307481 -461.686340963 -63.1422754332 57.0048845829 209.959281904 -334.165904759 -211.61125301 
-339.814886661 -461.686340963 148.844696377 -246.323692473 271.155595357 461.686340388 -142.094338885 17.6935055588 347.692648574 -103.104752884 
-190.204873656 297.693056006 53.2038549895 -283.632913575 -339.196618468 425.816973193 -79.9885513851 -461.686340963 178.695227075 47.3327686334 
41.606910823 322.461145187 461.161921649 -461.686340963 -336.476122288 -235.03935363 -80.9954365208 -133.643918488 193.630325834 126.166841659 
461.686340986 228.732879204 -269.045256156 -180.118413621 37.90053556 -82.7393588803 -454.405272294 -322.518897702 326.770786525 158.760443694 
350.456657328 -86.5772415595 141.372777583 36.5676347302 -337.058992957 -215.715517208 -461.686340963 240.708382955 461.686340963 -207.114297698 
-70.7156569021 -461.686340963 192.138959228 328.114232171 -81.9989091667 182.084341575 -214.972942509 -336.533717747 54.4956138923 454.405271521 
28.7730221453 444.528111796 318.45765225 -245.165152428 -86.0147824691 -461.686340963 -124.872361335 -345.011273622 213.025046818 143.798016087 
-1.46673347083 46.8993696734 281.755625594 163.370789466 -128.639170151 323.43633229 461.686340963 -340.390079555 -461.686340963 -256.465950477 
156.546504777 -461.686340963 -245.333236286 7.27012095346 -339.80408713 332.223848937 265.254389003 26.2852321497 -118.687874609 461.686340963 
-174.416159039 182.904233675 306.558541817 -461.686340963 -57.921852633 -223.613839595 66.338070359 -333.07073379 329.660820348 461.686340963 
461.508916862 -237.389984128 -337.233394102 -143.111990537 27.3380338026 -461.686340963 335.598289966 93.7506292831 211.04625192 -88.8009667087 
-329.222798982 -38.3999733519 104.27847253 -460.980903028 221.904245683 -165.84716855 17.8406885071 342.535903044 461.686340963 -227.905640158 
204.877277477 -47.923424021 -282.544441516 -56.6244975642 461.686340963 -461.686340963 -185.739022102 329.844213192 77.2043988831 -338.416448598 
-342.737402987 -461.686340963 345.945510568 -171.05930215 -52.6676122616 -299.245788199 267.91296495 36.365088054 146.535010893 461.686340963 
214.369904234 -154.266934514 329.76226212 -332.230079104 150.254671032 -461.686340963 -33.204058004 -271.033203499 23.2168553982 457.944055286 
19.2624281985 112.516980104 -178.499787986 -334.500004898 461.686340963 -62.8125678446 338.288074541 242.204433496 -461.686340963 -224.998162202 
20.586106214 -12.1804715602 288.578264311 439.957959649 -324.248186033 138.104846953 -454.41511041 258.789762889 -135.184603618 -208.77386291 
-332.897322125 -259.345040226 -169.439288904 328.690584636 -461.686340963 461.686340963 181.646150849 60.8220282673 210.919675766 -47.9724749018 
319.955886953 -260.900521087 -461.686340963 391.810417378 222.832815798 -150.562838996 111.48912521 0.00157470272017 -337.242418442 -21.3076404009 
134.660533952 258.757794402 -219.508393986 -341.003271425 461.686340963 12.2913236587 138.472937918 342.208215942 -114.207560323 -454.405275306 
35.837897524 218.466305928 -461.686340963 -79.7487692707 127.452246518 -316.670930517 -332.717398008 341.969592281 455.619139423 -199.667100698 
322.569121523 -107.805887506 -232.408468816 42.2478286956 -73.6479406231 165.425272267 -461.686340963 222.859051457 -336.226305992 461.686340963 
230.405953403 42.5018819621 -34.7134238285 449.193901407 -461.686340963 324.134270972 160.768633409 -107.647009515 -343.594285645 -231.741963131 
-461.686340963 461.686340963 -36.3489428055 -95.580336358 52.8786859772 170.294113947 -212.572376066 332.861341492 294.338028374 -336.937735231 
200.854953314 -106.738918599 145.795893567 75.3746524536 -57.9793120145 451.759006591 -219.152357918 329.016025804 -338.658356096 -461.686340963 
-211.24497649 26.9605268859 182.780598871 -461.686340963 461.686340963 -93.4285763899 309.620039875 80.2532878521 316.67085301 -339.464212663 
-108.130068886 -334.408960662 48.9847553911 461.686340963 260.395367148 -227.612007576 -461.686340963 325.73761514 173.876203285 20.5047769853 
160.085903003 -461.686340963 -78.2750898832 461.497110674 43.7758242246 338.93046244 -335.374268234 -223.830529879 -101.961273488 223.020114308 
-461.686340963 -329.03158657 211.041247455 -192.719184083 -44.1321645572 84.4616372995 -64.5352168088 337.741157261 -279.61737503 461.686340963 
-62.5914549409 -152.238865777 211.041251433 337.647243937 -330.346217744 50.1727818058 124.145836773 461.686340963 -209.629120083 -461.686340963 
461.686340963 -335.290986017 110.908256369 231.691860008 -44.2798810735 -4.75213575254 -461.686340963 -247.008542232 -170.402484074 344.558693022 
-98.0257937023 461.686340963 -211.912283634 39.5089426332 290.153861079 -338.573025856 -461.686340963 356.383091881 165.982245584 -66.5864518596 
197.738818652 455.287984537 -214.770500205 -77.9975746941 48.9347717988 -461.686340963 319.684685829 -85.8830916342 -337.568794047 174.802319174 
92.8180122113 -215.18252685 -335.701577816 -86.9837251293 -72.825744994 211.251844771 448.974716227 -461.686340963 329.202457675 50.5273814136 
328.581071829 -61.3536821356 -210.787273999 -461.686340963 -333.591998108 -177.647110162 133.540779048 460.668836722 202.435571595 56.8626435892 
-119.603644176 -340.58262318 461.686341003 -103.743611669 23.0148944996 252.99881135 -461.686340963 333.003338198 -245.254815249 146.848445855 
-129.854641966 107.554131396 -461.686340963 -242.231733177 43.8110946442 454.405276787 -343.703641379 323.096715128 190.297146697 -80.2304615984 
-245.930456864 225.322203915 -339.230956618 -86.7541847846 341.68422226 -121.668104026 461.686340963 109.750161338 -461.686340963 18.399088812 
396.069148563 301.49031482 -88.9213027645 -430.242836356 -275.251423697 -307.718726601 70.3999801591 183.673821117 35.1506233769 -184.98068331 
-61.8390303888 120.459030533 331.082650722 50.7808313712 -177.260605411 461.686340957 213.653319867 -328.422069114 -265.283938486 -461.686340963 
461.686331641 19.3119973808 -116.376299547 138.578709913 -244.375227477 344.865059758 -114.981133113 -338.681811774 258.972199368 -461.686340963 
429.224057922 183.482479042 -234.194813641 -461.686342557 146.655239069 11.2924715541 -342.6450237 298.827069598 -116.366839839 17.8058049515 
182.35802005 75.5821118235 -167.229961338 -206.542976587 308.909422155 -461.686340963 276.505215659 -330.835416607 -49.4884042238 454.405259555 
155.132336439 -95.8513611691 27.1822733389 262.415438133 -115.32734171 -461.686340963 401.413138297 -241.385012216 432.238780486 -338.084601353 
211.041234973 -7.83019938611 339.134873748 -347.132128775 -149.300358099 101.41837518 -461.686340963 -134.622669848 -274.142352961 461.686340963 
-179.016190623 -38.2076326027 461.686340963 -341.875584336 -54.7910193223 -461.686340963 211.041722999 -298.471738697 87.2115663281 337.627389035 
-160.067150989 -241.911225845 -35.5886072121 341.913979212 31.8003150808 -461.686340963 243.670598419 121.475624475 461.686340953 -333.211606452 
-69.2396814452 329.560300694 -330.596365379 461.686342456 248.700451582 50.1284145612 177.300471094 -182.894104703 -302.906344579 -461.686340963 
-76.8810095902 209.193874192 461.686338373 328.776394686 58.0029544728 174.452659189 -211.916441695 -85.9681216087 -338.767584235 -461.686340932 
-185.65191074 329.966246916 222.849537612 461.686350429 -333.406254616 181.364412981 -223.015491724 -461.686362915 -55.1859710409 65.0982757044 
-13.2172806607 122.051226705 6.25184793757 331.073513451 459.659675381 -343.631659519 -461.686340963 222.813939689 -127.396995395 -233.11608722 
-461.686340963 217.985665787 67.1020995217 125.080099276 -342.360361225 -149.921307204 -232.914800747 340.253019263 454.100343145 -50.4528599417 
-230.656133902 461.686340963 52.1920651332 330.801420283 209.867802794 -114.048968822 128.068230914 -27.5069161723 -461.686340963 -342.393074822 
461.686340963 -335.487804219 -172.003699832 324.303284406 -461.686340963 44.7635059455 269.470404666 -53.549693857 160.301175203 -243.790605505 
225.330326853 18.4072607634 -121.668096791 109.771846992 -86.7476582114 -245.925176549 341.698218809 461.686340963 -339.23843317 -461.686340963 
-156.201819912 212.053370761 -334.709260243 335.203336327 -212.553452767 -64.3394017051 96.0258720816 461.686340963 64.1947904394 -461.686340963 
-266.230084825 -222.858861538 -11.8733299711 333.6524476 83.0072616892 211.363748232 -124.749133085 -454.405273692 -329.483985378 461.68634008 
-341.19729227 -461.686340963 -265.726006815 461.686340963 345.87029497 121.458129 240.304036606 -155.932975009 -40.5250314926 34.3778082445 
-461.686340963 -220.83673319 -333.029736209 47.5272436416 82.7356573375 461.686340963 335.401162653 201.927897998 -177.457660726 -62.916307764 
457.449854923 -232.943848354 -170.384557644 82.019478533 336.671528232 231.638050999 131.132368529 -461.686340963 -333.528856452 -43.2842959836 
336.82295747 -461.686340963 45.495569001 -265.086674501 -142.280014611 211.417250667 461.686340963 -342.480158599 -56.6188386622 121.339161049 
-461.686340963 166.386735789 192.516655314 47.4913482555 -222.858839595 454.031636943 -96.69899577 330.780669879 -85.4249038259 -332.537174439 
329.763755265 -62.7601928316 -338.79689382 -88.5567047447 202.152259061 450.714832877 -461.686340963 94.6626657125 -216.650239132 69.7701636592 
-348.000959353 -156.371595896 -461.686340963 461.686340963 -280.343241531 -135.834818091 -20.3437754759 212.039912383 87.1842647094 337.829370683 
-204.618090144 -461.686340963 -177.836364738 336.190424635 73.2393747038 221.825953587 458.613496089 102.046503337 -330.60049364 -50.6123960929 
-338.555239586 -115.043655165 344.756236999 -461.686340963 138.51704535 258.507816687 461.686368786 -115.96921015 19.3028180404 -244.01581578 
-54.5354206243 -337.110527227 -265.490795834 345.253666582 143.074223619 -171.188760501 246.313864457 -461.686340963 461.686340963 67.8252268441 
326.38525601 38.7504256481 165.954701561 -62.8887754235 -258.729186346 230.245909905 -128.77452606 -461.686340963 461.686340963 -342.445345648 
-138.385433453 -461.686340963 460.281001226 -16.3412047413 173.474167286 -250.847425549 52.7116857135 -333.790372005 206.135878886 331.565722674 
337.32500289 -21.5269640046 -139.045810006 461.686339079 83.7199120532 226.167090859 156.749002867 -212.10336902 -330.884335588 -461.686340963 
276.774245301 46.3642248227 316.946318101 -339.171479658 -80.640657616 456.092855606 -211.939300738 -457.446316813 166.602254382 -86.3733096841 
340.76821246 -46.341815671 -175.159405584 -230.214375978 218.626948578 -456.982442888 -325.603181716 15.1314944642 461.686340963 98.4091341584 
209.852599849 -461.686340963 -41.8218284192 -339.088968674 -316.670860163 336.450913262 -120.110110257 85.5756753843 -197.818717896 460.497494005 
-70.9811510484 461.686340963 -337.820570817 -461.686340963 171.951970959 46.5477694433 -212.608333441 213.540442887 -80.1578835929 327.161704177 
-172.715709247 265.799642476 -335.689169274 461.686340963 51.5689626497 -242.953498212 -461.686340963 -55.0618850737 326.969373661 166.578064299 
63.0583447258 -461.686340963 -220.351713265 322.704663457 -59.3066260656 201.961188753 -146.125091411 454.405266282 -337.293072046 185.022075958 
181.650202889 461.686340963 60.8263617513 -332.916675863 -47.9683850925 -461.686340963 210.920162774 328.687490825 -169.438239325 -259.356991653 
461.686340963 -340.687164298 -126.246887938 -121.580808575 8.32233536439 -461.686340963 -253.37345507 228.823482886 109.995388838 344.915481076 
116.282826898 210.433023043 335.819664233 454.405268729 -67.7239113525 -461.686340963 -215.117210847 -337.249629319 -188.714246913 52.0840452841 
-160.059411948 -461.686340963 341.91353072 121.474343044 -35.5840234045 -333.210358032 31.7908156315 -241.910468043 243.672685938 461.686340961 
212.686319116 334.259914479 -115.443621438 -461.686340963 158.565463006 461.581237407 32.530045389 -228.128480991 -35.0738364234 -341.745871781 
209.287192434 -59.9967032131 321.942782617 -461.686340963 455.059092421 -175.899869627 10.7180944924 110.410454374 -333.540306181 -224.074977543 
-414.394627539 101.825009668 -39.8666317481 -459.781124893 461.686340963 -299.188761754 -6.92213934321 -142.700151637 -244.422944216 211.047668994 
-154.441729216 461.686340963 232.841161222 -278.877270798 -29.2394937528 10.2277947519 -342.926362745 -461.686340963 335.82924743 109.411440099 
-160.74521562 -461.686340963 142.702061291 461.686340963 190.72496557 -286.395583968 -94.4421427291 -333.071728668 330.282615618 20.9043088496 
-461.686340963 -337.347911748 -220.58924288 -99.3079252003 176.549755913 -12.7042996331 461.686340963 327.837554433 214.248559066 55.0156239894 
-55.1614893479 -321.876927138 -461.686340963 -192.770396605 -316.670883209 329.844206705 77.2029404428 461.686340963 204.512440083 -63.8872510188 
-461.686340963 21.7347635644 -81.359222303 -243.348824047 -121.190455482 99.0198564816 336.442126691 211.035487379 461.686340963 -338.359428127 
58.8268738243 -241.097554429 334.533606555 -181.028501126 -65.9429286369 -461.686340963 461.686339186 -334.395329916 208.892694547 80.6200682365 
270.441906299 151.35568936 -88.8395036735 -0.022062680698 349.726446315 -461.686340963 68.3553768247 461.686340963 -212.763766129 -336.108265638 
340.119722115 -157.999205697 -333.731909931 62.6195577602 -210.720929494 216.590918876 94.1634434999 -62.8663122944 461.686340963 -461.686340963 
-461.686340963 -333.944946097 287.318545061 -198.598817015 -139.715511123 334.303076828 112.944333349 156.405439665 -16.2173731899 461.686340963 
-461.686340963 461.686340963 -215.157351493 342.258172262 222.000226017 98.073152578 75.0054282192 -87.9212868633 -56.5114624401 -338.429995095 
-229.771780008 233.883914168 1.22035231733 -330.455483577 -170.294121198 461.686340963 -461.68634223 123.336600974 328.956822889 -42.5042717536 
330.158804176 -159.94749161 115.04320822 -334.022870583 206.645950593 461.686340963 -258.084782526 -461.686340963 -43.5498439636 52.6999392144 
153.923190545 -350.607415065 -97.8215199789 442.970030117 276.194209112 -460.367875585 -221.901703314 23.4386826628 -93.212496815 351.558899508 
-66.0674614579 328.944578413 450.133897119 84.0684574615 -333.115721152 63.2445194714 -210.548209513 -461.686340963 -167.682016036 200.484202788 
205.054874555 -43.5052442955 -222.40351683 -461.686340963 -335.974482847 452.768029895 49.0466410635 329.141215651 172.448200415 -102.005169746 
322.187733865 -448.174009429 -283.505187696 -44.1555573065 -159.26321213 329.096654777 206.489632027 -343.122870833 461.68634102 80.3451519871 
333.004187778 50.7565930676 -336.496077438 178.476837808 202.324382059 -111.978889657 461.686340963 -225.292276789 -461.686340963 -71.5072024689 
-35.1215699812 -247.685049563 -121.439656402 324.412881744 174.943343466 -338.989059259 51.7100400271 461.686340963 -461.686340963 200.717919759 
106.321163315 -225.933443229 461.686340963 -68.0744445744 47.2613595358 340.230660532 214.641498782 -461.686342036 -180.479164631 -332.22439904 
-65.6002801542 -335.596859143 185.044825823 -128.614474497 203.516567847 -209.965260755 -461.686340963 461.686340963 54.4489004183 334.358124926 
-230.634734257 28.4472769596 -99.9509271606 325.526683817 148.987991548 -97.5141609871 227.338856168 -461.686340963 454.405314691 -343.065456591 
212.178680504 -212.577399078 -334.539974027 461.686341805 -461.686340963 -168.860545294 -68.5232326401 108.709406774 329.923697984 -1.43054597151 
91.754106396 -51.5946250244 455.606414013 220.501316207 -326.177049818 -173.908755044 -203.666045719 -454.80331863 77.4643707602 341.122932493 
-30.8203749562 91.3487740338 458.593688148 333.87298121 -177.034838388 -269.046819807 -461.686340963 -44.3459505068 -337.925442413 196.723614438 
452.558364194 -461.686341774 140.073193875 328.903990381 -210.115911203 -332.306346287 -62.4314670167 52.2933499152 -145.794397133 201.913308272 
-461.68635533 -158.581476181 -20.7950129063 -347.849257506 221.253747925 -135.623061422 461.686340963 -282.229270113 342.371509394 91.7264034209 
-183.012965092 82.9602882036 -250.364613512 -333.484390629 -23.5150064546 -461.686340963 -62.2236468915 461.68634112 333.605352862 209.571587839 
451.671065504 59.9309573993 -86.5324383626 -17.4505738815 -210.816058253 -461.686340963 -336.891260917 330.720333634 238.209880036 175.874801924 
-273.170484387 -135.98914951 -347.277159218 461.686322811 339.753150192 -143.194803972 211.944194021 -461.686340963 -21.8673746742 99.7569888468 
461.686340963 -220.990537712 -461.686340963 298.126381353 45.3391227875 169.534700476 -100.378894745 331.478127649 27.7096992793 -336.455990513 
461.6863396 -454.405477001 -349.632527758 114.714714876 -6.22914039042e-07 233.66554188 -113.459588952 -234.64158112 344.970825618 110.809677199 
-329.442498808 86.8634312556 -461.686340963 -32.8494512039 -179.619129451 335.828391871 -51.6543925866 -304.447908967 461.686340972 210.743958971 
333.559517944 211.955689169 161.082918239 -461.686340963 -335.199785775 -139.85154764 -210.996367822 43.2205436462 -66.3505520201 461.686340928 
-14.9050809007 -338.331192489 320.72247142 122.81086703 -136.224824691 -229.907403741 -9.66008207064 222.443359476 -461.686340963 454.405271484 
323.373990922 456.60573556 -191.193189866 -70.7802754341 -461.686340963 220.295202809 33.0084366943 144.865626454 -330.842828994 -194.439383922 
-461.686340963 2.70598592619 346.041765423 -133.726584009 -258.840658942 -343.348108598 135.160953935 260.065670382 461.686340963 -115.023036799 
-259.619003917 121.008220314 -50.2379666304 53.5264405254 331.065174395 -461.686340963 -166.106299922 461.686340963 209.834434711 -333.782319515 
-185.163411541 -55.9020213702 -308.680264296 337.690170186 85.8318308913 -327.783600292 -461.686340963 -45.1559874006 461.686340963 211.041270577 
-461.686340963 -50.5110747616 220.349579659 75.1285144918 -170.232341095 461.686340963 -335.637610736 -251.547342034 88.8363938196 329.235235038 
-17.0071390683 128.67616454 -140.931775962 -253.851821127 251.723598133 -461.686340963 461.686340963 345.733681164 15.7207642328 -335.610127575 
-93.0688331747 -7.35600370164 -164.772768764 461.686340963 -298.515174006 -431.040294644 177.265013816 296.766837946 68.6404972471 351.712623991 
226.801803122 344.689043419 -344.583416722 95.4760986686 461.686340963 -57.6025411687 -160.262189539 -285.32795429 -461.686340963 -23.8433029971 
-331.882152402 -167.485659232 334.698827917 222.811379111 461.686340963 57.9790325338 -224.002664069 -48.8992682811 -461.686340963 102.203265957 
-157.297903738 121.653907093 -230.228056479 207.238622057 -461.686340963 327.991029105 461.686340963 49.3549692002 -333.822272982 -73.7160101175 
-332.194209681 -34.2066775558 347.125304312 113.625551342 35.8109014997 233.195131057 461.686340963 -212.021777685 -159.948266019 -461.686069845 
461.686340963 -225.813304276 222.390588027 -461.686340963 108.602720475 -177.829559471 56.4288082959 -334.361143448 336.739959196 -63.9136364659 
-461.68640956 35.7709261783 344.73398845 257.132562879 139.586789987 -331.557760421 -212.057832321 -9.42146313025 -138.43325864 461.686340963 
329.037592824 209.203839057 -461.686340963 461.686340959 -170.018907773 161.258546608 -334.759606713 -67.2796732648 51.2442270221 -212.89897328 
177.163724087 401.735893253 -454.405271568 -199.095716397 -75.474712447 432.250416582 -323.445223266 281.10162252 54.8198675294 -70.2289790127 
-460.610374296 456.579635444 -70.158864585 -322.351450705 191.529507633 -51.8110167588 -315.350382895 67.4799131192 -195.885483171 318.124962836 
-166.679170225 338.910033705 235.381221704 461.686340963 -333.263663693 -290.543802521 110.416926251 -15.7349144683 -461.686340963 -37.76064197 
459.560237462 222.305599775 -461.686339936 -332.027403443 66.2405274026 -216.591081135 -56.5907400277 337.483637184 -153.766940779 135.267557456 
461.686340963 101.418375655 -18.68528642 228.66354397 -461.686340963 -179.230955853 -124.296489615 -303.536797941 -339.685017906 345.423641103 
461.686340963 292.295329527 -104.99948706 -335.841661253 333.177283883 166.673566123 -225.603438356 -461.686340963 47.1866662923 20.7067726286 
-329.767074096 110.665140284 78.9807523107 228.283998149 458.065227704 -461.686340963 335.284942376 -172.675560522 -45.8436965574 -204.633877176 
72.6088363242 223.817986541 126.813866357 447.429599395 -41.4525211999 -337.51859479 341.508063426 -461.686340963 -259.147340259 -162.876018868 
-208.770867164 -461.686340963 461.686340958 -108.574106926 341.366301435 -337.87741887 92.0115248989 126.61787032 238.09895238 -24.161883577 
-12.4948881735 458.006378033 -153.995287869 221.464111849 341.285463697 -341.566799596 104.377752867 -271.04675766 -31.1055466186 -461.686340963 
-208.182555873 -65.8395071561 447.104549964 320.411081458 -95.3373339508 184.805598378 56.9600560902 -407.558800668 -315.869315706 203.177085576 
461.675242093 -342.980629433 -461.686340963 -83.4755679743 344.595096614 -296.002196594 255.410568896 -175.857258344 144.863492544 16.7209203062 
384.847526921 -338.334236123 -203.460028828 -399.875473064 14.8575415131 134.213524104 -366.412636941 -87.5671956707 265.183483768 417.788492829 
135.361308453 324.413555433 -338.007042154 -461.686340963 -72.9048301518 221.068759034 -233.950919422 -136.978188362 456.06483611 14.9045319154 
214.477292537 -69.8762320046 -451.686755105 335.603905659 -400.083217508 51.9175126704 461.686341488 -190.868714314 162.697283803 -284.108469027 
-211.313607844 -461.686340963 -61.4796336953 84.4369894535 461.686340963 -334.042226307 334.881397157 71.1515628054 210.86116789 -179.673584472 
-73.6029842265 -229.894318697 -158.066149563 207.377396281 -461.686340963 328.121940476 49.5821969601 -333.809533472 461.686340963 121.731668378 
-292.149721884 -85.4185601633 222.858931263 344.215288662 458.179270724 -446.276782712 -192.113825206 209.930166946 93.5701926396 -334.110076396 
318.876109139 166.467593443 461.686340963 -8.34183223556 200.649014154 -134.797350787 38.8112743622 -461.686340963 -212.741454042 -329.540973724 
120.02447753 84.3721083617 370.669581613 -140.65109317 311.003939561 -294.232820894 -24.6841416131 -170.630578721 -452.244970398 -318.836312594 
113.604103749 275.582469316 -124.847008701 242.625752529 -248.945344797 -461.686341041 13.8497950483 -339.940774304 -101.505794758 418.572330449 
-145.494258447 -221.228962548 213.521852177 -461.686340963 71.7244771806 -55.9782955867 -336.876280231 334.694159571 454.490511001 188.709403329 
444.899651376 -210.879641915 411.944049427 182.489932856 -461.686340963 -86.9250665969 30.1970295539 -337.193684548 298.047380634 67.8320242039 
-461.686340963 122.596881694 -163.401289328 240.34089374 -331.939222072 -36.7631826075 -207.196175903 461.254266889 341.133387814 88.5442534064 
336.189378709 -62.4616144742 -8.00440586018 87.1346393265 454.659048527 -209.788600837 215.084800493 -461.686340963 -170.294114932 -332.771552206 
73.1252139672 -459.953491168 -327.489707177 -5.97815537841 461.686340963 201.052607112 -193.853463078 -74.1901821102 323.770283247 -297.629393004 
-278.662478573 126.042360285 11.3892408075 -450.882249341 -28.7067082843 -152.890514276 -328.574742181 439.957959592 328.739830433 245.475702796 
-335.602143511 16.065192259 421.99543396 377.892410342 -459.199838753 -141.410540589 126.990319535 258.584807348 -17.9248490363 -229.419820701 
244.586725475 91.1888976209 -406.149684089 -461.686340963 341.332407776 -28.6987000586 126.647236937 -281.480598806 461.223528832 -156.478268006 
244.96825514 180.742563653 331.05090919 -208.684158762 -461.686340963 61.2113053918 -87.6404235054 -70.0943718013 461.686342448 -339.159745162 
-136.714628885 -232.68354877 -461.686340963 47.6352585866 461.686340963 -80.0246204071 -336.028723772 328.038687241 208.304285031 115.995727961 
56.5671277787 -217.478610613 -329.948571911 173.429049085 -105.806775968 222.915415125 -63.0961274211 -461.686340963 328.032933271 461.686341221 
139.327953865 -461.686340963 66.122520249 345.120182935 -211.279457269 256.810951493 -12.662928388 461.686347777 -338.399929599 -102.41019101 
-174.767772896 -461.686340963 -248.870321161 334.747001128 -337.260680525 186.137387803 -57.2473271483 58.0017115499 204.153336242 461.686340963 
-246.362246671 251.059358527 16.5485678557 -339.349199773 345.70111161 132.800513161 -122.293440629 -461.686340963 461.686340963 -90.7240157125 
338.961785928 64.0000125475 215.695749837 -163.117502345 -461.686340963 -64.2554793368 461.686340963 -209.212651504 -331.93378955 88.8402509449 
-461.685571454 390.585396317 269.97712509 -111.733940507 5.53770978735 116.459946594 455.831626208 -363.754355976 -229.38575285 139.940502157 
-190.13483838 309.579603299 66.0409629617 -461.686340963 -311.11551235 448.105116842 276.900444266 167.22599093 -327.693272406 -59.0894861474 
335.672403351 -461.686340963 -44.6093285308 169.399409647 -152.217588723 -276.878883437 459.934054495 62.8897679947 -402.616981907 215.698991821 
162.333934748 -333.606136216 -210.516996104 40.2897733124 -188.243977288 334.872807921 461.686340963 288.731015061 -68.2978640775 -461.686340963 
-176.845956451 97.8432370706 220.824047292 336.970994228 -28.3124280449 -300.916683099 -48.1309040692 461.686340963 -330.912338106 -461.686340963 
-336.034018948 194.827446256 -461.686340963 457.559065861 -138.582091454 -54.6928614991 66.2612104984 -229.78228841 210.123485907 332.558351627 
294.067451231 -200.420540795 -76.6512662387 191.375705679 446.450405771 47.7710996147 62.8074057458 -327.103709415 413.172336696 -461.686340963 
35.8012683257 -461.686340927 173.545870255 273.122581247 -104.149338713 330.095451062 461.686340963 34.9695676309 -332.006609974 -212.030466192 
93.1144033396 -215.362065172 214.148691421 71.7284662789 461.686340963 333.509651846 -461.686340963 -55.7742919972 -337.230498476 -87.5930086463 
-461.686340963 337.631549424 -136.86270844 115.845035799 11.0588264019 461.686340337 -343.502076447 211.04123436 -128.411723772 -257.239061046 
-461.686340963 -96.431124702 296.827624232 332.370980376 -335.50731814 -215.890163452 54.043915746 172.034503285 -5.05574775616 461.686340963 
334.142092131 3.93975535583 69.8915568746 299.672746631 -346.246982758 -233.384626579 444.108356692 -128.371435364 -461.686340965 193.463254331 
-47.9346729353 60.8455475136 210.841922983 181.683190227 -461.686340963 -169.400510702 -332.908827628 328.690378982 -259.324822674 461.686340963 
461.686340963 -73.4586810911 121.952565592 -461.686340963 206.676920329 48.3763482986 327.461150506 -231.477149158 -336.044010148 -147.76580936 
461.686340963 -26.4776053932 -63.0351899576 -181.17646747 -331.19248362 82.68676717 209.432699253 -461.686340963 -301.570709986 333.331820188 
-461.686340963 411.945372178 -210.886977787 -337.196030204 444.900968402 182.48770124 67.827781248 30.1939848931 -86.9273896371 298.044028781 
-131.552791868 460.866879577 216.260211281 329.155187398 113.322681715 -344.926696641 -4.65854815131 -461.686340963 -265.285085845 -139.13164587 
232.595870074 -280.921293603 338.964257185 -334.569467115 -162.447182377 109.781279584 -36.5733413463 -461.686340963 461.686340963 -14.9232459 
66.6457748584 332.285471223 -344.122027121 -461.686340963 83.0103749139 209.607065723 -288.16562412 -166.364002081 -55.268632343 461.686340963 
332.840805535 294.918399201 -461.686340963 -217.497380375 461.686340963 170.294114129 57.0570375913 -339.256859555 3.44271927911 -96.0541468698 
34.2209374077 -238.427387574 163.028393504 -461.686340963 -334.924497887 -125.489325522 234.085585426 -10.5623677851 324.441391971 461.686340963 
-184.234963036 204.496294161 -461.686340963 -330.337560623 330.651309239 461.686340963 -304.707144815 -60.9489277128 82.7469618338 -44.4016217461 
-212.02876454 35.8031550073 -332.035730098 -40.6743454965 -165.621297514 122.229015875 331.726153446 -461.686340963 235.658513842 461.686340963 
206.352278153 13.6297925557 327.960643501 -461.686349965 -132.073725545 103.710665944 -341.266957444 -104.172353163 461.686340963 -255.954194763 
153.815522632 -122.651616264 350.235451867 66.5713373598 461.686340963 273.33714489 4.52001903763 -439.957970539 -309.573673592 -183.980581773 
-326.624324326 218.950929034 106.70742004 -62.4532987324 -199.430945319 61.7373615864 -151.412579385 -461.686298167 336.420323674 461.686340963 
337.81609883 39.1009026692 105.127055114 -38.136619001 -461.686340963 -209.049455384 461.686340963 -328.970811956 -159.505034798 234.421280698 
266.206625183 23.3790878328 348.954176581 -225.431849445 6.59479189115 -340.179809375 -461.686340963 461.686340963 -115.034722464 148.750285612 
72.9863998912 -214.760391532 -90.5578584656 346.814052046 461.686340963 -337.542140495 -0.920912684266 264.306015195 -461.686340963 147.332898703 
-131.240303155 -461.686340963 -209.763426251 240.977750846 -338.685656694 461.686337369 -62.9972453344 344.312478126 50.5479576404 134.717393225 
-143.607782414 343.0207797 -34.0597443801 -343.193108965 -234.068250106 461.686340963 -17.1543037909 -461.686327867 92.3767940626 217.254583281 
131.649256553 -137.984322058 343.959019238 -250.827816695 252.547840576 -19.2649485529 -461.686340963 461.686340963 -335.346830676 38.3573343159 
-331.412332761 -461.686340963 461.686340963 65.5100934508 -181.03245929 -55.9031693335 -205.824909028 212.723319237 335.923891076 184.908364255 
461.686340963 41.2447535361 288.000134635 -28.3335063513 -212.102708259 -461.686340963 162.3337461 -116.168033893 -330.389026507 333.289942397 
-172.415789846 461.686340963 171.905050264 327.538603914 50.9938325831 -330.484823581 -60.6194703527 222.858852214 -461.686340968 -222.757501052 
-135.877410817 -298.937221693 -180.609559319 333.628096497 -461.686340963 -38.1317249707 -348.031468592 454.405025275 80.6452731452 194.894942781 
-116.425190073 327.959507729 458.817081142 186.706218226 -225.428108186 -43.2238785273 191.991201426 63.6771589636 -339.355821093 -461.686339814 
-69.7012388115 -70.6555043309 192.224117076 328.365013995 -206.303033458 183.098558655 56.0997127816 -461.686340963 -333.470860482 454.40527047 
-115.043457096 -42.0776545965 -328.431269139 332.055836172 -461.686340963 -204.515231035 209.731058305 47.2928727628 461.686340963 122.373368699 
-138.706035812 255.151727219 344.609879942 135.627436903 -341.82224015 461.686340963 51.4376918874 -461.686340963 -266.050350551 -16.4115887668 
-115.678034509 160.555628747 302.757224607 -461.599015127 -407.450936759 3.96058859141 137.026779862 -281.259197892 -163.555066311 439.957990387 
222.87459224 -74.9500229787 -233.244352077 -461.686340963 41.2058865153 164.473844695 -336.594993282 461.686340963 321.507207465 -108.650616851 
-216.07352903 -68.5709020082 334.520308055 60.3101321583 -160.137358443 461.686340963 -337.974747743 91.9432139752 208.89514776 -461.686340965 
212.432938555 -72.3674948665 -224.779627643 335.940789669 450.069129978 -330.442404333 42.8020047492 -178.580893432 115.068473504 -459.296252093 
35.7690098949 344.724276606 257.111622939 -212.059560616 -138.697558116 461.686340963 -9.60820413753 -331.529077852 139.594638758 -461.686340963 
-461.686340963 -185.171268414 85.8333075494 -55.9144527892 -308.692765505 -327.789776217 461.686340963 211.041270524 -45.1359736043 337.697648516 
-213.054350647 298.636893245 -461.686340963 172.477471184 -102.971163588 330.54524759 -335.94284783 -43.8017827008 461.686340963 74.5731963064 
242.603366752 343.608961101 -22.4636206911 -341.438417343 -461.686340963 96.4230557627 124.83323414 -138.341203163 -262.504300685 461.686340963 
70.2038292831 -461.686340963 -59.6380327428 -215.943422207 -338.751058984 461.686340963 -88.3764508304 333.866579527 210.609582748 96.0329401619 
196.204393925 171.365312777 -132.637271573 -234.122192166 454.4053344 325.392000874 -81.1472689701 44.7527035684 -461.686340916 -335.953103065 
460.833150265 215.990552374 -6.32675309947 329.112889388 -344.227090508 -146.38662376 112.534215303 -461.686340963 -130.581049316 -269.228379322 
-63.8531436863 -204.277879358 -335.919180598 -137.601018228 218.942476694 -461.686340963 58.4498142563 101.527294554 461.686340963 333.158938428 
461.686340963 -461.686340963 142.855051621 35.1215327978 264.160634927 -73.8262956233 -224.081000671 -117.414184889 -336.298873904 347.016024111 
56.4747467053 461.686340963 -177.802454583 -334.340562264 222.442133467 -461.686340963 108.709638323 -225.76587783 336.835707254 -63.8819087446 
-461.686340963 -49.2114694516 456.814103614 -51.7417116249 -178.217424897 -301.9934359 81.2147426217 -329.572211766 195.173958776 333.723027733 
260.918211971 -336.899964432 -162.121757345 -216.068736851 147.319048621 -67.2645726039 386.829725824 -461.686341026 418.572245677 34.0410095638 
4.67275560131 301.787736954 -461.686340963 -330.611200304 60.0637015687 331.144395821 461.686340963 -211.506359386 -87.8078869348 177.076731839 
