30.1338111979 -434.453195588 227.565774773 -216.851271533 -15.5891393804 -307.943357287 394.767595047 216.61734144 -139.23072356 446.419031388 
-70.4390046692 -410.527783435 -324.393405317 29.0468425095 -191.86121412 -28.8817082298 380.872795049 243.538279829 -460.338807076 461.228572154 
41.9042049949 460.743919008 -131.759186237 322.438223397 -198.524463023 85.5421422821 -377.629825947 43.0641688888 -419.792836752 196.098324137 
318.855972317 -345.804938158 -213.19106173 -433.483354996 314.551317349 -1.73276853543 461.913303781 -28.9547596623 -6.15927554319 -215.939071588 
-322.702118484 189.603466142 -31.3666969131 -458.423394749 407.046684956 -238.535885576 -15.1537228357 -29.0468425179 -123.886099834 449.56207009 
29.0468356296 -233.414349984 316.864254144 -78.1662776792 221.265059541 -27.7012613979 -452.124020817 -296.642858299 211.104849797 424.063324931 
445.194629142 -90.0457838902 -226.406004849 416.015500414 -423.546061048 126.910853951 -311.998460656 -89.3191891925 123.656895983 15.7478206491 
-27.4848242107 405.740793217 461.052395252 -188.067451981 324.481520055 33.9499217791 198.68814314 -40.2215500809 -153.263739941 181.794966956 
-449.244329725 406.380800421 -432.400427227 -212.689569613 -29.0468425276 186.2465712 -214.257260029 319.35316952 -4.01328046758 459.946197737 
63.6693882183 395.158828371 462.299818164 -419.830488641 -96.3016779144 313.156753469 89.6270389435 69.2928313553 -152.968972589 -128.038181674 
309.662417411 -256.761538298 -49.1450210048 450.097574646 303.245928257 -223.827867325 -379.383444365 91.1678043831 -29.0468375335 -29.0468428959 
-29.0468428716 -61.9841442157 -29.046763359 -236.005384508 439.599790294 284.623513941 283.770338628 94.8487939405 448.734994418 -448.065819004 
-430.475580643 -21.5051549823 -29.0241210429 462.599174764 -210.557583243 -244.666668543 86.0048691284 319.741926878 -44.3074192965 312.726903492 
29.0467183997 -424.237877744 -11.2643408432 -202.544298974 308.586581468 -29.0468427139 -192.847756896 -352.772975509 454.303579939 -413.811755437 
-56.1659349153 -358.194681207 33.1018188539 -29.0468425171 -29.0357608858 255.156635079 308.746875422 220.777741112 -407.815602667 422.984455692 
-289.49363863 60.6726345665 -279.847574846 -425.719358145 405.487935207 -3.94856512229 -56.7954486922 403.097953241 -223.973032005 29.0468407002 
-120.9629833 408.671984253 300.817412507 303.645889843 107.471818292 -127.286191164 -29.0468425901 83.3141329308 -315.901121935 -346.642956978 
-356.787499085 -0.0407299745721 -95.2560804961 454.778361116 342.736112736 69.8295266994 -137.10979426 -316.543332947 -6.42840640893 -323.530792369 
-242.861135718 188.529869632 417.002527003 -265.857000652 -29.0468425172 -25.1317736318 -459.32996147 260.272145774 189.726375797 413.986639035 
48.6410110821 185.853665142 -29.0468433621 -369.626770232 357.890114923 -154.312494279 422.783211301 314.614762193 -337.189741376 29.0467582932 
-0.716561965778 -23.8685015461 -455.884381725 -316.760185437 -102.338827149 -123.420662598 461.1881165 129.374715105 -324.283796144 343.506104941 
-125.408836492 462.471331555 -459.437774438 236.640185531 121.879866707 -125.030635643 249.81460665 -416.651124469 92.4902371036 -86.6824420647 
-64.213632981 261.11783912 314.981527202 -29.0468453528 -378.989761467 -50.9696710876 -411.927138954 -9.94925202501 456.088771479 305.153093534 
-89.1542837541 -385.381619301 459.347812485 354.838090478 -352.683138979 177.609749674 -167.656061422 47.9705207899 12.720019912 -312.61025066 
-433.523510791 311.555922141 -144.634023831 444.572221071 416.275451373 -113.559823739 29.0467804791 72.0409594854 192.89796657 -151.068512871 
-220.022961985 96.0832190587 -108.936407453 1.35298472672 -421.618470433 448.100555844 405.378744052 -119.448848248 -444.39755444 -315.379374528 
-8.1617766331 14.7707425763 426.595461826 377.287473569 -33.3791431303 -354.031238068 201.032256987 -321.084098724 -315.293714466 -24.3808772602 
158.738551845 -62.9634585818 385.681722198 -313.328020093 429.761757341 -36.0142119586 5.13217690854 175.569376399 -317.305647438 -447.256101403 
-38.4462184373 -234.664397226 399.159236979 -268.314210191 -29.0468507916 319.462738596 29.0468425087 208.361593355 -456.285514636 -66.4249603592 
22.5342985791 -418.791102851 445.647585982 -41.8897181215 -387.472288426 -67.2764202728 -29.2949007356 280.452145947 -306.717761905 226.917994672 
-320.594804366 14.3984070498 -197.895144115 136.065382938 236.821520195 294.880934316 -29.0468427095 1.07936675817 352.379893433 -110.223574719 
-29.0468457183 -456.940032961 -97.9406210768 -320.488387116 445.382950234 302.556619088 80.3548654417 443.371444766 -8.73621705411 -56.5058263759 
451.609938285 -410.490920943 -353.420055546 -41.2282836429 -24.7188709703 300.215455777 -386.359050258 -193.092357218 -14.5077950728 29.046842479 
-194.034940179 451.926119089 434.310399623 -194.057264179 259.284396841 -29.0470417593 29.0463044635 16.595028462 -411.837864416 -284.27834074 
-34.0982349312 225.323291939 216.139321055 -375.981140775 -28.9687419014 18.1514938764 421.665970299 -317.711030893 198.759386177 -348.261932902 
-410.07057545 -192.202283204 120.399776767 -443.00795314 337.536146867 -29.0469480474 272.095039442 -20.990601235 462.528925983 40.7893120046 
-400.384782325 -102.786635979 237.710379459 -359.277206305 117.621444665 429.397655108 114.63721825 304.169111781 -46.579207305 -68.7501368061 
-362.658463322 -65.8644802859 430.812582745 393.606155122 126.068589836 -78.2009958181 -329.755210349 -69.9686944073 -316.147137087 5.54402836865 
-198.675306746 410.751992351 -129.459672429 307.265671052 -29.0468425171 171.902782322 452.449475212 23.7519304485 228.178113654 -159.96226806 
-101.071303785 -424.160456177 -203.653196196 -2.27234157816 -4.03220401212 -457.097166168 323.189463506 -317.31316384 -96.8881019849 439.191601335 
392.664375164 187.604732263 13.1286736451 -29.0468425172 -249.50167149 457.848100275 -405.607152493 -76.6515898147 29.0444849495 -281.437238784 
-202.959327509 216.666046742 -452.176224466 23.5147880793 320.294314233 -420.701627492 -28.2466823315 12.249742734 -200.600540368 330.016141381 
-416.851926382 -29.0468445837 410.463558609 4.56353211884 -383.338689656 187.732724328 306.956172076 -29.0464474948 -199.593164602 460.348327102 
-114.160350117 -441.499031765 -217.285763722 457.030444997 24.6202801789 -311.124963733 351.072682594 -421.955083988 -109.08621904 100.813782012 
-460.597608809 81.0290644426 -135.508576609 -321.500440924 398.892920472 461.859689843 386.260065372 -11.1665583841 29.0466542459 -320.310703049 
-28.4486381416 -213.443567325 461.664879024 -7.27735949826 29.0350777372 318.160361269 -399.246398025 -432.700147571 304.611525267 -147.670881935 
-460.006220549 39.3939040754 -15.5802908381 -267.535839676 462.067921626 -5.64239340032 -130.329101161 -319.667049662 308.666575868 397.121083268 
-16.8333510332 -241.727704233 451.690244603 313.71223099 30.2480479533 -29.0468425203 -318.914746423 -458.640130121 12.641031932 278.77764575 
390.686085721 -2.01528050096 -58.6518253628 390.104373236 -460.558857837 462.462393915 -318.996823891 -29.0468426896 -325.520564213 123.117369198 
16.500296379 312.947611311 138.379520938 -353.273101792 -67.707611089 -320.448897186 -29.0468425176 288.909415741 449.521628078 20.0780162353 
-323.450487613 379.707275222 -316.556245808 449.756847868 -458.630882192 -134.766041272 0.656454307878 6.41446675581 -16.5304925551 248.72022948 
-33.9583299579 -323.311627595 -241.700660029 -17.4822366468 83.4817251501 449.500293424 438.322944449 -38.6614950964 -458.951437025 304.742971159 
228.894747115 -15.1806689847 -395.575334023 -86.8369390088 -425.444552228 129.035665621 42.7366373678 445.467065004 425.788360964 -225.311374645 
21.0591221049 169.143169821 -29.0468428631 423.371259368 297.794391545 24.7763380004 -146.727492061 -183.869933083 226.261149561 -309.951990217 
441.296894369 -26.9016232231 29.0468220235 -430.120575717 -319.471702361 -233.763102135 -271.921088918 210.91415715 396.463416333 -8.15115600428 
455.265136843 -392.372629314 310.629964575 -45.6364281945 309.613929075 -374.250614583 -425.310057099 -170.088435178 -29.0468425177 -10.9934313207 
-378.074569308 -258.004177117 -7.35965814097 -63.6440649428 8.19147926681 -386.019401572 310.93634351 244.277541603 433.843882325 -29.0468425172 
-86.6844378267 443.432018951 445.322069252 -29.0468428462 60.0039613279 77.9464902285 -144.922947824 -119.621866741 308.855455771 222.143515291 
-122.741779318 -459.128154436 -12.0405680008 -0.832353513375 -39.582129557 293.243441892 389.092660108 -326.244431573 412.135110916 -319.032201883 
-417.733283216 451.372338336 29.0466300564 -205.870232763 309.649508962 -391.061235731 435.221782448 157.383077789 -29.0471130394 -41.7687942899 
204.926458091 -29.0468425172 -355.060224578 -102.825590958 -426.792900298 -61.7974266824 310.720970752 118.683095578 410.139999814 157.943717897 
-65.8224160055 362.882267228 23.160555299 -316.160007955 305.000663427 -99.9443848392 -365.142049204 120.484803602 -9.18351339318 240.122774649 
-220.418821687 -206.803588156 29.0468337369 -424.108127734 -88.51722992 141.510293713 -426.847083059 322.128763927 -7.613574512 402.600490521 
-20.6038566086 79.1482549174 200.791815969 -29.0468425172 318.415888933 -86.6807734011 -115.728703657 309.152756377 -343.412288457 448.069906865 
310.8220437 -374.397769828 311.031554013 -403.785252389 -58.5424340489 -29.0468425173 88.4224205437 460.606319423 140.722068792 -68.6054546733 
186.029399733 207.460230447 -29.0468092926 -458.87453448 -105.284386128 -321.689323402 -420.164965406 29.0468425162 421.836482761 449.853594251 
-360.620865135 431.08009191 140.047324817 -67.6040175271 -62.6502695495 -316.160080998 -50.2252133229 -327.636435841 5.50423097789 393.101295188 
459.241677683 -428.767906501 -317.001156751 -164.674111869 -1.33531852175 -4.36094668395 -7.74516470432 -209.418997477 -452.639572528 321.348558827 
-319.176279039 -455.295923576 -46.9705046711 324.50531453 -5.64416855984 405.184108452 -201.624337398 0.608481264015 -422.359200104 -120.196508519 
-61.2332304385 -214.900255671 -439.290661691 222.531703363 415.725563359 -311.90780271 184.882116789 425.682624946 125.515258673 -29.0468425172 
-365.630866752 -333.277101959 139.527706135 -300.339724253 66.7926799872 303.994114159 -145.133013558 441.368657856 29.0461516745 -29.0468425244 
-6.76886569159 437.607638054 -238.606619519 -7.08226919715 -320.051679029 -206.36337115 -426.41397719 322.444105495 -30.6984925002 99.4194964553 
-357.476426227 37.0931788445 105.686371395 -7.25682351048 426.647054872 442.067544633 -105.467394771 -98.2177899002 -324.538977645 -319.189853794 
320.572061053 19.4784506112 455.881629623 -9.10033122132 290.329948346 -29.0468425173 -429.539178516 -209.607624136 -404.062634737 -185.19576326 
-212.466941838 -237.673865422 -430.113978448 242.55212825 -304.033017185 -92.327547717 29.0468408696 307.192607022 65.1763278986 460.022024001 
-29.0372830293 -266.329705097 -459.317232758 185.801902406 416.989558067 188.545958773 260.074650925 -29.0468425172 -242.820995584 413.768480674 
-456.705895837 41.4804155973 452.329025805 -29.0468425173 243.609566836 -325.786384314 -40.4061273282 370.89652854 302.215797061 -12.2423395017 
-321.355360267 -29.0468425173 449.513875034 -101.603345295 189.833132698 -459.063527826 438.300289746 -124.291611802 -18.4277570701 -327.111109508 
-324.264915603 26.8568845508 -29.0472446393 294.410268701 -78.3720807806 -458.410463271 26.852404423 -253.882280352 405.707494849 -299.147177353 
449.149639353 29.0467718382 187.950163884 -81.4675906196 -251.525708746 -218.588331044 -303.947777217 407.877083375 -37.441105716 121.324164777 
10.113043307 -68.9692853435 139.864674676 -413.255184711 309.359765144 381.285250211 85.6282343563 -316.686224231 -59.4172334579 461.291296706 
380.182551405 -29.0468636452 454.432279456 -84.2842826772 -39.1264155001 -272.104114693 3.96912182551 307.727958735 -318.379955453 163.216928659 
-35.8991282082 -317.788964398 -328.958854716 -0.566290730253 461.9360189 -360.112598246 352.447702022 -23.3507072485 398.242362751 -68.745055264 
447.012245238 -97.5323071942 -5.39806549663 -321.283685732 0.147052251153 425.632422172 -23.1225606291 -354.221063588 -318.636578705 107.074275624 
297.068642032 -84.3612852695 -273.728995705 -250.753098758 -50.3866219786 -13.6493610756 409.208594196 317.963875053 51.3560733873 -400.023745303 
-133.344619133 -10.2513165331 405.378746974 455.370760571 241.229665722 -240.655871903 81.145612758 -321.104700762 -459.047469271 -125.463568674 
-26.2813618539 358.712453082 38.1883918723 -362.554238839 -111.443464225 -74.8247954644 -389.047961006 312.211513329 444.848386679 -329.619374259 
-321.840321098 -84.9980774447 441.046943361 -435.737394286 -29.0468437364 -402.800016593 -103.051872613 440.996686733 -14.0747158337 287.234063907 
188.469764082 -448.379879884 256.012747014 -426.205620455 202.117803153 415.221818357 456.328532272 28.1192869107 -29.0468425172 -288.799580157 
-43.3055656173 351.392756714 -240.374041962 -26.5166128078 11.899148402 -323.036955598 -315.179103713 455.496111266 -458.698165051 103.61382321 
-356.067244174 -66.8569348361 -323.129502563 437.719717626 -380.567302268 61.0997425678 391.351388783 -102.227484222 -173.622575824 21.76879591 
449.118730003 53.8624505876 -5.02133912235 -123.286023973 316.526959676 -320.075431296 313.736470919 -448.065768207 97.4173622125 -107.447655379 
-22.1933445057 312.29997819 459.602898909 -429.596435669 415.52224369 -396.659058034 186.283560301 -215.218281482 -41.4715625062 -29.0468425172 
391.164379929 152.26268654 -241.251134323 394.073250511 -29.0468432492 -433.438702437 462.428693746 -317.985631281 0.662107476172 -44.9096166568 
222.578055355 -61.9842215877 -399.89672298 -175.037883044 448.732008633 311.253388382 -217.710506767 358.775340609 -29.046843072 29.0498016797 
155.909990813 408.698629735 460.610513526 -179.193492518 111.720829225 -376.965945667 -127.548945367 94.098316183 -211.277817409 375.649645954 
419.027870885 -322.423092352 207.865196515 383.261331182 -458.337439351 -9.63694177172 -240.309907217 134.055604376 -9.45281731894 -129.167828149 
-438.662166302 -218.113559244 318.375429898 -14.1518506769 461.256269382 -221.384993773 -222.620572282 317.86502393 -441.808801905 10.8453698464 
210.501265696 155.17344075 422.938667312 -85.642868327 430.113834908 -228.819168569 -259.996571827 -305.674567916 9.72471669337 -9.09243360756 
-191.3771592 -4.84244418104 38.4400208726 -29.0468428251 126.997920331 424.809408926 446.367635172 -96.8189422576 -318.308875508 310.15261263 
430.105021581 182.94890261 -185.626450402 -406.039209784 -241.511338572 454.501333698 39.441272296 -114.201300578 -461.007671002 -36.5076749039 
-384.890104863 307.469067432 -42.1473138006 -417.827482555 310.436687905 459.363967718 -377.964091901 -51.0424977017 -29.0468432437 -29.0467524664 
-63.994874287 459.118389914 -233.535393141 -452.956068115 -29.0468444623 -27.3643526999 187.007458107 -110.947594148 359.29452617 139.695774211 
41.2158492827 -180.303773466 -213.241206005 405.349178776 228.975042973 6.28867958943 193.674524161 29.0468412574 -266.984523217 434.166964484 
230.966835082 85.5622495226 440.491876461 282.11195401 -29.0468425172 312.119844452 26.5454043095 -453.883435139 -136.143297206 -96.0611970349 
-321.5020115 -29.0468426566 405.378508757 -11.7291526145 277.980578272 453.582997524 -124.844744096 33.3700243505 -457.367574014 -238.382354644 
443.33608604 213.810465222 325.546636925 -182.474422421 -151.299706519 -29.0468428204 300.880019449 1.54738960576 -221.313903282 99.1380578033 
0.186223515511 447.02433034 -321.276989248 425.61232626 -5.39846897525 107.125646701 -354.214366941 -23.0802285896 -318.590025655 -97.4832701462 
281.750547321 -29.0468425332 -61.3183356972 -390.4875065 -374.728701735 -29.0468470726 439.276497543 -402.183725201 304.18550654 -82.0382540527 
28.3036684162 -352.920145154 459.251871931 364.551706543 -313.232859676 178.667061233 -385.481675612 29.0468205523 48.9051801493 -167.084968979 
-363.82485818 -331.054328616 33.1980488355 -29.046842517 291.135038773 -390.50022991 -133.04803637 442.022205571 -113.544650704 444.451655103 
29.0468421782 401.650976061 -376.067963717 425.49087073 -344.625585409 70.2185720201 86.6824382792 -128.988199957 -193.411343244 -4.51887461522 
297.413194642 175.192479521 439.510947022 -45.5860961154 -315.50919964 -93.7354390344 4.01501266841 -194.698117527 -29.0468425172 412.787571943 
-135.740266813 -25.8668658101 419.834431327 206.718112975 454.369408987 -135.768011825 74.0429068619 311.844039412 -459.170601349 -86.6824420213 
228.36657606 -125.151438942 174.086136426 -194.72977149 453.603340184 -29.0468425171 27.6156454034 307.040880848 410.006184533 -155.704172888 
-360.683282287 459.648516526 366.104734225 -37.8445192306 -30.0647597364 -330.015859828 -6.68140699088 311.961952703 -29.0468425172 -384.05103385 
43.5054817215 -19.7819473446 -150.545882545 -160.515110606 312.585971254 -319.695981196 378.473721166 460.945448129 -446.881718805 19.9052658181 
-122.940145767 -424.179963319 -203.686304429 -7.15173783006 -347.29904817 404.899617381 -25.9066793818 -319.756264284 323.387453285 -4.07856312698 
-30.4512988937 -396.157010215 277.005357476 438.945842477 -460.879211464 -29.0468425392 317.064690336 206.160385738 -64.7484339102 -76.6126086962 
-181.118068168 -150.614651739 -450.119354974 34.6309587694 78.636427172 -431.558735343 461.476733783 300.798177826 -29.0468425172 402.175957923 
413.840233756 459.584088488 365.452168942 -459.036663341 -29.0468432404 28.961730899 -30.3339663781 186.650846466 195.648858827 -314.063656204 
309.462307133 -29.0468503898 306.046019547 -19.1864838703 -407.376470954 -351.635613371 -376.786537566 196.671800115 -44.516630108 -29.0459476974 
409.373342669 109.968215827 159.222708055 -320.651470599 -106.059115524 0.835647050816 460.510152503 374.80637397 -461.138494032 -58.6700839483 
208.20855485 -176.101657319 -119.30769387 -318.234245143 10.1252038553 -423.600455751 314.20036069 -393.101667739 -2.88611829176 404.021099541 
461.304006741 -85.3898971852 -360.460556617 142.951006442 130.10825219 188.771840676 -86.6045590439 -33.3610150606 -395.547146438 354.993835872 
-319.940928951 382.223907936 -127.095602872 -324.420649377 -2.38888657226 -6.73155645018 -118.785597232 -340.842732637 410.996896948 167.369837763 
333.722157668 381.236769765 28.9361113872 -245.644737686 100.323466419 153.786914593 -278.582115378 462.599075692 -315.313871337 -63.4708440355 
-165.693579363 218.103452564 -360.946085724 -139.255231538 28.6928668768 -461.825870226 440.453162045 -310.025834099 448.225280179 86.6824269342 
203.146985956 10.4841421968 29.0412490815 -111.29857738 444.034001747 337.220282765 -320.132528675 310.279942488 -77.0736880123 111.249021551 
-330.939345498 -160.42727749 -380.386448125 -363.876834654 455.962441435 -77.1636683706 -29.04622456 405.378620499 296.395214902 27.1955614034 
400.589210887 91.7008875357 460.415191254 -106.979388194 -29.0468425172 112.720245345 -138.330226241 -165.793621536 308.549819782 81.8409800837 
28.9912981879 -20.3598867532 460.312293122 -451.778613189 -50.3712911011 -430.113835244 72.003769758 319.979244433 -209.839126468 -282.671269708 
-24.7254582364 449.649999785 438.07378952 -244.185099394 -458.95139135 96.9889631069 42.2630941814 -242.630436377 313.806050884 -29.0468425188 
-95.0771421484 -225.170451514 -424.238141441 11.4901252726 -0.570943341227 -447.463734874 -205.561219441 224.775108338 337.220346096 -312.947900801 
32.6074426698 -318.331197407 -208.632949392 25.7542954846 381.557350203 334.101430579 -3.3958777993 -226.324414126 -428.42823195 461.309123543 
433.430683995 13.1629924509 -455.079765506 -30.5447544922 208.600149818 254.76205712 317.30324925 -72.4667728226 450.561384332 -325.075085316 
28.2090478887 -206.660360918 -61.9843177888 -419.561398235 459.822614316 156.843182868 -201.669876857 295.45150408 367.873648929 -29.0468449982 
-195.9582052 435.980340947 -61.9843509909 283.769512514 -322.65757919 133.026355075 445.108319397 -29.0468481324 9.68168643497 29.0465361135 
-29.0468425172 -317.391935804 150.111753659 -171.248027786 -459.81332078 462.300195724 -3.30149669884 390.052887628 -125.768289209 294.131274743 
-75.5720579026 -29.0423067366 -410.52981114 -287.685321183 -254.746516536 -191.749335131 29.0468425172 294.931124374 64.4714721508 457.309492459 
417.199337502 -79.6950488589 91.4189733958 -126.615116283 -346.084682319 8.98394929916 -334.010957531 453.628461554 -298.904561636 -126.846910259 
213.867773199 94.7318407755 316.954699948 453.418504486 -114.17578218 -21.8349394197 -107.833058105 -16.6299370154 323.875559955 -459.420261375 
-324.537268672 105.672377349 -98.2331430378 -7.3602573546 -319.201174165 426.653777866 442.055717607 37.1012179437 -105.459179776 -357.474717288 
-171.803982113 311.659961922 29.046842173 450.22138514 123.83943983 386.251347248 -28.8746282334 -267.592179641 -391.165836613 -96.5535989906 
443.253416148 356.391949787 -29.046842517 -259.567822394 -134.330673188 86.682422647 308.433367753 -129.340496669 -420.701122516 -453.638500271 
-390.737061407 -145.205799458 313.19629326 453.462291648 310.583830696 -170.585505274 -13.5586391164 195.770265832 -29.0468425163 -461.441602213 
-237.898134419 349.778779465 106.456626461 167.488606907 -304.341514785 -53.6350824993 456.58202303 112.469671191 -269.714440654 423.202860288 
228.394917453 446.30623536 -187.402957893 -187.475118105 -78.3653232971 29.0468425171 118.418372652 -324.706589366 378.454968495 -13.7160318558 
-29.0471779961 233.897417444 -173.723776849 3.44313621236 -391.724039988 263.804824608 448.077713277 313.781073123 -382.460519939 -29.0461504285 
170.061747507 423.907861703 81.2048360869 -29.0468952962 -248.382831783 -461.888712674 309.560681082 -46.5126402697 -150.389954689 101.292848236 
424.43699194 -246.34672936 431.109438731 -102.002064302 -343.641160103 -14.6816461941 -92.9265665882 -322.136635312 96.09311818 86.6824932676 
-195.384805218 451.726912442 34.3102042856 380.275374174 -174.49317871 -28.9287913353 169.117895285 -393.621688296 -162.447427487 314.417037628 
-61.9842216134 64.5199045097 265.175374014 304.782399501 -152.57952337 351.191882225 -27.2458098053 441.704189977 -372.402981091 -29.0468439095 
117.028919232 460.195354272 -8.30483819489 310.380050782 -459.152016015 -29.0468426363 -41.2459293422 -352.275962809 179.149017181 314.903919294 
-68.1923751366 393.287742972 -425.108588889 310.339164392 460.598468522 -4.59658616613 -392.171211185 -51.0571599402 -29.046842601 -319.606250135 
116.372235346 -225.013067577 322.391199014 29.0468121247 388.979169304 -110.635067492 -426.81689383 -424.184729651 -201.687758256 -0.512474861908 
455.345700545 -41.5126374386 -29.0468630167 -264.240859252 161.093250421 428.156972392 -410.527854505 -191.336475415 -191.857720201 29.0468276288 
-422.887004636 -323.062207024 405.383130211 -29.0468785107 -217.761448283 -79.7699724549 405.279340486 29.0466472005 9.40264576126 -455.014625127 
-101.18757906 -314.753192648 462.205841831 -172.564850075 45.0895525111 308.510020648 -29.0468425172 331.788342948 -444.051953925 78.9507461169 
-29.0468425172 81.9784146861 -120.856468952 444.804759108 272.797241132 436.733361374 -155.178968219 312.107907089 -87.8700592908 187.434221894 
73.5829944589 -6.36764428571 -459.315528353 -322.17283772 -28.6221682573 -268.864068308 443.833856284 244.574694242 -29.0468426327 309.828979386 
-27.0683104291 -317.182345707 -63.5393754918 -329.092649594 2.59362293991 259.976522289 375.798156268 -361.677023912 -55.7031119412 392.095052373 
-145.266257672 -461.441088078 -170.585879994 195.745638656 453.463536659 -390.740412396 310.568925885 -13.6189462132 313.18833154 -29.0468425166 
434.692699093 -35.0026097088 -274.610021236 223.770770339 -53.2826647146 -457.738140201 451.693622705 4.88749172031 -240.053043213 -10.37960255 
-377.854525769 405.378741025 266.120184333 -192.126462019 -225.06323141 384.75005836 38.2303650156 86.6824223767 -133.095901682 29.0468495047 
311.102358468 -29.046574106 -378.174423402 -29.0468425172 306.126116024 62.1683259698 -237.792498582 139.092770432 -240.966890788 460.436306397 
-7.79865156202 406.33028395 -319.799922273 450.353616253 -192.290783606 26.0769816635 -200.535936652 -415.22810639 -120.538361849 -448.16448764 
-62.5820826391 398.978613776 -126.157562928 -112.013907518 283.841358512 -399.807297977 442.838257621 -5.0164783587 -319.268413199 -432.744675733 
281.861722662 -29.0468425172 -249.290948595 -378.580156026 -80.0332311206 -58.5608651995 -22.878593541 309.736244582 266.468572135 446.02026362 
-29.0468425171 431.38341932 -69.1604035187 161.017054193 -405.378752883 88.1376522803 -186.309052063 -280.799015968 453.715865553 287.343003697 
-245.624449741 -458.039390405 313.658523191 277.774156473 -27.3971689574 101.055751218 -29.0468425172 451.953668227 33.1234902655 -242.763881696 
303.857188908 -146.957769915 -29.0468425173 26.2986732906 -367.273159937 441.310339138 86.0200783207 -13.5071140102 -347.626208372 -314.688830685 
-413.962198057 -28.6596499387 426.564721422 239.728006904 456.040379552 -286.376597111 -53.3709143339 -63.7542186778 208.311338171 201.859731068 
313.915858813 448.065800976 263.879025623 -28.6749411873 6.68478159693 -382.75522615 -29.0468442869 -173.979867977 233.918970149 -391.952129586 
-156.794119807 -315.454321216 378.323692829 306.782758562 155.022045508 67.482135158 -278.049032014 15.3120936442 -29.0468425101 -457.073183493 
-236.152668416 -10.7784785871 -431.52379575 458.014861964 -226.76427297 400.69077758 -443.604367079 -29.0468425172 14.4475190976 309.77331661 
-37.8531027267 -0.656145106405 -40.1712520153 293.198853628 -91.7008668942 387.616658193 -459.282836597 -318.989927421 413.247980888 177.406819379 
257.596429551 151.381739483 -278.826373108 -29.0468593497 -454.041110128 -245.195135181 434.514908573 410.439893183 187.283172496 -29.0468425172 
370.225690393 154.227537008 -336.927022981 -160.815295911 454.628509327 73.3238383043 -379.263946134 62.6100896566 -68.147498124 -159.853321903 
293.327488599 -146.881824294 -427.824402782 400.710789618 71.9921058478 66.2820298764 -172.792988174 461.647181825 -29.0468425147 -451.238991149 
-71.3965247734 -29.0468425142 -95.2255439699 313.347495062 -337.220340077 274.630410729 446.41960643 243.494312081 103.703615465 -38.4575352056 
456.471158753 28.9750305054 -282.044882733 29.0468034243 -126.504813441 -459.670637338 75.3219899012 409.763657552 -145.171930004 -326.048741703 
-65.1854453721 378.12769279 -316.967913703 4.0711799155 198.063106734 392.626296815 3.15253568165 -359.038456432 -326.2535529 -130.850130991 
181.224469572 -15.1077760828 60.1613247105 -322.193446942 -134.703551282 -100.092448923 437.966826656 -86.6824629823 -315.259930728 423.183382387 
-118.783782465 -6.93890967077 -340.841072671 -319.920319313 167.390210594 -2.1336408474 410.99666778 -324.423943952 -127.092285314 382.21632333 
-29.0467184299 311.645589583 -167.503463363 445.94174758 203.886332118 -29.0468425172 -386.013591113 69.3541420504 -354.106268646 307.142889548 
447.663166177 76.5967174925 316.828950685 -86.682452553 192.540791048 3.98638701857 -93.9659287765 -315.306192534 421.445978615 -120.465306355 
-68.1906057228 -4.62640287347 310.339641987 -51.0604732061 -425.107264097 -319.607579567 460.599066177 393.288223888 -392.169886406 -29.0468425307 
410.16557769 188.517882103 -447.93584056 -29.0468425191 -433.924704897 -29.8788228364 -214.783395437 84.6887565221 460.392516016 310.518180624 
411.765085294 -458.566554244 -133.406759691 -5.74238776938 81.5069165187 -121.626929345 255.310096135 -271.83339752 -319.256220477 404.606970341 
-204.564211908 250.731673052 460.090978893 44.1281806285 -23.2597666088 351.682789749 -259.74323829 153.1402125 -391.693758024 -56.2460685036 
24.13852334 29.0467640686 -78.367032577 -368.485916398 -237.754857143 461.95569646 309.261085428 -29.0468387787 316.818745618 -449.140189043 
-433.216460339 -5.11854233678 364.414535719 29.0439313726 -420.499806236 -213.8541445 451.995735236 319.755204846 -195.751075956 -7.56308625745 
-29.0468425171 288.2337582 54.7203682158 -258.907810734 -122.79547638 298.074078809 -9.19547017376 -325.32903428 409.430443371 -459.137885087 
459.128708016 331.676457649 14.2443992978 -419.537299451 -199.181882561 186.650843253 195.608311378 -29.0468425171 414.011913202 -202.058622067 
-28.9670465855 -461.231739346 454.491435782 -392.375415411 -104.930422448 277.372186441 190.547616833 -159.946927346 -29.0468430109 314.124376838 
-234.280034174 393.804114555 266.133488982 -65.4594439743 -454.144393256 -1.47304556027 -29.0468565874 -318.345712677 -30.8394053622 454.632436962 
-330.645368529 -34.0355968035 258.988189266 -462.597786698 302.019731921 -29.0464507247 456.972051975 -29.0468433152 15.0601830262 316.521621404 
287.229035909 434.10869305 -319.052183206 -167.533644493 -98.1989761231 32.9692776881 452.048899958 -458.019147035 -29.0468425171 -7.00171859383 
29.0468271782 -203.278223984 -218.363738675 -416.79465299 440.049425536 318.443952239 448.466253612 -434.626539024 121.0572738 2.43223609926 
-29.0468160959 -29.046842518 26.9111804182 289.251401261 51.317370614 451.303083063 -243.147624691 280.090032482 -459.043774908 314.04923065 
400.991669562 398.38202987 285.812880769 -234.521966842 -430.113832728 16.6279137875 29.0468331001 -14.0826362755 -303.861845331 -211.990944477 
-273.193985891 -135.424032472 448.06587181 -318.742341582 -52.6210614426 -29.0468425192 383.023691793 1.48624185371 249.297852111 -459.283575624 
-162.500171518 -188.245415226 -185.574865132 -131.219766429 58.7635654519 39.4835706516 -405.829147049 54.0215051957 452.230302739 300.068367468 
-457.408495173 -324.150173476 103.318346609 453.974621536 -319.708357609 -240.184525509 -98.6087253051 -8.67508447692 430.962557255 -27.8802399424 
413.756662915 459.862056795 -182.74811706 -29.0468425172 190.280239452 -93.0590768027 -367.370610051 193.505848177 -146.735397497 39.5401600296 
331.345482102 110.951605187 -364.65737058 -446.018260678 56.9730385299 -192.003797988 -413.081517296 -118.987730905 29.0468420392 -146.942396743 
188.550821983 203.366022471 -286.418705259 -426.263337672 415.041535153 -448.650421846 -29.0468425172 255.726861524 28.9903829839 456.370809078 
302.406087761 -389.62356302 -91.3535051154 -328.975940282 -125.096816458 313.453887784 -361.913654078 -18.6427062732 -29.0468425171 415.797478931 
449.729690867 403.427552152 -28.3974343096 205.972806591 -293.368769274 309.644574053 25.237311445 29.0468372836 -425.32111419 -223.130056438 
-456.110054802 -317.066214008 -423.172677113 443.656370985 414.480535105 -97.6931490085 -1.57779198881 -28.9759010293 105.879933017 189.4167857 
82.6903537143 105.028182811 -450.944878404 130.799254591 -117.182958127 451.409716412 402.53564998 -29.0468425189 -86.6821001376 309.112965527 
410.404454288 -96.7577863114 -318.191682344 -29.0468520048 -4.61744197087 430.579629887 -456.940031766 -62.6151179313 186.699401017 241.172566258 
452.508505591 212.464352862 -77.1744200033 84.7927115915 -134.099139131 -428.412914255 414.410196157 83.5315745588 -455.23441845 311.181543589 
460.660121129 239.340127914 53.527710334 -318.901957552 -119.594079782 376.066971394 21.4763871653 -459.809164044 -314.586524684 -106.539316793 
-93.8756707932 29.0468360971 439.933207365 216.230791612 53.9498175788 -188.136627291 -151.226070536 162.510858073 438.074275741 -126.813429403 
-29.04684359 -145.215592715 66.7342377407 304.018734966 139.674201061 441.37914305 29.0433869045 -365.712901402 -300.429549231 -333.366926914 
-424.128798197 -301.634676014 349.55318282 -220.987984688 461.119735957 29.0468407661 -94.6818673813 29.0468251151 -268.696983899 47.6476637847 
-97.3314710248 103.167378517 -155.756060109 461.501277715 180.387358136 29.0468425168 -190.803171088 124.656728115 395.63668845 -130.269378419 
-373.206980697 -88.8149670882 289.726952394 29.0469862053 -192.403101842 438.918934761 -410.514795252 -29.0468425173 -314.389922583 21.4444541884 
-5.06270831059 235.873151288 29.0468062343 -212.709441598 -210.17135024 -430.36058359 -3.59424752258 321.452217568 460.855828254 -281.14071118 
-29.0468622631 86.6808222493 -143.385405406 -169.142248367 -462.599176437 80.1060387847 -12.6740480393 -368.518526452 307.083953598 448.873461051 
323.619942111 -444.887274873 4.05968730394 460.532462472 -425.725816026 -312.934856658 -207.705481839 -205.89493602 29.0468220211 -93.249343603 
188.87827587 410.509386046 -325.402074716 -2.68401740576 -317.489054197 440.005224593 -97.3042432541 107.416998727 -457.354492761 -29.0468427948 
-219.396874419 -289.325605368 -127.879318686 40.9986259578 -441.183618312 337.898878691 461.991413915 361.812412011 29.0468172283 86.6824415774 
-145.578157874 69.2639754246 420.279476607 -456.509477826 -29.0468425172 406.585108804 224.101492599 -324.582660983 187.258070498 -236.018514353 
-29.0468425173 -414.704024802 305.943518537 441.995345915 -382.543998032 300.691907296 -161.978839532 -381.766582133 -29.0069762119 -125.704732434 
382.050045291 446.127792783 240.390516585 -354.829345836 -321.891968119 0.597536830128 -129.809187264 -1.59865828041 -23.4723273627 -318.998502452 
-423.11687491 -205.862800124 -202.546189901 292.647600092 157.629798555 325.386489605 6.35378555047 459.758200842 -29.046842545 -61.9844910835 
4.24092040118 -356.50501831 237.166682482 -137.136530137 -59.856044554 -6.2529356387 -317.022817969 387.172477686 453.065089032 -323.840655608 
-461.529176268 -22.8440296358 151.50542544 385.710010782 -329.576758106 6.34843036912 -29.0468425171 306.271594951 461.610108113 -317.052084563 
452.257708045 -462.136374239 -264.328886782 -29.0468425246 -49.8042749085 165.474457188 23.4860367083 -332.261603257 257.943703236 299.90466752 
-402.876474207 293.361720591 307.496502169 250.926447709 -27.5888868701 458.975130053 -55.888223997 -363.149446912 -29.0468425181 -435.813852029 
-321.021974905 -128.976061037 248.387518483 -405.401086111 -8.36458813704 458.951445511 404.652861867 -438.338514674 -10.4205636523 -183.226553274 
434.336559869 445.917996431 -384.758305828 -31.2038080217 -25.7216266221 -325.165600354 -21.39052562 -358.103037942 253.375273033 -54.0997558218 
188.067795956 -96.4535596793 304.789666816 -301.522996355 460.346143812 79.1178793344 -29.0468425172 410.478287151 -433.475404962 -29.0489886464 
-1.10864983889 403.50379465 -405.599095365 -3.35981904852 206.939614512 -119.873414769 -214.904240481 -318.382117568 315.848936089 -437.222786721 
-29.0469510808 460.348658846 307.336159565 -383.627988756 4.50078440505 187.688774735 410.461321127 -199.715725861 -417.118112458 -29.0472382205 
-269.571704603 -41.7127903181 -3.974086857 -29.0468425478 430.203255102 433.049668991 -317.957797288 -303.114485965 155.661475905 -96.4677839261 
-134.886522199 144.485436784 86.6824414936 -416.56082989 -196.048500563 -162.418038062 -129.551990751 366.64577262 113.306020431 456.614643243 
37.5639956925 69.4705791173 -156.563929083 -174.077955698 -50.797115985 459.339501884 338.312733978 -368.609698573 -392.971082907 -335.671893821 
-431.288401612 313.538041451 -397.431809613 -10.8380150016 319.550814804 -210.912828828 -9.01065756871 461.609217856 -5.49832205303 -213.830697029 
45.8766846897 -78.0386361507 -29.0468506507 256.232486558 -276.914308855 -408.328136157 25.9932167682 267.247738951 435.483839281 441.494653291 
-29.0468425389 -243.48503459 121.194615323 68.9746678668 9.38869709058 -425.908476657 445.059369321 -205.781472654 312.712767099 306.601754082 
-6.70444661325 -211.911517162 58.9420700553 -289.540091179 319.642799959 -431.290222495 313.476786831 26.5387776671 -142.917379423 461.296415054 
210.780440982 -70.0473939179 454.945153199 -401.93584464 -57.7109054927 -29.046842517 236.566148878 428.993211549 199.833355939 -413.954769244 
-146.232866546 56.3594159051 444.241424035 -113.850890846 213.349907156 -191.158087402 310.7714208 29.0468420105 382.349372151 -8.38005071249 
-97.2915389761 5.78705108027 -29.0468425604 217.591526643 310.922381987 -314.637664563 -84.2088750105 444.305107008 -395.70708528 -428.64446297 
-68.2636885138 -58.1767486065 141.224933051 88.4086354255 311.008465434 310.708873132 -405.428120874 -374.797772238 460.642179649 -29.046842517 
-247.305468486 -456.222626314 115.116874797 -103.645293568 451.824968378 -423.285249004 208.415988443 216.998534827 -18.5883805886 414.640283336 
-29.1346991201 309.203297275 -29.0468425167 454.087721254 307.484064347 -354.31894571 -384.720799368 98.3734135422 152.51579055 -65.4000705046 
52.2538405621 -270.83687124 390.124746678 230.974455855 242.081782573 19.2320805744 -19.6010389872 -238.841068026 367.74276547 -198.390793864 
-310.099124608 -142.26859113 -287.65726475 29.0468087801 456.104197339 406.221100875 261.240149481 -440.938835616 73.5456354512 -15.690479727 
-409.32280957 229.948052357 97.2703640632 248.161100323 -230.596570113 8.42125084547 29.0468392649 -420.432163211 432.582194938 364.158292859 
-97.7114897362 -6.06983168851 105.899955021 453.904320298 28.1489604071 -318.72172983 -314.443817055 -456.438650972 -3.38788791776 425.700191439 
-53.6525398199 -384.60719021 434.086941669 -30.9967962173 -2.84135652185 -325.026193903 -357.963632323 249.826572702 -20.4733498662 445.892730258 
-357.50598996 -62.8213553137 405.378709767 -208.408035693 56.8081620308 118.340815386 419.8462585 5.77727498999 -241.34548917 -108.212651392 
-334.872004251 -133.180432631 -25.2089080804 222.748273676 415.829903447 441.647432699 -367.811431673 -29.046842517 -392.892596929 186.465207045 
-308.222199789 453.916697028 -275.28480769 123.695194836 341.908424613 -124.456531602 -100.936755119 -429.95550694 95.0962590393 334.914383267 
96.8274929824 -371.211613231 -168.579701856 -120.569049305 -388.823755344 -29.0469632167 -404.118750477 312.440414198 450.648271547 196.96515507 
438.171796711 64.4823071645 -409.772405676 -29.0106862815 91.3447699538 -126.829110028 -290.508082408 215.059568106 -86.0077019033 421.448257833 
-123.704387818 133.715986187 126.938322638 -156.641975915 10.1303094237 -178.894925446 45.1368925607 -214.580481533 352.627022329 457.071886827 
-11.7235740265 -45.4334009485 432.353449677 -394.28430603 -320.961201879 150.811882051 -101.081661145 -32.467060995 311.170409803 453.120817796 
316.435244756 -458.096347273 236.28429583 -124.52339692 -84.6735900149 -99.2060447834 94.5309385001 -9.44743228082 430.113835193 -320.074860311 
-362.597895002 42.7637610715 -172.552720613 462.223061107 11.2511760678 -1.55172800764 -387.143481987 -40.9671067713 -329.660238179 352.972811769 
-368.66360798 74.4297537787 461.882624468 100.403707138 -423.963075831 60.937194139 -120.839855953 -142.951006586 324.36820793 -391.025657113 
171.795862179 461.588438538 -188.319167546 265.343436813 -48.7295342287 -233.78523769 234.42449712 4.56630965012 -13.1971055894 401.21502973 
-391.589819277 452.616324931 -219.561708368 27.0625399705 310.958475069 207.384854055 -45.7423342743 204.358156516 -32.7103777645 -179.912949186 
391.347693189 -425.197168019 -221.935658215 -96.7450800151 11.3013868585 -7.37534400964 286.379829799 -456.640320942 29.0467915297 -313.272125759 
441.024471282 -384.832048869 -29.046842517 -358.025556667 28.4640543189 -139.826566948 285.519696085 -325.114849594 7.20650821173 447.756450276 
-457.073395058 -407.910496487 186.715680892 -79.5520847629 449.827815502 405.342851028 -207.725859491 -29.0457620696 -325.12097695 -29.0468480105 
-50.0172201806 27.153923946 457.397992147 306.924904208 -7.54815022183 -383.832089548 -416.769467226 -29.0468431206 -314.081247151 268.971439049 
-49.3479823607 28.6999065752 388.871366791 189.572104547 -315.294424194 -422.65855647 -354.308552725 185.714551896 414.180894643 -29.0468425173 
-390.463039262 -329.605608918 -461.558027124 313.070377089 306.306278003 14.6728644196 -170.202349697 -29.0452040306 -29.0468425173 452.705005898 
278.140354031 -238.591647928 29.232419947 432.445657657 -11.7374771074 -456.44106589 -29.0468428474 -99.9525923822 -320.966986927 453.064353246 
29.0529338119 -247.873042725 246.756627051 -304.640899472 58.9756808972 447.605616499 75.3916819108 -284.802799233 -70.6698533699 -280.81203229 
-420.777499013 -325.461131759 -457.413550032 6.98248780796 -198.805609816 111.219924099 -74.782228442 152.988173646 325.482679033 -179.038713531 
239.980934851 19.8143864076 295.838201765 430.404542245 -191.231596503 196.044942723 -42.9176181792 -54.7604966575 -225.987669781 -408.747921524 
-101.626510438 208.638812223 -411.186383614 313.592459398 421.667270703 -286.391705342 29.0468425166 360.334190207 1.89553266542 -28.9901537255 
-427.030772186 9.99346606874 -298.967149653 190.848410476 460.817907774 -206.771164474 -209.452567188 -29.046842517 322.054722236 0.897607832563 
-282.555172397 418.569325361 29.0468188403 61.7175890468 -440.417695911 459.158191581 -292.272288719 276.808163563 -84.3985633015 -305.571671404 
355.919506271 107.343009595 -453.130971294 -420.193591184 -117.66459822 -166.149959579 458.03038406 326.110499852 132.93550178 12.735598593 
460.34674988 -29.0468640224 -41.4401585863 373.246609621 56.6402561451 -322.924618584 -1.48043083837 -460.399076052 187.957761228 410.47419865 
452.249015071 -58.7094251313 40.8131580572 -169.590438614 -10.4994415505 -319.288864027 -1.85629628639 -459.090153742 315.326564812 275.464754578 
-29.0468425484 283.755541577 440.976357318 447.805413128 92.6601224263 -29.0468548275 295.346650158 -61.9842325296 -166.048662658 -383.560402964 
-29.0468425177 -434.642323732 -209.443745639 320.501425984 286.078930507 63.3693072261 -136.387884756 -429.294870187 462.281094076 -8.9863465494 
100.843379672 7.57450452609 456.679009958 351.282402638 -305.724984272 -79.5172731549 -126.786277137 299.836331105 29.0468425062 -159.723682363 
167.602658626 -340.808967281 411.033484631 -118.759188777 -2.36441663682 -127.125619345 -319.928676835 -324.420868376 382.236738385 -6.98571390035 
-26.6447828309 -56.278629956 445.820956402 -29.0468425225 -32.7635570597 -358.667299383 -325.729863751 -385.362282346 268.735298411 437.433725079 
29.0468424745 460.933345031 -95.8695877577 -424.992988381 321.756397564 -302.443911504 45.658292363 -1.22656343307 -202.702488417 -269.506130815 
10.1376086127 126.943452878 133.746516085 -214.57618047 -123.69925834 -156.636846441 457.072696214 45.1414096728 -178.890783612 352.629795223 
442.701653797 -35.5335473193 408.483831692 180.243815127 -66.8354087918 307.130946184 224.05652827 -29.0468425172 -378.454240358 -159.38085178 
-399.199447508 -147.679035137 306.108218372 318.160275395 -432.663457818 -7.30272453425 -213.429299566 29.0462818223 -28.152025777 461.660283714 
-168.830753946 -294.582588819 307.987832191 -29.0468425168 454.176461576 39.6636328296 -360.80192227 15.8715709592 -459.12196715 20.5880202684 
320.001113007 -210.166960709 10.5217652991 75.9403523159 -20.1767146412 -430.113835136 -43.0152663202 -313.168709433 462.382577226 -244.173923089 
-360.099802462 352.456919204 -68.7104326527 -0.459870770175 -317.782206023 -35.710605676 398.254045398 461.934646909 -328.945579974 -23.3024685014 
-423.553769613 -46.367663102 0.578050445838 322.666798088 -265.965356928 -29.0468440562 -201.305499805 -133.277251202 176.305688048 459.805661506 
410.474999387 460.34663118 187.975182415 13.613764019 -360.0600003 -179.700320501 -321.188096921 -29.0468425516 305.538116602 3.70703712043 
-11.3305046542 -355.711907923 -325.197957736 -29.0468430841 -149.124578166 306.2906885 311.028172593 450.139598326 -28.958317816 -384.375803902 
-32.1186880307 -243.830897859 301.477696062 457.312375704 -29.0468428177 -330.362381102 -462.31479927 142.950967645 -73.6310609479 423.67347235 
254.016316425 -326.364414056 449.656008456 -458.097933586 -245.624489673 -128.395390635 436.24881767 -29.0471812315 279.492927521 -29.0468425172 
314.702963774 460.139154483 -449.957479189 -241.670754271 -29.0468425172 411.876955858 18.3975236843 186.114558282 -19.9106414337 -92.320281494 
-319.844318699 461.128287232 302.84211566 76.68910742 -158.548685407 301.946173272 -29.0468425276 -29.0168531402 -448.067490606 50.4959404696 
456.088637079 -64.3949972998 261.081748224 305.121116814 -29.0468451375 314.994699769 -412.012955193 -379.075577486 -10.2153616547 -50.9857659861 
442.803187535 29.0397711591 -411.54098667 -293.153110806 -194.085477255 -29.0468709665 -57.4830450076 307.785022469 -459.418966829 166.442387744 
-438.784749931 -282.687649661 -96.7234292049 308.977029556 80.9428102141 29.046804451 461.519917449 -29.0474197448 -315.633551784 93.552287701 
-52.1665673103 148.762948439 308.161417955 387.629102351 -386.537542003 -419.474919693 4.69569886743 -29.0468426341 -317.332467282 460.185935839 
207.486136337 -23.1047664246 -29.0468425173 -56.1181839499 425.060753487 201.725914087 -413.394312196 -410.148166755 220.500237508 423.236891053 
-5.34512102871 -140.34080036 -213.347160829 460.81658164 287.21723073 29.0468058174 -432.700315498 -447.700464685 -186.982949881 319.522830827 
-429.11545035 -7.94574555116 -59.6838928639 -293.787034589 -281.693616613 -231.82880464 211.470003368 405.378744749 29.046831858 405.426439202 
441.296499922 -351.890881785 -32.1090980822 -207.206184153 -29.0468425193 -240.934160627 303.824699868 86.6835097532 -17.7753276859 -418.537563907 
311.388745166 -325.19916721 51.7593727 422.390885191 -182.224748872 -357.465893294 -112.07840406 133.988114185 192.183989476 -29.0468496736 
-136.422397996 456.533279187 419.794359085 206.783804918 78.4029023977 -136.102397588 -459.069680001 8.03942649741 -267.083502248 -86.6824511977 
-448.065824342 220.304962997 185.780822936 -320.307094005 -29.046842517 414.01059988 -20.3666855395 -254.27532917 0.282177401472 445.684229185 
-42.1568821191 -384.885065291 307.468321702 -51.0424497014 310.436856571 -29.0468443578 459.362989494 -29.0446775027 -377.968588608 -417.822429268 
447.859675136 -433.278060849 -69.3785504829 29.738097685 -217.194738547 -22.56418868 440.923047281 222.717653329 -432.303484506 142.950886646 
405.368758025 455.714055941 -381.376975485 -29.046842517 -365.007660788 -75.9193711204 296.483372314 -27.1060426349 -332.070169112 -161.412793457 
-52.4849581716 -456.930938348 265.509651383 -239.45101036 433.413965109 -29.0468425173 -273.952637253 452.472431391 -26.9366884488 29.0456172938 
49.8738125362 202.470961434 404.159785789 316.699965197 -103.57059797 -169.529695649 -137.564681212 -426.214372813 448.057733513 47.9663440544 
460.348779408 307.346501628 -383.641277646 410.460507853 -417.14478682 -29.0462153079 -199.788446431 187.671651613 4.2859313813 -29.0468913671 
6.30340485462 -423.113177746 157.630640901 -205.856381262 -202.545093559 325.379912912 -29.0468425172 -61.9844906546 459.759460003 292.660376386 
16.6714309365 -210.016479769 -29.0448382802 -429.086425316 450.368737492 322.445633931 313.673286281 -241.727256413 -5.94861265615 202.349539487 
-329.233465346 308.534192008 -461.185883543 310.845586346 -29.0468425185 -122.983235134 444.884970453 -29.2091300668 -380.218980283 -26.0781070989 
-241.727319126 -29.0468425173 -458.634974295 30.2680644116 313.707332334 12.5943203145 278.773170207 -318.908774652 -16.8726357108 451.692274396 
417.921382971 -135.833619455 442.349284981 -398.230814054 -86.6824585202 130.71913348 -147.885779049 -459.78357331 -29.0469323994 292.114386199 
-35.8005423226 408.610723542 222.861288597 179.971589511 307.875951047 -87.0842704075 -67.1283020225 -29.046842725 443.017392092 -375.951750222 
-203.911124608 -414.122289101 -198.30197469 368.635084974 226.765820797 29.0409747494 17.3349522012 450.644170241 29.0468375828 -280.706176831 
-29.0468425175 6.66869633484 -44.0952967311 245.700191644 -379.16783861 -410.159293382 -79.653619828 447.295565682 316.318644216 282.134089617 
-214.884864724 -2.00185351093 -119.900479709 -318.404034304 -405.574839922 -3.70095493033 206.814258125 403.533892388 315.746974763 -437.19571917 
28.3089898294 -208.979558478 67.6145724391 459.343862194 -426.385408123 -205.960048644 214.580573795 323.481811841 -89.0094093631 -300.461520942 
381.225542789 -268.075034894 432.76919482 -30.7848710876 -59.2108110623 -235.150134064 162.013018764 29.0468305646 -196.965154208 269.71511688 
462.3051899 -207.024462216 -29.0468427713 187.117787882 -133.015471405 321.807605869 -7.5044643908 -65.3488040709 -432.132578091 -426.922177531 
