45.8560727553
45.7506465619
45.902161108
45.9549859219
45.7041759087
45.6690380546
45.8981970715
45.9878918751
45.7996481485
46.0215830744
45.7460101514
45.7320824156
45.4001476372
44.8971069447
45.8944701485
45.5660482851
45.896079244
45.6889717833
46.0629584229
45.8073555805
45.8433360438
45.1062654726
45.79624181
46.1210326417
45.7145176486
45.9592457773
45.7577020869
45.8432401347
45.7054460735
45.7713374247
41.2001625811
45.9357603019
45.7544137281
46.1026582133
45.6393613646
45.6659065712
45.4041018934
46.046398382
45.7484140572
46.0825319334
45.7953843288
45.9918436901
45.7474560209
45.7358544135
45.7790576989
45.4388970586
45.9684419202
45.9761512889
45.8964828847
45.6286776012
45.8392068077
46.1783097426
45.2049303962
45.9417610205
46.0825419616
46.3197165834
45.5995405649
45.7506407173
45.9156102672
45.9791586682
45.7581412517
45.9862049031
45.7926202289
46.0410026319
45.9225935247
46.0633725381
45.8994541883
46.0498979155
45.7757445268
45.2060223994
45.4630787383
45.5821924053
45.5607683475
45.7175935727
45.8432378459
45.8268809074
46.0852469561
46.1083832547
45.8664483926
44.1300816465
45.9054723273
44.534548013
46.0311012383
46.0609935772
45.9866279436
45.5185292341
45.7889128744
45.9642292374
46.1429869398
45.9917934316
45.9592464333
45.454708961
45.9184775926
46.1083758311
45.6259638664
45.9903899156
45.8736967716
45.7630640161
45.4630815922
46.0825795925
45.4598907858
45.7324409502
45.5978553014
45.7103107542
45.6393955369
45.7566991153
45.9809637823
45.7505363481
46.0122247191
45.9417613742
45.8984458149
45.8473478978
45.963088748
45.1578330312
45.9549849617
45.8127764256
45.0832453954
45.7718235456
46.0398943162
45.5614760896
45.7489586331
45.8745140731
45.7493062694
45.5101955435
45.7084499788
45.8807861093
46.109980305
45.9417608662
45.7830925863
45.7811872399
46.3158314871
45.4983224237
45.665899568
45.8559392842
46.0223475025
45.9951735755
42.3269711084
45.8392069779
46.0852716764
43.4487981295
45.9844346337
45.9684477892
46.0372498007
45.8241776001
45.7317984341
46.1077882952
45.855254986
45.9417611921
46.1131340709
45.7692164875
46.2084753312
45.8859085489
45.9647312599
45.9000831487
45.9900712858
42.910002298
45.812790415
45.9417609214
45.9976026018
45.7932071538
45.7346070662
45.7174191501
46.0303091
45.9795244491
45.7493056506
46.1209985229
46.0116801456
45.6920327017
45.6919958986
45.9499036951
45.2597807701
45.5323639329
38.7763542465
45.8432404575
45.9220524828
45.9019406581
45.9184492769
45.8748993024
46.0331051798
46.178468498
45.0955770395
46.0352441419
45.5586041203
45.8627028046
46.0115980063
45.8321195543
45.757056443
45.7695660944
45.4860830701
46.0227803003
45.7905248033
45.7566596277
45.8294794074
45.993084935
45.9121496624
45.8835123391
45.9790942472
45.8417172846
45.8865886826
46.1183811851
46.1367671032
46.1389661253
45.7336366192
45.6580162471
45.6465509338
45.9417600526
45.8394198405
45.5367065632
45.9330154409
46.1499204605
46.032979778
45.856070754
45.8293848266
45.9682963146
46.0352187125
45.9584988223
45.8319385941
45.8653632826
46.0629518394
45.7695475965
45.220246646
45.7489585566
45.9021610943
45.8791044151
45.8294770818
45.9549821186
46.0331051028
45.6697797711
45.7562271552
46.0351378763
45.6651632024
46.1176206906
45.6920022378
45.9630921814
45.9346218014
46.0067380431
45.9021261417
45.7580728708
45.7974973559
45.8977158715
45.8730760922
45.6466904957
45.6917768273
46.0289620296
45.7310985762
45.9086106553
46.0498979149
45.9358832929
45.4275103878
45.8788852609
45.8924194839
45.8977357667
45.4291217334
45.802513233
45.7345103126
45.9533608155
45.932804795
45.8228080434
45.9113313141
46.1056130904
42.2804666477
45.8977178968
46.0310940876
45.8962125577
45.8796094369
46.0116801209
45.96308983
45.7450676815
46.0113304916
45.8202423408
39.0794789119
45.8294771248
45.8378987114
45.9351338449
45.9417601237
45.8653402365
45.8726227359
45.9932537623
45.6393979644
46.2132819327
45.7063639898
45.5549131009
46.1056962252
45.7581255202
45.3244287639
45.6390681383
45.935672752
45.808638337
45.6393905072
45.8433397054
46.0310924135
46.0267544187
45.8934079154
45.9147350639
45.936030584
45.7304336365
46.0349822188
46.0327713579
45.866855148
45.8329688872
45.8328558998
45.9682949384
46.0928984777
45.8326980422
45.2501291217
45.880676056
46.0331032745
46.0825206588
45.9260072282
45.5928102968
45.6864406449
45.9592450021
45.9755214348
46.1781862459
45.3017718665
45.677750594
45.6767233303
45.6126319126
45.8869854243
45.8748992976
45.7484137323
46.0067179892
45.9441223233
45.9930849315
45.6468750144
45.7952961596
45.7876722058
45.9184755793
45.6838363134
45.9417611416
45.3776979517
46.1780816367
46.1694642093
46.0113472821
45.8836098044
45.1665908148
45.9918437331
45.9391304392
45.8361635616
41.7658237378
46.0439797255
46.0331050179
45.1217937772
45.7588471064
45.6211003755
46.1183868184
45.843339682
45.6591072674
45.86207136
45.7493056739
45.5585226904
45.7241523106
46.0852692235
46.0617962834
45.8432049892
40.7496308875
45.3840475819
45.9088221748
45.9466822924
45.7103132385
45.3274710172
45.9478195587
45.8056715504
46.1060213145
46.1698817757
45.67349786
45.8825790348
45.9535015191
45.7423862298
45.8977192803
45.8256286368
45.7442072755
46.0928981785
45.350556742
43.5970474357
45.965019092
45.6920246289
45.9312625458
45.4839097777
46.1077613044
45.8737893494
45.97054545
46.0352467049
43.7038766451
44.0422867246
45.8432333979
45.8789463832
45.7513775988
45.9903914127
45.449007766
46.0928003662
45.6393923521
45.7724174854
45.44276516
45.8805311357
45.5997089015
45.7932071217
45.8443938445
45.9260264229
46.1499341725
41.7718782055
45.8795230494
46.3174654738
41.4507847257
45.8318261121
45.5912292869
46.0116801487
45.8837253352
45.7526235046
45.7084168136
45.7197512102
45.9302400033
45.735165935
46.0398986446
45.802741506
46.1366487632
45.6613442032
46.0115655678
45.8869492778
45.7889014116
45.9054723858
45.9259618898
45.8596902204
45.1942880205
45.9535207225
43.1843247306
45.8113589182
45.7963148819
46.1784950979
45.96126191
45.7228570665
45.6724174239
45.8896487318
40.1500696618
45.9417607031
45.8012219412
45.9392434613
45.1720845425
45.9260249709
45.5601383972
42.5017296581
45.6286775808
45.9054719496
45.9767340695
45.1391805413
46.106047967
45.3958862104
46.207292234
45.9021452078
45.4502064338
