1.14208986038 1.02191244753 1.10196563178 1.02840518097 0.897333190277 1.1421322012 1.05708320322 0.70430789632 0.972111993706 0.939583982479 
0.979853702837 0.950445870962 0.982419501502 0.919534970993 1.05067908398 1.14213143477 0.981246320592 1.00517207257 1.04882874573 1.14054864333 
1.0560254329 1.02091760849 1.14523746593 1.14523987582 1.14213143477 1.03096767981 1.13827871792 1.14213141425 0.477303922899 0.902982601614 
0.621865729067 0.877182999274 1.01984753075 0.81448300932 0.816260725433 1.14224164999 1.14213198283 0.752601718074 1.02884723188 0.969808884446 
1.14000201621 0.949207315636 1.14002870669 1.08829623601 1.13744593142 0.756916535556 0.979531519989 1.05691227617 1.14213143477 1.14131799711 
0.841012152507 0.633761578102 1.04812358412 1.08526840801 1.14211534916 1.13894168459 0.673184005214 0.929153214291 1.14213143608 1.11961313483 
0.996035858244 1.05771603856 1.13236811133 0.605233951357 1.1427160026 1.02719527148 0.905761122041 0.984532292983 1.14271168738 1.13118481966 
0.435049234646 1.10238372817 0.973540196251 1.14234142789 1.06399812284 1.14174809822 0.875758231756 1.14232688192 1.14209063353 0.86848197671 
0.818604007482 0.62077372811 1.08142750341 1.10011630826 1.02131007104 1.14211597405 1.07869144016 1.08574038637 0.887130559629 1.0757108513 
1.03255957508 1.07175824817 1.00004339898 0.985242407863 0.557765398544 1.12556874221 0.838196110302 1.14213143451 1.14212908593 1.01372574711 
0.947282627391 0.948853567701 0.667032029651 1.01231902198 1.05431029171 1.14230990206 1.09039755535 0.967997352163 1.07954866158 0.931799727529 
1.00009483798 1.14218233332 1.04501183445 1.10361501733 0.974755367049 1.14226498153 0.839074553576 0.952163820322 0.444151861064 0.995905015124 
0.98323482563 0.847010817861 0.994046796602 1.04378537009 0.860685680994 1.13143496929 1.37129762068 1.40744483129 1.14213143517 1.40744493559 
0.851789642987 1.14213143477 0.684337138175 0.677634225119 0.964134123535 0.763264300514 1.12525889098 1.12248167289 0.924596941063 1.12527580464 
0.984526253637 0.692475565924 0.900446422984 1.06270360111 0.931163712905 1.14014573737 1.14213143477 0.653171119869 0.908979650849 0.974392474744 
0.869463629631 1.06475953823 0.891217780385 1.04608991576 0.858349294876 0.9106121125 1.14234327496 1.00263093285 1.09083019461 1.1423435541 
0.624392042807 0.657571476217 0.813084258183 0.903016313701 1.12652357019 1.14221614092 1.01612738258 1.14229457411 1.09254635141 0.727653852086 
0.984946446109 0.897162819738 1.01599396307 1.14229004904 1.00336891007 1.14224777903 0.52489097194 0.673240511042 0.733658983477 1.04719574995 
0.982833538416 1.05120034214 0.738983287068 0.88495763979 0.968159624374 1.07923097597 1.0001768382 0.867875668555 1.14185922951 1.14213036293 
0.874535661177 1.13577454524 0.795436681208 1.13521760137 1.11245169782 1.14217514859 1.12449761742 0.949821952003 0.819166724311 1.08733322415 
1.0731116541 0.967282921224 0.857986545384 0.648576292048 0.959451907768 1.12130297728 1.03395195119 1.14213143474 1.01598441927 1.14213143477 
1.01196284401 1.14214514704 0.943154548613 1.14421411981 1.14421411979 1.06979652426 0.890210077704 0.75542779542 0.901846098945 0.977564357225 
1.13742081041 0.840969971733 1.12870198162 1.05082171424 0.983142252865 1.13762264282 1.02826671687 1.14212321785 1.09485921807 1.13786228673 
1.14214939373 0.990389713498 1.09563139944 0.624868993659 1.09069564074 1.1421458894 0.979742977606 0.74939122762 0.91439779105 0.960405537202 
0.625888678154 0.95323610757 0.910335930607 0.974708720486 0.702281821122 1.14213143857 1.04854219394 1.05453132568 1.14236331979 1.12180619636 
1.14263035981 1.14263036439 1.14027738326 1.14262603665 1.0738838392 1.03415444983 0.806767617991 1.03429011976 0.603775349503 1.12223093932 
0.96197770807 0.845034336228 1.13993856505 1.01937631082 0.868948974521 0.838056810558 1.14213143477 0.900248272944 0.775910254613 1.02319003693 
0.643537468874 1.1429643138 0.83225220416 1.14214645943 0.977448825003 0.785545003172 0.901321113814 1.14296431382 0.76515228143 0.923076729737 
0.835995093957 0.835388285456 0.751527166011 1.14213143477 1.14210705015 1.03033753445 0.745447476688 0.914338150366 0.99631711454 1.06095002363 
1.13436272699 0.998305269056 0.962928537389 0.855250416728 1.1289023705 1.00375713604 1.14213143479 0.933519609762 1.07314099996 0.915167296947 
0.967706517896 1.07597882129 1.03834042255 0.835275930798 0.903789388699 1.14213412006 0.958093798756 0.976970219021 0.819385727414 1.08059969992 
1.10061824475 0.97147491686 0.979149478973 1.12446482039 0.719337862078 1.11487230727 1.14213143477 1.13691758107 0.861612241176 1.14087567211 
1.03070517749 1.08377779219 1.01727373641 0.585228261058 0.977853155265 1.05840593535 1.13945944388 0.986104560947 1.14218822154 0.894974664667 
1.13709937423 0.997594733998 1.04918005273 1.10469635196 0.891964026544 1.11467816847 1.12730294057 0.841535468992 0.901201686464 1.14216262593 
0.745097037285 1.09958086032 0.989356894386 1.04937009754 0.938465456586 1.04238035873 1.14213143477 1.12927552513 1.09635290113 0.885615995347 
1.02787923284 0.848981138076 1.11549635593 0.934240165552 1.12914423266 0.63856704137 1.01487757955 1.14214596946 0.875881728302 1.1421389418 
1.07756047392 1.14215172478 1.14712397676 1.14000347712 0.827308102878 1.14177274635 1.14712397706 0.958942592672 0.954509742894 1.1072490824 
0.953255197391 0.899322214681 0.975227176468 1.15826278104 0.71172649785 1.15826290511 0.933641388389 1.14213091533 0.813621663153 1.04645790787 
1.09124222467 0.763881118002 0.992070189388 0.89093006443 0.984892724543 1.14225147754 1.14224824207 1.10876593169 1.11910253011 0.919890368252 
1.14212611325 0.876741879764 1.02281428313 1.12868897739 0.980264199385 1.0411885088 0.974328758046 0.964139792791 1.14198632636 1.08527875952 
1.14211573041 0.912681589969 0.929979112024 1.08346229753 1.04508103858 1.01791906387 0.997917006493 0.993787068375 1.13441679161 0.949395494517 
0.79141329233 0.988585424107 1.00577101367 1.10390065881 0.869507041009 1.13912661835 1.1393093042 1.14213143477 0.900042961209 1.05388161412 
1.14226650789 1.13753833926 1.02535699215 0.943493055813 0.968469350819 1.14222075715 1.10569944776 1.13867157198 0.658222169596 0.722749165638 
1.12775883831 1.10101056763 1.14214517745 0.923889698249 1.14213914335 1.00614149105 0.592891711314 0.923105956464 0.990776338925 0.589360702727 
1.00433118206 0.841632067102 1.0626726394 1.01594648249 0.962879376377 1.14212438599 1.14212575547 0.774813097503 0.618445105575 0.85468738997 
1.20943681924 1.17810048481 0.903353076151 1.20830600588 1.20943817521 1.10814468336 0.829841529161 0.680871950973 0.841495570775 1.14213143477 
1.14242602643 0.911039643957 0.993847118082 0.93646636581 1.13662138552 1.12358800652 1.11066873477 0.99193244681 1.03013432164 0.906306883002 
0.901137283272 1.12503620661 1.10590135079 0.989447484164 0.969437997243 0.849055802973 0.936184624929 1.14242398649 1.05396616107 0.907974770068 
0.939159286175 1.13361080431 0.859641210776 0.75418156009 1.14227243833 1.02403503171 0.953484564719 1.04218396384 1.14228684228 1.04899236093 
0.794053177412 1.14230848411 0.995370937214 0.759013522105 0.676903352202 1.14218972598 1.13841539246 0.954727056444 0.817921565088 1.10584913637 
0.954471582613 0.977641860147 0.860727629519 1.01786649217 0.664127565202 0.993309953878 1.14230960854 0.779602477416 0.935199878526 1.14261014748 
0.949387760026 1.07900183279 1.14213043077 1.14225634676 0.648840452594 0.979197681678 1.01346926546 0.753310744187 0.627139896864 1.00021840542 
1.10703065222 1.08379172515 1.12421332661 1.14234186513 1.0958152094 0.830530346504 1.11800570244 0.915340231049 0.88847094007 0.906287108188 
0.990170646254 0.798157890696 1.14175107379 0.864530687202 1.08474821421 0.786705934821 0.908859228184 0.875680588278 1.14213143477 1.04475241587 
1.02393891009 1.14212608117 0.87685441952 1.08553060888 0.975570082299 1.14198966311 1.12947340239 0.987135344176 1.03947445693 0.967951789438 
1.02944520354 1.14212711002 0.649080351591 1.13284634654 1.14174717477 0.700270443591 0.966043879303 1.01488137548 1.14221089424 1.04402847007 
1.02938354369 1.05582227654 1.14213143477 0.730644899855 1.14078408543 0.909929338833 1.05265099872 0.898591909715 1.10626640923 0.886830748576 
1.14213143477 0.979840849473 0.950272661582 0.921608519629 0.98240295885 1.04973133983 1.14054296357 0.981112764601 1.04854083107 1.00356425651 
1.14201594247 1.13004896143 0.949968092738 0.877535814898 0.724457740242 1.11921407431 1.14213143477 1.02234311908 0.896125216007 0.925163664366 
0.979829609413 0.895333896106 0.698297756703 1.14313338392 1.07008854962 1.07152358385 1.1431302067 0.933922364068 0.911083473836 1.14099685394 
1.14211612558 1.04999423953 0.870605586742 0.909492397622 0.958381235351 0.968462092434 1.14119028679 0.852409387878 1.0507330638 0.961456083745 
0.845866833214 1.14213143477 1.14211389585 1.14036173679 0.97135157529 0.907532719096 0.95448178293 1.04697764885 0.771366467477 1.0980446746 
1.13133799315 1.10684408103 0.973260127934 0.742939121423 1.02054275768 0.836108580528 0.989555214447 0.658720605331 1.14212149633 1.14212086783 
0.963291306841 0.722229601041 1.02137918156 1.14225377495 0.937910587799 1.02680551914 0.909537482003 1.14213055772 1.03308602224 0.750595251959 
0.921424063663 1.14203610748 1.14213143477 0.703239854294 1.13375847912 1.03926814547 1.00592576761 0.89795303091 0.893581598559 1.07129819004 
1.0522172513 0.918048500126 1.13548731984 1.14213143477 0.59236025223 1.1103967848 1.06763600966 1.01421799032 0.987255057176 1.14213131911 
0.9195801926 0.927166918958 1.0866489292 1.01258238512 1.14213143477 1.03807909168 1.14121289847 1.14162180846 0.709688350408 1.10009829452 
0.832299243113 0.877465611671 1.14197014335 0.939355846413 1.1402622268 1.06144401756 1.14213143477 1.10332851314 1.02890391399 0.872543617181 
1.00665438746 1.14213143477 1.13425439156 1.03159132715 1.02402819759 1.03047568072 0.967196613917 1.1386054715 0.783695712894 0.64650655139 
1.13324750039 1.14156427472 0.80780840928 1.13169724017 0.962691599969 1.13533273791 1.14213138622 1.1309084939 0.987514707643 0.824522318819 
0.7452066838 0.960107950843 1.14241098132 1.14195042617 0.880923415227 1.11766907302 0.75242181145 1.02228860772 0.928359201159 0.949676425004 
1.12512165048 0.886900514449 0.818617594159 0.752052791477 0.678082904306 1.05089364926 1.09329575455 0.984685577001 0.911631741031 1.14213143496 
0.876719966405 0.998399224919 0.946510168655 0.73978832045 1.06874407476 1.14213143477 1.06866077104 1.06380297435 0.993338481177 1.14105035732 
1.11098464185 0.713000076915 1.0183178786 0.973976691802 1.02274820757 0.572871490279 1.03886318849 1.13858057015 1.14228049598 1.00054683051 
0.832098059447 1.14292150071 1.14292187682 0.785675549046 0.901149875368 1.14214803462 0.977643156192 0.923391130004 0.643605398763 0.764616544258 
1.14213143477 0.968217748047 0.665636479373 1.06052903243 1.03025806239 1.02981538918 1.14214841105 0.800858983667 0.903035494555 0.956932907269 
1.10320108062 1.14217550485 0.977079829758 0.925914884594 1.14188530654 1.14221295193 1.09529737757 0.707578913279 1.09068362105 1.04814694464 
1.09055945422 1.15116010902 0.969871576825 1.14213240692 1.15275966585 1.10414929177 1.15276065734 0.628759402183 0.809247868649 0.848335691351 
1.14235923074 0.692727853832 1.03096909997 1.02158324424 1.05339318648 0.985565254058 0.850018054767 0.974037899603 1.12299946769 0.870679505887 
0.928468291503 0.442380434653 0.673439434644 1.03178048461 0.63767267908 0.875686652001 1.14214776489 1.14213143477 0.974768725026 0.747066427999 
0.965653557857 1.03483390296 1.12103138467 1.1422702306 1.14222157744 0.975428820732 1.01243982663 0.939477328385 0.801075429783 1.12762107169 
1.03299304592 0.97396917032 0.98138073114 0.964779007453 1.05303381924 1.14219715346 0.907326287788 0.801040943772 1.01640145508 0.617318948276 
0.968522369968 1.14227249818 1.04773444425 1.08531013503 0.849333541733 1.09627805399 0.868442223637 0.946589547814 0.877560931007 0.981092081902 
1.01639557678 1.05043595733 1.1421263862 1.09183975453 0.876696626144 1.01812470881 1.03522417521 1.05280145461 1.1420539718 0.996132429309 
0.928572776754 1.14229560051 0.912606213514 1.13766349193 1.08431105459 1.02320518225 1.08014528155 0.930175590758 1.06049372523 1.0771144773 
1.13807852855 0.679504183042 1.14213143477 1.14213143477 0.96973913791 1.13787269589 1.04214485783 0.717543122676 0.898671319548 0.649086683128 
0.855261209783 0.487052373228 1.14213143477 0.881493825858 0.903060585922 1.08363142402 0.99613749432 1.12991857368 1.09515034669 1.14213138601 
0.879408224734 1.15251972263 1.15251972264 1.14213097776 1.05638490831 1.1131945442 0.716185616884 1.12344850851 0.708590129578 0.946992872693 
1.14227627208 1.00200758667 0.989232734252 1.06170525551 0.988057536049 1.09408928548 1.14213143477 1.07302092421 0.646271294871 1.10275467415 
0.978516323745 0.791775890112 0.883367566096 1.14213143477 1.01380432232 1.13573317902 1.13938314706 1.05648384488 1.08919846349 0.870383223262 
0.604405527033 0.810162270835 1.12087047394 1.12265543285 1.14267841419 1.14267843809 1.03151520635 1.07580137836 1.1426782288 1.0315471879 
0.968879830894 1.14213143477 0.951171646166 1.13692752561 1.14190289705 0.857317083275 0.978131187934 1.11946779363 0.7757383524 0.919789129946 
0.954897572639 1.12472364233 1.0346474786 0.916534397544 1.07168957144 1.05338093913 1.12120815406 0.975390016719 1.01416977063 1.14232632958 
1.05662279309 0.626332619676 1.14213119498 0.972322904393 0.988553263188 1.15905121764 1.15905180415 0.910040095243 0.826399286904 1.01242268143 
0.990552806951 1.23317646753 0.975244939342 1.23319933259 0.996345743624 1.14213173768 0.645468799858 1.2332030366 1.23310838726 1.12317016522 
1.14133673317 1.14216035979 0.95886776551 1.1412628687 1.07838629876 1.02323070503 1.13506870654 1.05080302378 0.80571153993 1.14232914571 
0.942080372042 1.14233392587 1.12315291167 1.06570628602 1.14212417389 0.79653272812 0.93104906481 1.1214389849 0.845555142229 1.08458519953 
0.789739688755 0.998061963429 0.627814033582 0.776682937863 1.13426483546 0.910187791602 1.08568048531 1.14240877388 0.822085800621 1.14235675466 
1.10159795443 1.00301862265 1.1172309013 0.749968923679 0.879865666668 0.885070530434 0.742218001635 0.95590035742 1.14232674512 1.02554631996 
1.08596115419 1.14199715606 1.03515158906 1.12742686216 1.14212604435 1.02717219021 1.0056578941 0.979317253041 0.977156199266 0.876856925226 
1.14718770878 1.04578838444 1.04602775682 0.954413121606 1.1419687835 1.01977031059 1.14718771047 0.774890690417 0.824804039921 1.13225388613 
1.10179528123 0.458073953805 0.996140390726 1.00184207757 0.83730795286 1.14223078074 0.943004950582 0.935159108835 1.1422592224 1.04613049569 
0.609066057952 1.08214959394 1.00546293678 1.06507406283 1.00582857513 0.930104974791 0.911755287301 1.14212432576 1.09146199595 1.11822930077 
1.14234248689 1.03760943537 1.10367261834 0.604493639436 0.661987939371 0.755797176684 1.09143138697 1.14213143477 1.11344729233 1.10180056815 
0.989873267369 0.891697249496 1.12932169567 1.09202982186 1.04249194897 1.03778847504 0.745181413902 0.932608046816 1.09815778586 1.14213143477 
1.01720597063 1.14224773595 1.11887297377 1.06910593232 0.600818557951 1.01700459488 0.933692188196 0.871747389391 0.999930462133 1.11572691283 
1.020075395 1.01469159857 1.14213004506 0.958228247619 1.03632578913 0.548151556563 1.14213143446 1.06544236146 1.11276639624 1.07557607857 
0.949762071477 1.05065762675 0.982817180746 0.982441567975 1.14052938255 1.04869319439 0.919884982465 1.14213143477 1.00165682537 0.979640508615 
1.14213143477 0.945399435299 1.1423253997 1.14171958837 0.945590378778 1.06060795041 1.07016141128 1.04255371958 0.865943218783 1.0546305482 
1.14173968515 0.876163210918 0.797918300261 1.08256582399 0.865045567164 0.988697780602 1.04620781482 0.787057553771 0.915045048513 1.14213143477 
0.906210390324 1.13150519961 0.996505530864 1.14260735584 0.983438249994 0.604867510133 1.02677482599 1.12760088252 1.05981229424 1.14260749926 
1.14213143477 0.83767687314 1.16968744493 1.13001518069 1.14211283686 1.16953402258 1.11687430031 1.16968744493 0.950551190065 0.838082166786 
1.14261649207 0.902528586621 0.834443984213 1.14216256858 0.95215641053 0.646209409118 1.14261648698 0.794633356683 0.761632945262 0.977793014193 
1.11143328833 1.08493724199 1.14213143477 1.12430462844 0.62032175761 1.10254026501 1.0094897153 0.89883533111 0.674971781474 1.14213034086 
0.622455078114 0.877078192446 0.819682169018 1.14213197072 1.0187801297 0.970448662857 0.752875034487 0.820947354883 1.14225259091 1.03023851259 
1.08552856827 1.14191271505 0.888072873934 0.930000713261 1.14213460408 0.892251266465 0.92613033028 1.09311125397 0.830075438351 1.14223764104 
0.968650818766 0.975137699228 1.13261565215 1.13389432679 0.558289622914 0.919475725159 1.14219210698 1.14220535707 0.742127939193 0.820525093567 
0.892538699522 1.09486151294 0.972059470251 1.03833340452 0.956517869206 0.605789858015 1.14227827191 1.14248043451 1.10992353004 1.139803286 
1.14208229443 1.14213143477 0.969573805589 0.644730192527 0.9656565948 1.05443270729 1.12706429375 0.961395586275 1.08380494376 0.79717924349 
1.10389017546 1.14410274924 0.889251769824 1.03737098001 0.862560480963 0.971398008453 1.0183667513 1.14410274942 1.14213247248 0.846503813876 
0.924623047807 1.14233445551 0.992482250753 1.11454404607 0.878593607044 0.765031732658 1.14220260955 1.09922231521 0.983459274584 1.11166817873 
1.14214599925 0.721178314653 0.867149379146 0.969905582924 0.862851330242 1.02024243428 0.848789229409 1.13606548956 1.03602488763 1.03682829006 
1.04553248866 1.00806956446 1.0798034574 1.1421745592 0.657044217626 0.652040870159 0.874307728874 0.974850897748 1.14213460112 0.742603128167 
1.0719558836 0.878522571264 1.14280408588 1.10118321728 0.660628691726 1.14018850251 1.07020982408 0.610889172868 1.14280571155 1.14213146494 
1.14791656224 0.983311540572 0.979120595112 1.08909328093 0.911486794303 1.14213132634 1.14213143477 1.14791417823 1.14700856612 0.454859873381 
1.1410802136 0.935437112305 1.14250525698 1.1331227243 1.01834157149 0.918574820684 0.84507869765 1.14250513088 0.942019677153 1.1419389418 
0.897357163152 1.14161774908 0.992195900788 0.873789976404 0.976007831702 0.793471860522 1.14212121502 1.04674274468 1.07320573406 1.124498741 
1.14213143477 0.875854873989 1.04660658906 1.14174047242 0.915558698083 0.787071837374 0.797905457019 0.865053849801 0.988404934415 1.08261383197 
0.861567941118 1.01583997981 1.14152555931 1.06942258129 1.14213143477 1.0918180999 0.945305694311 1.00733107157 0.858353896756 1.13276595651 
1.06416210759 0.731184572805 0.865092219621 1.09753320913 0.668291044283 1.14234179368 1.08374036312 1.02811255867 0.777361713846 1.14222223371 
0.899771174424 1.01801540998 1.14225806051 0.648798764867 1.0401085211 1.12764308859 1.11931167726 1.14212670021 1.06694360815 0.708433208094 
0.749601895273 0.769223151673 0.773415896685 0.875031335895 1.14221022614 0.86204942529 1.13175567124 1.04001612207 1.12270718745 1.14224700327 
1.14214149692 0.616311876465 1.12776739479 1.03122624384 0.866951781647 1.11531405446 0.853781901089 0.938312666223 1.02192984732 1.14214191882 
0.703589657374 0.972503599655 1.02501163352 0.945097609115 1.14209155374 1.05837545249 1.02785231218 1.10161601114 1.14213219445 0.904915621022 
1.04523442806 0.726550595087 0.952300126 0.955710388724 1.1341741101 0.869435706193 1.0071136963 0.942088028046 1.13856204514 1.14213143477 
0.994235128446 1.04491077755 0.725029400824 1.03905627642 1.13986629764 1.14213143477 0.91735834028 1.13652733635 0.944361455927 1.04796178614 
1.0188786524 0.801557257642 1.0534629289 0.932419887009 0.949082275269 0.6987018276 1.12543502507 1.04604133631 1.14230813445 1.03312488095 
1.01786867283 0.664134937349 0.954477880087 0.977644894351 0.993337315766 0.860717713364 0.779592273361 1.1423095169 0.935247552176 1.14261020086 
0.912461789803 1.11118028326 1.1421998829 1.03659720337 0.724203748931 0.928908183743 1.1292581887 1.14176248201 1.14217992837 0.973212580019 
1.14213143477 0.977860934776 1.07939107273 0.654694524527 1.09711323801 1.1419120512 1.07564426878 0.89794832886 1.1009529156 0.900532509908 
1.11032570832 0.800389466139 0.987983869228 0.930043348987 0.841781595178 1.14213143477 1.14213114473 0.746115934775 1.09250572715 0.997919863529 
1.03025783966 0.906448325962 1.12359322 0.910437910556 0.990713408723 1.14242654905 0.936673001547 0.99189098318 1.11058567882 1.13595627073 
0.967505950769 1.01194932174 0.999707389421 1.03064525835 1.0099678305 1.1189922692 0.978489205092 1.14211701088 1.13648812229 1.14205132751 
1.14223718445 0.763803912207 0.868551989359 1.10426942344 0.980573678788 1.07888531808 0.91147802843 1.14201214987 1.07015284158 0.992074599122 
0.953156563977 1.08528567435 0.935480190262 1.01783737802 0.883866284095 0.637691040038 1.01243815907 0.879364883934 1.1422888844 1.06743881493 
1.10106015202 0.826259056114 1.14160482003 0.641841217482 0.972559053118 1.14225266602 1.14224955031 1.10488875295 0.763796055769 0.82237071012 
0.785586872607 1.14236097058 1.02524405101 1.14238775089 1.07332339836 0.903578281531 0.875001364772 1.05432925753 0.96551534148 0.653722302605 
1.04623521964 0.914912871677 0.797935815303 0.865080327993 0.876409395534 1.08254358447 1.14213143477 0.988878409595 1.14173932111 0.787044199115 
1.12940419259 1.14211695057 0.997819172989 1.02389674467 1.11621410152 1.14200675111 0.988256106549 1.07062936256 1.10328232002 1.03594718392 
1.14647963907 0.976720201359 1.06172054243 0.997320253889 0.885476670654 0.605920186414 1.14648061978 1.14213265828 0.857066094313 1.07940376195 
0.817397793797 0.637640742261 1.00958145008 0.782613697205 1.06649676702 1.09340855444 1.05060390841 1.142455072 0.946707259612 1.14248382725 
1.14213143357 0.950762948641 1.13349284776 0.553722986703 0.837886098464 1.07966049054 0.953330891512 0.943845320853 0.982281682081 1.14213143477 
1.14232183546 1.10681598223 0.996480459585 0.904443314864 0.862440968954 1.08724382838 0.941482585258 1.04871176148 1.12070413315 0.989168047438 
1.01705059653 1.05961558881 1.08059180943 1.01361791605 1.14332852593 0.796348513435 1.14332777906 1.02900939632 0.567656551306 1.14287353359 
0.767110525138 1.05886767395 1.11836125009 0.650618901732 1.11655559383 1.03154630622 1.00136558001 1.14213143477 0.899026886984 1.14212117533 
1.12033336577 1.05755503051 0.923428814318 1.10772703328 1.1423360911 0.824699955857 0.803161363889 0.906447737598 1.10560367248 0.69526145198 
0.927821697112 0.894494471756 0.929530180739 1.14192177678 1.14222344996 1.14213454439 1.07804600525 0.818374427465 0.887554601097 1.09295207281 
0.865123855575 1.14213143477 1.14173893774 0.988445600901 0.915854972163 0.876050497995 1.08242941848 1.04658770563 0.79789111442 0.787195700318 
0.963661765487 0.942253957736 1.14213143477 0.909578950044 1.04373822386 1.14194939298 1.09807962551 1.11606374433 0.935633312127 1.01491792271 
1.14235963912 0.967530014935 1.0488679939 0.782709601282 0.96803105167 0.981911882635 0.88784987894 0.712185202764 1.05760017266 1.14214004112 
0.911979925455 1.074342128 0.956125262871 1.11439806296 0.671210356361 0.929376275315 1.14226232162 1.00097312955 1.01331636476 0.791402091827 
0.926303223873 0.7437259124 1.12878802784 1.14214023026 0.625683272339 1.1422410601 1.01139754842 0.7612999719 0.93891870845 1.06476592013 
1.04884102393 1.14231489396 0.995757952476 0.791523411959 1.06152281853 0.964420043183 1.04313545861 1.14211733768 0.921405134847 0.992621839582 
1.00176694987 0.946237308593 0.958639211659 1.14191316774 1.10411064911 1.14212359321 1.04461218128 1.01009313958 1.07544145509 1.09088788018 
1.08161271073 1.04340441656 0.656431125895 0.875699039624 0.740361030398 1.14213494564 1.00615877369 0.654718038707 1.14216895608 0.974917614526 
0.958601900716 1.14231448164 0.915953093692 0.962244484251 0.967658466696 0.950488700695 0.996213613564 1.06473624015 0.993629002613 1.12658757554 
0.893998313527 0.824728391601 1.14213143477 1.08589814052 1.05832968676 1.14187037666 0.974185361456 0.979871447583 0.917029132125 0.871855006698 
0.947376523115 1.00969676855 1.08899976231 1.0489536267 0.759919519505 0.882911024029 0.802119109334 1.14215057654 0.861722898145 1.13769088659 
1.14241246939 1.10589236813 1.08982431082 1.13262696706 0.758174615512 0.841243672937 0.790688054545 1.06574145674 1.14241271214 1.14047845289 
0.98178738146 1.02933550635 0.978910809381 0.890913672636 1.14233069175 0.997620550442 0.972366342973 0.851328940634 0.904606183488 1.10157758904 
1.15011580906 0.854965834223 0.806420140369 0.967660089084 1.15011575412 1.14350240714 0.983896337558 1.14251195446 0.792876387261 1.14072060717 
1.14452229669 1.14452229669 0.939552846711 1.13952534877 1.14182881796 0.636876439411 1.14247675741 1.06306660511 1.01965420432 1.01732675894 
0.777952528029 0.805315717548 1.09684426675 1.14220646019 0.961768836467 0.828381908955 0.86904035553 0.626211134901 1.06455471438 0.86759225377 
1.14222001692 0.987498260277 0.638645883867 1.13932862296 0.932662780967 1.14222136584 0.811598066728 0.748981238044 0.831918762929 0.907044703749 
1.14203158029 1.01394378515 1.02439525579 0.971004679348 0.908007078272 1.14213143477 0.905188359688 1.13190857849 0.699686465453 0.888552727032 
1.14213141666 1.03336917288 0.476641133397 1.10715260816 1.01404407404 1.14213143477 1.13493800304 1.06924926116 0.902083440772 1.10124880688 
0.915175290356 1.14230403317 1.12224243283 1.05109404081 1.07578822941 0.969044109507 1.04107355843 1.12644107188 0.955416153495 1.01318051229 
1.0069682445 1.01423750749 0.890100445673 1.06547984692 1.14213143477 1.0405082599 1.13843445183 1.12926719654 1.13666239962 0.82007234162 
1.10088042104 0.66088054007 0.823216056714 1.14213143477 0.812176421534 0.858707797121 1.11074869002 1.1420182276 0.9898869476 0.904657572068 
1.08145619459 0.6483825431 0.99796159425 0.753179237761 0.977941878929 0.942673951054 1.14225583743 1.14213052022 0.627980401967 1.0129082886 
1.14213143477 1.13724173025 1.04934147841 0.859955866395 1.1411117733 1.13832841595 0.933903021356 0.872486684903 0.900004289525 0.56148180012 
1.14000593435 1.14218048162 1.14185905698 0.918319245824 0.940557645587 0.62076943241 1.08816965391 1.03975559316 1.14221773063 1.14198323791 
1.14231589353 1.14230767568 0.858162195764 0.951232226308 0.868057212949 1.12084532585 0.696580989868 1.13271310927 0.425845448152 1.04545425484 
1.10706154939 1.14213143477 0.983201508575 0.963062131597 1.02625710006 1.09196057139 1.08723684351 0.950412360404 1.05030326218 1.14169644889 
1.14188353643 0.983008096166 1.14213143477 0.921446594619 0.987401968003 1.0870345156 0.896860892321 1.05146075912 0.826002217576 0.880092375923 
0.980586027374 1.07209379492 0.938984250677 0.992724978791 0.997714581103 0.944416810556 1.14213143475 0.656976944253 1.14213143477 0.9536276898 
0.959062884649 1.03317708872 1.13790175693 0.939389492048 1.00824004774 1.04858477137 1.14213143477 1.14121634154 0.887797165805 1.05542522912 
1.10365431411 0.957455689032 1.12061243063 0.964977537307 0.805799769337 1.1346430923 1.01175280602 0.852821822292 1.14115393201 1.14213137014 
1.13109281674 1.00719125514 0.668768426172 0.84035191247 0.932740192123 1.07680654624 0.96530921304 0.973916359176 0.9965551137 1.14236364968 
0.900848178397 0.924384648412 1.05882033522 0.994835727607 1.13823382744 0.672740870778 1.14052715067 1.14213143477 0.81188507241 0.926797593366 
1.13742936153 1.14203951464 0.834794590641 1.14220930105 0.924267494437 1.06983676922 0.975694880905 0.763542453276 1.01352343096 1.13926363616 
1.14220554317 0.907204153688 1.12629463219 1.14223613385 0.800186008247 0.958335690233 0.775133667522 1.08562052501 1.03036178537 1.04026123957 
0.697630905268 0.952602601564 1.06283142897 1.14213143477 0.77851479561 1.14225667857 1.04900730217 0.973880958946 0.851513527961 0.995543952551 
0.871547819043 0.718711595448 0.93895560876 1.14213139215 0.786473618039 1.14551193891 1.0949571364 0.953086112868 1.14551155836 1.12646138169 
1.00262967763 1.04263905011 1.01512641369 1.09292262434 0.905069049831 0.997445298044 0.829458022431 1.14185564089 0.692775157373 1.14213143477 
0.915338612561 1.04772554218 0.877351731374 0.753685533019 1.14225999091 1.14229010142 0.959168717948 1.00170766892 1.03823779999 1.11967300251 
0.967676966755 0.770775064435 1.10577097366 1.00634372308 0.919885598295 1.10937073658 1.14222794629 1.10534258765 1.14210407824 1.11624143544 
1.1128299376 1.05802787704 0.940723435049 0.813058243642 1.02998592648 0.942646052697 1.14167356154 0.948092258494 0.809406625268 1.1421315054 
1.14213143477 0.743192724016 0.66754439115 1.01221323428 1.08405954009 1.0907940607 0.846402190685 0.954698616718 1.11971005845 1.14213143476 
1.09012281951 1.14213201467 1.06680599984 0.645512218829 1.13779590614 0.950927405034 1.14755975995 0.863762913237 0.979418148023 1.14755975996 
1.1422553655 0.952678715238 0.66273782681 1.01426391533 0.960877487449 1.07676091317 0.756167219708 0.945140267063 1.02106453351 1.14212885488 
1.06299603632 1.0934526674 0.964665391957 1.14206876509 0.981508087244 1.01338991911 1.14212000988 1.03249675853 1.08444498608 0.953597966498 
0.875546404425 1.00346784219 0.929586865266 1.0381170517 0.762727593758 0.968639349591 1.09016502419 0.986449348199 1.142411605 1.08904555586 
0.663031207931 0.84379892905 1.04798867321 0.998584439037 1.14213188778 1.02448687303 1.14222743716 0.921704008295 0.626030474436 0.875710821363 
1.05620834179 1.10845520606 1.14375028681 0.812513284866 1.14213260591 0.809268503203 0.889708363864 1.1437505344 1.09621878944 0.620378896988 
1.08280337887 1.14213143477 0.797887001583 0.914806312553 0.876400451139 0.786795640252 1.04623656948 0.988864413875 1.14173919369 0.86504969432 
1.14229561184 1.0196391301 1.14210373511 1.02413904575 0.982173324288 0.662942108578 0.801446882841 0.750598536271 1.14221668124 0.982214720533 
1.02269651583 1.14233788584 1.03084053631 0.995665305447 0.937824340082 0.702557339416 0.992480316466 1.03120061588 1.0871538655 0.900919242957 
0.875738937024 1.05881803788 1.1065638381 1.08930034403 1.13943415229 0.590955788902 1.0432519712 1.02248238797 1.14213071298 1.14213107406 
1.08828165913 1.14217501898 1.14217719704 1.0008273319 0.771589240199 1.02323273171 0.693724330498 1.00525842326 1.04283013087 1.00326427794 
1.0877604558 1.00483475554 1.14184948846 0.93966153722 1.06525493037 1.09066176167 1.0856579931 0.979203464989 1.14213143477 1.06316449286 
0.938964336297 1.14208948846 0.971851431461 1.0566513089 1.02185850351 1.02803822021 0.896474412999 0.704342463131 1.14213220024 1.10156042889 
1.03594227525 0.952603842669 1.14225956484 1.14213143477 0.855244475849 1.06242273041 0.780239988916 0.693566940147 0.971956924159 1.00254512067 
1.10234049044 0.908683148176 0.761078153512 0.938611729474 0.989065479624 1.11586074605 0.896661032214 0.869628454871 1.1424339525 0.863875055272 
1.09250321557 1.01117996722 0.533174845328 1.14232415257 1.14178431861 1.1423028304 0.924102596994 1.14237520062 1.05969729531 0.949637135323 
1.06514365163 1.08960177082 1.07341773835 1.14136365344 1.10121988772 0.838254182633 0.97468117918 1.08234778333 1.14213760829 0.98156957311 
1.10573818238 1.1422248972 0.868058538176 0.917766064727 1.14231510649 0.948922014399 0.955990871142 1.00762339378 0.840901899267 1.1077676645 
1.03320509718 0.982864737997 0.998000350601 1.09262354587 0.757374109868 0.695661636329 1.14213143477 0.922016415323 0.889771449891 1.14205842152 
0.867493408161 1.14213037061 0.883769988828 0.738729539773 1.00007963916 0.981715717237 0.968174704021 1.14185531288 1.05104500324 1.07972004823 
1.13216146568 0.957902763491 0.842035916926 1.09660051651 0.992960266769 0.973417857539 1.01003209709 1.14211587062 0.932439864197 1.06558785222 
0.827699136368 0.986461454256 0.952919973274 1.10543339143 1.13847452662 0.423324257812 1.14222979142 0.91759861727 1.14222835071 0.888370850174 
0.924561050087 1.09896208324 1.14233416363 0.983435143698 1.11158419223 1.114650296 0.764845072871 1.14220270212 0.992423441529 0.878473584768 
1.05603245132 1.14523585831 1.14213143477 1.03095367238 1.02079921199 0.902976102854 1.13829444175 1.14213141426 1.14523586385 0.47731502768 
1.09223923613 0.679378455141 1.10782202694 0.978852230144 0.933105176801 1.14213143476 1.10982948445 0.82372953917 1.14213143477 0.742218561651 
1.14213143477 1.04780595346 1.12179727191 1.14213142479 0.503377368517 1.12604061908 1.07066172168 1.09783378262 0.803691035466 1.1215664568 
0.620511597971 1.14233183732 0.86266852214 1.14213208516 1.0370552557 0.82986076427 1.00549596424 0.826323676046 0.756476791069 0.970275170626 
0.823226140323 1.14201816396 0.812164634409 0.989985558497 0.660803241024 1.11072164572 1.14213143477 1.10083924681 0.904652445389 0.858674835803 
0.955549145304 1.09567642123 1.1421314343 1.1394042026 1.03351994444 1.05915591449 0.825509167559 1.09765144704 0.750759181103 0.911633337297 
1.13800499269 1.05166537781 1.13836006419 1.02736275995 0.843353106693 1.034587985 1.1422372842 0.821326188772 1.14213136775 1.14041910902 
1.14213084638 0.954004632947 0.666443296117 1.06776889003 1.04643770378 0.942513685907 0.899303780078 1.12695461262 1.14338941962 1.14338855998 
0.645713178762 1.13576861947 1.07865784056 1.03226504346 0.956804628954 1.08014028161 1.02975946299 1.14213143477 0.625701366136 0.977668182815 
0.914763141638 1.13675545401 1.14144203431 0.718470995763 1.0898755487 1.14197138234 0.983157445628 0.884545426664 1.10428408277 1.14211458428 
0.987683877982 1.13351544941 0.823282910897 0.932597520046 0.678001521073 1.14213143538 1.14157177085 0.800663940606 0.977614535918 1.13533993851 
0.646546430587 0.951939121995 0.904036116469 0.762305638395 0.834739373641 1.14215936471 1.14257826046 0.977337908895 0.795753175477 1.14266162502 
1.03425994094 0.933907405453 0.667649156043 0.858286807257 0.883897157119 1.1174841048 0.989600164674 0.892092803701 1.14242128886 1.1052646216 
1.14675593027 0.95423260403 0.58842610128 1.14682107473 0.954321321412 1.14154088204 1.04914403914 1.14682107321 1.14213143476 0.847815381457 
0.47743068386 1.11466667242 1.06281549316 1.14213141546 1.11102851293 1.14213143477 1.03233316026 1.14128626535 1.01338963863 0.902563922752 
0.852399733155 1.14119022164 0.87032240913 0.961782819979 0.966478115256 1.04805810036 0.90893735039 1.050081921 0.961488831332 1.14211616286 
1.00564147112 0.850905655933 1.14139868092 0.819167366516 0.788756936122 1.14217835707 1.10286889407 0.751960595229 1.0871695783 1.14219723408 
0.981666494626 1.14223644745 1.0994925014 0.620863561547 0.671584047548 1.0106845038 1.10760912702 1.05747590595 1.1049992939 0.823689166097 
1.02384861608 0.9777781046 1.01766699783 1.08264919785 1.14218503412 1.11179390752 0.620009633565 1.13628296957 0.831937108458 0.727441865066 
0.760875069509 0.98613036944 1.14221712406 1.1422173742 1.1075080389 0.9910108026 0.764631561541 0.840122242637 1.00720025823 1.00875579672 
1.13930573206 1.08061410339 0.927389498561 0.819665699857 0.974316350951 1.1421231507 1.03457718921 1.06324773775 1.06228436956 1.14085427154 
1.00716027963 0.75033038978 1.11682699124 1.14167422073 1.11774775399 1.00513316355 0.891962073705 0.655139137535 1.0558504471 1.14226290485 
1.0010304591 0.978466228395 1.11290496146 1.00763423875 0.603585209432 1.13964173757 1.00670138416 1.14236874081 1.01338168221 1.13840367764 
1.14213141774 0.757527387737 0.907842381723 1.00584447164 0.636055665288 1.13807937868 0.566553566778 1.05916174403 0.778073735692 1.14091565067 
0.877464678295 1.06144412434 0.832299923673 1.14026161331 1.02890212773 0.939354977593 1.10332647492 0.872541897937 1.14213143477 1.14197014654 
0.416973924551 0.94217119991 1.09505003186 1.14261819831 1.14254931418 0.952693740153 1.14261823006 1.14208312363 0.973815703135 1.14227494086 
1.0001595243 0.750860466779 1.01118565491 1.14211250541 1.00171452001 0.826566518631 0.831619712211 1.14223177292 0.816608468519 1.03514573647 
0.744019159239 0.607023737173 0.866819602364 1.14230275559 1.12659421545 1.14232989901 1.01768540715 0.898871984743 0.581883652813 1.04893738729 
1.11357502866 0.963229507894 0.913703970873 0.969320384463 1.01168291863 1.1421313928 0.936052730846 1.09223776533 1.1208455152 0.990254323827 
1.11573440247 0.981553552972 0.666622876741 1.01669573777 1.14223578857 1.05272337518 1.11727005821 0.619660999912 0.819328820614 1.10656117601 
1.06846043649 0.960160872338 1.1241835158 1.1421314348 0.797659718974 0.983543436972 0.887915491964 1.13503081594 1.00491158192 1.08393862272 
0.738204911483 1.12830233692 0.908904075127 0.779920176386 0.664075645315 0.982245955208 1.14294123897 1.14294221911 1.01963048668 1.14213143477 
0.671926133243 0.911651160163 1.00419478606 1.07323831357 1.11453170725 0.929249646937 1.01303437594 0.791168172354 1.14226300794 0.955992699389 
0.760239828975 0.976287049588 1.12200788242 1.11000907819 0.977191776052 0.953014873682 0.881519779652 0.815177933559 1.02776656092 1.14215423262 
1.06382085965 0.795619784923 1.06510352621 1.14212822777 1.14213110092 0.57486789388 1.11509587647 0.99335154082 0.970544712444 1.07010610232 
0.817756822949 1.14227574182 0.666813427863 1.14214932249 0.936215260685 0.483872381708 1.0850672309 0.99560750478 1.01820208495 1.00586656051 
1.03243309931 1.1294833498 1.048373819 0.876106767168 1.14213143477 1.14212628719 0.650822109574 1.04679338929 1.12524919501 0.784076779166 
1.14213143477 1.02514463679 0.835438092389 1.14114121286 1.01565139978 0.99859496954 1.11283054625 0.781390861909 0.662681464519 0.864872394788 
1.14051257969 1.12464945942 0.895377427873 1.08358176061 1.14213124987 0.666957353566 1.02828600409 1.14230874216 1.00820739245 1.13702126644 
0.62085937277 0.669407640249 1.01049753267 0.981615031358 1.05291887869 1.10805573811 1.09711299801 0.823082765958 1.10545989674 1.14223887294 
1.04542062148 1.09682033598 0.94792511965 0.868246457193 1.14227524676 0.968548894988 0.878226847718 0.844081189775 1.09033754739 0.981212960276 
0.863731603632 0.887460235663 0.97823381416 1.04235131036 1.09899844784 1.14231373832 0.599784179058 1.02751752362 1.11872040854 1.0183735051 
1.14213143476 1.14213143477 1.11387353471 0.969346739159 0.74219373744 0.843928139445 1.09259570558 0.679190726424 0.978051687094 1.0719831347 
0.871855062487 0.824710058001 1.14213143477 1.05830059233 0.894010489178 0.979876582434 0.917015128132 1.08589719712 0.974193493357 1.14187036648 
0.787273486367 0.847100793929 0.752759664012 1.14223360633 0.831249239489 1.14223340887 0.645647184599 0.956978479288 1.14164761604 0.98708233318 
0.989154874629 0.977123868308 1.11629921944 0.889827789859 0.97662288447 1.14216571063 0.766694850792 0.919810263239 1.03700201019 0.989023079204 
0.967820151134 1.11603212816 1.14236147134 1.06589886713 1.00773320455 0.977602715223 1.12335549803 1.14129954748 0.749103915822 1.14223083085 
1.02976162076 0.942973064733 0.687413563458 1.11332595255 1.05643708064 0.864330738678 0.973568496114 1.1422030663 0.782135192543 0.763247997154 
0.98840825707 1.08622573666 1.14227284463 1.13237266775 0.859960542577 0.953518332104 1.01141605355 1.14222633049 0.859541926416 0.595636497218 
0.503582456091 1.07062863291 1.14213142504 1.12626555163 1.12185986163 1.04822265477 1.09771691739 0.80385633595 1.14213143477 1.12124507116 
0.951634853866 1.04073664207 1.14229097029 1.13131037988 1.02509013551 0.961920415454 1.00435391239 1.02839133694 0.886568979007 1.05300455971 
0.983792418792 1.13892370558 1.09411370664 1.09337174108 0.795865278214 0.966669218727 1.12235058958 0.870096813365 1.14241923622 0.918141555521 
0.990056478707 0.864133876346 0.798088898061 1.14174431377 1.14213143477 1.04388225199 0.874660599216 0.787343217116 0.906059598055 1.08472353119 
1.14213143477 1.14205748232 1.09246360486 1.03232466782 0.922375575221 0.890227923195 0.756722943153 0.981006480384 0.998002695943 0.695922231598 
1.12465129018 1.14088087205 1.04322828701 1.12144665755 1.13172605809 1.03374037781 1.14213143477 0.900961761614 0.868335453985 0.911188879531 
1.10768918152 1.14213143477 1.07693506354 1.14213122245 1.0388471487 0.830130413573 0.945903874905 0.594134440164 1.02893665612 0.909288177221 
1.04274158584 1.12927341907 1.09152177322 1.03762977009 0.990069668774 0.892089094364 1.14213143477 0.932392452533 0.745351031627 1.09770033419 
0.983295735419 1.14154247001 0.981640104686 0.673100080464 0.966063968807 1.1421291036 1.14217911968 1.02085989803 1.14245089105 0.900561401354 
0.991278884998 1.14232694287 1.08858566132 1.0451260201 0.832261801337 0.983950611649 1.04265878915 1.04867899814 0.992820100382 0.982912408911 
0.814070031341 1.14227206278 0.934370257986 0.890868758162 1.07827849624 0.814233290061 0.969017358628 1.14213544882 1.05392582753 0.629408840921 
1.04472455552 0.900371792043 0.898712377341 0.8548426706 0.998428626142 1.12261907212 1.13132073919 1.14224505702 1.12577920042 1.11859879048 
0.959579261045 1.04981088909 1.05258777688 1.14118361633 1.14211608827 0.968445013408 0.870505006844 0.961799111457 0.908365900485 0.852170840582 
0.886946488697 1.02995006574 0.886500435423 0.873141158458 0.869181157737 1.14227308872 1.12998497386 1.10995212521 0.779401551323 1.14129304055 
0.639855642112 1.14840109519 1.14213144477 0.998003955939 1.14338455554 1.08578717245 1.13470632962 0.790316667846 0.856074515559 1.14839988114 
1.14213143477 1.00929563346 0.80605150287 0.85733014219 1.07088341488 1.14211558958 0.65605207511 1.12732066549 0.978977323023 1.01687236684 
1.14270049966 1.03648471344 1.07481106935 0.600142187003 1.14213146978 1.1314101404 1.14270137462 0.934784864704 0.968877786347 0.858763817511 
1.04100694774 0.932129072707 0.745040413606 1.14213143477 1.03675599815 0.989758549468 0.891856002513 1.09209301305 1.12943475224 1.09785572465 
0.966740860475 1.0341944214 1.14213143477 1.07305493472 0.958841775711 1.14213143474 1.12121961643 0.648189472753 0.857590223759 1.01587625885 
1.14219513548 0.994614429415 0.995296102913 1.02232430877 0.996043714507 0.994969256388 0.444674292082 1.01234632123 1.14217636935 0.600585445951 
1.14230093134 1.03699056808 1.03699386043 0.982345175166 0.600795353142 1.14230002519 0.767238564319 1.00274620652 0.644884667399 1.02620742503 
1.1350734216 1.14008582239 1.14099904363 0.918933758976 0.880430195691 1.07843675122 1.01410065309 1.14213143477 1.09855269558 0.965576959273 
0.714259555128 1.09282292674 0.970647302672 0.764338990656 0.958047493497 1.14213240656 1.14211216607 1.08933826057 1.04794397397 1.0340920594 
1.1423165525 1.14235214763 1.12283433914 0.95291857098 0.972121146974 1.02155126737 1.14236934219 0.422579806802 0.712190668277 1.14206751089 
1.12754950804 0.857221941934 1.14233191911 0.916656988464 1.07808171702 1.14214193781 1.14232999875 1.0453785812 1.00393008402 0.900575080166 
0.866172974601 0.911841504687 0.965546971056 1.04686249385 0.745590052134 1.13811404004 1.14213143532 1.12615044175 1.08495779226 1.0785481191 
1.14213143477 1.09252695402 1.09268096836 1.04477549712 1.14184777931 1.0834636273 1.05354658523 0.976220836083 0.937744147451 1.05258861245 
1.15199488681 1.14213143461 1.1519796342 1.15199350049 0.573523742778 0.968067548495 1.10124025133 0.865477160865 1.14213143477 0.858504417835 
1.14212766743 0.983490124145 0.997702648763 0.892302124482 0.864298587808 0.977430522997 0.859364364968 1.14087322632 1.06008315223 1.02932599135 
0.864598578326 1.14212782391 0.893066180214 0.991184122149 1.06006876132 0.993971488179 1.14082820576 0.97697270322 1.03002247787 0.858789629276 
0.938571830853 0.908837709122 0.989033761627 0.760738482753 1.11515193992 0.896543814455 1.14243385065 0.869409343111 0.863736795371 1.10229672271 
1.10529628602 0.886776976859 0.93137327878 0.908150358322 1.09501459591 0.692695372165 1.14241536149 1.07060291658 0.891286551729 0.987535545077 
1.14212754335 0.976266081572 0.864374163111 1.14091394847 1.00973924091 1.05859415066 0.967918172815 1.02884993894 0.86175313825 0.886569001963 
1.05308600065 1.12068693458 1.0825282202 0.99031555973 0.823297512523 1.07128485449 0.966930582127 0.574456640787 1.14212504367 1.14213142875 
1.1424673647 0.944172488309 1.10658161536 0.996253222359 1.13186460768 1.05733683093 1.14246739387 1.0291098869 1.08175344419 0.610876278717 
0.82324736044 1.14213143477 1.14201721083 0.811889898928 1.10072876198 0.905087417053 0.858720243304 1.11069269962 0.660900863824 0.989965460773 
0.96992313968 1.08510162105 1.14198152374 1.02132178765 1.043743797 0.972275696132 0.876700292572 0.957968352626 1.14212615224 1.13062098864 
1.14213138385 0.935798319904 0.981792191051 1.14214711453 0.950618756819 0.958966286994 1.03647198742 1.02595612189 0.763321217895 0.750311434161 
0.988042103205 0.759641989409 1.12817212785 0.97834914667 0.783462715393 1.14207160473 1.14213167407 0.803358984602 0.894744413727 1.06223780093 
1.14233490812 1.06262190832 1.09491346666 1.14213085848 0.924323011899 1.09455251268 1.08817017684 1.0779051622 0.629189304982 1.07251570835 
1.14267706198 1.13909790464 1.12432242074 1.12241936773 1.03158531865 0.604562109 0.812697244173 1.14267652691 1.07572662547 1.03132847874 
1.05920240814 1.10640560007 0.900397827569 1.14237299449 0.940910886013 0.968488232632 1.11513604965 0.990698029564 1.11160253096 0.822608493053 
1.0137579341 1.14213053664 0.972559450975 0.627179070696 0.648992125516 1.14225641088 0.997096568638 0.753024319111 1.0817677493 0.975484421941 
1.13656824987 1.11156522139 0.550989736523 0.939218513659 0.995408210872 0.722006280821 0.794054460675 1.12710673967 0.985878398784 1.14213143477 
0.739605729928 1.05493387308 0.927599635096 1.01514322899 1.14213143477 0.958082815447 0.899600419892 0.767528397671 0.993047305584 1.13855106344 
0.934702000213 0.981025924371 0.988044770145 1.00448242376 1.14226606158 1.04697985372 0.872131688848 1.12213554809 0.827087603581 1.0282843845 
0.867071009033 0.96386830182 0.976864013656 1.14213632552 0.90761781421 0.86398323572 1.1423559774 1.02216293125 0.832423944986 0.857474240246 
0.917120976499 0.961453556357 1.14213369671 1.14213142768 0.974680201512 0.969635632042 0.939480861513 0.744921404968 1.01898159133 0.749999164194 
1.06249424227 1.12926282531 0.820414055311 1.02123297062 1.03673709483 1.14213143477 1.13853159982 1.00688868951 1.13150634409 0.889081842309 
1.14230658725 1.00707481465 1.13492474186 0.927548934003 1.09588759474 1.13263222293 0.99988537857 0.805935550943 1.14220068541 0.932504678272 
0.898427648084 1.14213143005 1.14219612299 0.99310470803 0.940681502132 0.931034737685 0.746323614346 1.0186571733 0.866287542344 1.1412415417 
1.08447059269 0.952258824975 1.09860615717 1.14213121227 0.821074951513 0.791815964593 0.984948565656 1.14791881671 0.898753428642 1.14791931473 
0.703988071106 1.02661132299 1.12256463621 1.14137293893 0.92877374527 1.14224355582 1.14213146988 0.758028311318 0.978725576866 0.872064970518 
0.805062056086 0.913695557997 1.1417265691 1.14223987631 1.14213143472 0.703013915539 1.09789790388 0.892076745637 1.10616888737 0.46199435878 
1.06777318911 1.09154774016 0.870952675835 0.985120642434 1.04545844491 1.01007811411 0.76721257326 0.716501039294 1.1423483274 0.899347824256 
1.14213143477 1.05273056565 1.13168208147 0.879941630617 1.07859266089 0.854845225009 1.14213139103 0.986984668603 0.90300416531 0.487536963012 
0.986309647366 1.14212484963 1.12567252898 0.785246604259 0.932282135218 1.14224702113 1.12388125777 0.912292274589 0.978611307436 0.978997450469 
1.07389036056 0.945481246534 0.985205206924 0.812343613117 1.03787023428 0.934879033442 0.982329452508 1.09882558489 1.14221596781 1.06119561637 
1.08253315209 0.988580865201 0.865105089738 0.915573145527 1.14173916293 1.14213143477 1.04633639792 0.876248411391 0.79788863083 0.787053758823 
1.08573666374 0.770377812843 0.938238291645 1.03878028688 0.884683880715 1.14211971604 1.09392734032 1.04485778721 0.999169245294 0.755962009133 
1.0140260589 0.975808310016 0.753769354014 1.14213037724 1.14225580145 0.953814235414 0.629746315017 1.08088990068 0.996290492178 0.647834598278 
0.978801554223 1.08320253211 1.14225301169 1.0114461405 0.675607582294 1.14213039882 0.953941562497 1.07953057538 0.750815808573 1.0111317967 
0.891699977613 1.06558128674 1.14212358291 0.873734887102 0.957713691074 0.854464399475 1.12876073703 0.96954964683 1.1109858923 1.11927318099 
0.981965357029 1.14379369319 0.956954474871 1.1437910851 1.14131496127 1.06968064785 0.988195960743 0.71947741242 0.883121064369 1.13168435676 
0.669334162227 0.926876131195 0.997213080258 0.933760438824 1.11892239547 1.0611393977 1.04532419291 0.903726978739 0.983818496547 1.14223404083 
1.14213143477 1.1393128636 1.00581861039 1.13911100093 0.791381878485 0.899994860286 0.988507396144 1.05367594009 0.869493428551 1.10384218019 
1.11151122051 1.0002473594 1.01020923129 0.654220177371 1.0060828729 1.0695017796 0.838313962906 1.1421228902 0.810513174442 1.14213143477 
0.964824877633 0.832707305128 1.1106435969 1.0862576976 0.976061052393 0.645828415123 0.974285926946 1.01189263281 1.14240837501 0.949918348355 
1.02228230199 0.769615996053 1.06831067391 1.02097174343 0.921486005568 0.820080377956 0.86876535547 1.14213124398 1.14213378243 1.02166833522 
0.940527017303 0.88076455073 0.976701072473 0.748916998453 1.06737177173 0.999472709026 1.05288320594 1.14197519938 1.01924570408 1.14212996039 
0.823173534663 0.858740161706 1.14201839965 0.904672338008 1.10108725071 0.812177726481 1.11075534783 0.661106389378 0.989620636829 1.14213143477 
0.788687329224 0.879704214145 0.727951036572 0.974885952321 0.811142345341 1.14217873481 0.97912489095 0.991533776313 1.09340965779 1.01041547567 
1.14211447613 1.12878076906 0.742034568305 1.13420821514 0.960346090034 1.07380696735 1.12828374191 0.919903631172 1.13706154184 1.12478614499 
0.688193261877 0.941592450496 1.14213143477 0.878343858365 0.971510797393 1.15354242671 0.818964396704 1.20008072603 0.881147376429 1.20008074187 
0.980307889124 1.1483507192 0.868801188695 1.06788108547 0.947447563303 1.14213191892 1.14834643956 1.14806014961 0.647007610594 1.09752029388 
0.648210395689 1.03415018737 1.12121753121 1.01585808983 1.07303969079 0.966659200016 1.14213143474 1.14213143477 0.857581409413 0.958784817645 
0.750176052412 0.762128815419 1.1391434353 0.832549705373 0.963139923149 1.14213143477 0.999747417606 1.01370951675 0.995508313375 1.10434481606 
1.14220907432 1.04491904412 1.08333490544 1.12164361594 0.971069308379 0.978479133056 1.0436407743 1.13800681993 0.982730258452 0.931682386093 
1.14213443518 0.873564452369 1.1421782817 1.04624768324 1.00925070467 0.974852781999 0.744080545714 0.651028884127 0.657532731119 1.07906979397 
0.973015032237 0.788539996558 1.14254847598 0.953326873288 1.14255070911 1.14029732672 1.0994402717 1.14213181936 1.12676815506 0.819090231481 
0.985963200918 0.94440640013 1.08088459091 1.14213143477 1.14213143477 0.925187179738 0.813848628899 0.740990551468 0.872454332015 0.755439733496 
1.14222420477 1.10017835285 0.926567131684 1.14181478806 0.976780503107 0.671983708163 0.942752042859 1.09300987215 1.0314910316 1.14218731138 
1.14213134245 1.10799668826 0.976432785942 1.11641303977 0.913885099125 1.14213143477 0.946335438113 0.583198281008 0.999175485197 1.117123685 
0.766767822582 0.919672456365 1.14311671484 0.901095334556 1.14214282738 0.977421493113 0.782161764765 0.834157415521 0.643007339699 1.14311664868 
1.14213650857 0.980609444099 1.14213143477 0.806637313931 0.969269363697 0.814327857023 0.946510916822 0.855376224539 0.514875364759 0.897131145683 
0.643433160447 1.14233352457 0.800484572769 0.78559974291 1.13461462668 1.14164353093 0.969637996748 1.11564990478 0.950188101793 0.709467021688 
0.639267695119 0.983952835293 0.887464100724 0.978299039015 0.790460982862 1.01321884272 1.142131629 1.10883113251 1.01446601441 1.14213037403 
1.14224820705 0.981688877991 0.986558300672 0.815701667864 1.14224646437 1.06445725699 0.756171039396 0.643939484267 0.966423077408 0.821910705511 
1.14213145309 1.13867936444 1.12852458889 0.688688050757 0.970958112606 0.852599591161 1.14213143467 0.909196798982 0.987279012028 1.10055925004 
0.980890522045 1.14201170025 1.02522904288 1.14213146691 0.782792250588 1.06148064462 1.01320825009 0.85113923948 0.903185928964 1.00202986462 
1.12778671771 0.964355569979 0.889142351895 0.969237693292 1.08228591986 0.810210515921 1.14006987373 1.10216084035 1.14236005948 0.984527887174 
1.05122050552 1.14115921134 1.0836953932 1.11090321718 0.993047987421 0.853465205816 0.987632502393 1.08535923342 1.1421151868 0.828659363393 
1.13094228799 1.13150512876 1.14223402505 0.941687315066 1.08480037609 0.89759112409 0.914737554726 0.993493114278 0.910521861471 1.13271317477 
1.07236309941 0.952066244436 0.751026243417 1.14213040797 1.14225451271 0.988581735624 0.987914253457 0.676800734184 1.00949361683 0.879411957882 
0.654299101058 1.07077903279 1.1316818238 0.894127701941 1.02246224398 1.13580592203 1.13830886651 0.831724897447 1.14211832154 1.14227497713 
1.11272277942 0.915454482851 1.04425853428 0.753683536386 1.14229527135 0.886047557462 1.00667874899 0.995737673125 1.14228983888 0.959104101643 
1.12121671121 1.14215540415 0.977663909915 0.818132831168 0.881059087552 1.11745761088 0.762927781782 0.957308638522 0.971875221871 1.02843441167 
0.82012697781 1.10996404412 1.02987766692 0.97670032095 0.797014393659 0.923952553616 0.722063719262 1.004237546 1.14224500943 1.01060667896 
0.818744247859 1.01749266796 0.619665903456 0.666861099866 1.0519394949 1.14223381985 0.98134309471 1.11543212575 1.11932399873 1.10610083791 
1.13903326846 0.949946764625 1.06655369214 0.92961882101 0.729827737533 1.01443687719 1.14167859214 1.13798469806 0.867825393563 1.14213143477 
0.915308505596 1.11579123815 0.906381828183 1.01377773002 0.883124558943 0.963948118485 0.921091472745 1.13956408307 1.14213143477 0.916607508265 
1.10522524318 0.891156746918 0.886663290086 0.98754350825 1.14241538995 1.09510559278 1.07075061305 0.908496107202 0.692499795131 0.931359145168 
1.05446351042 0.955181286797 1.08529327728 1.14219573009 1.00729008705 0.944196392912 1.04842052732 0.921944473197 0.981801987433 0.701293813099 
1.14139503073 1.13055519921 0.988652954832 1.14212574561 1.14329958952 0.971314701408 1.14229880507 0.953940504923 1.14155525279 1.14329738334 
1.14232653267 1.13786911838 1.13628796927 1.03571437726 1.11634896215 1.13810014855 0.9508023544 0.622918615883 0.971405451366 1.14129399808 
1.05007503863 1.11020422139 0.661169421832 0.757780670629 0.590966871107 0.954961826582 1.13893905212 1.14204285808 0.972514298897 1.14213792029 
0.927863441831 1.06740378177 1.09546336088 0.954975928702 1.09212073514 0.765389170977 0.974526624037 1.14209674072 1.14213246598 0.751883426959 
1.13231671344 1.01555998371 0.932940106483 1.14153760501 0.944456305336 1.00875993102 1.14222169984 0.90355526274 0.892746984884 0.778595540743 
0.973352836358 1.14213003632 1.07644383724 0.66623097825 0.975876970533 0.753769915963 0.912236963884 1.14219213854 1.01181152731 0.9426810666 
0.798688677503 0.941942683441 1.08402591769 1.14212456961 0.93446937084 1.12260408553 0.844251846275 1.1423343367 1.06504234676 1.11034504569 
1.03666184127 0.973159669918 1.14214807197 0.999917204128 1.07064204839 0.917483218934 1.12098873594 0.939213479149 0.905025410834 0.997378041781 
1.14235063193 1.14182169883 1.03452215202 1.01381593913 1.14223566301 1.0918172981 0.948467661779 0.540223485438 0.918888839297 1.1423445394 
1.14213123879 1.0473233624 1.13379399688 0.950878942473 0.976921783048 1.13424257237 0.842985859933 0.794360897522 0.715824694177 1.14228944999 
1.14221239221 0.874462518458 0.976499753389 1.14229053515 1.00460068872 0.791902636511 1.07256593105 0.768769748204 0.972290712328 1.04605997511 
1.14217882686 0.830919805971 1.1424448883 0.906444616497 0.980745677191 0.796556014865 0.757772905504 0.642742787223 0.953330585919 1.1424448883 
1.14213141913 0.868899666001 1.14213143477 0.480556207674 0.775248070796 1.12528308385 0.98152174386 1.07026189143 0.90386091908 1.08906087689 
0.952288159944 1.05485519002 1.05591935062 1.14213141024 0.904922871363 1.01173905376 1.10290630644 1.13909159396 0.971685327667 1.07033601641 
0.960024326761 0.806880810235 1.14215355268 1.02244909948 1.07521197104 1.1235243187 1.1423726385 1.1422775153 1.04973215852 1.13514833202 
1.10457689911 0.966852726698 0.712423933338 0.892822460314 0.686032322814 1.06265887417 1.01873396959 1.14213143473 1.14224398405 0.957246878837 
1.10520474201 0.69130610958 1.14241783919 0.886470701231 0.891221885074 0.932155526249 1.09412366132 0.919172785326 1.07260782071 0.986940703179 
1.03424750735 0.893726265439 0.745283267914 1.14213143477 0.930749352851 1.09830972873 1.04270531891 1.08966827316 1.129347596 0.990126287362 
1.13157750298 1.14213143477 1.13567802394 1.00534059433 1.03520243975 1.13761281789 0.859449499771 1.14008854116 0.740740339335 0.889336601599 
1.14249658472 1.01848424612 1.09422211301 0.771008946604 0.931622749744 0.891463189321 1.07630381088 0.762309986615 1.01069162942 0.96068906339 
1.13192526617 1.14246713399 1.02894571565 0.960535347863 1.10646174953 1.14246645237 0.996397761776 0.610671426794 1.10871637517 1.05698275502 
1.09443281035 0.877867716513 1.14213143477 0.927650711134 1.14156986676 1.12113117798 0.7367784861 1.01783005479 0.88543122583 0.929437869046 
0.714354277798 0.990388660329 0.886642018615 1.1421402619 1.03157932316 0.934005578066 0.774527657375 1.14237401455 0.968326928247 1.02332939799 
1.06557913763 0.828561291872 0.972021380762 0.918916425331 1.14213143477 0.861719302486 0.829252325269 1.07152368357 0.739644331671 1.14213143477 
0.935566609422 1.04285412625 0.988366229424 0.739998015687 1.14213476706 0.932571280084 1.14213141626 0.983685994581 0.747457626019 0.940064579829 
1.03499106438 1.00627712574 0.743885984052 1.01629808928 1.07790865493 0.811634485702 1.14213627541 1.10982153817 0.987752062827 1.14213450846 
1.00522807844 0.540644992884 0.808309363109 1.13643372771 0.798392311354 0.942510343652 1.14213143477 1.07360542574 0.88017666647 1.06161817123 
1.09225975632 0.978258231348 1.11439586853 1.09449771915 1.14213143477 0.951190836688 0.676293262669 0.835319295874 0.74220065034 1.14213143476 
1.03564388503 1.12956154998 0.91207944754 0.708549296954 1.01713921982 1.06222920974 0.648826272092 1.14212679781 1.1225994748 1.14225260698 
1.14198529846 1.1422819341 0.764078445175 0.992130751867 0.613221074886 1.02869625409 0.791780336247 1.00073309383 0.682671591579 0.972535831629 
1.10796215198 1.11316377315 1.00751773531 1.14238983513 1.09614481763 0.846346877941 0.940987356801 1.14215423679 0.802038377771 0.972779832823 
0.978295541796 1.12165942364 0.691068084921 1.07679582919 1.12103778799 1.14213143477 0.67743359878 1.08324652099 1.14212773443 0.800961041572 
0.824726120772 0.871855481307 1.08591066907 0.916988385041 0.974170424992 0.979820955796 1.14213143477 0.893973634733 1.058377158 1.14187033022 
0.877459663093 0.989803279212 0.920748367052 1.14232515075 0.993540947768 1.04775147852 0.959762242288 1.14231984754 1.11933381684 0.75465027874 
0.600427578009 1.1422246707 1.03136810842 1.00692907961 1.06245352843 0.966738698564 0.842596414382 0.845149355014 1.14187934544 1.09086134877 
0.972759515938 1.12170716334 1.01112917217 0.992527001038 0.769187702423 1.00427126931 1.084903145 1.14322902677 1.14322924258 1.1422138268 
1.05012933115 1.19559032991 0.894545182288 1.13510926995 1.14251007879 1.19559040688 1.1955676812 0.827201660754 1.14213143477 0.996323305808 
1.14588820877 1.12576610717 1.00267230391 1.01934897069 1.1458913319 0.887625227102 1.00695064653 1.04754687312 1.10313975745 0.616788004652 
0.922578024329 0.75058536557 0.994038034267 1.14213840583 0.893691125254 0.587629302436 1.02335630739 0.848466769218 0.983586919334 1.046347548 
0.960437338441 0.644663812986 1.14208314195 1.14213143477 0.970235529291 1.05431012974 1.08394512423 0.797412857418 0.965920171858 1.12729254679 
0.873792713003 1.07530016132 0.942496177988 0.84354361856 0.678796637959 1.01258180606 0.98306229651 1.06254475089 1.14213143477 1.14173215518 
1.14225556669 0.965499762029 0.950509844821 1.02046391828 1.14212880989 0.663354989597 0.756273587112 1.07332838983 1.01823724385 0.953508560528 
0.797280812002 1.08752903096 0.738497570567 0.744979390372 1.14234378586 1.0088514469 0.868279231028 0.814239168487 1.14213143477 0.891060984664 
1.14233899683 1.09836209716 1.02492612025 0.846093406756 0.995573222159 0.972305488555 0.876536039144 0.982352967262 0.910860967847 0.671153106448 
1.14213143477 0.743477799273 1.08912601901 0.950783172013 1.01293603791 0.842128976897 1.08450338344 1.12052839682 1.14213143476 0.664952465527 
0.885952976555 1.14213138042 1.08644838109 0.901065289248 0.998028263122 0.861148419851 1.12862617517 1.14213143477 1.11183437312 0.489553570567 
0.965606149854 0.97716995424 1.14226771931 1.14222161128 0.801049496816 1.01242613639 1.12085293744 1.03521501789 0.939373256919 1.12763689998 
1.14213640083 1.04759390642 0.768335103352 1.08744400802 0.74888864964 1.02150308803 1.1421315547 1.01482646608 0.926616123609 1.05106407677 
0.938060227963 1.05773690122 0.958614217455 1.10943252353 0.671424073568 1.1422671385 1.13011286615 0.789964250933 1.1422285836 0.762825543338 
0.922656817421 1.05211534843 1.14226273015 1.10002175401 1.08730916204 1.13813177201 0.883994223894 0.998560477357 1.00073994102 0.882495665737 
1.09822517103 0.801847697269 0.976576052238 1.14032189146 1.07095947865 1.09246450018 0.943991465624 1.10755600765 0.877319101364 1.14213143477 
1.10764328077 1.02349858635 0.86208816752 1.04841651193 0.756945442504 0.756287607423 0.984859871786 1.14214421109 0.670851329733 1.04450442162 
1.14213143477 1.11673785239 1.030297623 0.881638853714 0.600002897617 1.14212727263 0.949737891603 1.11730601414 1.12131452785 0.783980932762 
1.01212921466 1.04802755498 0.925955778628 0.460685162674 0.935061283873 1.08453235632 1.14213143477 1.04007291134 1.1421314079 1.12743672149 
0.754153360827 1.14213036342 1.00959578384 0.648395758894 0.622523482473 0.987074684539 1.00394083578 1.07768667278 1.14228638814 0.939941793091 
0.915081431023 0.66837743557 0.97446747774 1.019055514 1.14214263803 1.01673270529 1.13703745695 1.09538666437 0.938980787068 0.973704281748 
0.928174415184 1.17085631661 1.17085631626 0.990139187303 0.951908548453 1.04219746776 1.0818495674 0.779987962253 0.650512506808 1.14213143477 
0.917217452181 1.04710177723 1.1255481877 1.07452776828 0.909450911734 1.14213143424 0.991731263667 1.14212970926 0.637701815882 1.12788830208 
0.499648560463 0.818176597902 1.1421314309 1.07741626818 1.14213143477 0.98777751182 0.943847335328 0.914583357735 0.871996329647 0.854058533309 
0.793287848413 1.12348174025 1.05022796831 1.14228263924 1.08294861058 1.14213143477 0.742716941843 0.980902769069 1.04978306881 0.846713951933 
1.14175268235 1.04470759336 1.08490662505 0.798150309895 0.989995490994 0.786702007446 0.87504261181 1.14213143477 0.908830883764 0.864463351869 
1.14095426129 1.00712472669 0.994762417027 1.14164878454 1.14232343515 1.14213105216 1.13962931873 1.00776987179 0.86118226012 0.765819692888 
1.00857326327 1.14213143477 0.836072812106 0.654812015099 0.81289155957 1.00742639366 1.14212312711 1.12740417419 1.00694724976 1.06606092926 
0.618441507406 0.982827311416 1.14223738113 1.14213144664 1.14015624993 0.993973067694 1.13111531021 0.923161327057 0.514973069195 0.705672228255 
0.986501172306 0.989517237968 1.01170101914 0.771183502573 1.14213137962 0.929897554481 0.994322371035 1.04222009168 1.14215750002 0.749843248688 
1.14229699005 0.692065292431 1.12053531763 0.94649747901 1.03511520516 1.14229712269 0.417825528686 0.859236819716 0.866512174557 1.13173720631 
0.964586358993 0.592150033929 1.14184769354 1.14213282345 0.97993382873 0.976625142666 0.371129719425 0.74256256325 0.996294230122 1.14213386536 
0.818473537427 0.953142673644 0.995065775465 0.758643135449 1.13879420035 1.14230100942 0.676462814788 1.14219215547 0.793455588055 1.10591235962 
1.12130184308 1.12770887708 1.03486093279 1.1422703955 0.975313645925 0.939520527912 0.96569355684 1.01244419039 0.80107071803 1.14222174882 
1.1348803141 1.04663738749 1.12608501662 0.984623190025 1.14213143477 0.945491387776 1.14212479847 1.1233340622 1.12356510376 0.616080298155 
0.754718565312 0.948481211568 0.994337734021 0.978773881567 1.0936244705 0.427253546278 1.1422621317 0.647125270027 1.14227183185 1.10388299484 
1.08342715092 0.903426693027 0.915940631163 0.995028526891 1.12977042981 0.911734516416 1.13208197735 1.14222593461 0.937356184954 1.13340016832 
1.00843784622 0.97791122006 1.07054009161 1.14695206725 1.03245747263 0.73403136597 1.14751616341 1.12443813176 1.14110881986 1.14751616188 
0.920256143653 0.925229554934 1.1422039505 1.00451541068 1.10827678804 1.00615227759 1.13683057254 0.896609108711 1.14225952891 0.860250454346 
1.02310696538 1.01096839163 1.09391217961 0.901886558413 1.13108103887 1.14213143477 1.14213141601 1.08021039431 0.476975767424 1.10732035646 
1.1565879829 1.11057758429 1.15658376983 0.731653983739 1.04311736944 1.02283503712 0.939955142593 1.14141327224 1.13678390656 1.04759859044 
