-29.0468425172 -165.963107151 289.50415834 -13.8884307069 430.649310499 -455.763996934 -321.844685499 -101.676694739 97.3268653742 444.924896849 
187.241749666 46.2794156028 460.207286299 -443.119280129 305.773279384 -377.421713266 -29.046842521 -156.193272588 411.41606183 -29.0407326107 
286.1963322 4.76834667512 -19.0478705411 -228.955440003 -450.539668775 381.199792655 -318.005491887 -29.0468425173 61.2434473173 461.267062613 
447.829853923 -14.6086115342 410.336523796 -203.922447377 -128.342706933 -458.59460694 -327.345630898 -401.714995906 319.327279253 -8.44398742286 
-409.82157338 428.251684328 -21.3048337965 426.063024676 -18.8143984643 228.914254106 227.642966871 147.504100441 -408.962597273 -116.130683345 
445.108028462 2.16631891169 -83.0826155652 -2.08702331727 -29.0468425554 267.029221561 316.984476174 312.828423021 -425.684382386 -205.281250661 
29.0468148278 -6.82159387147 319.005148436 460.243283208 -435.337582147 401.307965316 -145.541893285 -442.980934728 -224.467755718 -250.563201109 
-139.477465155 289.748876721 461.261038773 -246.420488185 -5.14276394258 -207.384585163 64.3208680372 -429.297770121 -29.047234066 320.21414865 
-117.057659141 457.682074091 -348.457160095 -127.946583082 411.320809718 -327.645893804 -404.583381709 290.017182236 -29.0468425175 -15.4790773592 
-211.152460139 281.827221403 461.154711242 9.7027197866 53.2546357396 -208.995231223 322.24978951 -29.0468425172 -421.022098016 -428.99710241 
-455.866724232 29.0468408875 456.846252146 395.759924699 1.54788989025 -426.961869439 -226.093554792 211.035019175 3.07170519265 -315.494040064 
454.331353351 -291.877764067 -29.046842517 308.32530681 19.5641020456 -459.134715651 -360.929443031 39.617334574 -169.291822149 28.7624340424 
458.036053673 297.154346512 304.416772969 3.44561383201 -316.224194635 -29.0468425171 147.438029905 -76.5687384093 -375.697858344 -141.665950716 
10.7905420903 -321.020679849 132.533343662 461.512600576 383.290517323 -52.8463118921 121.997881781 357.471756039 -86.6821904286 -102.978217377 
316.171921709 -178.434121919 430.113835087 -13.2143500689 -20.9544862075 -103.860688344 -326.365415174 454.497548642 -396.756507951 94.2882317627 
439.72869384 -29.0468425174 -180.117840277 199.964362498 281.433242902 29.0463100036 -188.241667039 35.6493254756 448.657910378 -395.456210964 
390.968428437 -9.43540920959 -425.395669281 20.3848124088 -223.095515996 -319.427818095 462.406059514 -435.53666145 29.0468394399 -135.549503334 
-21.7206573751 28.995201198 451.036408009 -307.636102385 -29.0293126593 -460.987209102 -174.305301372 278.429949297 312.737234733 236.214372497 
449.563977721 286.26437781 -103.105307701 438.21693055 -15.2209517425 -419.418391773 -200.483715643 -322.377221757 -29.046842509 -404.522809466 
297.206062491 59.5567397213 -207.115132185 -9.49377788699 -29.0468425172 -426.997913922 229.067827621 322.135007778 457.001783288 -455.850969787 
294.538741171 426.487917247 104.71377641 43.3816449547 452.416641101 -98.4895842107 -7.90823066158 -29.0468437041 -319.352279815 -456.566841957 
29.8400169327 -221.87614847 340.551108998 -270.760755843 -452.054521927 29.056482152 108.123210869 -144.335450153 143.165631749 388.998118076 
-194.032931648 -46.2243001782 -411.374248866 29.0468247898 411.503265262 439.341670574 -7.08670378496 -324.47146775 -117.510465193 -358.261444055 
-457.775908524 -99.1225100944 432.248661104 -239.526172592 -9.52319732856 -319.185562004 453.185007028 -320.011076342 -15.5945295565 9.4808801348 
100.25739927 -8.88808176839 -124.81023466 -8.47664568825 405.37575857 -324.681225193 -101.900875422 -320.278803824 -451.911663796 430.113690038 
318.238419209 -436.868840109 -18.9141617831 -324.437021253 392.626517319 -12.27053352 -219.124530023 -2.48178131242 462.597323018 -216.769702524 
310.446786749 456.246605591 -28.7012611195 309.276007475 -378.364667949 -168.725270162 -390.96898264 -33.1630738308 -461.166737147 -29.0468432182 
459.402625229 -456.039731828 -15.4285826797 -327.673855344 410.910138406 -116.668894994 -29.0468427194 291.34573457 -404.205406261 -128.801617149 
404.097659499 -318.775301637 189.192180082 -425.551246199 -29.0468425172 189.109514865 -344.889377786 -4.43377893264 -120.856205982 413.738067637 
-28.8623484404 -187.341850558 310.231370201 444.763183981 -391.229594792 304.037143789 -374.680508989 -29.046894414 -53.5955631146 -411.527624907 
-118.012817238 291.598797412 413.835872129 -345.768699229 -66.9135127738 -389.845083308 -57.6790382444 143.924012291 156.981979966 -125.280673453 
287.725679441 -217.743872207 407.599818092 -427.173854436 23.0517181138 23.6903102646 -404.115708488 -182.642949672 455.460319085 -29.0468425171 
-223.174858537 -456.378621316 56.9296298974 455.082652876 391.144102298 28.862212297 -29.0468425703 300.362297811 -425.792830593 130.163800468 
-441.833847862 321.165846337 53.1358958809 -29.0468425172 459.765023406 280.136768311 28.5736384258 -210.881942813 -221.613091877 -430.139413217 
448.45957482 -49.5691241782 309.225618332 170.374448092 -29.0468425173 -376.025114877 -391.111235876 -28.4177802614 -169.821166913 309.914523959 
-0.400366548437 -9.45047825462 -318.853568416 -31.4077669535 298.48100477 -122.737981466 409.732244881 -459.153387476 388.356650723 -325.413314384 
433.795219129 -282.859236025 -438.603393199 257.709351363 441.899227346 -29.1544424431 -298.660267071 176.73362896 -73.9966078085 86.7595343832 
-98.941765423 -0.569549522675 -238.4211292 -315.806392599 451.051810133 -458.987018859 435.750535685 -321.88512771 -14.5417736709 4.75775884659 
-313.876456257 381.253578326 28.5060275032 -119.538064387 -10.6778473836 -317.06294616 -459.544296479 229.321555367 461.273391442 29.046838072 
-402.914838585 -321.369009542 -198.031715811 -452.374257214 404.621612684 -11.3316013075 -131.085119506 449.459603727 -24.4274577899 294.654206838 
-376.65037952 450.622090272 -26.2979812976 -389.5339073 -46.8009037122 -169.392481001 305.053135213 -380.611307674 -29.0468425172 312.875443532 
452.766748479 -203.774539132 313.218501815 -416.731756714 432.93211566 -177.419391717 -11.7476770178 -398.848189838 25.4246924296 29.0467524599 
-188.04531573 231.441758501 452.774192908 29.0467564787 -243.605542033 -459.729787555 -29.0468426959 9.16430141308 273.258066083 315.74621206 
293.718269704 69.7733929732 -321.939632124 17.5387642647 -449.676627662 375.84387272 460.633635792 -29.0468425173 -162.401372317 43.8560471845 
29.0304514704 -3.90888096549 413.53098168 189.038159267 -456.27729493 -29.0468425172 -426.023845463 209.907742786 453.562852975 -313.754748949 
406.062422051 -134.36717186 -39.25732466 -433.671312641 -87.0633490829 461.004194411 29.046597657 180.015362991 141.576855749 -310.217188186 
-429.300116861 -136.22423226 -434.924955527 -209.430637772 285.966007987 -29.0468425172 -8.96483287487 320.488909349 63.2429657534 462.266999645 
462.597772099 -6.17475122723 -9.29958783181 321.611311004 -317.141128878 7.66105616654 -208.129348645 -428.045629229 -440.401745308 -135.564088788 
-199.812951242 289.413997375 441.687162445 -397.500658518 -320.07195466 -22.6776259363 7.36345468173 -29.0468425172 -459.623259974 447.083333367 
-134.749289179 -458.631065439 0.704740708412 -16.5183105198 449.76122381 -323.435199155 379.705007854 -316.548700845 6.53785069703 248.712398074 
29.0453300528 280.052196341 -29.0468449425 451.358328901 313.801984605 28.7543401698 -317.071473299 -242.102963963 -17.8461654852 -458.951474041 
290.961248083 417.12315867 -27.9902972815 -459.616899516 457.330510864 189.023514843 -242.129750193 -404.7001366 -185.566465837 -29.046842518 
-415.185092773 -413.564347488 39.4204900549 -187.844700316 194.787603409 354.052568979 25.893788214 -178.645876769 87.2169116882 -226.935167974 
404.433370284 -321.710969215 -13.8211915189 460.221069797 312.714328442 -459.920063771 -104.900779945 -132.899446783 -396.993765318 -12.0421205443 
-198.071304119 -402.979944241 -321.363785906 293.428553317 -131.044583805 -25.5115254468 -452.498173057 404.639815051 -11.2711804639 449.475608382 
-241.891947285 -29.0468425168 454.739109758 189.003530629 -238.388654236 -8.93372005137 1.29332700706 416.552871343 -459.050501574 -316.422049555 
-422.732132489 29.0466039387 -376.548570959 398.548323046 -29.0468652521 102.756054603 306.017501095 200.399816888 -230.632409391 -217.37480073 
-377.376116527 187.219338499 46.2484296418 -443.157378027 460.203388366 305.866861113 -29.0468428177 -29.0468425174 411.442416661 -156.234307428 
-29.046212291 270.139665504 -168.551309611 -459.687010811 450.559297162 -29.046844236 -396.99654575 436.564784469 25.3248620126 306.490997318 
29.0467401693 402.109739996 -221.085531137 -442.312710518 316.660392487 29.0468424947 -266.930606013 461.484421243 -438.175603588 -283.672408146 
-390.632454929 308.932592708 455.971191056 -29.0468432231 -43.8712246685 -168.303400708 -29.0468099341 -378.275143388 -461.223881505 310.382289371 
-413.074202584 -325.59636302 411.194692504 -125.608373933 -448.82794321 -121.848553426 29.0467516197 459.630614612 -195.767309206 -10.1401885865 
-99.0473147677 189.157338304 -1.98131197541 209.597507842 415.827114074 -317.038152067 -457.911475992 448.46419079 -29.0468425484 -422.322463706 
-169.644617205 444.722629255 214.904434906 -459.894613207 304.041219977 423.843082532 -29.0444787511 -66.9119527278 -242.365647012 -399.152605756 
-459.51832107 -29.0467361594 -397.276342125 450.16327038 272.920533176 -29.0468425174 437.221089911 32.0651204422 311.544064637 -195.924340248 
318.984804757 -433.255950943 187.285424792 -447.947702336 459.96030389 -212.28372606 413.089239007 -9.03745442463 -227.671901283 -29.0468425172 
457.616529343 320.995334046 -204.724996598 -3.95251537245 -408.906288812 188.765327457 -187.127891476 -29.0468425215 18.769506584 -427.086728852 
-322.061433571 404.095860036 -11.8428427807 -460.274898993 -176.214744876 -12.8962531618 -397.458322905 313.227357628 -136.418145983 448.065775071 
312.459576089 -397.493133657 -175.656665485 13.3402620053 -436.905424334 -149.370510137 317.018106917 -14.7865017603 453.068206361 32.6901977131 
-224.727352359 -28.991786857 -353.90004787 308.012826335 146.451528703 -29.0468425425 -385.652817707 43.0489917531 -457.443076618 308.518628562 
-136.531538934 -29.0468425334 -410.514719101 -30.6304661493 -357.910333572 302.738225127 -349.492700317 440.83333826 -192.395851735 29.0476284472 
-29.0468425187 113.298470826 421.840573696 -280.024389087 35.5633583469 0.284473270001 -94.6278295828 301.805394479 -316.346206325 -363.730955939 
46.8217292944 29.0468410813 -209.884409838 393.271262415 129.654000649 -372.822898 305.730239703 -262.779952981 -418.988469728 -11.1276941901 
-232.928395191 457.207941166 399.976904348 29.046507908 212.357387991 257.6925739 -449.747526436 3.50624604638 -429.973206715 -313.248819501 
-15.8370543706 291.539221022 -456.196357177 -116.539503466 -29.0468425209 -327.731557551 410.947704914 -128.882830308 459.397055618 -404.134253343 
-29.0468428365 -243.121533715 62.6710159159 297.753910085 277.804415175 -12.0875018829 -459.616760379 318.424379215 1.90549815772 451.074031854 
-5.00525491353 -333.705477145 319.582589465 461.625972385 -22.2041748438 -431.274239771 -211.014147564 -213.69653732 -9.29857456919 310.78336526 
-123.84508251 -0.214470802635 410.147510539 -325.963539857 -316.597153172 -237.502079914 -459.095710231 454.652150936 -11.0237189643 -10.8367930854 
-415.752960643 -99.8591461692 457.158613885 -10.8725276415 -193.113712843 -193.050679869 -398.90789708 29.0468112206 424.021319617 -320.647222946 
-87.9503280241 -81.7910551405 176.016674678 387.042963729 458.478171732 -406.455861863 -375.721490869 -129.553159685 124.379087793 -113.227106935 
-162.98323857 -0.924371193133 -204.514055628 -320.635326414 -453.157323027 -11.2522484886 457.131304199 4.0948775114 -426.100364951 321.875611246 
165.031039229 -107.670449446 198.899846517 -89.1316526663 100.296719786 -340.86958538 -304.105568441 -65.6096665657 436.836195036 275.202015879 
-210.979623016 -428.037386831 -207.279606464 -9.42197585103 20.3038526042 -1.69874457707 -413.236931104 -317.02180785 461.553763124 324.709396303 
-9.2282318508 -200.791473449 -407.329682906 189.3465018 -320.575500444 451.061932119 404.329945317 -450.352530091 -29.0468425166 -127.575783006 
26.9516537739 -415.274977472 -457.918005521 -237.416017713 -192.428225139 459.292177902 187.283903352 417.648966086 -199.180587664 -29.046866893 
-29.0468425174 120.530544095 -458.660093407 -29.0741895227 310.303564105 189.561228302 410.515533571 115.634140431 -351.050572544 460.340622777 
-14.3877460706 57.9929406511 -449.715470509 309.186249278 460.909688813 -29.0468425174 -371.153979011 -227.006431299 289.170977135 -28.928994181 
-0.273696727583 -458.990993853 -308.769925277 -321.763019181 -171.077500855 -98.8938335619 34.6771087083 2.40701589723 450.726790122 436.287632919 
-458.865064828 453.599663268 -6.13457943051 -124.183829962 -239.918480074 404.517615799 -29.0468425202 277.572009514 32.9672910201 -319.845980109 
-203.770734903 452.800692835 25.3918091604 -398.908033683 310.720472367 -177.480220094 -16.3956813644 29.0259502696 -416.728074739 432.876586993 
462.597281983 -219.14203909 -216.772434684 -18.9137763346 318.251985786 -436.878841354 -2.43515489433 392.626159074 -324.44285246 -12.5622540285 
59.3280980526 -386.131437717 459.673320307 8.74631033145 -166.646084991 314.311250364 307.612055876 -29.0468762117 -147.820731195 -315.357070563 
26.7165719174 -192.179440674 -458.086626175 -319.157415243 -6.44032632044 -200.26276753 404.871309879 -120.725242962 459.672711238 -415.040378847 
-1.05278348528 454.653623367 -325.930293702 -123.830162309 410.09863841 -316.622754647 -459.094326002 -10.4709087046 -10.902799727 -237.501605875 
460.639975588 29.0468363857 -137.646421837 -437.087885766 78.5107139399 -420.18979856 306.358298308 -266.07486273 -220.798131198 247.975012775 
-222.610029908 -320.175705111 10.8065029947 321.414705251 -204.964172574 458.951441959 -11.7083857212 -1.89853206274 -426.651140889 -446.00324239 
-1.71842692356 -459.047583304 -318.750231053 -241.93667554 -29.0468425171 287.723136612 189.065416346 -52.7795116958 387.896672631 416.489211103 
-229.337353186 28.7776767763 460.167454366 -30.2101148671 371.4005916 187.087982727 -29.0468425179 -446.379166629 408.657168245 -323.311615811 
-30.7722597984 29.0468422614 302.701687526 -349.56695174 -357.954628396 -192.40393557 -136.568326251 -29.0456191398 -410.514834712 440.817750091 
290.141650905 -28.403318933 -11.1416760609 -452.390848419 -403.099183142 -198.156232462 404.632935968 -130.958179559 449.517735763 -321.336357981 
18.4067896307 -11.2723232805 -313.627502043 301.71016121 -365.784948589 -238.413134213 -459.616953059 392.475462861 -20.7200732509 -29.0468425412 
307.973066309 -168.92645867 20.697271039 454.180618076 -360.808218639 -294.405037684 16.1009273406 39.5816881047 -459.122596525 -29.0468425172 
241.002601714 386.827695458 -192.997591556 461.925816487 29.0467867908 -126.119326787 -315.501926289 -412.287246035 29.0006387668 -460.078565911 
-388.692611748 456.730698141 13.6917436572 269.741072537 -97.7514990401 -461.312410903 -315.184141338 -29.0265599603 -8.0346406873 308.496691519 
309.134870223 309.966836019 -28.8402252308 -52.0367559095 -376.18834464 167.882298513 448.408686982 -29.0468425173 -169.586577156 -390.887827817 
376.829781258 -405.837697267 -213.409135823 -189.6987917 -135.402741346 460.750695404 29.0468423579 68.6179867216 -422.04572785 29.0467870269 
-426.261329337 461.99505659 -415.183326605 -224.6775656 -208.220361628 53.5637668949 -29.0469347398 387.422719628 29.0467882611 280.450187888 
46.2658937138 305.798035653 -29.0468443919 460.209127432 -27.8914096519 411.40361404 -443.108640593 -377.416398496 -156.228192499 187.250245543 
-29.0468425173 285.306808124 -421.288101729 -211.037171798 227.856804247 -203.751398082 460.381719906 373.607643682 -88.0088161121 29.0256443061 
-13.5758063862 -132.861653227 -321.704187542 312.740005233 460.223956015 404.424073203 -12.075346639 -459.917624051 -104.898596024 -397.012905205 
-144.918053886 -250.201384979 29.0466163372 -224.594135013 -443.004452182 460.227000585 401.493166351 318.372076901 -11.0573772245 -435.262566492 
-459.898724674 453.01497182 -313.163605838 311.993914869 3.56439072133 274.89955131 -39.4370267713 -239.243088599 29.0468039108 -12.5736629058 
-459.59492698 -128.883729375 -15.6584965284 -327.657520008 -29.0468425171 457.473780065 287.386914319 -185.922362687 -405.073693149 410.781552777 
-311.917107119 -81.3933145019 -306.863440442 123.194213832 460.871961207 235.915635612 17.4072092063 -90.0369378147 406.946044939 29.046840549 
447.846318168 -14.7266704807 -128.317446808 -327.335783182 410.344593162 -7.98587434765 -401.745200336 -203.95105381 -458.534460963 319.36676483 
-316.63346339 -29.0412749859 388.514546115 462.121908708 -459.857815838 -125.352722145 306.742755605 6.25972594955 199.363951556 -131.534134203 
86.2768872474 382.803255559 -111.159668209 355.663511579 50.6634489031 29.074921982 -310.684525712 -456.286726815 126.602297418 -321.863835841 
-4.91006171887 -29.0468425173 -100.196496513 424.77751802 103.896591548 456.82503408 -323.387405459 -453.269613516 75.8000931432 306.918047055 
-29.0468779346 -418.439162678 190.482795475 458.471435204 -191.406088756 414.030269762 29.0456398186 -411.151994066 -193.044647932 12.633859257 
310.519657731 -235.130517494 136.73944411 -117.385691808 -376.328295432 410.030842111 -29.0468433408 -457.447861327 -323.442080792 -2.7557335108 
29.0468232568 -317.02709641 16.3143910259 461.294337425 -120.031783584 381.431627159 -459.571315086 -314.58560173 -10.9526597585 229.755848322 
-440.017198382 -103.826631492 95.4457137227 316.893937151 450.919340039 -323.107085088 435.969329904 7.65803709577 -224.995437849 -16.8923319277 
-319.949914666 386.822631308 -6.6596185585 -460.185804151 461.925225921 89.9502797837 398.334271576 7.72882283271 -322.20037237 -132.260510226 
370.650004882 24.5552083245 -69.3121648108 206.286832817 212.545371944 -248.923952794 29.1136392474 454.643608116 -431.702139117 -298.984015941 
-164.76515155 458.974518829 73.1405122824 308.859688955 380.885759476 -28.533042695 -451.336178358 -316.786090859 9.04301855937 86.6141886514 
-238.082727163 453.279115923 -460.068986573 -29.0276545365 290.711415491 48.3518778131 -19.2712976846 -370.390352654 302.873852658 -29.0468427194 
-171.244878583 -9.18136508214 -29.0468425172 448.109423149 -459.823696979 421.185077713 -400.703417201 304.96895831 -239.336066528 183.546513381 
-397.026270354 -132.838565788 -12.1282957436 -13.3898332372 -104.894664707 -459.915625591 -321.698255626 460.22670926 404.417881039 312.765766751 
53.8117203599 263.221290475 -29.0468425172 -428.127853979 -408.797536622 -5.06967405674 -205.865168399 436.541440804 320.574753439 -201.006588558 
-1.76805469013 316.19671497 21.0426682971 235.212426578 279.030539628 -460.331421918 -29.0468425171 451.168556509 -243.750942178 -316.000383224 
27.8982268258 416.447793555 -459.1218746 454.584802938 -241.924366311 188.8846563 -238.497176579 -29.0468425173 -314.809047504 -8.14125074175 
423.375760163 -414.464268042 -13.9113669886 302.199373862 -367.216959586 205.660785311 -29.0468431527 -200.55942258 29.0468388003 -459.758064465 
-325.407826799 -122.741178698 298.489042889 0.521976158763 388.41973354 -318.774586839 -9.43079148287 -31.4876639848 409.681738906 -459.154708523 
-101.596800559 98.0442114021 -166.007663832 445.401332438 -29.0468425172 -321.826838262 -14.0037518775 288.35702853 -455.94222865 430.169048512 
-14.0275405499 -101.648017879 93.0517320558 431.133849955 -179.218409552 453.869265785 294.986460682 -321.819893646 -28.920803319 -400.209643492 
190.196437245 -12.6117909349 -100.829846068 429.992602416 -29.0465885357 -405.372550603 454.549915072 -183.771698956 -321.185965986 96.5637247252 
-302.067776909 15.851041971 -219.82168311 191.870636145 17.3500650916 443.167069081 -225.827587465 417.171758216 -448.967012767 248.350582266 
451.357921984 313.802790796 29.0467938292 280.053247222 28.7523056374 -29.0468449191 -242.103071518 -317.072845543 -17.8465439848 -458.951439168 
-9.24427173093 -5.15169398493 -431.225537822 310.958521919 -213.650643918 461.617054692 -210.962738628 -19.6772471028 -333.773470478 319.598641805 
-399.890714405 350.649339625 130.436229274 140.290303329 314.391993751 -7.56344978438 -112.408312601 462.101771661 -104.002959495 -459.341644929 
-213.166348659 314.597722319 461.907105429 -345.654552597 -433.457787897 -215.912620466 -0.91350254803 -28.2331728252 318.907870149 -6.13170696117 
63.3523536277 462.282367371 -29.0468425171 -136.382993088 -434.53534445 -429.292765706 -209.441969156 320.499187829 -8.97882128362 286.06294991 
-199.385831594 426.865937911 449.83178103 -459.518393897 -62.2578864945 287.188021828 220.034409752 -404.131078744 -239.735484726 -29.0468425141 
-427.885740415 107.084925337 322.35492663 -7.69311366763 321.283481775 -0.767441318435 -424.244852999 -201.738489408 -115.745158137 -207.766389208 
-456.487398537 -223.067312395 -315.068378465 210.557645485 29.046829447 455.881481085 395.51268385 -99.2294755373 -425.545090446 4.41747655646 
-195.230187408 -10.0567211308 -121.896498044 458.951442099 410.938331184 -325.572210306 -458.951469466 28.9593479097 -412.719902414 -192.453298691 
-102.13062605 -324.997657917 -29.0468425173 -404.661421028 427.769917404 -9.5219695307 187.969950426 -185.665013277 99.19069679 455.514189988 
-11.9519983202 -104.90039848 -321.693595515 460.224371306 -132.868053124 312.721254028 -397.005620153 404.418576194 -13.6694089563 -459.918274805 
185.43536381 -406.394540772 -459.349065861 450.660735434 -29.0468425659 23.2863368403 -200.508571913 419.781618738 241.465780349 -239.142159665 
-317.705182093 388.044725719 397.125863136 -130.584699504 -2.49651589328 462.067356577 -460.281184775 -323.858301847 82.107802114 3.52046016075 
-14.7065401541 419.400708196 454.465602249 -240.000624713 -238.389357923 186.80192283 -29.0468425172 -319.736046072 2.54624462462 -458.121767212 
-29.0468430507 447.634272143 -240.698750778 46.9159296739 441.144592499 309.192684748 -34.4469841116 -290.189662893 29.0457469822 -459.037642367 
-429.73640932 28.7493250059 -435.685121586 462.242053219 -136.840931972 287.017506641 -209.969319343 64.2215349915 -29.0468425177 321.041467137 
460.188085671 29.0468422301 -7.86593626427 213.040169868 -420.591563207 371.612581202 -209.367100531 10.5626753361 -131.133961371 -318.851819042 
208.786428193 412.233368232 -192.734254533 456.258401416 29.0466636617 189.540808534 -191.969493117 -426.234683883 -411.120342427 -29.0464769028 
-188.984791749 -64.0568143331 122.279629648 75.7837322761 -418.873661668 247.924964153 384.245438221 -425.750417242 -214.209711555 405.39251831 
462.123095644 -125.338690317 306.784415933 -28.2695564257 -130.871652218 -459.85432561 -316.646809581 198.464320897 388.524779946 5.50062685786 
460.223089611 -397.019610287 -13.4560009059 404.439738454 -104.949598823 -132.8829902 312.748048905 -12.0639980659 -321.716536865 -459.918884065 
315.63482838 -442.054204732 -382.407605767 -4.15654588894 -149.840775799 -29.01076937 307.008947462 -16.0855924826 461.838353062 -222.449745426 
-442.930668732 -9.70000324751 411.22002436 -100.809721016 -12.3890566051 -321.186948577 100.089068448 430.113824985 -121.385062165 -325.426113782 
-310.678965499 213.07676179 29.0465899516 -234.154573809 435.574825055 -321.93745969 -430.407405668 -14.2618644643 398.401264818 -102.091060376 
-29.0468425166 -391.751331762 274.448111167 -461.247827969 -103.376302108 -318.265283798 455.762095288 313.892755322 22.1269732226 -7.62631477001 
-218.588845611 -457.485242317 400.421997434 -423.232332431 29.0465926651 -238.75626375 416.026006385 -16.6721600375 -94.073033786 202.010357775 
-171.836243872 459.049245736 -29.0467520273 -29.0468425169 184.326711782 -402.663467864 -459.551806154 -181.077488335 287.90742265 419.319153544 
-6.49973617216 -319.936160577 461.923964123 398.345023413 -132.277501439 -322.213181488 386.811797338 89.4913074463 -460.186716478 7.9584606119 
-215.611692931 -434.249066247 460.497026572 -146.012342462 -19.2115496762 -228.46724137 316.256219949 -448.219197181 318.603120851 2.49575346651 
-459.94892598 -322.117593679 -398.724319259 313.165106079 -13.1731808362 -11.9566649778 405.146639634 -177.239097572 -134.235543392 458.95144464 
-377.461281351 -93.5973874384 -40.8547867233 308.331555037 -29.0468425378 310.263069377 -461.31780727 -387.846063839 459.376364122 -29.0467328416 
-29.0468425172 -29.0576904864 310.299456678 -387.759403693 -377.478135035 308.287410331 459.373342468 -41.7100016014 -461.331202471 -93.396860233 
321.710064533 12.0992636904 -313.377836218 462.433633615 -427.1647588 -207.329391009 -134.713990982 -96.4452770676 -453.209748082 -7.33858508333 
-150.247772535 -29.0468610958 -95.8292889687 -185.843496092 82.2963055494 311.949858606 458.379825168 -405.553302301 40.4362493177 -461.080510811 
-456.468167744 -316.942424917 142.675996861 -383.86110592 -29.0468425172 436.064798424 -227.43835635 -1.385591201 -95.8015068853 307.528879772 
-48.9648991341 198.639653669 316.081625126 -444.351153391 -111.551048483 -316.524602913 -139.580481454 105.411797388 -306.283554109 418.922148889 
-455.884784243 410.912782422 459.399430312 291.147688879 -128.791546388 -327.679043879 -116.698017748 -404.234641387 -15.5447180658 -29.0468427937 
-29.0245067381 436.942429741 -195.613592012 -29.0468425169 -459.528301532 -396.831835887 23.84052803 271.700183478 450.331274464 300.177773176 
-29.0468425182 380.958814905 61.7834119617 -317.523102294 4.46576512394 -450.630848488 -229.109352693 283.532934553 461.238699482 -19.1006732742 
-319.034452423 -415.018421439 404.759774061 -199.009425338 -5.4715689387 -120.67078838 -458.085350891 -192.167496199 28.6793529724 459.674666987 
312.562213688 28.3251476943 435.466332936 -410.091803641 -397.504903594 255.240380411 -14.2141534521 -176.279267767 -29.0468426525 451.224024322 
-172.106651362 -104.298206657 -322.685909271 -400.574324609 441.912644802 446.854848036 314.811667553 -6.22610090817 -16.0447884822 -459.7196949 
417.041813565 457.180778308 -29.0468425172 -404.603484823 187.943863483 289.102741911 -459.647266097 -29.0152849398 -185.439003954 -242.094352334 
-353.083385834 -177.430942463 302.678060986 336.695928817 -29.0131620498 29.0779733828 -333.020558793 82.4045614575 112.399570646 382.329255282 
-236.085731437 -340.470234698 -21.7502581674 392.105429624 462.537278069 -213.418896974 -11.9557681733 310.493424386 -430.460666834 29.0468393926 
-373.564914617 -455.828806388 128.646464461 304.073570699 435.672754805 -315.599892356 -94.1609462746 -29.0468425171 -112.88356544 17.6641621789 
-225.400394361 -377.408230965 -29.0468425938 410.898847408 -442.8603438 -20.5038599841 187.542136417 460.283832406 305.310479936 -29.0466689063 
-16.2470984592 405.112476407 -398.700225699 -134.256006522 -177.208188738 311.317360447 -459.951426125 -13.1057551554 -322.108206268 458.951442502 
-97.9533916825 298.268251983 0.118979367729 170.698056217 -318.474355348 451.953441973 -29.0468425172 39.1803265082 -457.420403067 425.664686033 
321.074246378 -209.120083478 -24.5613706488 47.3602728427 310.007358475 -1.28520248512 -391.329682368 -173.864466161 449.094879033 -429.022677075 
-172.314104048 -56.8812500044 -29.0468425195 308.930039519 306.871031795 -383.562971031 -28.8802311067 444.211118475 -388.871836918 -461.645855174 
-192.363476721 453.867362606 308.96255685 -355.136238026 16.654500118 -29.0468425172 -193.268506776 28.4635985618 238.772713979 -414.032587385 
431.472353544 -322.078533888 -14.481006159 313.347683495 -11.3955722554 -102.007933913 -178.072352506 -398.988050987 453.66123123 92.0972317645 
-191.849627489 -335.562105662 101.530788657 -459.414943757 452.291728198 29.0460923156 302.438691769 -410.534332945 -203.875388696 -29.0468425173 
-459.910897499 29.046224137 -11.6498460677 -187.148257148 -368.773681173 -240.971303597 308.570457048 -29.0468425172 454.506601605 236.459050244 
56.5799378141 -243.11873157 292.123563865 -29.0468429442 316.223596835 -459.380359543 -47.0136001857 451.697221266 0.362132668901 276.937827726 
2.51883292991 448.886144425 -167.580050333 -320.874138368 -410.907180685 -458.879359757 29.0468401163 439.347186876 -98.5364870592 -192.737668595 
12.4102653198 429.125898854 188.750067908 -187.217354576 -390.448576131 454.924961614 -321.558949257 -29.0468425173 -101.500506534 -409.042089842 
-169.124366612 448.042382669 440.748277383 -397.518194128 -320.742802451 -459.747032133 8.19182858811 -29.0468425173 -23.6724191836 284.612221356 
406.241134484 -440.349621547 -274.706823673 -153.218541039 460.924153715 29.0466610219 -440.298521264 -222.918612692 21.8180633402 318.555085555 
391.145875428 2.05809708701 -173.465036184 -317.869569713 446.662216497 153.273336374 -23.74929024 310.300299056 -461.32428916 -391.772606342 
-459.590252821 -396.717242629 33.2896552133 -29.0468425171 273.45721755 302.376160011 438.220523085 449.561479218 -198.980329602 -29.0152463449 
-122.367953897 -325.473207282 -29.0468425172 454.568590112 278.077613448 14.7027008814 -458.95665519 -9.62678193932 410.136882192 -237.741500659 
-459.157262726 -205.768695825 449.216982666 -29.0456951744 188.827587838 416.367590415 -406.813901463 187.180423701 -241.731522659 -29.0468425174 
-199.214973509 -239.177992603 185.150373509 -29.0468559758 449.742572197 420.066978035 -404.003923554 -28.8422345434 287.258408314 -459.522815072 
-407.82108552 -13.5109636729 -203.745854772 117.047606771 428.342084782 231.447939505 -104.957106977 323.219898592 -424.246143614 -4.25681117274 
-79.9777094191 4.32311650976 380.949937732 -29.0468425167 -323.987454528 243.993041326 -454.017904488 304.699922416 447.432493758 -161.745092599 
35.8499188444 377.276519331 244.385003697 26.9159331927 -321.987778154 298.773311116 -129.753634929 -457.371065894 -29.0468425173 452.598596327 
312.732586658 -396.997680535 -321.724004295 -104.788712204 -132.872356198 -459.917764121 -12.1732745797 404.478326156 -13.3737486482 460.221863434 
-320.011632123 -29.0468425175 -5.14066689228 286.094185273 -2.16316066699 -172.312564337 313.765581508 -392.054183774 -461.142975614 452.791489019 
-192.635002654 -410.674977679 -0.799504390097 247.720257761 29.0468218028 -94.9465356869 430.360003313 -110.234286136 -455.987996153 -316.842179071 
290.166886244 188.262234314 411.456644602 -149.771247589 29.046740992 460.044849519 -277.872129736 -439.74016249 -441.460739234 -29.0470327522 
-319.875798865 -458.825932528 -319.107346542 453.942287526 -124.020066867 -16.3765105432 -239.318843839 -7.16040276142 404.517710021 10.6225019883 
29.0468407452 -14.9469097104 -25.3718796344 462.078369782 -434.467076389 309.824609423 -217.271027035 397.032436887 -389.610552047 -251.941843148 
444.873988938 -29.0468425172 97.2360843223 -321.887800267 -165.931749022 -14.1085105287 430.702719087 -101.737745663 -455.744329386 289.642149818 
-42.7700487165 -243.07700125 -459.397953392 -29.0468428463 2.05391393639 292.685486597 316.593492808 56.4125939946 451.741710749 276.509218184 
-7.55118770221 -134.960017506 -377.185414191 -207.798014533 321.674139271 -3.46053542685 461.859382678 -316.638260199 -427.475500481 6.93796221869 
29.0468337702 310.351885672 -213.696838103 -237.082821728 -22.3942784406 -342.225814821 392.642417484 -430.735327509 -12.188917797 462.599153426 
214.684927757 -179.56191176 -459.810171232 -29.0468425173 290.443053088 -67.7491014336 456.870098215 -240.238853904 -401.534501897 424.675236354 
-29.0468425169 -317.461918221 -239.194829972 4.55898067188 -459.323722285 -15.8954926186 27.631675203 453.443330784 -362.825491415 307.980283641 
-178.226252941 -20.2419027564 432.510398354 245.778234767 21.7407658099 453.024718702 -412.221039979 316.218668869 -396.879806275 -36.5294906702 
-322.395879741 -404.405315316 438.299482069 -103.148095244 -200.411712156 449.514385751 -15.0103157857 -29.0468428416 286.764235147 -419.348644703 
-28.6905217027 -461.636267022 444.215360455 -388.938793154 306.839831659 308.901460422 -172.389156109 -383.478273491 -29.0468425181 -56.9861657682 
311.963340951 304.650344678 99.7746139106 -29.0403161941 -29.0468425172 -113.883290734 -455.756201213 -348.135296725 -375.22001256 131.663887902 
29.0468417897 -314.579844205 -317.021992527 -10.9578081079 229.772754601 461.293754178 381.426668504 -459.570915509 16.4290815312 -120.026441388 
286.195692792 -19.047434677 -450.540547689 381.197832746 4.81000697249 461.266831984 -318.001907695 -29.0468425172 -228.955362232 61.2478528731 
307.742559012 31.4678539614 -168.084205876 -29.046849698 449.640214621 -29.0470388346 273.016530959 438.090064968 -459.697534251 -397.1293926 
-458.223320658 409.297029823 289.345489928 -29.0468425171 31.55339323 -214.992768537 452.548698877 29.0467599889 -421.621933796 207.451263864 
447.85511871 -458.474825299 -14.8935558562 -327.339828148 319.3878745 -128.318429834 410.326124927 -203.947879602 -401.752259578 -7.70238596005 
-322.681691716 -6.17877621257 441.912999535 -15.9959817795 -104.294073413 314.816861842 -400.576523325 -172.106359233 -459.720021913 446.854487767 
311.697944745 233.545381012 -395.505914411 -17.4971457131 -450.352233963 -7.73817952696 -316.24140674 -175.557619394 445.950910598 43.4289947714 
-317.28002295 308.414846081 -461.264254451 460.148685474 4.58496371807 -90.8467632323 -387.713039411 388.138396223 -29.0468425107 162.699608946 
-321.927752747 -0.790388807821 452.142134963 219.809926063 -32.4007904649 433.955627766 2.90809566128 -238.022839356 -458.77831887 -98.6404246554 
453.347700174 -136.018609123 154.676840493 315.284369781 -23.8721546256 380.679197819 0.0500877799446 -325.080477252 -104.540038096 -394.37895773 
-122.187672052 454.366374155 -29.0468425421 277.521713743 -10.6517562383 -459.029545784 411.034745465 -237.967712014 20.363807513 -325.651398602 
308.40304287 -93.6525083516 -377.404195033 310.249726717 -41.2186779133 -387.888534711 -27.9975389032 459.381363377 -461.314389132 -29.0468425172 
457.482200876 -29.0468425168 -128.892175545 -405.090927209 -15.5386114863 -327.674652227 287.797729225 410.802419304 -185.917189503 -459.593460175 
-29.0468425172 -207.563867808 -188.634272902 -407.917408858 456.86139526 186.687487124 321.724348701 17.2049435759 -427.699879909 -9.73097823787 
-13.4590592658 -102.087814521 449.562248022 -321.610013454 -170.576206043 189.654681938 -29.0468425167 -459.232539762 -376.624645523 438.219809458 
60.2645119987 -317.881627436 286.503152142 -29.0468425173 -19.1265558687 -450.574192215 380.993679521 -229.012139248 4.61874629468 461.242804258 
-378.162334825 -28.9186179681 455.96878729 -44.3139482673 -168.317679427 -461.220758978 -29.0468425404 308.934560219 310.439098 -390.644716716 
411.295172657 -7.30484476022 -214.596147581 402.809404795 -38.7032247033 -324.495374194 29.0468413213 -421.320819512 -118.474586822 -441.608132233 
29.030476442 -429.078439315 21.7474625663 455.022351165 -183.387098409 396.891515806 -230.821760983 296.401893703 -29.0468425173 -402.282018126 
393.18889325 27.8642932628 198.239439797 -17.8968261158 -427.238071767 -226.460430446 456.135546028 18.7726693259 -406.759999418 -187.298396173 
425.198877669 411.439054343 -459.106834626 -326.531206329 209.620443286 185.888731972 -418.922628366 -12.6649638972 -124.227172649 -29.0314444067 
-29.0189412338 310.273502541 459.321386022 -48.123950974 308.447306813 -387.995137873 -93.5484845638 -461.341337444 -377.324713584 -29.0468425169 
374.25059986 -193.622461032 -196.140458153 13.1997430191 29.0466786958 27.0695585747 -413.267483632 458.820594667 -213.243162498 -422.633071706 
-129.948748933 29.0465464125 322.680812391 459.170471651 77.2811534639 0.135079111405 -191.918739899 -416.819792619 -423.591589382 -200.994441084 
-405.389034 460.277428311 -10.6300011283 190.084960115 404.571185975 -459.509010658 -128.731240857 -114.06699421 -321.003211826 -29.0468425171 
404.095918669 -12.8965596464 -322.061371881 -176.215007189 -136.418224917 -460.274962711 313.227708665 448.065777687 -397.45873903 -11.843100504 
-138.744391761 61.6408125331 300.467269571 -228.077886889 -251.537159064 388.122173001 -427.626933392 -26.245486654 462.076350679 29.046841734 
-151.797497049 314.638576501 445.868603033 -314.721394378 -75.3928552362 24.813901858 -434.634729934 -451.728856695 224.449045561 25.5290219243 
-22.883155072 -232.001395021 33.7839952652 -450.827011847 -9.37452945061 -321.783680856 13.6951199687 -316.728259957 460.876963552 377.895049523 
294.487445177 -396.390283541 449.981473063 -186.302857115 437.522838836 -324.86762762 -403.357793295 -9.47446733144 -103.019881798 -29.0468425166 
-230.686339359 29.0468205965 -183.439429653 396.779987638 -429.030999033 294.741971416 21.6791015244 455.051783474 -402.375392506 -29.0468388922 
-25.5941138372 107.091676401 -414.262657991 -367.855039582 420.278916603 201.298932481 191.589260538 -29.046363571 303.190364073 -223.126443421 
317.658935445 -104.767924598 -12.0269887049 107.376309357 453.325269149 -14.444960316 -218.417231771 -436.973837374 432.019809484 -326.832483685 
435.340252348 -310.747385071 -12.1263289224 213.433795396 -234.230330796 -321.933945595 398.592752988 -102.030445435 -430.424672347 29.0467412378 
-184.746730184 -210.242513248 -8.97877723213 291.361953689 320.307738401 20.1070959797 455.707749053 -403.638816406 -29.0468425172 -430.11168345 
27.8508854886 290.017825567 -439.802904571 -441.402694439 -29.0468425172 460.047913483 188.285245873 -278.148101828 -149.702907621 411.424105873 
-81.9511908188 -459.042485905 314.153103656 -317.099130285 29.0467566127 -242.045280911 276.269291318 452.251409721 -17.8886603134 -20.5989766526 
-29.0468431727 -223.603024256 410.506543342 -378.678803168 -443.738286174 -29.0468847668 460.341955354 310.570975543 188.78872507 -16.4721632131 
-325.548314861 -29.0135163509 -458.986253955 -9.78612302898 -30.0899390711 410.085567337 -122.651321756 207.937238959 454.897156407 -237.286173867 
297.940683922 -317.358039582 28.3969439673 115.345338985 -204.169553036 -91.0118117078 -264.635702695 -449.236544741 372.942010453 -88.2636866115 
454.93946169 -183.231843293 397.075291976 29.0467322078 295.093381912 -231.149598702 21.9619147376 -402.154058702 -29.0470245705 -429.199375724 
-207.345235801 -2.36296268315 -316.945237424 -413.265068639 -428.100464218 -211.040017066 461.559229673 21.5786250786 -9.18921581278 324.59703463 
83.9016057989 393.707747369 29.0468380082 388.913711539 -3.23476593011 -430.786660142 462.16821895 -319.026448418 -234.307916935 -141.204004776 
-29.0468425165 -459.644038553 -167.844811887 449.73097403 -397.003865269 437.93910902 299.172493802 28.7907700617 -29.0472971944 272.171418518 
458.951489003 -322.125252396 -398.7261423 -13.1808647284 -459.949141252 -177.24113508 -134.240905708 313.165347673 405.153132945 -11.950988662 
-185.98616282 -128.839884632 -405.168562451 -327.667683821 -15.5357296878 -459.588463371 457.500855571 -29.0468433845 287.637141225 410.818731183 
-211.358392963 406.932130287 -8.00655259501 -143.949581655 320.084248524 -430.629028962 -348.489861207 459.998416444 186.527515036 -29.0468425182 
-399.330925564 297.170793039 -459.921306288 458.946516269 -133.973747891 -177.692268279 -29.0468425173 -322.18284418 405.229374315 -14.3798610397 
-6.46250244213 -121.130707914 405.206822576 1.99990895937 -50.7969042575 -319.481673052 325.019948044 -421.823442686 -201.108935253 -458.133533799 
-31.2267484895 223.681507772 -459.735334329 -251.259555193 276.134319206 430.847770531 150.041761002 -289.246571675 408.72846575 40.518969228 
31.5123223301 452.552971768 -29.0468425171 -214.992851395 289.337206998 409.305795081 29.0468318455 -421.624080736 -458.222363684 207.436100152 
-123.384019702 -458.593125169 -414.368438039 404.637669298 -121.804841213 29.0458618931 460.582681781 -193.035332518 -319.325252834 -6.01640971705 
324.601875422 -207.135978615 -2.32466182865 -29.0468425175 18.5126876541 -210.022327845 188.66692442 460.122278531 -427.496105099 -197.832711048 
404.468295264 460.217307077 -321.710389262 -13.9336489766 -397.006470044 -12.0417874045 -132.884946205 -459.917900314 -104.944194306 312.706971543 
-412.155952533 -36.1852109439 246.11486816 -178.254448028 316.323715402 -396.904200208 21.8175197998 -18.379404885 432.583998303 452.979670951 
-27.7775388222 -29.0397066945 429.08315175 -412.131345095 -184.603192882 189.735654123 -406.465043316 221.47219174 18.5916330041 454.943505067 
188.823861791 -445.221423799 410.507682574 -29.0468464079 -222.382772595 299.318744455 -437.741032615 460.34178649 29.046774176 -269.147724745 
-376.148626603 -28.1390338116 -52.2380510218 167.67344731 309.213322171 309.966861784 -390.946289978 -29.0468425171 448.409494948 -169.642130873 
424.93585671 -237.702328746 -242.414175238 454.986919297 -30.3565003025 -62.6973378723 219.381579261 207.827463923 -458.95144256 -25.1238935322 
461.609193266 -414.258888163 -449.583665387 -233.404813237 91.6206069458 -284.272222906 253.954602652 29.0466877804 -191.592918807 28.9991666146 
29.120626054 -440.940102378 -104.559351509 -27.8650142255 372.967016342 258.899824457 -125.042447599 -299.799458794 210.238795915 446.228381849 
280.236091217 459.79735797 -210.890727169 -221.306138869 321.531479236 54.5394731672 -3.80221575305 -430.113146549 -29.0468425172 -441.321744972 
-45.0090336297 309.001570353 -461.227870867 -27.7526050734 -390.628971255 -168.292739089 455.953614803 310.37827445 -29.0468425178 -378.252804064 
158.878245554 306.872939301 308.396708914 -359.077559097 119.983580399 -458.841938796 -29.0468425172 -288.034781458 -115.491720899 -29.0353149435 
-172.849356568 -460.378236791 -288.038912637 453.196447584 238.080559303 -29.0468425154 -313.505197439 312.559650788 29.0465338283 172.804884072 
-424.455188935 -180.745072979 22.8137969013 -399.459434823 415.820305871 -28.903364649 455.055369231 317.309714376 189.321345704 -28.8720150049 
-192.138127073 373.916356319 -121.034428941 456.313937935 -322.441438013 29.0468552701 -410.52176365 -191.047031447 16.2165247396 99.5903834328 
-376.021067191 -29.0468425172 448.445228804 -391.036161106 167.674193347 309.209517881 309.869511026 -52.2404878063 -28.8568346916 -169.741644307 
426.509615353 -7.62458911365 -456.529827716 294.774637204 452.44561392 -29.046842517 -98.4753133508 43.5188090427 104.694261111 -319.339209047 
-290.998934621 432.153525282 -8.07034116878 -319.690874105 29.0284236658 35.3052503221 -168.975371769 453.243299651 -457.622776867 -98.7352100476 
-458.590622357 33.4481458563 402.643231876 -1.21184935499 -175.571588799 -304.030242276 -317.776766958 454.660018164 -119.078214547 10.1750711501 
-29.0462670899 -25.8242225307 -180.677301598 21.5019808923 454.181190884 -412.77454147 292.470323466 -402.079924813 218.022983916 430.627012593 
450.553537188 -212.075058274 435.784115456 -410.055620103 -29.046842531 -457.125031972 -29.0468431176 259.161661062 -173.477901334 185.80234581 
-248.635888743 29.0468253778 -226.937604552 387.495431794 462.003512833 294.519288772 -427.16063071 -137.415590582 62.9441884236 -29.0469874371 
-118.218614362 -316.261054616 -457.665587841 390.67261027 -12.7620168042 -323.983195075 -237.939939958 6.03985190323 410.087139047 -5.51963107415 
-430.113905478 -11.5625262346 462.461093681 311.159301177 -213.052380209 391.445001397 -338.540901117 -13.3385297909 -234.839689293 29.0468370309 
-389.441896836 310.308934481 29.0468421197 -14.8334113278 -17.7732469078 -217.133275089 -251.047390054 396.925237666 462.091006324 -434.271513336 
-239.490551804 -28.8278306491 -313.33180592 281.248122885 28.5570277667 29.0468180494 308.71578384 -12.8069059631 -459.646351011 452.031661277 
-391.973464393 -52.9180875052 -183.596600562 -29.0468425172 445.340496047 309.684686876 -374.055320594 -23.0983366051 -404.959818618 310.369128916 
445.324343597 -391.909042233 -29.0468425173 -54.028871447 -404.893860455 -183.641443589 -20.0842089245 309.540015818 310.303930159 -373.854387656 
-207.782152621 -134.876426136 321.69282632 -376.883093969 -3.19025076041 461.855132432 -427.463258311 -316.617271556 7.0259752063 -7.534747695 
-195.229920497 458.429499334 -205.056355884 14.6261229858 -6.80838698791 -192.906372854 -425.413827888 29.0468379152 -412.708255951 322.728763694 
-391.785044846 309.465697946 445.064913701 -28.8828608848 -183.239659176 -404.619309301 -53.3716357355 310.158020157 -374.410176759 -29.0468425167 
-418.488318828 392.642674705 160.132390308 368.098251961 136.164834899 -218.082925935 -86.6824438508 462.59918416 -65.0036869867 -438.154203025 
-210.436954252 -335.011790937 -233.14685563 29.0468213845 315.767212789 -6.13815062756 -430.531493657 387.259827729 -21.7849307912 461.976108815 
-322.683269485 -400.498295282 -6.24603634086 441.957585754 -172.139116431 -459.724797645 446.80933382 314.767824642 -104.30516384 -15.9090360689 
404.635460975 296.523378487 -22.7957391649 -197.97659991 -11.3460097209 -131.142939212 -321.390523559 449.425676335 -402.829313159 -452.496229244 
-323.707686331 445.572878759 -29.0468432459 -459.80262219 296.300267447 -103.65379315 -6.52155950035 -169.804909756 443.182586896 -398.311209078 
249.096663315 -383.698863016 -171.14208888 436.195985598 311.88599999 -29.0468425185 -455.303292164 -49.7143091314 -29.0456460442 264.674720427 
-455.925178549 51.6318130156 3.08425243181 -368.953903249 -29.0458090227 451.279031133 -29.0468425172 303.299791899 311.458469879 241.80392463 
-436.921318094 318.24473858 -18.9613776374 -216.821776703 -12.5990215538 462.587947318 -219.177425362 -324.458405256 392.545124629 -2.4836688729 
45.9202038556 -29.0468425172 461.991578754 -428.863748652 -209.003850902 -135.600516235 -5.21502560971 320.707996722 285.069485122 -337.707707621 
-242.156688722 -29.0468425172 294.407818316 -185.238793637 457.133387525 -459.664554082 -28.3412437243 -404.423600127 417.376165493 187.814956776 
-146.67071355 25.5226680029 -107.627169619 -335.082847241 164.134245621 421.164882398 410.804130778 140.04540001 301.699743276 -384.211542638 
-312.669252172 -103.640787081 452.651514735 306.704782225 -379.653698176 313.801182505 -29.0468425172 15.3021348986 -391.719667152 -19.3883865894 
-109.872418553 318.126296467 -217.679567046 205.920155248 -434.007666924 -3.70192395822 447.328697988 -0.0434034234031 391.604406249 -319.60554771 
-394.325583311 28.5144256851 313.692073093 -305.811337852 -28.9696942455 -177.296846271 -453.238519924 232.881374803 445.64807309 -85.7284448677 
293.998863819 -169.48047245 -459.661937506 -323.102427447 -102.753847083 27.9767206614 444.890625998 -400.385677581 -4.72921363856 443.861848609 
-410.091186136 -176.279064429 451.224054284 28.3315043512 255.240621271 -397.504368325 -14.2145162092 312.563142888 -29.0468525086 435.466283512 
-459.597065352 -13.4646756326 224.630219993 29.0467200821 461.325179816 -315.233015684 8.66395391198 381.693894199 -316.654437337 -120.635881183 
-13.1832119526 -376.882054644 -459.227129025 -170.839871107 -321.676914911 -29.0468425177 449.555314082 189.58689415 -102.112708719 438.231340581 
-200.702395968 444.148078018 303.568488095 -322.985089974 444.603850179 -398.903343974 -29.0069656718 -102.403390644 -4.03950034548 -459.614362744 
448.887591331 -98.5365521012 29.0468423025 -192.740614143 439.344769792 -458.878681823 -320.874589342 -410.908975529 2.48944248212 -167.579476962 
-319.006439592 434.586946872 -267.796000636 -457.77039183 -29.0468436775 -98.1869423561 292.29944838 -7.94048152091 249.575193043 59.8225399244 
-26.2426233227 -4.08585033582 -319.7263248 323.29709062 -122.921110305 -6.89076109615 -347.269453103 404.766026775 -424.182090569 -203.684429334 
-449.608758466 -23.4981283223 -226.863453149 309.52417339 288.745260399 -14.4375210671 -29.0468425172 -371.589791881 460.907237608 55.3088960749 
-104.830782281 -59.7981633681 -200.001202699 -422.721807108 0.960756720653 -457.734072609 222.403123983 322.983862043 425.818944161 -241.050281621 
-286.167518652 -26.8768937742 319.842389961 444.726526846 -11.2393290658 -212.606001045 -320.680878864 -6.18327414106 -431.513990939 285.845328692 
312.741525508 404.449752082 460.222717127 -104.900138747 -13.4666297327 -397.009252402 -12.1470059489 -132.875943648 -321.721991998 -459.918087961 
460.903840051 -355.741933664 -191.491074369 245.01287588 -7.32061216838 -408.590767134 -29.046842583 -460.1520734 29.0467654637 308.705910736 
-242.043011528 188.063490891 -405.166357338 -29.0468425302 -459.575781125 290.762320273 -186.084416972 416.904126615 -26.2164960501 457.404656676 
188.129565771 309.381276442 -459.560062085 -27.8388911702 446.981481181 -29.0468425186 -202.638220243 416.664685744 -400.847522007 -241.771621325 
405.141836502 -459.922072077 -399.288197745 -322.085438097 -28.8879540098 -133.952504964 -177.64861037 458.951442034 297.681538385 -12.8582119986 
29.008631885 -444.099837143 461.171194337 -259.543523666 -286.246415096 305.860985803 404.818329221 -148.964804978 -436.750832693 29.0468230581 
265.3675113 162.736971081 432.062246912 -4.37170982921 -48.9011292429 -319.818936792 -248.026855985 -147.915792112 391.385814282 -462.344975437 
-398.849440258 -11.8014079722 313.216384882 -177.421412793 452.767786287 25.4253264523 -203.778250042 29.0467827523 432.930417934 -416.73374405 
314.423575251 188.300343598 -179.211228704 454.363531435 -20.1393653172 414.775070201 -398.146605298 -29.0468439963 23.1578669188 -427.425802204 
28.8210548789 102.753482033 426.004188109 -5.12289587745 -193.467449028 -97.4510666692 -123.511743691 456.285914485 -414.093867836 -318.465381718 
180.35619606 201.107593633 145.277720423 -37.9513736367 304.391211958 459.692224378 -96.1384318817 -268.417147376 -450.794539508 -237.769195902 
436.241103874 -321.633919198 -13.5091868438 -101.797452034 -421.739737559 -202.491925605 189.07841776 -29.0468425172 450.754924432 -408.017611471 
-322.701776211 446.854716317 -6.36234218474 -459.720026374 -172.103227667 441.912773079 314.80559069 -104.314961208 -16.1324579648 -400.57222755 
133.651931392 -119.257985177 194.39074933 320.043072954 412.19448211 -424.308332169 -206.476834368 192.152925582 0.947131020767 -25.3549900851 
-325.739669029 -422.625722555 -28.0337148559 1.18641654839 410.928656202 323.08469319 -344.185004284 -10.5088686752 -199.906185991 -122.220400102 
433.362852112 430.113835111 -323.562391428 -28.9492005359 -5.54735035099 -123.651961582 116.981494852 -100.813489885 242.020526582 -406.870823582 
410.152301195 -458.968750909 -9.83178871893 -29.0468458875 15.2217940578 -325.523915014 -237.74848274 278.202447314 454.556260317 -122.497152216 
43.5470690504 -7.68063030303 -98.4785552507 -319.342336982 294.792097809 426.516039688 -29.0468425308 -456.528617728 104.687742397 452.444571695 
-3.80375492462 -332.249247969 -21.0772593375 455.491285853 310.042894018 -389.68540754 -374.781905358 309.224660183 -29.0468425172 -97.1811957399 
-432.420342122 -29.0468425251 -449.175875893 -3.86922614717 406.495399943 -214.276656625 186.28869836 -212.709991772 319.429128445 459.957173805 
-322.19645999 398.340468307 -460.186006324 -319.959134329 386.816389398 7.48245614171 -132.280433591 89.669664782 461.924498847 -6.62083730972 
-359.566207853 63.5938412744 -183.734306566 410.530778344 -456.587725074 -29.0468425172 307.923352553 -322.382147074 -114.033957811 -0.635894745378 
-99.3446227529 455.185823546 312.57462476 -4.58924429564 -461.664318175 -42.7380966007 312.695909266 -388.334273886 -29.0468425173 267.057337294 
-431.250297156 -5.08018533031 461.62183981 -20.4289240653 319.557956514 -213.673642782 -9.27014481666 -210.989194788 310.900506147 -333.773684325 
-29.0468425173 -212.118394268 320.111771655 187.251667109 -433.162462507 -447.998518061 -227.884132838 459.951208959 11.1476181486 413.15086154 
-404.073056904 -128.889039167 -456.186199769 -29.0468425171 -327.712261781 410.84999384 -116.508738092 -14.5410676414 459.38146675 293.058523761 
-461.008409953 -78.1788440718 -212.649201824 452.635326834 321.200211756 -367.832506933 177.198713176 78.800461038 -162.920006103 -158.060578069 
-160.747184529 -441.797499193 -376.655625191 309.461299255 256.25125469 -287.343437624 455.104910562 -29.0468425173 29.0050745501 61.4115212547 
-101.139397367 415.290343047 -169.848077841 -321.467459098 430.026572274 -11.8344923525 -458.956418689 188.888088613 100.013298443 -29.0468425388 
-326.841322763 410.881066141 -125.848448624 -188.729323998 -459.315821482 186.492432022 -408.46139259 458.13844921 -29.046842518 -13.391856008 
-388.668171975 308.461529626 -461.315478152 -7.96370840154 456.727409832 13.9939033855 -29.0468425168 269.743875939 -97.7496640596 -315.14786009 
450.870080013 29.0611789551 -152.80980589 -452.24092596 -360.402789413 280.341928751 413.546886454 157.441490909 36.9790038553 -80.3217677809 
-209.762445037 -306.998223793 460.808089761 -212.59691555 -29.0468425172 8.12229476334 188.441722185 -4.71933875168 -430.097140385 321.917081093 
-169.596905085 -29.0161728193 162.716145358 4.48313139407 309.300166819 458.22177914 388.514133931 -461.001409424 -391.356635721 -317.328052633 
-7.95807387606 53.0838260673 -430.104335326 -210.722822835 -441.855829668 -221.65563787 280.210867402 320.493254727 459.756755658 -29.0468425175 
416.085956477 -202.732360002 -400.502924421 -29.0468425172 -459.558037505 188.328147599 -9.6759522701 447.226074729 -241.765700636 316.985067996 
177.135909487 324.173147256 381.721296505 0.236746581639 -123.357417825 -202.356881619 -319.151972526 -46.2877453225 -0.925589099214 -422.965545408 
280.322649953 -168.191427626 448.505360864 -397.541767096 -320.78457233 439.983953258 -22.6228893623 -29.0468522653 -459.738033366 5.74297062306 
-9.09913478897 -429.541850512 320.620950108 -404.091290842 455.88058278 290.172381477 -185.217849183 19.4788383231 -209.621423302 -29.046842517 
-202.593467409 -1.51260208468 164.085149262 323.962752187 431.522517636 -320.300692403 -34.4834106638 -59.8173908486 -423.191455486 -2.33050488734 
-402.479655089 396.372162617 455.105684005 -183.550004555 294.362449159 -428.928706847 29.0353866807 -230.442273648 21.5009017056 -29.0468425171 
-120.784668331 407.491326592 29.0466120338 -221.108700175 83.5198976701 188.929554824 -29.0468436578 -424.523754808 457.130024713 -408.386706767 
-39.7466961201 -167.726812495 -372.928235753 308.934151583 453.322321827 309.646104871 -373.026856262 -26.7149291944 -390.496948239 -29.0468425172 
-195.226734196 -412.707859091 458.416379465 322.727285874 -425.435251465 -6.66900045279 29.0468328691 14.6513734443 -192.905304296 -205.078815494 
-121.432270348 459.600262916 15.2118674703 -321.849204767 16.0737795955 -318.182647788 365.615913333 374.252886224 57.6912993983 177.619875598 
-43.7644528651 236.639607648 353.915068939 -264.827089645 -446.653953965 -266.80320095 14.9106962488 55.4745063941 142.968564451 -276.723737424 
-437.443199693 -217.619232647 318.286919372 402.615882491 -15.666517529 -258.749421472 -442.61977442 461.425698029 29.0468078092 -223.653259003 
308.349207054 -377.50726418 310.270496359 -461.324270635 -40.8493188669 -93.3944137975 -29.046842517 -28.9156433323 459.386670368 -387.771642428 
292.646793137 273.536655093 -174.446189944 -28.5963681464 -210.135589547 448.013978342 440.771531817 -29.0468425859 -458.019831317 -405.378695779 
305.244309699 442.22921594 29.0468424907 -460.340778486 -29.0468402561 -192.416172099 -410.514483073 -91.510698631 -139.585793791 -361.142165794 
188.451414287 -29.0468425171 416.356366436 448.065695798 -29.0468641675 -406.772519365 -168.487655972 -459.342313329 -241.012840318 187.220089992 
287.978524421 -0.302315411139 416.22813909 -29.0468425172 189.050290782 -318.850074905 388.019062774 -459.069967635 -241.984835378 -50.4214644453 
-144.291811158 319.262938722 -432.067795539 -212.578852266 -448.897372751 -21.9095593266 -3.90008797283 -141.190280674 461.457929095 315.846757301 
-430.35506045 -21.8278365927 -11.8547443278 310.525351236 -235.706941053 29.0468424368 462.513921859 -213.31016495 391.902872143 -339.382993878 
-27.0338073474 341.415488942 -310.866600012 133.786706692 -226.200746303 143.176628271 127.13000601 -75.5638960647 419.226310928 -460.92320185 
-281.572913913 27.7982228624 29.053330128 -443.008313674 -208.414248421 -217.912153388 17.5327027839 372.588953102 227.111493488 347.65199234 
-327.622865029 -15.2192656986 -455.335715914 -29.0468425186 410.882529898 -116.814456174 -404.30454589 459.373733442 -128.769728107 290.928352962 
-29.0468443635 -432.504169525 -450.233089996 52.4926221908 308.382118481 29.0468425141 460.514401893 284.829211682 -246.476234032 -227.230833207 
439.692632044 307.59008003 -244.249776317 -383.869344772 278.917672663 -29.0471248669 -12.8543702352 -29.0468425172 -452.895240826 243.151509266 
11.392531759 -426.67588355 -320.127409359 458.951443312 -204.987747688 -222.634334228 -446.023792616 321.409775835 -1.99775562786 -11.7296548683 
191.828770156 -241.818468801 192.441320376 450.041343343 79.522932679 -29.03737909 305.738159957 -29.0468454037 -461.582614596 411.065624674 
-195.076415796 -192.800613643 -425.357670433 458.575434119 -412.624347994 -205.092889898 -5.16802250015 14.3964069968 29.0468134346 323.140051817 
167.087079535 310.014343676 448.38279076 -390.896333075 -29.0468425173 -169.583445321 -376.264293914 -52.8475769775 -29.0058616664 309.11243324 
-29.0468426081 -396.063149452 -16.2138806962 312.051091344 -409.249982831 255.127529078 93.8385971378 -108.14745352 451.335845611 435.281936732 
-462.070233712 432.527897114 -46.2025055129 -385.62839577 -29.0468425172 -172.808047358 307.275429487 443.498710684 166.406443937 -244.427917332 
315.356454436 -430.519370334 387.264187274 -332.77619818 -233.09597059 -210.427044901 29.0466627422 461.976616697 -28.109193968 -6.12990804527 
305.548646329 103.072730887 -376.480694324 200.41455212 -29.0468963336 -230.832002335 398.614790207 29.0464559657 -217.702322933 -422.749324225 
430.113816712 -321.187511751 100.085286639 -325.422592233 411.217059636 -9.69848495138 -100.809334414 -442.881167546 -12.3787068791 -121.379910934 
313.478686822 278.563001679 -29.046843584 451.787330672 -461.496566786 312.723560415 -23.5939322013 -169.561988106 -389.508259464 0.024709232071 
-169.995380983 -5.96033598712 -29.046842517 443.206298105 -459.798203882 296.546980669 -323.517781752 -103.46572824 -398.234134185 445.549023751 
-319.891629218 12.2291228569 -239.34595077 453.934670909 -7.47372285573 -124.042537712 -458.832011167 404.450076842 -15.8748305542 -318.998762679 
-121.446611656 422.624875795 157.26896546 298.792800081 114.625628248 -391.868851187 -351.57230143 13.9687241752 372.211648064 -166.285508508 
303.655629257 -29.0468435423 -167.205870287 272.126551164 -459.628450188 449.715919814 32.3112821596 437.964143028 -397.127887853 -29.0313045248 
-241.862972371 188.956411774 20.7064343913 -8.88055744563 416.385156244 -315.235523368 454.609834553 -29.0468425172 -238.48347634 -459.084882959 
-204.815098064 -407.42039374 50.3666912181 -168.150150066 302.380449944 -184.302275115 -437.936167636 286.527709922 90.3653779133 248.555789673 
307.820585605 -29.0468412657 453.305374042 -459.364299567 -16.5338836189 -363.233717548 -1.82877417563 -317.288365741 -239.195945059 29.0466828278 
410.529847557 5.96705382606 306.17707148 -315.258175022 189.736020952 -430.113829359 460.338501147 -176.202514699 -29.046850126 8.63303050492 
-322.115472225 458.951442414 313.164620265 -134.232404159 405.140793031 -177.240266983 -398.725227655 -459.948844002 -13.1574126816 -11.9290736231 
440.735437675 -29.0468425177 -168.976244708 -321.052898743 -24.0717097928 448.05073795 1.91326906529 -459.753083257 284.64341181 -397.523050027 
456.199700056 -425.995726144 -74.2730084902 395.563574051 187.730609709 29.0467798907 -29.046801074 -456.289625082 210.917316073 -224.015516282 
383.87972584 -239.24104617 -41.0174227535 3.32087514733 420.385742493 186.067664281 -29.0468425167 286.477294779 -458.820830019 -323.856226944 
-27.7448675851 -330.275069404 302.185354607 29.0468425174 -410.530483776 0.442062435428 -191.712496007 456.788282692 -356.688508379 -117.071276573 
-279.07445738 -252.34140268 402.19202691 -443.149811221 -435.949745084 -216.621457031 29.0466655339 308.135527115 27.6333656981 461.295516146 
-137.426331583 -196.83075935 78.8006987026 -419.991715663 -404.420663756 -97.7855815114 421.768365053 -319.053018533 458.158060459 -6.69536219731 
-411.115563744 458.455998905 -29.0468838224 -418.52813045 190.465534145 413.989427756 -192.985749897 12.6733549851 -191.391638809 29.0457609932 
455.711620833 311.480478313 -460.486758717 -316.350226347 -98.787973646 0.477533199928 -173.448232206 285.951991178 -395.548877334 -18.3189522115 
-459.143178741 190.555845647 187.148328904 -241.753474863 -27.337633812 449.238378647 -406.895666823 416.407193163 -29.0468425173 -205.92074619 
453.734666199 -29.0468425172 -24.63652162 250.175696152 -444.644322918 304.265455826 -309.242811089 198.227115543 -373.05232013 15.0948688441 
-426.750462312 -6.47618142436 2.84794248107 -99.0884389393 -207.205757306 -315.591959483 458.976565085 322.563455685 -453.782830244 -165.881263869 
-459.536174422 -396.902705 303.412106828 449.348882258 -29.0469154902 438.575142396 275.020496499 -199.450712359 -29.0468425188 33.6454067826 
309.294557326 -29.0463866111 -29.0468425172 460.930829658 -371.381048366 -14.24344296 -226.981461761 -449.705945181 290.789156914 60.7326669551 
-162.990154438 -11.263757673 -320.620638966 -453.15690115 -426.090919797 457.127479885 -204.506096149 -0.896308056265 4.2698399696 321.885435777 
-459.798135251 -8.02722416089 443.223303853 296.697018189 -398.247298496 -169.94105604 -323.41142681 -29.0468425171 445.531914993 -103.36441059 
301.916590344 -193.857084821 458.567708233 29.0318043609 -191.115971215 -459.399584729 -29.0468425294 22.1239162339 -363.589041897 -411.404887774 
-29.0468427393 81.5126208149 -397.272146125 -68.6329524072 310.241283879 -163.917408997 56.4830184811 450.072089034 -462.050126708 -173.448990795 
-426.134602807 21.6789935493 406.338031159 -29.0468425173 282.385237665 29.0466328537 -224.716608356 -183.77220877 455.837809782 -405.251318954 
-294.956503639 -201.663663027 -187.776165601 29.0890371223 150.751881286 86.9960318155 340.009493159 -421.847463521 377.544752887 -436.413319297 
-426.198277762 189.069500705 413.494666878 302.234333091 453.590857128 -29.0468425172 -456.20082367 -27.3652453474 46.4167526626 210.123846536 
-317.591479584 288.674331619 461.127144282 61.2518977495 380.01208878 46.9411694253 -449.982310703 7.14743214891 -29.0468425169 -161.514341032 
-404.804622555 -29.0468636945 -242.088520963 457.333553679 -185.64194586 187.967131328 -29.0456401796 417.062752772 -459.623174239 288.569355029 
460.540340909 -152.834249386 317.999688147 -185.698863453 -439.471328253 -222.088679228 10.6797170661 29.0468338149 -440.928399727 409.170276715 
29.0374397132 -459.255004067 -93.0961195135 462.063390028 388.010597468 -315.218091602 10.6400977409 -120.119902775 131.108941492 -313.657787559 
323.115711274 1.43884151302 189.072239812 -422.432417895 -93.155942174 -434.316727764 410.851443052 -29.0468426597 216.73744491 -199.686653953 
52.7612269231 321.16126738 -29.0468428256 276.705650223 -452.357988323 -2.56350900082 457.649833437 -162.248396225 -427.512063822 -206.045385662 
458.901308006 225.69028731 330.409931932 -452.942526147 -282.795992831 41.347007491 71.8434285459 -209.914487055 297.810577445 -2.24170670778 
-13.6914968864 -12.2208478725 312.746586209 -321.696645467 404.436239202 -459.915460549 -132.827872865 -397.012815922 -104.881237045 460.226290742 
-98.8045472153 444.828458767 -92.6309248963 -197.710021108 -458.689496662 -319.912795706 324.46306268 4.43523879924 5.80840927981 -420.578139477 
-19.1524922618 -427.595532538 -397.87451369 454.345800942 23.4099087607 188.214523593 -29.0472711105 316.680183895 -178.957572969 414.933181592 
139.351953005 306.73645699 -382.257372267 -458.337389689 -287.130766816 -29.0468425167 309.984760268 -29.0404893533 -220.865048845 159.477855587 
-103.504704596 296.693887736 -170.006123965 443.225790269 -323.560138517 445.529414638 -29.0468425173 -5.32017984022 -459.802924712 -398.213167316 
-373.665650017 -94.5081039047 -315.980471292 304.067389759 2.72296941565 -455.880647031 -113.947400851 128.6511054 435.729403682 -29.0468425172 
197.947396628 121.053569347 55.977766803 -443.58432268 -86.7595838996 -72.0501825757 -135.616292246 -386.289243194 354.378047577 -337.777238901 
6.51922576406 -316.549676324 0.689042931061 -16.5378510673 379.708653696 -458.632468442 449.757655064 -323.438716573 -134.757104271 248.717881109 
-204.512465858 321.8768729 -1.07435702752 -320.64614329 -11.2755666667 4.06270961368 -162.979173787 457.13172073 -426.098714751 -453.157759949 
-227.653236249 410.508267938 373.194497802 5.96413988603 -447.289834224 -20.1196958585 -29.0468425907 -319.174317338 188.842354128 460.341699724 
99.1090633217 -348.109916572 379.97934918 26.7083792136 312.535348234 -161.785957562 -319.302141683 60.6554334895 -455.748787128 -29.0468425172 
-441.853291012 -221.633338623 280.041421746 320.494816578 52.8772330856 459.754700756 -7.81737777762 -430.114026353 -210.834669613 -29.04684294 
154.402120385 -154.023535882 70.3073700759 15.1652950376 306.772308333 378.337023595 -456.990957951 -277.872865816 -29.046842517 -315.467510358 
-12.277803668 29.0398562585 -317.860526055 186.529008752 -29.0468425172 454.149387085 -238.712255643 -240.402607537 -458.48376087 419.45352789 
381.210945345 5.82660058506 -19.0680224588 461.268374977 -228.90903524 -450.496667333 -29.046842517 286.123528563 60.3394362658 -317.954547695 
-459.053448429 -12.8157039578 -315.014983461 391.355734403 10.2145524442 306.321157511 -239.042832113 -29.0468425171 -292.936607898 156.410909871 
