461.686340963 226.719646903 339.267858444 -461.686340963 -168.646090422 74.6882231289 -331.109575731 -206.876344086 -50.9743778916 124.710353329 
-330.815851914 148.112518169 38.0179784653 -130.267470183 346.201630628 266.912088201 -461.686340963 -3.25673442421 -210.02890505 461.686340963 
340.865100284 -461.686340963 -160.492270046 -19.6141231151 102.075110423 -260.95878769 -334.714818504 461.686340963 219.88857381 -21.173316317 
-115.769814765 461.686340963 212.32304015 -71.1964625379 170.041065627 49.4409282502 325.943844159 -228.63200007 -333.473577548 -461.686340963 
-213.417365486 -174.251386079 461.686340963 178.902524593 -461.686340963 -331.701556359 335.546468224 -55.6412922966 215.242782633 67.144961867 
-124.146732177 -23.2636568578 214.728904854 -461.686340963 461.686340963 341.595387491 93.7803096432 -339.576409766 -179.70718042 -303.522767195 
461.686340963 -461.686340963 -333.77607852 -37.4458239784 154.217073953 229.27337765 29.0828413353 -130.693253546 -257.814590185 326.747597992 
-48.7045089217 340.627826508 -21.2690625116 226.294529288 -461.686340963 -293.1166589 101.706749114 -172.02834061 461.686340963 -332.640751749 
-100.424313038 -64.6333105493 47.0279829341 170.652114196 210.231326092 325.661878523 -224.112147279 -332.76081886 -461.686340963 461.686340963 
-44.4036758163 339.617694577 -22.9590902269 -461.686340963 217.869062116 -297.194478258 -330.729157742 461.686340963 96.5309762632 -172.667292021 
-74.1497077709 461.686340963 -69.0148426244 238.015690779 -208.676067273 176.992382242 330.484271988 65.4336831961 -461.686340963 -337.073228746 
82.198403798 332.166439613 -461.686340963 -343.805117359 -165.929390894 -55.0660007281 -288.011478 209.119484195 66.7646714637 461.686340963 
-62.7776845948 -257.777563154 347.475474942 -461.686340963 -336.387567965 461.686340963 28.9802365537 146.150282712 269.628448905 -153.528946808 
461.686340963 331.883368541 -328.499027332 17.2706021548 257.664332767 -93.9267814312 88.6584826963 -213.127663549 -454.405303285 203.95633697 
-336.43665551 -108.996608691 170.294114282 461.686340963 -461.686340963 206.86646743 326.864327993 -81.3271775698 -236.445326853 49.8796989442 
-140.702621785 -461.686340963 -106.066074663 217.777933658 -337.807645158 461.686340968 332.481948454 25.66232085 111.939633398 -238.494267047 
-245.565880761 210.651294416 -180.320726998 461.686340963 -331.920489497 333.379165291 -3.06947899941 88.6070260741 -461.686341431 -54.8292474927 
-208.992011534 461.686340963 99.4711121695 336.356752016 -461.686340963 -25.6214604955 103.101061845 -85.230961845 -335.692237034 232.735266143 
107.189862051 336.563180488 -204.801431909 -145.355350774 -461.686340963 -51.4375144336 74.9565027759 -330.609490897 461.686340963 224.207593861 
-335.513768254 -214.053749793 301.653119985 461.686340963 -461.686340963 176.915783816 68.2161057562 330.836944964 -68.1995198239 -74.2322954671 
341.560780364 -177.999581919 -60.0692103863 219.48403591 92.2356769171 -210.45615875 -461.686340963 461.686340963 -333.450100457 70.4795621289 
458.357173732 316.877204345 -312.113377442 -318.025290194 -66.2079511889 -461.839558569 -178.956976773 58.9635686285 188.496032718 31.1175279538 
-339.232408191 -59.0703624366 -210.117762121 -461.68634096 209.843588324 -141.89375692 461.686340963 328.642863007 183.470608696 61.166205102 
-64.1414132248 -209.883973499 -163.723795393 63.4316750396 -461.686340963 333.606658903 88.2077616667 -332.83144934 210.13241078 461.686340963 
57.1716025362 461.686340963 -172.268220075 -461.686340963 -222.865063378 328.445887658 208.960508715 -332.5800365 -57.9861060684 170.294275248 
-334.496085189 -149.504346532 133.278624065 328.675210421 242.953150752 -461.686340963 -21.0704899297 461.686340963 0.0294326524206 -273.859522314 
-341.812915091 72.1582999504 461.686340963 342.91235001 -265.426229378 125.084409769 245.565007476 -140.106498709 -22.7679439382 -461.686340963 
-50.8076999256 47.1472068686 461.686340963 325.635620889 211.104047053 -100.735520035 -461.686340963 -332.968777288 -224.707741282 169.566171996 
-224.877523011 -333.991919031 55.559618887 179.990109218 461.686340963 333.953636707 -59.595998451 -461.686340963 -176.715501244 205.094391532 
461.686340963 -95.696429811 -339.247715301 -125.20805436 -245.154348436 347.831970471 271.231534974 -461.687165839 146.921160989 21.1307033168 
-162.80059274 -9.68861749849 227.508195947 -310.162617512 -456.902668045 221.404047739 101.136514257 278.333677595 -279.660451888 373.805522084 
337.120883358 -330.597836947 -218.138835808 -176.541891192 -44.0039754539 -461.686340963 224.849082356 102.957092131 76.2801581624 461.686340963 
330.651910496 -71.4662492849 -215.475155632 -78.2599537637 245.289063051 461.686340963 -461.686340963 -336.353815935 179.476716249 62.8312313979 
-96.8389933036 331.747048135 -215.033615165 -461.686340963 45.047545855 -334.684348201 461.686340963 296.0486232 27.3006806529 170.215392893 
112.979344803 -140.811041501 342.959668565 -16.1809284922 -461.686340963 -269.112775124 245.340852244 461.686340963 123.117510005 -342.312743121 
-461.686340963 461.686340963 -333.918421633 -136.103682591 -13.3972145562 176.660595521 213.607198209 54.7692205651 -249.681383904 327.758410147 
161.246919483 236.945233177 -66.1910553897 345.609728917 -116.739534408 463.39659281 -333.711536837 48.891036653 -207.082040596 -455.756191814 
211.890653537 461.686340963 -66.1118429937 -336.779910192 -99.3903714063 57.4135740043 152.946133648 331.071597967 -209.623979502 -461.686340963 
-338.59224105 -260.874035033 -461.686340963 -176.912219249 212.026993967 335.599927856 -48.5558998891 97.3582876435 -21.0727224647 461.686340963 
226.741350535 -331.556265186 78.6510197854 -46.6864924342 -224.051904902 -461.686340963 -165.123452338 107.737009684 461.686340963 337.259354422 
268.1275157 -101.643041806 -461.686340963 -247.826324372 143.65915549 -123.546025869 346.877891018 15.3584280555 461.686340963 -339.532254567 
90.4003497645 -334.956791518 339.210101396 -198.732478407 -161.620338557 111.17753339 461.686340963 233.149363596 -39.6936617741 -461.686340963 
332.153054862 219.678534027 90.3613247035 461.686340963 85.5341154964 -45.6076036594 -461.686340963 -211.790865244 -87.6324960323 -336.83642348 
-337.686276165 -220.39780648 331.020414915 461.686340963 -106.599330375 269.398367065 31.241347324 -461.686340963 16.6818079903 162.852021477 
-461.686340963 -211.04143349 205.53447159 333.831843932 -71.9974208021 461.686340963 178.98578466 55.7165243906 -86.2270238475 -338.706531818 
-221.4059687 -31.8331896042 -460.3964571 -159.345324178 223.242142341 25.3514867509 461.686340963 -334.58974577 115.392725322 342.028522493 
172.023353535 54.0727597225 -96.426668721 296.78413425 -335.474167582 -461.686340963 461.686340963 332.382734279 -215.881999751 -5.2797723143 
0.0222947255493 -461.686340963 461.686340963 331.328728968 -335.526509397 -209.264782332 299.367539711 174.689275455 -91.6378898641 57.2061596494 
-77.7055575505 -336.468887026 -134.675075201 -235.27273319 332.774280794 210.553035464 461.686340963 -461.686340963 47.3008110863 118.06736879 
161.373694411 -59.658523687 -461.686340963 -209.473717885 -106.155861841 329.615983991 263.31419164 -336.082836351 461.686340963 47.0995371072 
461.686340963 -88.1251677125 -461.686340963 97.7835437521 -338.662174585 -215.582982439 335.59192034 71.9617844216 213.273322606 -57.978831542 
-333.039881802 197.900706911 461.686340963 47.40190767 -66.4762695249 332.021790204 176.27076149 -223.928171008 -97.8792810169 -461.686340963 
-205.695706751 210.708923348 461.459641802 336.308332949 -122.003995942 302.59301675 104.711651999 -331.801459092 -457.20706245 -18.5207793652 
-224.34852746 -331.235143679 461.686340963 37.7988960358 339.683551708 -42.5832498106 114.111280348 -163.13383685 236.071469065 -461.686340963 
78.5837394035 226.638760438 -331.561170507 337.257199018 -165.168720475 461.686340963 -46.7430913656 -224.023222561 -461.686340963 107.653110349 
185.826349325 461.686340963 -80.0608698523 333.77279425 -66.9493774198 -206.918396973 -461.686340963 199.11262917 56.4045451448 -336.201769829 
-185.981030805 -461.686375433 268.287940323 -233.621878051 461.686340963 156.564741882 345.972291177 -76.6345566476 34.6232896654 -333.413721295 
266.983937165 -330.778819302 148.178849773 -130.150216907 38.0799343386 346.113751536 461.686340963 -461.686340963 -209.972898182 -3.17696297986 
461.686340963 340.730752845 84.1402643138 -46.2875205397 -101.972214816 -461.686340963 236.067087804 150.440133569 -214.802644978 -336.429313125 
461.686340963 -228.009982914 -15.9459046229 132.749836196 224.92332785 -461.686340963 -331.447567909 17.7184998229 -145.482542084 329.57741166 
246.095290297 343.234837942 73.6020735031 -461.686340963 -139.541830699 125.772259869 461.686340963 -265.567297512 -21.8596603792 -341.873482161 
-206.505176581 327.586516037 210.499338815 -84.649627063 57.287000705 177.938027443 -461.686340963 -47.1839124471 -335.677751424 461.686340963 
-207.608231893 334.035350122 -461.686340963 54.445538899 200.654941875 -335.62321106 -63.4307436708 -112.95514704 461.686340963 186.851621284 
-76.8016610906 -125.332868972 325.931355873 42.9877749485 -335.37234412 183.620141789 -461.686340963 456.902865125 171.78602368 -232.669680865 
-48.9687672003 461.686340963 235.626199266 -104.048259911 340.54822967 -461.686340963 148.420233115 -216.384143694 -337.339917663 82.7693659407 
-333.795182506 -160.62367604 330.888060593 115.407114645 -41.9436514466 -283.420727494 206.473222556 -461.686340963 -8.63486016028 461.686340963 
64.9769081519 -331.907169834 -296.989672005 -461.686340963 215.362444203 333.36760189 94.0274413974 461.686340963 -52.6494218721 -176.727042483 
-330.906035743 -224.880358512 461.686340963 -36.9433054641 90.3355923894 -461.686340963 235.339443441 339.201785234 -159.312301086 115.043715382 
339.92278009 235.284590474 114.055788394 -461.686340963 -149.391751865 -268.20999862 -335.642034708 461.686340963 88.8200522075 -29.1204215353 
58.9782679054 461.686340963 -296.508557098 344.098556057 149.66145279 -461.686340963 253.941942992 -174.681705971 -65.8861791764 -343.62357615 
-169.598391147 -461.686340963 211.94435585 93.1895146922 -291.660954419 -349.051736285 -33.3802363723 -137.302875838 339.741068737 461.686241677 
461.686340963 -71.0420362933 -187.875689682 46.0856039189 169.509660922 -461.686340963 -214.8283475 349.927722571 -336.272991362 284.625030628 
-73.9997306864 -461.686341164 -336.004783084 -241.937195048 164.84468505 273.634760614 346.242047579 46.0421634997 -193.936719135 461.686340963 
328.963366692 -67.1188023803 231.370794123 461.686340963 56.8794180239 -222.36540358 -106.22766599 -461.686340963 170.592964784 -335.175265953 
461.686340963 -333.002590093 47.0445934025 -100.862311714 -461.686340963 325.581434909 211.02421416 169.482031562 -50.8962263556 -224.81986034 
461.686340963 83.1242564139 226.111141837 344.168410503 -84.8062100423 -209.273908424 -47.4041191883 -334.32145712 -461.686340963 99.2738810657 
-461.686340963 235.909936189 -333.2338253 -15.4686088465 461.686340963 -166.722755889 -290.792622488 -38.0068538905 110.752391532 341.496846832 
175.39974669 -461.686340963 212.724713766 327.241714036 -336.037336587 -65.9861395753 55.6859741212 -80.5167239648 461.686340963 -206.540437351 
200.812525936 -209.106227024 67.3773850459 -461.686340963 81.0644344189 333.864426581 -65.7572049897 461.686340963 -183.241368702 -332.234067916 
-457.468054259 -144.365571725 -341.478830653 195.067523956 -57.7969886907 -223.451013496 31.6183191862 436.678884077 317.022030365 164.581208478 
-28.9683090578 -461.686340963 -300.508655463 332.245239504 88.3528862855 209.352446694 -67.5205474324 461.686340963 -178.82317247 -331.080534521 
41.2843544088 193.577046215 377.155908112 454.518744869 -452.896428662 310.776056592 -347.492161056 -105.355424247 172.955684871 -229.366943552 
304.297560911 174.706791441 51.5246386131 -461.686340963 -210.639564127 461.686340963 -95.0680981566 -335.638559301 16.6163421954 328.419433224 
-461.686340963 72.9397633645 218.712902301 334.35925367 -332.301419829 99.3373100971 -224.511499131 -51.730202137 461.686340963 -169.025735573 
461.686340963 201.828291879 -63.3965146793 -187.035966306 82.4668013703 52.5632099136 -330.885971908 -196.783309272 335.176760701 -461.686728403 
-461.686340963 91.5793570051 -59.506353745 461.682886233 -341.947410107 334.771917062 211.942625014 -180.665877907 -299.952981076 -35.8986558335 
-149.974625236 222.942277636 106.395709043 -342.996638568 -26.853610207 -461.686340963 -275.652137121 -13.2225331428 342.094969457 461.686340963 
461.686340963 57.3503932986 -336.554562751 331.186265508 -64.0772696247 211.86666773 -210.954363434 -461.686340963 -101.09418597 151.293118332 
-58.4318559281 86.0340575347 -461.686340963 -172.910965503 67.9415365979 -224.215777771 461.686340963 339.219602864 216.610643009 -332.986485022 
-334.964452925 90.2224072224 -39.7524787382 233.055064785 339.341619789 111.081396436 461.686340963 -461.688668553 -198.740303001 -161.791238224 
0.0300848838451 -21.0269810101 -273.815875563 133.298918266 -334.483345326 -149.473565865 461.686340963 242.953715258 328.669734554 -461.686340963 
14.4232308173 253.187758536 -46.5051248682 -461.686340963 127.752436696 -253.332875708 344.474904569 461.686337604 -147.888825943 -337.201851669 
461.686340963 82.9918385678 -62.5125742541 -333.633090471 -461.686340963 335.662572919 -223.658445081 -177.004507377 46.5148057375 202.326839334 
-461.686340963 -80.5090052086 327.272934253 175.406621629 212.828572328 -336.013295202 55.7079758116 461.686340963 -206.531119731 -65.9657949678 
-31.1405791654 -461.686342036 324.350100686 -148.83019332 455.437600831 191.383765415 -231.402921594 -335.008564767 -17.9616253815 105.539535615 
-28.4043805771 332.676852636 461.686340963 -331.51335406 -299.154681425 -57.9790526518 209.890879447 -461.686340963 -177.652714022 89.9312126261 
-461.686340963 56.4509297186 -334.015461877 185.952665022 461.686340963 -18.3002351928 333.878344872 -139.125529212 -250.406193398 199.247914066 
9.38290925196 461.686340963 38.6510889121 165.126875387 275.354033709 -330.562059007 -461.686340963 -120.234571168 -208.845437179 329.732036475 
93.2162850817 461.686340994 -349.086047375 -33.3989060058 -291.607411175 339.754421473 -169.558465157 -461.686340963 211.944110164 -137.35085129 
337.26259148 461.686340963 -461.686340963 -46.8734274092 226.450869994 78.4433275141 -224.034062261 -165.261971556 107.432270883 -331.586927043 
-461.686340963 -185.950797828 -338.826024618 350.017152563 282.142180024 -74.9783147024 47.4010566226 -243.191174491 163.16610135 461.686340963 
-344.135893207 66.6514381534 461.686340963 82.988585782 -288.158013117 332.28311226 -166.346279273 209.592661372 -55.2586287155 -461.686340963 
112.182601392 -252.09063189 338.078154111 -10.7027233222 461.686340963 -169.608118599 -337.065823088 208.177544375 -461.686340963 -40.0639304445 
249.151994039 69.6205979329 -461.686340963 -100.505011632 130.750512935 -20.4525258885 -337.36424302 461.686340963 -209.820755826 343.644176405 
343.044886712 -342.263618827 461.686340963 -140.463621679 -268.855566174 -15.7902498072 113.246108191 -461.686340963 123.489791803 245.692887015 
-267.844823796 203.847880643 -330.193392626 334.965436683 -62.0957329838 -29.3807380802 461.686340963 87.1804624435 -187.439714913 -461.686340963 
-178.481105738 -9.60218341231 94.6179271835 -331.032166784 -50.5515294517 217.195962829 461.686340963 -251.153023828 -461.68640523 339.446783642 
148.071760377 346.178382945 -461.686340963 37.9887144932 461.686340963 -210.05535795 -130.300215307 266.920462938 -3.26886974071 -330.829896996 
461.686340963 339.43416417 -189.049752374 -329.414946122 93.2485115841 -60.2645648642 -35.245435669 -272.686166037 215.858426938 -461.686340963 
461.686340963 -163.175044988 -331.241512094 339.659439596 37.7530209179 -224.363177317 -461.686340963 -42.6220280596 114.080378136 236.04130943 
29.3103939822 326.669493349 461.686340963 -257.918846698 -130.620874263 -37.7046288582 228.981547517 -334.370572262 -461.686340963 154.447948397 
42.9224250542 -89.0991174431 -339.26165215 340.360065082 461.686340963 90.2963711792 212.570461456 -80.4426036824 -461.686340963 -212.336030532 
47.7511511149 169.456145696 461.686340963 325.65096079 -461.686340963 -65.7252260694 -332.660997765 -97.32154684 -223.339540076 211.377305424 
-340.432192361 230.849154449 345.177901254 -83.4882718822 27.4532733298 142.789701145 -461.686340963 -219.283397555 -219.528174478 461.686340963 
-115.719143031 461.686340963 170.069935675 325.95309178 212.305891873 -461.686340963 -228.584405504 -71.1508359974 49.4818628144 -333.436498123 
-336.003239023 461.686340963 -249.432580579 -7.58592672725 -43.5726523871 -170.717067763 345.252118946 -461.686340963 111.022070906 230.595312487 
454.890480921 258.730463024 -65.358354705 -294.544209127 167.341245695 -462.132651274 331.73264757 56.0974474208 -178.918549786 -330.603186575 
461.686340963 -461.686340963 210.944151342 181.634365294 61.7669030602 -69.1260716206 329.660865259 -87.7642389272 -220.045210145 -338.537137399 
461.686340963 195.104056038 336.328601299 -60.4953346803 -85.6117651938 204.473430406 -461.686362622 -210.590077613 -338.406457784 63.6381582931 
-341.744484685 -58.9421421955 -158.146197566 183.156073819 -268.635039013 212.972646796 -461.686340963 65.8610968554 329.609521703 461.686340963 
461.686340971 335.633593012 -461.686340963 -20.7397955912 -176.505579833 -260.593474965 -48.1264514339 -337.926309125 212.070873977 97.6093886122 
139.814696106 -204.130929414 -28.7343245512 335.758637879 100.084803958 -329.924103609 -152.272754282 461.686340963 272.756346832 -461.686340963 
-332.888883977 252.098611715 -461.686340963 -38.359427424 10.7121100968 132.481892133 -233.959169198 461.686340963 330.775563526 -163.535617543 
268.777072555 462.550940424 168.556533882 48.1795001677 -218.819847832 -339.439414499 -462.748044586 -68.3353805273 -110.825287275 333.336887328 
-39.7804702055 57.6122563057 -161.138293371 343.303299123 -261.453624799 461.686340963 97.899660969 -335.859912289 -461.686340963 222.826007778 
-80.7381019789 -87.7144255653 40.2161896572 461.686340963 -338.073442864 -221.026216196 157.616115634 276.57520282 348.924373556 -461.686340963 
80.8866728685 461.686340963 -461.686340963 114.839006081 -44.1149561194 -189.268689553 229.145053741 337.694703503 -167.780245809 -324.894405408 
236.020249324 -163.199859134 -461.686340963 461.686340963 114.058494735 -42.6537926751 -331.247082534 37.7092593349 -224.372934605 339.63524792 
-53.0924060614 334.544490255 461.686340963 -174.514538965 215.59355437 -461.686340963 -294.960123181 150.511977983 -332.302121313 71.6117432169 
-210.362430201 -336.413373088 461.686340963 230.196742974 -86.360347884 -36.0448992954 -461.686340963 98.7783654734 94.3419704254 336.597740869 
-461.686340963 199.335930836 55.2701033927 -80.8697745345 184.626521133 333.570363231 -68.1502475496 461.686340963 -337.716479576 -208.276410645 
-184.613252373 -203.551137115 161.454585708 349.557751303 280.411176086 -56.1296745887 461.686340963 -338.282562883 -461.686341601 45.158155044 
327.763563333 176.654013038 -13.3187421908 -461.686340963 -249.581981291 -333.992590271 461.686340963 -135.991468694 213.71452887 54.7482231296 
-207.003067582 -51.9181455578 226.24397546 123.244035361 461.686340963 -331.126335402 -461.686340963 339.106195354 73.7538997536 -170.124184831 
-461.686340963 -206.906510201 -45.6618147146 -167.154831316 108.24121735 84.6207516495 338.980267126 -331.13285683 461.686340963 231.004055914 
335.827938726 -461.686340963 -207.828918172 -170.551746821 461.686340963 222.868616082 81.0526631294 101.209647626 -331.728154527 -49.8934305048 
-325.774996084 -209.813074243 -62.1563576903 32.9397874006 407.390711711 -134.995535981 277.118734208 199.947794297 107.196827659 -391.337898528 
97.7856768888 -338.661417521 461.686340963 -88.1243777259 -215.582504672 -461.686340903 71.9617893025 335.590631717 213.273670453 -57.9790643608 
110.595693279 -461.686340963 -166.872645077 341.332363781 -38.1519958273 -15.6103515204 -290.937705799 461.686340963 235.744294789 -333.21875115 
231.50660774 -300.437988358 -176.284752258 -440.641112076 338.108119118 461.686340963 -447.799990535 7.90599592461 105.458846271 -51.7769540463 
35.9882855469 -337.914927134 11.0001270717 -237.773346849 160.00248577 288.773368273 461.686340963 -461.686340963 333.867428912 -109.078931098 
-215.891844629 -5.03550931843 -461.686340963 54.0505686282 -96.4278624493 172.038975534 296.832674318 332.373082144 461.686340963 -335.507187727 
76.5439674874 -177.196247116 105.785987941 -48.9676096364 -457.49081042 336.759879915 -322.552913625 224.824862708 -173.880830954 461.686340963 
175.029056479 -68.2564942684 -330.630427415 461.686340963 331.636581106 -461.686340963 -182.766336086 -302.761162524 51.1361194243 299.348449714 
-70.8960191241 331.365634668 -337.472951594 65.6255116189 461.686340963 -74.0723496411 238.405280018 -205.862131429 180.003190859 -461.686340963 
-336.122620271 461.686340963 177.862596839 -57.9790504171 211.04413435 327.609196945 57.9789059658 -461.686340963 -207.258102768 -83.1997967763 
208.825118213 328.148737551 -461.686340963 -223.989176988 175.275192907 461.686340963 -332.026973426 -97.7021491757 55.9278807397 -75.9977569967 
-461.686340963 114.091991139 -331.25145867 37.7464200579 -163.165896945 339.677048149 236.052788834 -224.371839216 461.686340963 -42.6116846157 
-327.875940619 220.700180491 -51.6590017096 101.440456772 -461.686340963 461.686340963 74.0072740103 -192.251191691 333.993073538 -175.823241712 
-334.996828172 -250.172899062 235.863316211 166.267239655 461.686340963 -8.45300801942 36.8433958329 329.218664117 -132.980994998 -461.686340963 
209.475651858 -193.060667797 81.4946464288 65.4644724868 -187.330393508 -330.091688791 -461.686340963 333.089719955 461.686340963 -62.3283584857 
461.686340963 116.371753591 -70.8115031814 220.569154326 -136.344933791 342.990595259 -216.989643663 -340.118776715 -461.686421532 56.6089363921 
171.096184863 461.686340963 -96.9880132905 -5.67628441213 53.1977372645 -335.618130733 296.037235614 -216.161883569 -461.686340963 331.863847978 
-38.32316371 -461.686340963 209.558939998 86.6429838605 -190.529972082 -275.097782301 -329.425855272 461.686340963 -64.8999117068 333.920064405 
58.2347745661 208.292040535 -337.996873942 -72.0964640721 -461.686340963 334.692533556 -84.6385110809 178.537730211 -210.657340771 461.686387151 
312.023190774 -28.4211801745 150.693854262 -454.330248244 193.031905385 390.667277042 52.9526968707 -177.688228782 -331.53079183 -209.677445765 
-7.56706091547 -170.736214028 345.252110208 461.686340963 230.643790784 -43.6281279657 -335.990706115 110.976631477 -249.416454641 -461.686340963 
37.7667920212 236.03074391 461.686340963 -224.33849283 114.083380715 -163.153340632 339.651886085 -461.686340963 -331.229915307 -42.6020007127 
-336.941019718 -133.545435196 259.055578762 -461.686340963 -255.085406937 461.686340963 345.041261067 137.700684093 12.0929146518 -8.31875489209 
59.4526782599 461.686340963 210.44550588 -207.865544546 -461.686340963 -331.727231812 -54.4135442593 -170.29413575 178.497976132 327.746390712 
-53.2592223672 61.5609751136 461.686340963 328.741361655 -153.48691536 -331.022454966 169.390596938 -461.686340963 233.853604739 -206.221009815 
-461.686340963 -244.332222522 101.463890209 21.4790422281 -122.10741852 334.470857661 -74.6981919046 -338.576935208 461.686340963 210.64334603 
-333.33935543 65.665138843 -230.669439645 -184.918051819 -461.686365564 192.414789523 200.232274198 461.686340963 -54.540922459 334.787623995 
-170.769206322 56.4245061224 -461.686340963 461.686340963 -326.114938145 227.137447412 -48.4365370221 105.451401692 337.784117293 -193.233980256 
-461.686340963 -332.901799926 10.7321658017 -233.942227013 -163.514442331 330.763534963 252.11568332 132.508046674 -38.3449264026 461.686340963 
284.474781663 157.567181418 33.412688703 -239.374957545 -461.686340963 10.7282190064 -336.357494193 -114.239448514 334.153607551 461.686340963 
-42.1244981463 -330.853297891 233.344552395 339.26024333 -461.686340963 461.686340963 -223.224594809 111.47521017 -161.713783939 57.979037099 
-266.849738876 130.097620676 -140.236181791 343.799249883 -461.686340963 -341.985437187 -20.3667530929 250.485940093 51.2251082737 461.686340963 
-461.686340963 461.684970546 -341.951267238 250.622494634 -266.823181719 343.840704522 51.2731360904 -140.171614732 -20.153842471 130.20952885 
331.235993232 -461.686340963 -339.060476433 2.63120121366 176.561220403 301.382096312 59.2357689222 -209.260226006 -88.0780645237 461.686340963 
-135.575142663 -461.686338607 111.298243198 347.529660491 -234.727004713 -340.401436667 60.9755713095 222.487903243 460.247524281 -24.1384723032 
-70.9968304712 -335.713104837 152.89870757 256.765229007 461.686340963 -151.978932388 58.1707525943 -461.686340963 -213.220106684 344.553012129 
300.619703855 422.130751526 -78.2459165949 82.7521205126 -389.754299109 -224.844432742 -24.7176853264 89.4781897017 345.722450757 198.444975311 
47.15687959 211.098428234 -50.8584816803 -332.944014301 169.58074583 325.63074853 -100.698585525 -224.661674095 461.686340963 -461.686340963 
461.689890491 149.277860933 83.2917084924 -461.686340963 -48.8101322969 236.32662902 -214.480358887 340.604459184 -103.167551663 -336.006438227 
461.686340963 -261.338507863 219.311987629 -335.167812484 -461.686340963 101.597129631 -20.2062675468 340.699782507 -21.6241353736 -160.933647948 
-333.748560244 202.373501203 -223.834197408 335.727199927 -461.686340963 -177.03322337 -62.5192595275 83.0198033769 461.686340963 46.4837199988 
339.826396969 -38.2573960938 -153.82081977 -212.843096951 235.266044021 -331.09587734 461.686340963 112.926115731 -461.686340969 98.4875930155 
81.108054629 -202.982850021 -330.319614027 230.429410424 -133.981111864 118.770574334 337.714019186 461.686340963 -461.686340963 -45.7680218169 
198.073574059 -67.2611950716 -461.686340963 -224.08046984 331.930537641 -332.914356493 46.9192446769 461.686340963 -98.0853495854 175.67703997 
253.628814321 -57.9308163574 343.572705865 -315.91055121 -461.855422432 462.181151903 -320.281481507 -181.809072171 126.693913351 14.5479023748 
-330.862762981 237.910304318 461.686340963 -243.774253573 -0.98381979839 -39.6091225736 113.101216743 341.769119435 -169.226675922 -461.686343287 
272.737816603 -74.3484800744 165.772571447 347.797763326 -153.18551858 -336.973826828 -215.020420353 461.686340963 51.4510601807 -461.686340963 
-2.14965318611 266.933332908 -461.686340963 -211.128041645 -131.064394258 145.922127485 -331.313587638 36.8013129283 346.636228238 461.686340963 
461.686340963 -223.27842744 233.382517771 -161.689445826 111.525561989 339.430819704 -42.0847594819 -461.686340963 -330.862113257 57.979048307 
-210.668828737 340.972452154 -461.686340963 -58.7946174903 -334.274526407 94.6638517791 461.686340963 218.260699005 66.005038093 -179.7490373 
-331.833066222 -297.315346176 461.686340963 -7.19318585618 342.225565708 -461.686340963 244.996635651 116.090779449 -109.648963488 -172.612943091 
-101.523755282 136.164281152 -461.686340963 -340.46480379 345.170772499 257.23501442 461.686340963 -126.90713728 -248.86958036 15.1525809756 
82.9339611179 84.6307284639 -343.20669974 -295.014259894 -168.904764625 -461.686340963 335.976384051 461.686340963 -48.1929612037 204.468505208 
-166.113024393 -330.889977477 -461.686340963 339.088791725 461.686340963 -206.484305316 110.030261226 232.928977689 85.7113069786 -44.5243574421 
-338.728817546 270.994355139 158.522924037 50.6119025258 -92.8904932829 -461.686340963 349.33301683 -211.90267431 -66.3007300495 461.686340963 
-42.7289435463 461.686341019 -155.603374222 330.660441619 -278.529422939 83.656555664 -343.574905963 -461.686340963 81.2797202743 215.4170437 
223.829462335 79.7534393154 343.038578179 461.686340963 -336.388129337 -51.1616028784 -213.365199469 96.0070077636 -461.686340963 -86.6593396599 
461.686340963 -110.743188626 -61.7182377403 332.020980152 -211.11033253 58.3569192867 -461.686340963 141.876779487 211.713836508 -338.820567023 
-461.686340963 -172.393585644 333.341699382 93.8235826456 -56.5259508616 79.086600305 -331.377899922 461.686340963 -206.950724648 215.073852324 
-78.5956640861 115.130088625 -137.5646663 -235.24510149 332.144312786 45.3335089423 461.686340963 -461.686340963 209.271778563 -336.384625309 
-221.026185449 -138.791602804 -329.764248972 -11.2681739206 26.6236971806 -461.686340963 138.948873303 267.998589091 461.686340963 334.198715697 
-245.286269044 -461.686340963 102.930305003 -334.842457921 119.363433249 -130.468093598 461.686340963 341.950476191 -20.2637264022 244.298699148 
47.8254447449 -236.5071991 216.682894517 -461.686340963 -337.086125371 341.169194191 -145.344294091 107.202959661 -79.0008849996 461.686340963 
177.182745085 327.702166972 -461.686340963 -80.9547651443 -333.786774349 -212.700751151 57.8961907127 461.686340963 212.747300154 -64.4626891642 
54.7076252321 -66.5488706563 -109.008873829 -461.686438127 333.473343687 199.506371185 -219.808993661 -330.712755504 183.680054711 461.686340963 
76.8046702475 -172.816662391 -327.094346875 461.686341212 106.253637019 -191.644772318 225.025227226 -461.686340963 336.820024388 -48.8973370697 
-217.668618589 -461.686340963 306.406072912 -60.8041616154 -174.059275335 -332.617064347 60.1163082066 329.818164677 182.763593388 461.686340963 
152.925843408 461.686340963 261.352496049 -461.686340963 329.097381676 33.0746519128 -83.8415602815 -337.528884464 -116.992763603 -230.626173533 
-217.358166892 267.140877233 52.0881218132 461.686340963 330.975202783 -337.061593575 166.798851542 -66.2636726094 -461.686340963 -91.2818342162 
339.666406101 236.06529967 -331.222902924 114.113835712 -163.166677158 -42.6198017031 -461.686340963 -224.277688341 461.686340963 37.7862815441 
332.830927427 -461.686340963 208.90386967 99.7815806782 461.686340963 -118.869161437 -338.696359369 -243.855004112 23.1456226864 -90.270655313 
339.535056874 211.603789035 -461.686340963 5.25070806864 461.686340963 -214.686791791 -169.536486385 94.0442664967 -73.5139780974 -335.807241952 
-227.814479817 332.517775648 209.942662269 12.8844424065 -461.686340963 -40.5998371504 -334.849149354 -140.667324909 135.371934191 461.686357451 
-332.958483347 -58.6369946328 333.680108111 84.2379582777 -173.119901165 210.332197226 66.7602870461 -461.686340963 -224.2156293 461.686340963 
-461.686341406 124.030429312 461.686340963 8.2779581317 -156.896215193 342.397178491 -27.5373494538 -236.010532423 247.705551576 -331.802988173 
124.867031768 461.686340963 -50.864165885 -331.069088268 226.802073134 -461.686340963 -168.481715688 -206.804074406 74.7913240241 339.252961133 
-212.891631751 79.9350768843 -50.8819566453 461.686340963 -461.686340963 342.971495811 -336.040773898 223.768762762 95.7737857243 -86.4388904935 
461.686340963 58.9199317487 -90.5564938845 300.999394373 331.269729299 -461.686340963 11.7586584794 -335.998734519 175.900860717 -209.099392282 
-461.686340734 341.902033135 -38.7583110412 -330.882271168 461.686340963 238.558196 -242.928096103 -168.381357286 113.892919071 -0.000339153800963 
-322.606513024 107.937036439 -44.3299417123 461.686340963 338.387772646 -456.79710865 68.8898371556 -169.614724716 228.916413118 -181.8517249 
-461.686340963 335.225268153 72.2406709826 -163.669732545 -52.0618263079 212.661791487 461.686340963 86.8535811149 -285.719549217 -344.129115681 
-109.371318733 -461.686340963 162.918250968 333.326431625 45.2929654085 -89.048022501 208.318239407 -336.392757005 -236.251039783 460.741062673 
-330.591969884 224.392735017 -145.101283323 -204.74186462 75.0794692007 107.449832259 -461.686340963 461.686340963 336.626584022 -51.310639545 
461.686340963 15.30498028 -126.894081808 -248.764074214 345.200071377 -340.430936824 -101.383188485 257.368476388 -461.686340963 136.323157146 
-340.388775902 347.256136507 -180.74284863 -461.686340963 461.686340963 48.4953907039 -74.7290897304 -303.476944184 270.381413377 162.909924797 
461.686340963 -337.931715801 335.638385877 212.071701876 97.6061485588 -20.7490660376 -260.601288556 -48.1328025228 -461.686340963 -176.51048593 
340.8648509 -160.494601882 102.070502994 -260.961876012 -461.686340963 -21.1769820683 -334.718184284 461.686340963 -19.6169885083 219.887409181 
340.840632831 216.23613576 -79.392586868 -461.686455069 106.790214221 461.686340824 -337.210240851 -145.745802889 46.1202552491 -235.857754665 
61.7959966827 -214.532077286 340.015765998 461.686340963 216.257223932 -333.98450621 91.5434058108 -461.68635116 -188.340323121 -62.3278501364 
-115.692057747 49.4710091324 461.686340963 325.949293304 -333.416674823 170.069795354 212.345138871 -71.152150267 -228.573281918 -461.686340963 
-330.323574574 461.686340963 -133.980020106 -461.686340963 -202.986663789 337.709141424 230.425945802 81.11036355 -45.762824092 118.771683128 
340.637999529 -15.5303525389 238.415946947 461.686340963 -103.057678118 -461.686340963 -336.371404723 113.794168987 121.552607704 -214.117553356 
-335.396079182 343.721034387 -21.2179507742 38.9494119082 -461.686340963 128.779336273 250.695553052 -250.025297965 461.686340963 -135.634768649 
331.031570392 461.686340963 -93.6746884839 -331.834742 -211.362484759 158.4702922 -461.686340963 -64.2996817028 58.8865941691 212.49629731 
-87.3548943319 160.251231935 36.2510657384 -337.270122247 -461.686340963 261.779113887 461.686340963 328.070965018 -116.377394767 -240.191746526 
177.500331194 -82.0148183123 -461.686340963 -334.326161682 461.686340963 57.5696018066 210.839243574 -65.0671282469 -213.686487846 327.534834185 
343.73211834 130.02982426 -266.939692518 -341.997966779 -140.300276299 250.419016708 461.686340963 51.1456473795 -20.4210828392 -461.686340963 
-65.6810826326 -461.686340963 169.451112182 -223.312383543 461.686340963 325.634872566 -332.648018157 211.332961797 -97.3333666394 47.7744653125 
-461.686340963 299.713918709 -91.6754190857 -217.463921075 -68.9354596402 -329.904175261 331.222579506 55.0830874303 175.42403016 461.686340963 
-461.686340963 -205.959120794 107.198929446 -331.329947449 72.1360444272 334.889325219 461.686340963 -53.511131013 218.600649723 -145.346490408 
219.970624247 -334.831134965 340.817611731 461.686340963 -160.746374372 101.894132212 -261.283570019 -19.8354733718 -461.686340963 -21.5588918326 
-265.745055364 461.686340963 73.6146744863 -139.329948922 125.749210433 -21.9092915217 -461.686340963 343.232990326 -341.820135308 246.075968812 
210.285807619 461.686340963 -334.488814502 -226.907487605 -57.7671665769 328.620413362 -461.686341009 -188.980223546 182.116914433 63.004457635 
461.686340963 172.494442299 46.4661891125 -78.5760664019 -101.275656045 236.232588514 329.345147091 -334.161154145 -461.686340963 -227.738516019 
242.066988084 461.686340963 -330.564431027 -461.686340963 176.405422418 330.01612657 -72.7404945656 51.9862146601 -219.923541336 -94.4466676884 
-180.738930462 209.980043472 55.5091569274 326.708639736 -48.7018953281 -328.580526617 -194.076639152 461.686340963 175.114054741 -461.686340963 
-461.686340963 -341.975639794 52.0989601456 -140.06613015 343.69055173 250.251037004 130.102736816 -19.9927516852 -267.064935243 461.686340963 
271.908997506 -80.9389134141 -335.569122525 64.4310187566 -461.686340963 461.686340963 -206.094433446 -58.6649766766 327.837960325 186.191545684 
80.069998221 461.686340963 -330.324400316 54.4976753757 -64.7181491224 -461.686340963 332.304915782 198.545392586 -184.154591937 -303.980922846 
222.83699121 36.9031031063 -461.686340963 335.634394948 -224.131364681 -49.1167519611 -167.767724097 103.643635381 -331.899772107 461.686340963 
-224.880266121 -461.686340963 -330.906093674 90.3356573663 -159.312206879 -36.9422926941 339.201455589 115.043700499 235.338787733 461.686340963 
-48.7470846044 105.374977089 341.896787047 -330.782200277 229.871819404 -250.050861673 -175.579049399 461.686340963 -8.31005086827 -461.686341062 
-281.51096321 -337.876562503 -121.805924341 337.79879134 215.257280607 461.686340963 -156.380230639 95.841169038 0.18268437526 -461.686340963 
168.0611161 26.0139323896 -212.596492275 -100.568805292 -461.686340963 331.166862904 461.686340963 -335.914219121 27.3737633397 266.166229606 
-333.483322476 44.1619300344 -105.00127482 -96.4478610102 147.491545417 328.270844127 -226.0433656 461.686340963 207.062681451 -461.686340963 
329.33464676 461.686341182 -101.199593159 236.408328786 172.59525803 -334.051971561 46.5645032055 -78.4217768343 -227.59138154 -461.686340963 
-461.686340963 169.711902371 -203.979580283 279.639869867 -191.194379935 -64.8788751788 -332.306196056 461.686340963 348.627149553 48.966517469 
-335.040256665 205.615243452 -461.686340963 37.0309508982 -87.4724818831 461.686340963 -276.227843737 -149.181198178 164.428128257 326.425721468 
-154.208855918 -53.3404046847 -461.686340963 61.250170656 328.76039031 -331.025754921 233.551867665 -206.324864924 169.337455565 461.686340963 
-99.1327829613 295.060010857 461.686340963 -333.395408781 332.552865124 48.9980710519 -74.9830848471 -225.600544034 -461.686340963 170.298686743 
-461.686340963 -227.627621423 -140.474224641 135.5505777 461.686340963 -40.5511368391 332.556160733 -334.833598751 13.0698480956 210.011810589 
-216.440650785 -57.2694155877 -338.332451849 335.565948701 461.686340963 72.4229210308 -88.3871375432 93.1018501421 213.280141393 -461.686340963 
-461.686340963 4.07114905673 211.961730221 -264.931231479 128.362365468 461.686335712 -35.8774751309 -341.696294051 333.407393219 -140.858649227 
327.631636261 -461.686340963 57.4257318185 461.686340963 -208.888632596 212.856349771 176.831600447 -330.962699284 -79.2323603051 -64.0523101707 
-245.540054837 -335.163587893 -209.321543044 38.1164636248 414.611593091 186.964575542 -78.3685188188 115.344339835 273.758311306 -454.702785474 
-79.0105882448 -101.524547611 235.943003608 461.686493464 -334.177052618 329.349272661 46.1350699248 -227.940147808 -461.686559506 172.237439348 
51.3860205343 461.686340963 -335.710463717 -95.2593423359 174.57274517 304.15901868 16.5294538837 -210.765676274 -461.686340963 328.524947858 
-117.929702904 -236.503813486 461.686340963 248.803596516 -461.686340963 168.223371685 6.84984650617 -333.756076505 327.295504594 44.9622526787 
461.686340963 46.9705450179 -78.7926570638 106.314436739 -236.055554088 -146.210397524 340.38725811 215.591540995 -461.686287757 -337.073994853 
57.9787977578 -330.846105877 233.341679742 -461.686340963 -42.1210764897 111.471947744 -161.709142802 339.260016458 -223.214362988 461.686340963 
-97.2261039722 169.515357424 -223.190049977 325.641416335 461.686340963 47.8538872507 -65.5832912982 -461.686340963 -332.616977791 211.29829729 
294.518797309 -205.829703534 461.686340963 49.0087810577 332.762736087 168.708510574 -99.5547209935 41.3378697373 -329.642649799 -461.686340963 
232.388693809 339.45718994 -42.5635005764 58.0048725217 -162.016497892 110.798621619 461.686340963 -330.792023592 -223.094225813 -461.686340963 
-461.686340963 -176.597182849 -223.129761667 461.686340963 66.2216725923 -333.32859212 328.127805728 187.912094932 311.171765573 -62.2666758766 
349.990182288 -368.676243192 -58.0780790355 -239.355415003 369.327375544 168.291570547 59.4361714455 233.362101711 -114.640291623 -190.712243921 
216.247086656 91.5210065314 461.686340963 -333.977015308 340.002896879 -214.513450165 -461.686340798 -188.335760642 61.8010133155 -62.3409615841 
87.2566508614 -59.857413547 203.754786238 -224.026603727 -175.698650276 461.686452492 32.0512381476 335.177461711 -333.475480482 -461.686340963 
328.520402052 51.9649643402 461.686340963 -461.686340963 -85.8995836952 304.748486522 -333.200716519 39.3691382435 175.857073674 -216.676143082 
-224.293494498 37.8587027664 -331.235688291 461.686340963 236.051449619 -461.686340963 -163.150003292 -42.6176369811 114.102369813 339.690460296 
208.45655727 460.784555317 333.387677602 -109.326328457 -336.294111744 -236.212601095 45.2021407479 -461.686340963 162.691733619 -89.2841710786 
-461.686340963 461.686340963 -172.484427866 -208.508850737 99.3680157944 335.016764888 220.550354959 -330.416250134 -51.0309433576 78.9893921191 
333.467019315 123.797737217 211.959309232 461.686341236 -14.4241687417 -230.763252141 -146.820014015 -35.8801591485 -461.686341352 -335.192348903 
-268.918151785 461.686340963 -140.514124766 -15.827425784 342.971215429 -342.263594632 245.60076539 -461.686340963 113.241872684 123.402937406 
181.297878451 -64.3184157369 188.437669259 -78.761806759 -208.940500589 457.435294801 328.455205902 -330.983054503 57.9790480002 -461.686340963 
-15.7353053177 203.987591574 -107.08665569 23.9650283587 -216.752967968 -337.544557094 128.443097139 -461.686340963 335.978079173 461.686340963 
462.859096697 -61.8762752531 153.368558184 -462.067446642 264.879785677 -334.504106367 -216.615825029 329.35263101 35.725855361 -115.061829649 
-334.404079249 44.5336026704 296.189879731 27.7911501805 331.403695988 -214.905437705 461.686340963 170.2955775 -461.686340963 -96.7118054365 
-139.517611122 343.170063622 -21.7962512836 461.686340963 246.100779688 125.791013418 73.6942114494 -341.877252423 -461.686340963 -265.602498654 
140.216761612 345.168981231 -343.738066321 -290.250021133 -175.190127642 58.5530868375 -461.686340963 244.920452813 -61.4284639376 461.686340963 
90.7514413829 -35.300798205 333.350539718 88.1477881732 223.561367893 -461.686340963 -241.058466856 -339.828803693 461.686340965 -129.171603622 
182.319349468 -105.411324365 47.7927628345 -232.186195619 200.669410042 461.686340963 -78.4029796392 -335.368197077 333.226083942 -461.686340963 
-339.273125477 272.312996562 177.763612616 -71.8053314405 330.54918782 -461.686544334 -211.929385421 -86.4754784021 461.686340963 54.3432450531 
-269.119153257 -461.686340963 113.054549253 245.459151153 -16.0358288092 342.974787895 -342.355013079 -140.71691409 461.686340963 123.243861914 
-177.953471097 -461.686340963 70.6735975771 341.576718335 92.083796077 461.686340963 -210.470588097 219.525100825 -60.0379984992 -333.462374726 
332.767523212 -164.016593348 -461.686340963 -333.132139255 461.68861205 208.963156162 60.0426555801 87.9021810367 -64.9441574816 -210.305289581 
-59.8705337477 209.95987441 -227.169334225 -461.686340963 67.7677763572 332.360719269 -334.929605509 80.4754825106 -178.639082502 461.686340963 
-461.686341173 461.686340963 106.037627815 -46.4389946832 82.985583016 -207.141988864 338.009813605 228.056964126 -329.624083594 -168.714716318 
-102.002409658 -55.7209541884 152.842785738 -212.919990883 -461.686341185 67.5534275963 461.686340963 333.708339683 210.467127089 -328.465973864 
228.65838654 -461.686516452 -330.90269304 -251.038447788 -9.46777527479 341.52995425 -176.56999304 -49.9169750942 104.253008903 461.686340963 
182.238164577 -336.352954139 64.7197344966 -246.032015605 -175.19738165 329.101381569 -60.2941893079 -461.686340963 212.853009718 461.686340963 
-170.293897641 111.965645877 -2.19473596935 341.143819507 -40.7094300121 -244.814921939 236.843409055 461.686340963 -330.842396605 -461.686340963 
247.142216009 341.942366988 -461.686340963 123.558317876 461.686340963 -28.0421914721 -331.67274759 -236.179451365 8.07710605234 -157.49809638 
-77.3210495865 461.686340963 -339.10370176 92.1350953269 215.485559099 -461.686340963 343.438435021 -212.375013741 46.9337895512 -94.2538118277 
243.982197504 -142.998135235 100.849662359 -461.686340963 123.431270518 -342.528574508 -272.145017609 461.686340963 -21.2411472004 341.885840651 
123.480982648 244.083710584 -461.686340963 -143.349751996 -21.4995428497 100.792129886 461.686340963 -342.664429675 341.947066359 -272.387903808 
301.019050087 58.959976297 331.252180992 -90.5063510981 -461.686340963 11.8262142126 175.926876652 -336.018444166 -209.09157461 461.686340963 
-336.16657407 -60.7151702119 304.178968212 61.9510679857 461.686340963 -82.4030217738 180.282137995 -461.686341586 -207.282852763 330.279371045 
244.279099202 -342.734218801 124.279425767 461.686340963 101.392109378 -20.6689322766 -142.218117323 342.084084971 -271.657510407 -461.686340963 
-132.951878903 242.927690787 342.158774843 -234.472760523 -335.044776225 21.1439318213 -454.405283282 -0.000131385113061 457.14393515 145.548406247 
44.6453799338 -233.226209983 326.955345589 461.686340972 -336.816702483 -104.250015695 169.008693377 251.409700389 -461.686340963 9.90334966047 
-330.322092951 230.549213474 461.686340963 -133.842797834 81.2041871542 -45.6869160152 118.910652687 337.75519042 -202.968870961 -461.686340963 
-224.030083487 337.276094481 461.686340963 78.7437210223 -461.686340963 -165.061749751 -331.53606218 107.914863303 226.876117042 -46.615283147 
329.360101501 122.716070072 -461.686340963 44.4499302874 -335.823511383 204.924879119 461.686340963 -78.2080589727 -130.072631986 -233.99550988 
-18.4297779135 -257.020882916 221.521058169 151.575179782 -340.461403899 461.686340963 77.1033221099 -129.368956703 -461.686340963 337.285449886 
-73.8432795144 -222.105644212 157.634478715 278.311571872 -461.686496597 -98.1992372098 461.686340963 348.524389984 -339.694882632 43.3211751118 
-149.342835902 -334.490150905 133.43347291 -273.697296604 -461.686340963 0.178455141508 -20.908272048 328.655129506 243.08140511 461.686340963 
-218.038102684 -461.686340963 9.65746202673 172.950683182 297.728367082 55.8196781673 461.686340963 332.176997541 -336.184265201 -96.0372794997 
175.478356416 461.686340963 -332.980749007 -98.4041603085 -67.509626253 46.6444600291 -461.686340963 -224.363922765 197.363040043 331.767903704 
156.561985957 465.521424248 -192.397425903 -318.10334246 -29.280206186 107.993858605 -166.250870202 -443.581465169 349.947097173 279.146025477 
19.6309649985 -122.548290937 -91.0044262061 345.326891237 263.395042755 -338.662927808 -461.686340963 144.926182154 -244.382117962 461.686340963 
-136.826243679 334.601375453 289.115305294 -7.67208416341 158.310132141 -461.686340963 117.312214135 461.686340963 -244.563740084 -333.212266073 
-240.275851152 461.686340963 -338.112695912 335.828336639 -461.686340963 -110.636477084 87.9272372431 14.037046602 -122.484645718 211.44441392 
-331.572176622 -75.7234848632 46.6860493113 329.928477425 206.015834249 -461.686340963 124.815828163 -230.726670574 461.686340963 -127.982079396 
-212.844409216 112.926358963 98.4874359479 -38.2574702074 -331.096324564 235.266887469 461.686340963 339.825524392 -461.686339701 -153.820971879 
-47.7171626784 212.482523014 98.0913363836 461.686340963 -20.2495698337 -337.318346955 -461.686340963 -260.180208238 335.983543175 -175.949830835 
-461.686340963 218.54712994 -53.5971322084 72.0735886789 -331.267122799 461.686340963 107.235278434 334.772461906 -205.969742474 -145.311001258 
-76.1413778879 127.101155856 -335.500403461 330.038664647 -125.69843338 -233.062454584 -461.686340963 206.541482785 461.686340963 47.4422285067 
-110.735603679 211.714126256 -461.686340963 -338.818718538 141.884218506 58.3604731438 332.020556658 -211.106518292 461.686340963 -61.7142373998 
-333.774866044 -156.52729178 102.615674089 -64.170332748 461.686340963 -210.703384028 342.863543986 -461.686340963 15.7471723856 225.021863709 
66.3369776509 461.686340963 -333.098848836 329.745676538 -174.430804015 -461.686340963 -57.9161649277 -223.824344707 182.899713037 306.546881632 
106.955113164 -461.686340963 -12.5955829566 -342.679306704 342.046344403 -149.646967309 461.686340963 -275.125329857 -26.8925709995 223.375469922 
-58.1117599727 457.801545714 -305.599683419 -186.002973357 -461.686340963 64.3607247693 329.52068857 -330.039817751 179.421222091 194.575837616 
-40.8555232183 -206.001786454 332.989856395 -125.320873421 -461.686340963 292.425109798 -332.202462905 461.686340963 165.984877665 71.3141635977 
339.658011962 -224.322713877 37.7727124848 114.08904049 461.686340963 236.047065326 -461.686340963 -163.162273997 -331.224792597 -42.614654413 
-26.946573612 -294.28209964 338.110853087 104.57882948 -167.304211949 208.590339643 -461.686340963 -38.895562372 461.686340963 -343.447706483 
176.847291099 332.183650863 -223.193524679 461.686340963 48.0554657731 -332.497556285 -97.0549310781 198.366173721 -461.686340963 -66.0875835636 
332.294502984 -334.391130123 48.3053127632 -461.686340963 -118.380837587 461.686340963 -73.0883902541 198.875011471 -229.998920209 176.664321337 
-223.232163334 -42.5513287047 232.456022078 -330.883493992 461.686340963 -162.023078496 110.867645547 57.9790504053 339.476796317 -461.686340963 
461.686340963 127.249626004 22.6970989265 -330.160102783 329.213244216 222.162833534 -223.74192924 -22.3489438795 -149.867536013 -461.686340963 
-25.7570339678 432.124142067 164.297519284 -461.686340963 293.85933545 -333.011880387 138.113436813 -147.655039318 -244.908185908 4.04038260472 
233.147393249 461.686340963 339.212089329 111.174163994 90.3949093891 -39.6934613574 -334.955262602 -461.686340963 -161.625563623 -198.728255102 
-335.916868827 332.581572303 -107.862079972 -82.0297203703 -461.686340963 202.890648906 -234.254883934 461.686340963 43.6456433187 176.006474932 
461.686340963 -57.2050124592 -179.027558662 -461.686340963 335.774288028 -211.561673111 86.4434426635 71.952235511 204.33827762 -334.282953207 
-72.1639580693 427.375390921 -444.003397468 252.189092019 158.380683719 -49.7757390192 -275.803230903 368.72320127 -127.317457668 47.7938939347 
-151.436320007 -331.307498461 -461.686340963 -206.488558687 -55.79633466 70.0537227645 333.900540243 461.686340963 100.946700752 217.250979683 
-330.304713979 118.770979721 461.686340963 -45.7627531866 81.1141829455 -133.980717069 337.71972574 -202.966428088 -461.686340963 230.432714861 
162.020307703 36.0207114667 -336.707737795 332.801402521 -208.37467775 182.631435982 310.917360987 -83.9176421609 461.686340963 -461.686340963 
327.451942737 -186.207163424 -64.7217040137 -461.686340963 211.064694735 -329.945131001 56.4987616612 461.686340963 -305.805879929 177.492789195 
-160.29466807 170.29411423 329.496542497 -461.686340963 461.686340963 -70.1642798126 57.4481687563 209.952546988 -331.221661817 -219.688028 
212.714533104 57.7039347633 461.686340963 -461.686340963 -212.792533072 327.654549243 -64.6456992853 -333.844462199 -81.0194001906 177.029273843 
219.533570934 -461.686340963 -210.467446073 -333.459437399 341.581066004 -177.93981869 461.686340974 70.6799405567 -60.0304309821 92.0892596168 
-144.587936715 -21.8706604258 461.686340963 76.11782468 -342.192195612 247.587598194 -271.071759863 342.960568327 -461.686340963 129.925440742 
163.195415552 -461.686340963 -109.224363077 461.686340963 -205.088930903 290.949759844 -329.253544474 38.1546143835 333.377934791 41.9934027118 
330.779237496 -233.949404711 -38.3562139856 -332.880226137 252.108447392 461.686340963 -163.515101175 132.502100519 10.7236666118 -461.686340963 
-289.659346255 -170.620737832 -55.5708512801 211.910228222 70.370088999 -461.686340963 -344.182577531 330.604865717 187.430594151 461.686340963 
-127.920087751 -77.719114167 339.814742197 461.686340963 14.8591199718 211.781339611 -339.700848465 -249.716644158 -461.686340963 91.1462548286 
-166.796443682 -461.686340963 -15.5342942431 461.686340963 -333.256957181 -38.0787701633 110.672869058 -290.864516878 341.386844217 235.824424719 
461.686340963 -283.579227757 -332.736890147 330.832117958 -160.911403858 115.250719925 -9.07761250898 -42.088211233 -461.686340963 206.342268007 
-224.916290498 169.467666703 47.0220788229 -461.686340963 325.599554844 211.231860762 -100.969869777 461.686340963 -51.1440043235 -333.076623162 
58.399612792 -411.326459696 414.022536939 116.216999092 334.240581559 -281.478124036 -426.398333315 247.401672767 153.824194473 -105.080511191 
-136.622519696 134.335493608 -268.119249846 -342.738349447 234.236506579 334.465392037 78.1432748866 -461.686340963 461.686340963 -15.9852544381 
-207.514689054 201.795638371 181.909958115 -331.463814899 -170.479557199 -461.686340963 57.8999497823 333.576196019 -54.3956445836 461.686340963 
326.41742102 211.165828761 173.088674334 -91.3052645496 52.1874059772 -329.585389075 -216.3078968 -62.2409083897 -461.686340963 461.686340963 
249.190504958 343.67719562 -20.403773369 -209.841739411 69.6378358545 -461.686340963 461.686340963 -100.494459891 130.781973059 -337.39831338 
63.3395428346 461.915044665 228.357971751 90.7069356502 -207.583879412 338.370833028 -196.919890704 -330.496580319 -60.8260336894 -455.396492228 
46.3922612852 -220.932973227 28.468480893 299.176370314 -461.686340963 -93.6687475316 -332.819882082 461.686340963 170.329592329 331.041591743 
123.585047093 461.686340963 -134.876959347 -461.686340963 342.889662876 61.804077603 -249.433230076 -25.3957528498 244.954163963 -335.350976308 
461.686340963 -214.985536612 170.316095424 295.933289505 -96.8881200221 27.2880537971 -334.715076359 332.378653697 45.1789579374 -461.686340963 
200.104873769 -73.0785346659 -230.541919118 461.686340963 48.3374925384 332.628223147 -461.686340963 -117.628056051 176.689890634 -334.296895803 
-51.2371255274 328.923004598 -260.137029114 -461.686340963 -173.724685322 308.934010658 -333.638201522 67.0409811466 461.686340963 185.485003103 
-335.917292102 -78.6897373308 112.739325957 -235.207956435 332.105088259 -139.917014077 208.945688204 -461.686340963 45.4765402514 461.686340963 
461.686340963 171.509643377 332.258739753 -224.887558409 -74.0770587194 -333.154874382 -98.3875324944 49.9603905802 296.180593288 -461.686340963 
308.47300436 461.686340963 -54.4837546489 329.120578719 -165.958635192 -332.559481756 -210.939394653 65.0148111222 185.004919749 -461.686340963 
-227.427089998 237.05095819 -78.1392203565 -101.024368045 -333.996829183 172.812639991 461.686340963 329.372455504 46.8335564739 -461.686340963 
97.3883142973 -218.369391982 -461.686368563 -332.274136838 -51.4991763822 333.646777272 461.686340963 -182.17363957 67.5272547322 216.466612253 
-144.232897161 126.80439361 -273.507429144 343.233374061 87.4879322838 -342.564805422 -20.7074433325 461.686340963 246.308814673 -461.686340963 
-336.162710385 -207.283696133 -60.7839469747 330.28075881 180.236610576 461.686340963 -461.686340963 61.9142705228 -82.4050473984 304.135283429 
177.024533512 -47.6663388495 -461.686340963 331.105331855 461.686340963 -334.548458039 -282.346508549 271.905515677 -164.018520693 58.5235577539 
-242.056510784 -11.7541742365 270.063976035 323.488567466 79.2944064182 -373.623980085 193.6390828 450.849437596 -440.011997144 -110.250326515 
147.736649496 22.8956880967 -334.450540505 227.212429961 -461.686340963 326.556078637 -131.80479068 -18.651878591 461.686340963 -258.143647694 
343.782673536 -266.777281532 -341.978462787 -20.2640208437 -140.211884113 130.167508021 -461.686340963 461.686340963 51.0612951826 250.603209473 
-332.181382593 335.468157934 215.677387605 -461.686340963 -62.2726025627 -115.203138072 137.493096512 461.686340963 62.8627251635 -222.858932835 
-346.698366227 -133.006806083 461.686340966 -35.8961809059 -461.686340613 339.776648281 211.944857434 89.9345568805 -166.014396038 -287.754340351 
332.836240887 461.686340963 199.530223355 -115.04410514 -461.686341229 -219.896935094 -66.9795789036 51.766330131 179.202907365 -330.780097906 
-18.0501729751 -461.686340963 199.802720336 461.686340963 333.852539727 -333.921702259 -250.213337392 56.0951409733 185.640057672 -138.824349386 
-238.123749513 333.533997328 164.280442367 289.709481679 -110.684327676 -461.686340963 461.686340963 44.2472291519 -18.1395804557 -336.742005214 
-169.551698952 461.686340963 112.781128234 341.739138127 -330.858703228 -461.686340973 -1.35505611199 -39.9393795637 -244.093433091 237.653485959 
451.57719183 312.477720662 -341.451188276 -85.4216398719 160.464290755 -440.652351738 169.516289307 -231.953499893 -193.796004462 30.8143719992 
336.246644163 151.797026913 461.789458583 -118.964368906 -247.518910189 24.2326298863 -403.879645574 -245.849189938 -20.2829719439 251.61179158 
325.683503982 461.686340963 47.1896137818 -461.686340963 211.162718119 -100.61466062 -224.551522224 -51.2669217353 169.589718132 -332.928497831 
461.686340963 -162.937421334 103.682252667 221.393313406 -235.036511887 -461.686340964 -33.1365158848 341.185298507 -334.114076489 -15.3884551929 
-140.813608581 344.495541262 -232.467478765 256.752246653 -335.901415571 -461.686304602 133.644093654 461.686340963 -89.7267692962 18.1814449813 
461.686340963 -177.600133193 332.722205366 -57.9790522238 -299.099970317 -28.3523990215 89.9902808598 -331.51798309 -461.686340963 209.945989423 
-84.9044770118 108.788468183 -337.70373492 104.687423825 233.387319573 -461.686340963 346.234609966 461.686341225 -16.1577611805 -210.773621914 
-336.227379537 -82.6198012265 180.401478661 -59.9501532748 -207.461166246 304.463029614 461.686340963 62.2155020141 -461.686340963 329.89314579 
-15.681113851 -342.219006167 113.381860943 245.679484873 -461.686340963 123.49746545 -268.735889267 -140.326964102 461.686340963 343.065956441 
-461.686340952 237.537885024 461.686340963 340.306372799 -214.632057235 -331.736096959 -35.2620906598 118.065125136 97.9014052865 -154.388332931 
8.40727726785 162.864395324 293.904067134 -253.980425808 -461.686340963 -108.412868279 -342.057581214 -129.099703011 430.671294986 137.013895009 
-337.20243025 169.046005129 251.402830846 -233.282358265 326.944247824 44.6787733798 461.686340963 9.89527710385 -461.686340963 -104.218912069 
346.412575108 156.712395713 268.394896785 -76.5951687713 461.686340963 34.8411644631 -233.517142565 -461.686389796 -333.807850288 -185.944496507 
-170.294153331 -331.726702957 -54.4092461826 327.749697667 210.451806238 461.686340963 -207.866705493 59.4588325916 -461.686340963 178.503511053 
338.965771411 88.5884697491 -461.686340963 -95.5346377141 17.5254519423 -339.674882308 209.992052223 -123.241370267 -247.866738895 461.686340963 
-78.1798822922 461.686340963 -461.686340963 -129.999656389 44.5201572821 -335.909550981 329.53843377 205.099960034 -234.116960478 122.789488236 
-332.943617656 461.686340963 66.8289562704 84.2778859816 -461.686340963 -173.096897489 -58.6051292892 -224.322202137 210.453362438 333.782075145 
80.318246731 21.5412416344 -121.85003351 -361.178451504 197.467840889 -35.1083268078 303.1768097 439.109146158 277.024920902 -254.556103688 
340.904411812 -461.686340963 -78.5815445776 -336.936230512 47.2183149864 106.393353706 216.44284991 -146.133350771 -235.860125767 461.687481702 
185.173503154 333.692504929 -461.686340963 -207.77856759 199.469041898 -337.315992083 -80.7385542112 461.686340963 -67.6039069039 55.8580686927 
416.392798408 201.383229777 458.123481725 73.2065048428 18.1506894423 -275.367974996 -76.2857500911 289.665854769 -150.380505689 -391.661253661 
-344.279082119 -461.686346716 87.5767756859 -51.4168688758 213.029147669 -285.226088591 -163.146740783 335.38824478 72.8157183332 461.686340963 
211.912206244 -461.686340963 -236.287297269 -337.294720764 335.029736 170.294131909 -35.9323781784 -126.175410107 461.686339945 46.28809685 
-330.855290069 57.9790487645 339.26069954 -161.716906683 -223.233807581 111.473304401 233.343120993 -42.125801147 -461.686340963 461.686340963 
-137.604182857 -461.686340963 -78.66307441 331.853112986 209.156173231 115.090003631 461.686340963 45.2373290865 -336.459189925 -235.237449818 
-72.404187377 179.045541254 -211.999391161 238.325089894 -331.627146077 461.686340963 -461.686340963 -71.9327838812 65.6589396203 331.071311526 
256.735888708 -183.933685578 142.185340385 461.686340963 -190.967363362 -328.894816438 -461.686340963 23.4536423965 -58.6637429216 329.220612581 
461.686340963 41.7212352384 349.570916261 -461.686340963 -211.91085421 169.252232049 -338.50678328 -69.3187291433 293.137887365 -94.1170061912 
-332.720881862 326.102701571 227.880319486 -130.173505143 152.333030159 26.6231522757 461.686340963 -221.849452787 -461.686340963 -20.7210603624 
324.428694117 73.0317032561 455.400967236 191.804712999 -71.2398528474 -211.466752792 -188.029140859 -333.731125507 62.1381026266 -461.686340963 
-210.667495988 -60.5762545959 461.686340963 194.914989897 336.298389446 204.560224088 -338.445523662 63.5651325094 -85.6505497102 -461.68639934 
74.9627882635 340.842214101 -33.5758915894 -336.269216309 -207.527200078 -461.686340963 117.604114123 -112.359149509 238.348248214 461.686340963 
54.9314837721 333.505719088 -330.661580226 183.964647969 461.686340963 -108.896712168 -219.635233426 199.422211061 -461.686340963 -66.28294214 
-85.3263473867 461.686340963 151.183376861 -235.231738837 -125.573871096 347.617571197 -339.056825244 31.8533880435 273.357436898 -461.686340963 
177.441645255 461.686340963 -461.686340963 -206.466657783 302.773055896 -336.981276291 57.5797319994 330.434605598 -85.0738626191 37.3499920328 
48.6849962893 -236.214957167 341.063198497 108.317431952 -461.686331745 -144.252888072 -337.016260657 -78.3525150212 461.686340963 216.783244197 
-342.894930541 461.686340963 -461.686340963 -26.5175861068 -275.377657421 -149.710232096 -13.1438410017 106.445642563 342.156385594 222.799117577 
-28.9750709494 209.36396512 332.259031935 88.3550978428 -178.843244445 -67.5405951907 -300.531396354 -461.686340963 461.686340963 -331.071308672 
44.5212481536 461.686340963 -129.94731808 -335.95190545 -234.096216841 -78.1626158335 329.638307709 -461.686340963 122.842143579 205.190924588 
349.823302703 -338.819099101 -59.9906537904 -461.686340963 -86.0339512184 50.856027292 461.686340963 166.423327867 284.796575235 -210.052651127 
-461.686340935 -234.344208851 235.632811103 115.303349171 -342.005895132 -118.85196752 458.220345907 -104.526249269 -8.72686894152 353.153171627 
-178.750413323 -46.1220018233 -220.820269532 461.686340963 336.472218533 -461.686340986 -331.520277863 101.179197989 74.3012826255 223.059646594 
-356.494916496 318.962289059 -14.9940578408 462.357005005 -238.815892897 104.243430476 308.515209144 188.411092422 -1.720742813 -139.441495515 
178.615097156 333.885309047 205.611644474 -337.601280173 -86.0802209384 461.686340963 -72.3982971831 -461.686340963 -218.499555349 55.4511413275 
-335.103601935 341.68715412 -23.3972544993 221.729934353 -262.830309529 -156.617367563 104.996883757 -461.686340963 461.686340963 -13.5993960594 
-223.76352749 461.686340963 176.090817055 -66.4603185286 -97.7652685956 332.017612515 -461.686340963 198.029075977 47.3021737979 -332.828001327 
32.7242270256 -9.11330381866 334.720268579 -328.299214494 141.494711616 270.539757644 461.686340963 -461.686340963 -137.010306727 -214.801441352 
461.686340963 -53.154071103 215.264628645 -8.51605451505 -250.22667658 -337.3323616 -461.686340963 -176.570000297 98.4745142567 338.797584625 
-329.916003082 -461.686340963 333.889996264 -186.617956737 -60.5959269756 157.358940681 211.228781031 461.686341599 49.2794182979 -306.167798648 
213.980481219 -331.751348062 461.686340963 337.921510655 92.5431455446 -461.686340963 -64.8023219764 -25.105488657 -175.823159661 -297.726197078 
52.4308176677 -106.237300977 329.072939879 -102.22676128 -302.332669899 461.975296221 195.114647863 23.9060939779 -359.991147886 -274.882198825 
461.686340963 -461.686340963 339.653259648 -331.248594574 -224.34400677 -42.6564159286 -163.211613284 236.041450116 114.063833612 37.7159114995 
210.371782623 125.007159225 -63.9851603548 -309.880088892 59.352216486 332.923741 -328.650755894 -461.686340963 461.686340963 -190.558498959 
-461.686340963 175.645779611 -234.683631703 -82.1226668728 43.250980732 332.437926701 461.686341413 -335.959365548 -108.258898469 202.554645098 
155.849877182 345.297146653 259.292308878 -61.1980258776 -247.198382192 -461.686340963 -342.246786837 461.686340963 64.714925962 -139.132257892 
205.066162172 -335.94025269 -78.2380000408 -129.939665677 329.498658121 122.849838881 -461.686340963 461.686340963 44.4451218361 -234.149998976 
272.616048421 -214.723738317 -336.616439419 347.803567614 -461.686340963 -74.0767219051 51.6931409878 165.767945151 -153.011171266 461.686340963 
-420.659705044 185.136390613 -105.362615825 23.5268655835 454.909092186 -356.404905578 130.52394558 -254.296025747 295.930754704 315.997685242 
461.686340963 -336.081920314 -461.686340963 -209.473894351 263.308446712 -59.6511688844 -106.174569859 329.612680916 161.365564845 47.0926783386 
-300.512298646 -331.079349749 -461.686340963 332.235081781 209.351668476 461.686340963 -28.9722638178 -67.5183638988 -178.826679324 88.3505958586 
-7.7384788067 211.95806527 -273.185573615 -461.686340963 117.431824501 -162.409546814 461.686340821 -333.617218347 333.498439857 -35.8815382566 
-180.73146545 -303.50762352 262.881898883 461.686340963 -339.85162531 51.6237041675 333.497183297 171.739130442 -74.7679557246 -461.686340963 
-96.828841958 27.3122575024 -334.661950599 332.377187022 -215.003320186 45.2116196816 461.686340963 170.293525626 296.088611807 -461.686340963 
143.542965483 -53.9503476693 -170.498555022 -461.686340963 345.26348 -265.469789909 68.2562682283 246.650632118 461.686340963 -337.098141798 
211.688606713 461.686340963 334.850950481 -329.64508689 -461.686340963 83.1523043686 -185.364008769 67.4303415344 -60.4307212775 -192.948420234 
-260.941213861 -461.686340963 -160.359797197 -21.1524568828 -19.3825057158 102.300531876 461.686340963 340.922243262 220.135546107 -334.762658285 
56.3577062379 -180.977446769 -337.52309284 -244.955584214 -461.686340963 345.687138822 -68.1540152209 461.686340963 246.917504059 142.131840322 
