-16.0228574264 -179.205796915 289.50415834 -13.8884307069 430.649310499 -454.17973765 -321.844685499 -101.676694739 97.3268653742 444.924896849 
187.241749666 46.4772408338 460.207286299 -382.743979941 305.773279384 -390.160168718 -29.0468424882 -160.372446309 411.41606183 -20.014020131 
287.453138923 4.48076076258 -10.5137770321 -243.951965253 -426.363288532 381.206545956 -326.077539637 -22.750183595 63.5720620243 461.745922003 
449.797701265 51.8417636383 407.525613882 -176.893472769 -88.6198999365 -461.142598076 -225.841418978 -403.987524183 265.968304028 -11.2536685601 
-409.354973826 428.361552704 32.9099966569 433.99858481 -35.6728999781 229.590592857 251.948169554 149.528730915 -389.014825633 -186.824124089 
431.539359667 93.697354921 -27.1315209054 7.3241271622 -15.3757137343 307.659034185 324.09359169 279.285319899 -444.045514914 -277.871700945 
29.2035641838 -6.039904717 304.286051888 460.255915715 -438.127426265 401.258379461 -146.420385612 -442.570211647 -219.317180929 -225.73757114 
-143.039730594 289.826979096 461.263811392 -205.421663592 -1.32968066865 -210.053938935 67.2480635784 -439.539739254 18.1383922315 320.190501955 
-117.057659141 457.688523206 -358.087814047 -130.599125822 412.045142444 -342.974286719 -365.740842525 284.777380719 -28.8301365603 -12.4955787661 
-211.152460139 281.827221403 461.154711242 9.7027197866 53.2546357396 -208.995231223 322.24978951 -29.0468425172 -421.022098016 -428.99710241 
-426.480453156 33.4374616763 456.831090949 396.43676337 -2.0035763474 -426.920501696 -201.658863555 204.96998719 7.34476999364 -315.677495144 
454.331353351 -219.773231109 -11.9518160906 308.32530681 5.04324498655 -459.877889941 -359.933321687 43.0703235755 -162.050360975 18.100166232 
458.03489049 297.154080021 304.416208085 3.4453105847 -317.611842102 -40.8919493371 154.386709603 -72.6314975866 -370.695932071 -137.475998008 
88.4817539213 -298.539959477 132.45137182 461.55102576 382.43840275 -73.9918466709 119.101119984 358.391168573 -86.3998156247 -127.604397842 
283.600815032 -65.1656298563 420.817941592 33.5742526875 -28.2017107482 -162.780593233 -341.159525062 444.986504696 -311.279741079 142.828638801 
438.151876582 -29.1108351885 -179.15644001 186.984786386 274.60689293 75.2075204719 -148.260457683 48.0987600962 449.602791576 -412.397042729 
395.48268544 12.3290598042 -427.648512472 4.14336264768 -218.593871213 -227.654722795 351.661680826 -453.848755313 28.6798345283 -135.203016365 
-14.7184867553 2.87203071722 451.694865609 -223.613181743 -29.047514025 -462.210484767 -136.778272713 276.570360708 312.84720882 230.249586181 
449.563977721 286.26437781 -103.105307701 438.21693055 -15.2209517425 -419.418391773 -200.483715643 -322.377221757 -29.046842509 -404.522809466 
300.107529078 82.7905385332 -190.014004847 -20.5149268179 -32.9149852489 -426.228422253 204.27049869 342.443693315 456.996184901 -441.914166587 
294.538741171 426.487917247 104.71377641 43.3816449547 452.416641101 -98.4895842107 -7.90823066158 -29.0468437041 -319.352279815 -456.566841957 
7.34274946651 -242.874070935 352.626060378 -259.399885632 -449.756009766 45.4115697967 108.582274094 -127.423813182 137.400471756 351.65008626 
-121.979411429 53.5134173166 -366.60481214 100.985087754 459.697914348 331.105706832 49.8548880369 -334.767855935 -117.184003463 -355.089377266 
-462.146471398 62.3520081301 316.53514185 -95.4246849206 -0.0728596141969 -205.629280924 451.835417867 -386.550880016 152.010383492 44.105847544 
154.747535285 93.8314700284 -99.6192847336 -8.60749956107 405.994713007 -220.787016291 -74.1523297325 -329.275170545 -455.901944026 385.361474392 
304.060552937 -442.878870031 -14.8704859195 -205.071970303 388.780174447 -12.7023056613 -216.638011289 9.23946049088 462.503830668 -219.494984761 
309.623287873 453.865042234 31.748256486 311.979767778 -354.430169482 -120.35860615 -391.440373364 3.06867756668 -353.731431221 -27.5639502824 
459.354410281 -460.097952959 0.579563117091 -248.797932687 411.507618549 -116.190027075 -29.4681950563 278.78905456 -403.066531081 -110.271141034 
404.433325758 -333.355537174 189.192180082 -418.368531132 -29.2559539593 188.045349154 -339.55779828 -4.43377893264 -100.689799851 414.592382968 
-25.1381852641 -164.667966716 310.231370201 444.854441984 -397.022108636 304.064296634 -375.023295186 -28.9001013012 -42.5017267704 -369.882991413 
-118.153674327 278.124455916 406.999430512 -344.122117866 -66.9135127822 -389.860366544 -58.0865841786 150.004175372 156.981979966 -125.280673453 
294.519161859 -199.98692234 404.173487994 -409.544433238 29.9862480173 23.8107338815 -391.48301377 -213.557911326 449.041667011 17.4328403143 
-194.007834923 -443.671298136 81.3630627148 456.067512557 390.185806391 11.463231632 17.6160656778 286.098762853 -428.328776791 91.0504673724 
-448.425149189 320.875636722 69.2700922354 -53.9093850908 459.727815892 289.889720712 6.64506545737 -186.722079818 -210.135932918 -428.17300509 
443.298715673 -53.0249432548 308.185509679 175.477274535 -29.2532655723 -376.194729738 -370.77982402 16.4868930108 -212.646199488 309.914523959 
-1.2875877202 52.5128634282 -324.825395183 -33.8451187488 267.786412575 -89.8569165378 409.408157072 -461.05017728 391.380061186 -203.126818631 
434.529408573 -266.426226412 -452.810558876 275.26387927 441.899227346 -19.9068095184 -299.200646414 149.386535611 -69.4600339561 76.0934656017 
-107.274970402 25.4929054143 -238.562708557 -315.561394162 451.056249966 -456.636627407 435.716983824 -287.0370309 -14.5371752618 4.75775884659 
-330.598096568 345.348620824 28.0255478102 -104.303691698 23.1632965315 -222.893552857 -459.617450231 252.652804906 459.959524132 6.44952564916 
-408.801974585 -321.39678027 -196.519044858 -428.303191991 404.621612684 -11.3316013075 -130.558721705 449.459603727 -24.4274577899 294.654206838 
-374.905914253 450.622090272 -26.2979812976 -394.901505764 -42.7245440792 -164.249763378 305.053135213 -380.543603055 -25.8282003794 312.875443532 
451.159907582 -187.387101656 312.364292413 -402.475419864 432.33646358 -207.936582555 2.58912270936 -386.488997572 28.4911169597 32.4034581446 
-201.188952437 228.487894111 453.059727538 26.1729029913 -230.051138772 -459.708767651 -19.8456131442 2.37849366424 272.363899157 315.543996251 
297.10885055 77.3404980462 -171.606228055 78.3584976205 -453.951378074 387.547106842 454.472136534 -85.4856382297 -193.085022126 103.975163698 
29.0304514704 -3.90888096549 415.11796161 185.054697236 -426.637773269 -28.8974004917 -424.921976917 209.327486716 453.562852975 -313.75474895 
404.959804196 -138.429771457 -41.5191636355 -432.734469095 -81.0561318206 446.862092534 86.8823214284 177.583358514 150.142794329 -284.003981498 
-429.300116861 -136.22423226 -434.924955527 -209.430637772 285.966007987 -29.0468425172 -8.96483287487 320.488909349 63.2429657534 462.266999645 
462.597772099 -6.17475122723 -9.29958783181 321.611311004 -317.141128878 7.66105616654 -208.129348645 -428.045629229 -440.401745308 -135.564088788 
-199.812951242 289.413997375 441.687162445 -397.500658518 -232.438916834 -9.83358344346 -4.75958668882 -29.0468425172 -459.645344148 447.083333367 
-106.02629735 -446.565897991 0.605533301342 -16.43135201 449.363666423 -206.891627816 382.546265695 -331.709834287 29.6592052873 236.984624645 
-5.69768509339 280.052196341 26.6632329442 451.358328901 313.801984605 2.86965036249 -230.453213715 -236.073122997 -15.6272908975 -459.640245266 
290.961248083 418.303910748 -27.7997499228 -459.618449304 457.330510864 186.268872002 -230.682137725 -404.700136601 -185.566465837 -29.046842518 
-20.1253417644 -304.189481019 -205.159921661 -428.698112184 349.090748222 80.1870396348 199.83784321 310.592299453 460.707733818 -97.8006429624 
403.941149645 -322.920611907 23.9314774152 460.080438592 312.845063294 -371.999750232 -138.728298864 -121.41735895 -406.511572635 -12.0421205443 
-196.545088638 -408.852954657 -321.391816329 293.428553317 -130.513833178 -25.5115254468 -428.424305439 404.639815051 -11.2711804639 449.475608382 
-218.136461645 -29.0683983334 454.739187744 189.010236987 -223.006377938 -6.71936137417 1.29375849375 416.552002184 -451.62528125 -338.71296527 
-397.269765005 29.8260357834 -391.248650206 398.49604679 -24.6688708642 93.2026254382 306.001236513 201.226720793 -228.86464079 -189.878528437 
-390.111014736 187.219338499 46.4419805976 -383.028507597 460.203388366 305.866861113 -20.2206494508 -29.0468418724 411.442416661 -160.492168349 
-24.2049904825 270.139665504 -169.646996612 -398.715131931 450.559297162 -29.0468278336 -410.138669209 436.564784469 25.3248620126 306.490997318 
20.2363450475 402.109739996 -219.664327601 -446.460522693 316.660392487 36.0424819468 -262.14113017 461.484421243 -440.396917791 -240.175704391 
-394.681579791 308.927343989 455.967116099 -29.0468218355 -43.8712246685 -174.050711288 -21.5150469044 -374.474826794 -406.708058835 310.382289371 
302.197094945 -459.064941967 67.372814706 170.085575536 -29.0175609066 -19.1967626271 445.242985441 290.365915727 443.510732777 -89.8118424766 
-97.3180796518 188.525732852 -1.98131197541 209.510991639 416.084780748 -318.224628556 -428.232202503 448.46419079 -29.5238288014 -423.111512287 
-169.644617205 444.722629255 210.138774718 -459.92074114 304.041219977 427.352151359 -29.0444787511 -67.749584971 -230.808399208 -399.152605756 
-406.431702821 -43.8394517605 -410.616782109 450.16327038 272.920533176 -14.385501084 437.221089911 18.593087164 311.544064637 -176.576436149 
312.734201365 -434.913121238 181.540775076 -440.067443059 459.325764796 -212.555848897 417.387443902 -8.97878088172 -212.612122968 -27.8194597326 
455.028136119 320.89222295 -185.742919523 4.99010841906 -400.694452911 206.445690531 -221.189508169 -13.9082379743 21.391325574 -415.792302432 
-322.061433571 404.095860036 -11.8002962925 -407.62136598 -176.293480587 -12.8962531618 -409.156902643 313.227357628 -136.28974594 448.065775071 
311.517419589 -384.836581913 -208.80550902 13.3895851229 -390.804691164 -155.170962373 317.289821968 9.87830842843 449.71195559 41.8271592396 
-188.61832738 -43.1308709751 -324.844220376 302.489220704 142.9320162 -23.8352764633 -398.305062671 43.2773786637 -402.085880512 308.099075865 
-136.241239146 -29.0468425334 -408.917290267 -28.644804301 -358.001776428 302.738225127 -346.748170044 440.83333826 -188.39106628 32.92920988 
-29.0468425187 113.298470826 421.840573696 -280.024389087 35.5633583469 0.284473270001 -94.6278295828 301.805394479 -316.346206325 -363.730955939 
34.5999145649 42.9767501789 -172.654121695 393.271262415 124.919877676 -390.054904227 305.738379441 -241.094519714 -388.847115921 -11.3599462231 
-205.672689806 456.815795964 400.894108863 22.1558219326 207.933600739 257.398909155 -442.510100816 13.153586558 -431.744910926 -311.788354574 
0.316190789651 278.950263697 -460.120089138 -116.035225518 -29.4175909627 -248.146354361 411.498579814 -110.032425205 459.34739577 -402.917719268 
-29.0468426255 -211.496767341 62.6710159159 297.753910085 277.804415175 -12.0875018829 -459.741430051 318.424379215 1.90549815772 451.074031854 
-5.00525491353 -196.923919274 318.469429657 461.748492054 40.0527377616 -445.000255132 -212.484928104 -207.395227184 19.9089954868 309.849892313 
-121.007487159 -0.142470817789 410.100579513 -282.833588352 -301.175585411 -216.938396734 -459.121771886 454.652592736 -9.98042347523 -5.60718550187 
-415.752960643 -99.8591461692 457.158613885 -10.8725276415 -193.113712843 -193.050679869 -398.90789708 29.0468112206 424.021319617 -320.647222946 
-87.1341600696 -81.7910551405 176.016674678 387.042963729 458.478171732 -384.813270913 -396.625140825 -126.909652811 124.815088855 -113.652122262 
-168.097789151 2.56287667584 -205.907234812 -223.014187578 -455.24902029 -6.50743447351 457.131304199 4.27383729472 -425.223659986 321.875611246 
171.2599823 -83.7610938831 189.569490231 -98.7841243661 61.4033059244 -334.157560264 -306.329221796 -48.5869060716 420.714787607 278.568202 
-200.730427199 -428.421232706 -206.287579544 2.55548036484 10.9630035114 -3.20450966504 -415.236764216 -316.047943719 461.553763124 324.709396303 
-9.2282318508 -198.468327914 -412.020631192 190.432890798 -322.070446115 428.052252527 407.556076547 -424.260142292 -29.0469777573 -125.687606656 
26.9987501406 -420.300138759 -414.70477338 -213.837062802 -192.392692284 439.113449479 187.283903352 418.263755841 -194.171279462 -29.0220150741 
-7.92567689688 3.1453258779 -456.684491041 -30.6638170984 308.742741572 188.325538926 420.582684943 67.5167653196 -338.612435901 457.016641191 
-8.14908462618 71.4687569313 -438.740152508 307.721453248 462.253378448 -29.0468425174 -360.098884292 -265.194216679 293.750532711 -19.3376480353 
20.4467943342 -457.278174862 -309.385399762 -281.200283539 -195.731465608 -95.871688796 33.6376616018 6.0288235311 451.036070169 435.674539347 
-453.389563156 453.599663268 -6.13457943051 -124.011754233 -225.974182993 404.517615799 -29.2961385786 277.572009514 32.9705101223 -329.371395943 
-185.275625947 450.60363666 28.2631229477 -386.708164605 310.973378431 -210.230598591 2.32856379465 30.017266028 -400.847747321 432.104396363 
462.504774493 -217.40652475 -219.491528605 -15.3782172362 304.573264202 -442.664284304 7.2669837401 388.73830304 -205.927568119 -12.999959075 
62.0494025593 -362.067847872 459.467306066 18.2906883514 -182.584241418 313.664793931 308.631296008 15.7461931716 -142.561546538 -325.129880081 
26.7165719174 -191.679534128 -431.480129648 -320.732025657 -6.44032632044 -197.430024956 408.516435761 -119.327075807 438.518523156 -421.171039771 
-1.05278348528 454.653623367 -288.068070677 -118.764894304 410.09863841 -316.235644688 -456.81351405 1.94090387699 -10.902799727 -238.844435147 
460.636146552 28.9755016411 -131.862045721 -441.236487775 83.6882113084 -414.260648246 306.35512238 -267.729889244 -213.753225503 248.038363321 
-222.576060216 -231.422183424 9.25942914378 321.215139732 -205.103581502 458.952388357 -11.0773699355 -1.89853206274 -426.734112801 -455.614575771 
-1.71842692356 -453.191438569 -327.57877775 -229.251598103 -28.8803531198 286.687439993 186.114271638 -52.7795116958 387.693658126 417.332922035 
-226.095912997 10.3158118037 460.167454366 9.50262943056 371.4005916 187.087982727 -29.046842513 -453.853862546 408.657168245 -212.50022364 
-29.6261592671 29.3286476258 302.619622514 -345.535859194 -357.176690682 -186.012830373 -134.855179976 -29.0603943191 -410.332605877 440.782736259 
290.141650905 -28.403318933 -11.1416760609 -428.330359548 -408.942061105 -196.605558439 404.632935968 -130.419326631 449.517735763 -321.364856916 
18.4067896307 -9.65706623082 -272.032493214 301.710161217 -273.308324641 -235.709961756 -459.444775502 392.475462861 -20.7200783439 -29.0468532457 
307.973066309 -164.823456555 12.0897998409 454.180618076 -360.167596466 -219.168889531 4.67708067642 41.2387120546 -459.847056281 -14.2363029005 
176.623128517 330.754026899 -150.909669423 450.671971679 70.3675986222 -81.2404775605 -308.946826908 -422.038311512 1.30486447845 -440.600678802 
-389.234837943 421.738718501 290.615848023 458.171271985 -137.73650445 -324.001861478 -32.4857765287 -149.708760967 70.1176165571 115.893654102 
308.068240044 309.966836019 16.35801847 -55.2527251451 -376.367512371 173.000539226 443.247947748 -29.2517409521 -212.059536231 -370.824021632 
321.569542607 -422.209310369 -184.766356495 -192.544620589 -135.319475281 460.954390562 27.5890548867 76.0161875626 -426.156808463 42.0081788318 
-427.615418497 461.99505659 -418.919523559 -204.742850117 -210.809341015 53.591426266 -27.9687502572 387.422719628 29.0467882611 280.450187888 
46.463110172 305.798035653 -29.0468444421 460.209127432 -18.9881736011 411.40361404 -382.771471675 -390.132819924 -160.346563459 187.250245543 
-60.2533891303 244.172044338 -425.586674566 -210.961016687 233.037332295 -201.439651452 459.827248064 367.920907315 -46.7191417352 29.0256443061 
24.6181196457 -121.317062086 -322.756999384 312.887167769 460.071097596 403.893261715 -12.075346639 -371.993415842 -139.399652659 -406.370208566 
-145.841389296 -223.634719992 29.2088566728 -218.833991159 -442.602813106 460.238815937 401.605440964 303.179613821 -10.2668397749 -438.28889112 
-440.184166701 452.826644247 -327.419690758 309.420280334 -2.99120822014 275.813986418 -33.1706905552 -230.474403688 29.3957000281 2.38305634267 
-460.102623833 -107.424393311 0.17325227125 -242.416303086 -29.5630362007 457.227551614 275.686745169 -182.936206573 -404.160979321 411.193571361 
-315.549728541 -274.458560665 -428.548079888 158.39214071 384.926339434 316.524025317 19.2670019852 -83.4736836162 400.092400379 -55.6096933154 
449.772669836 50.8993397687 -89.4503287998 -226.963068509 407.608071094 -10.7996053209 -403.999036385 -178.399385224 -461.265389966 266.692547513 
-326.903272554 32.9430473543 386.847331803 461.91584199 -460.514827963 -116.421700854 325.384172265 1.82819800223 154.593640075 -197.351084287 
47.0564624732 376.831950833 -172.722284272 355.627826139 100.693784571 -82.1928801528 -188.356641459 -422.567949936 131.373910918 -335.218849623 
6.07206527694 -45.8212223712 -108.429066427 398.982217485 141.127612407 447.121003312 -221.209054428 -456.16112794 55.315319609 281.191506243 
-26.3776046933 -414.78246581 186.419245213 458.471435204 -192.515231778 415.671430153 32.3013226775 -412.859754051 -190.938743235 13.1629618961 
301.196852652 -233.539909131 138.480758556 -100.3126231 -374.866791285 409.918803147 -28.9458353124 -459.177158222 -260.042646016 12.0550487069 
5.20648873186 -218.708137829 15.8407963618 459.961266237 -105.955506245 345.274316501 -460.762240512 -329.792279005 23.1857051096 252.787731184 
-443.036912113 -103.826631492 95.4457137227 316.893937151 450.919340039 -323.107085088 435.969329904 7.65803709577 -193.37273739 -16.8923319277 
-336.465560453 388.616351469 -7.12084640735 -461.296475921 462.133724779 92.9680251361 396.546415108 47.2872915113 -215.880678045 -123.766481436 
376.741034238 71.9068076168 -73.4775482097 195.545147301 219.292035495 -251.544778131 17.7884001222 453.215364849 -454.984294328 -227.994319255 
-208.070135545 459.030526457 69.7131058179 309.087145288 379.644601572 8.27065346207 -443.196651145 -320.684066312 18.6260860946 83.952070604 
-233.731450825 453.279115923 -460.587507951 -26.7379339744 290.711415491 48.3003291659 -16.8579726278 -243.19850053 302.873852658 -29.0290002083 
-176.746601589 -5.86778564001 -34.8918157028 448.663710722 -404.827802927 423.469646046 -401.407309409 312.325904815 -187.460932656 181.47329479 
-406.400509436 -121.296207113 -12.1282957436 24.8605676395 -139.510920181 -372.029120537 -322.727039583 460.073248977 403.886195319 312.916598714 
53.8226604469 263.274865161 -18.1800020894 -410.044272022 -398.522754461 0.743649648255 -199.680629339 436.52745219 320.574753439 -219.506971129 
0.3834097285 315.892151573 10.2855546993 230.832598077 275.952827681 -461.204228203 -19.7115301286 452.013347299 -234.435517038 -221.065344082 
27.8982268258 416.447793555 -449.895592636 454.584802938 -221.100914388 188.887579145 -222.971684154 -29.0429052886 -335.969699444 -6.05201810063 
415.607263837 -415.112034768 -4.87650036508 325.327453829 -229.33132201 140.764988878 -13.0119337913 -197.825688529 28.3864299785 -459.060044335 
-199.968247699 -89.043836408 268.212725541 -0.406537325907 391.61257171 -324.084427746 53.0524612315 -34.0018525088 409.097078979 -460.98645695 
-101.596800559 98.0442114021 -179.326385054 445.401332438 -15.9313736001 -321.826838262 -14.0037518775 288.35702853 -454.372569909 430.169048512 
-14.0275405499 -102.051390056 99.6871088817 431.133849955 -208.795535319 452.263873119 295.763939415 -322.822499273 -3.14967729066 -383.781468772 
220.120050896 -12.8976867036 -103.997766297 429.843274188 -1.43093239656 -388.295886264 452.381487648 -211.341369194 -324.059391602 102.04673513 
-329.876514356 15.851041971 -216.51165049 191.870636145 17.3500650916 435.476083936 -208.833018077 412.724745484 -434.198133873 245.974914447 
451.357921984 313.802790796 -5.6943331052 280.053247222 2.86523810083 26.6646678455 -236.073644105 -230.454922601 -15.6281180118 -459.640236062 
27.6224671957 -5.15169398493 -444.686710453 309.850192696 -203.719923993 461.757577329 -212.689402448 41.0620641129 -194.810576976 318.287779578 
-408.753669403 350.649339625 130.436229274 140.290303329 314.391993751 7.28113058886 -112.408312601 462.101771661 -117.539856899 -401.274267087 
-94.0331520002 441.386714441 440.191062457 -6.18848621628 -345.248120707 -441.017817874 21.2712549351 268.785967637 244.487312484 127.103303443 
63.3523536277 462.282367371 -29.0468425171 -136.382993088 -434.53534445 -429.292765706 -209.441969156 320.499187829 -8.97882128362 286.06294991 
-198.840491449 426.819588234 449.851054168 -422.561337174 -60.7229689886 283.389882041 221.606205384 -412.685151566 -209.121944721 -18.5915696393 
-431.461001464 107.003852972 322.35312545 -6.58821822761 321.206061215 5.87027584037 -424.209732197 -200.857530563 -116.013898192 -200.835975802 
-426.991746231 -201.032143935 -315.068378465 206.313783361 30.9976061504 455.881481085 395.943666134 -99.2294755373 -426.614124784 4.41747655646 
-193.058219686 5.53603650119 -80.5725360479 458.722207223 408.632278547 -223.706531811 -457.862478871 29.4762457902 -410.298484237 -190.141397245 
-38.1946007967 -122.457500249 36.4389308026 -388.700975597 359.989355731 100.164686497 281.437005877 -156.011797813 217.168541958 439.779214175 
-11.9519983202 -139.351854204 -322.757215846 460.071621798 -121.326216097 312.867013345 -406.355787029 403.887300227 24.5001021683 -371.973897446 
185.43536381 -413.456856922 -419.571709238 450.660735434 -29.0468423507 23.2863371049 -196.651544816 419.781618738 241.465780349 -201.185310403 
-320.034862322 387.957850896 397.165890091 -117.212518804 0.886347384756 462.062642744 -459.874016851 -270.223584764 82.555388919 8.27710772172 
-2.81578211716 424.946559194 401.767809996 -236.014602717 -238.207451765 186.0365114 -29.0507243607 -225.786975986 -7.00732607148 -459.791810669 
-25.3212564574 448.638674194 -274.260927622 50.6792410081 439.760593667 310.308171821 -38.3493366405 -274.15092472 28.7339402496 -450.429548269 
-429.73640932 21.1014273875 -435.685121586 462.242053219 -127.636310035 289.346464415 -205.296334341 69.391774875 -39.6782421696 321.041467137 
459.27817 27.9755927238 25.6770575996 238.584247958 -435.154753405 347.26801229 -211.301770752 -0.116167265163 -132.010360184 -209.863091318 
209.393525347 414.343051026 -188.355799849 456.258401416 28.5697549185 186.448030601 -194.093151926 -422.93912927 -411.732316505 -29.7457263094 
-210.442140773 -56.5805664926 91.5511944719 77.6062603948 -434.272583913 260.643481227 384.261124473 -426.233472559 -211.827924136 405.39251831 
461.901878663 -116.143008476 325.240768564 34.5082616069 -197.172812046 -460.499496024 -327.673866604 152.947214795 386.738596989 0.76142945109 
460.069170207 -406.369693635 24.783583262 403.906127922 -139.54783698 -121.318575528 312.898833002 -12.0639980659 -322.739419438 -372.045869653 
322.54078307 -403.347044649 -407.131682027 26.6443972025 -147.105690547 -29.01076937 310.354539617 -0.918973755147 461.696723308 -186.369314448 
-460.856606619 18.5561235482 406.030650585 -109.673983396 -12.8652348852 -348.092401329 106.51191536 429.782376633 -83.7494862849 -235.83909331 
-324.253289638 213.07676179 29.0465899516 -202.943493232 435.574825055 -321.93745969 -431.404253588 -14.2618644643 398.401264818 -102.091060376 
-29.0468425166 -390.916107955 274.448111167 -461.550338694 -108.663107998 -201.259200271 455.762095288 313.892755322 29.0050785665 21.663575655 
-218.588845611 -456.297626142 400.421997434 -422.826323131 29.0465926651 -231.323924875 418.712027561 -16.4124935789 -101.715883357 195.702581793 
-171.643687501 459.049245736 -33.4561651955 -23.2159734262 186.227107017 -406.252870056 -417.636193722 -186.182154808 289.443313329 419.319153544 
-6.97547041522 -336.349992819 462.138859913 396.501909744 -123.918141302 -214.388339311 388.660610726 92.6020403725 -461.193964183 47.8927616704 
-209.88418903 -434.763542719 460.497026572 -146.012342462 -19.2115496762 -228.061030813 316.256219949 -448.219197181 318.603120851 2.49575346651 
-397.968652387 -322.290521535 -406.544734936 313.165106079 -13.1731808362 -8.08163615863 405.146639634 -174.308656864 -131.273026873 458.951442937 
-177.798640382 -195.443734972 170.058948171 302.379728109 197.577722643 430.284221861 -346.622484499 -442.590618908 440.680358943 -1.18672832767 
-167.075564395 294.214327663 109.736574369 -234.69069218 -391.447067882 428.853231145 354.545457996 72.3554002523 -455.12191945 -67.2084577663 
321.710064533 12.0992636904 -313.377836218 462.433633615 -431.35089466 -207.242348932 -134.713990982 -96.4452770676 -424.477754121 -7.33858508333 
-158.157600697 -91.6467518088 -108.294553181 -175.734924703 75.5490064866 314.133688568 459.15290581 -392.509975665 64.2755722021 -413.081859494 
-444.040591826 -316.952647075 401.707587944 -248.24264096 -42.8717368938 431.756762943 -39.6119548445 -24.631670317 172.435443943 254.743715441 
19.1809044956 268.677417972 256.127439701 -451.665795411 -111.551048483 -364.466701504 -199.389033911 80.0007496115 -217.601322358 427.054469138 
-461.119460171 408.977877715 459.22581378 277.176674881 -93.4493109666 -222.26355418 -114.663119937 -399.129740964 9.99492370198 -26.2081242999 
-41.3397100353 436.942429741 -178.421618706 -9.48239185699 -404.115941504 -410.395809004 5.50718974328 271.700183478 450.331274464 300.177773176 
-21.6653096097 381.075185743 64.3214540793 -327.581904753 3.97190364641 -422.313380222 -246.476948995 287.532197867 462.238300659 -11.0466244112 
-320.609341248 -420.890984173 408.420334451 -195.953799385 -5.4715689387 -119.274418596 -431.893054878 -191.665942289 28.6793529724 438.525619621 
300.743837725 26.0583167571 435.477652539 -392.141815083 -381.027454622 266.69002435 1.90648669135 -208.616294926 -25.1070522746 448.927873158 
-172.106651362 -104.298206657 -322.685909271 -411.682446538 441.912644802 446.854848036 314.811667553 -6.22610090817 -16.0447884822 -404.869655594 
418.102333393 457.180778308 -29.0468425172 -404.603484823 185.486394955 289.102741911 -459.645670692 -28.8200545802 -185.439003954 -230.667855156 
-348.285041987 -168.393673565 302.708599889 336.714804585 -46.1321693864 28.2136189304 -333.278837142 88.4306347782 112.510251745 382.341212346 
-230.002147309 -202.608855598 33.5458767076 391.733023906 462.477971248 -205.620634989 15.0979649922 309.489174421 -447.389982097 29.0468648394 
-219.165839093 -449.431844111 127.047676585 300.820155985 436.539382347 -319.579591021 -92.6225535647 5.75167803246 -131.846873324 17.208138002 
-184.366056163 -400.61612304 -25.9408826789 413.973661764 -407.200345959 13.7756606253 192.671078452 459.830147237 311.563403597 -30.820657874 
-11.605786118 405.112476407 -406.598596577 -131.557172381 -175.019541438 311.317360447 -398.500624288 -13.1057551554 -322.264851481 458.951442232 
-90.9887268887 303.963312426 1.85385818539 158.881772441 -323.854393697 451.953441973 -34.1049219782 47.1634717766 -456.769099649 425.664686033 
321.577239638 -171.11669824 16.1074630822 44.9247780235 310.728473759 18.3830555251 -383.449503431 -202.980992329 448.506457984 -393.375757868 
46.3514696283 4.5386402185 -29.8588646695 183.52691341 427.417374907 -16.4315400702 301.915342802 407.561445954 -382.766254413 -363.582102509 
-189.876901887 453.867362606 308.96255685 -354.8745443 1.59858042899 -16.4811774761 -191.533491145 27.1497777009 238.772713979 -414.032587385 
431.472353544 -322.882791474 -14.481006159 312.598974031 6.23172486716 -102.386483722 -201.234094433 -380.894830585 452.835809086 96.5114198181 
-183.062743834 -225.903952537 94.3620044716 -459.59881643 452.291728198 32.6291941195 302.438691769 -412.792932936 -203.557544649 -13.5835103129 
-459.976623753 29.3708567585 -11.6498460677 -200.655656957 -368.773681173 -227.718837664 308.570457048 -29.0468425172 455.157015011 232.064308709 
55.693219678 -230.82378561 292.123563865 -44.9262522367 316.223596835 -459.721780623 -32.7673116474 451.697221266 2.02388741986 276.937827726 
27.8317401447 449.592835811 -174.650920713 -267.251708947 -411.235306533 -459.108483052 28.8763300928 437.993578874 -87.5108153575 -190.8659142 
12.4102653198 429.125898854 190.001881154 -182.847855192 -397.817877927 454.924961614 -321.558949257 -27.3586404733 -101.500506534 -404.584364404 
-169.124366612 448.037674106 440.748274719 -397.518194128 -232.68225696 -459.758314338 -4.05585556223 -29.0468425173 -10.7161630349 284.612221356 
404.681606336 -416.976716904 -204.699359877 -131.067646551 461.069789135 36.3658729669 -459.390066535 -227.840164497 15.5415485987 312.555782578 
384.496116581 101.616437921 -106.732702151 -291.295730702 421.210862105 -15.912005367 -92.6964109418 125.760541519 -359.736552339 -386.29708338 
-458.321425582 -399.192691474 33.5471497628 -29.0468425171 273.45721755 302.376160011 438.220523084 449.561479218 -189.494378507 -26.4914973821 
-109.495980669 -273.757640646 -28.9233125035 454.62472875 274.443266509 15.0226595339 -459.776953261 3.12691557663 409.352465562 -229.351782553 
-459.189303873 -205.768695825 449.216982666 -29.0457539744 185.834902885 417.607648376 -406.813901463 187.180423701 -230.172830976 -28.8793189517 
-196.403257656 -202.450775371 189.59572911 -12.4548393963 449.757252597 420.02145611 -414.589340812 -41.4799222756 290.748142712 -415.03944522 
-407.82108552 -13.5109636729 -203.745854772 117.047606771 428.342084782 231.447939505 -104.957106977 323.219898592 -424.246143614 -4.25681117274 
-136.202166675 65.8128956729 393.240076057 -19.780165737 -213.421912917 235.291320416 -460.026861521 302.571601758 445.583463708 -147.365033109 
19.0824149766 380.364962257 230.430279747 29.5732290112 -241.960277213 295.398042449 -125.791696477 -454.965566867 -17.8014156821 451.710189908 
312.883345542 -406.379107307 -322.784392187 -139.302476897 -121.336537302 -371.901577406 -12.1732745797 403.950364702 24.8564309696 460.069995148 
-225.30878954 -29.0468425175 0.122848067374 286.094185273 0.818572036274 -172.312564337 313.765581508 -392.054183774 -461.19467116 452.791489019 
-192.635002654 -416.266079643 -0.799504390097 247.720257761 29.0468218028 -94.9465356869 430.360003313 -110.234286136 -431.930697395 -316.842179071 
286.777887707 176.893635218 414.668167003 -150.175744008 29.046740992 459.672478931 -292.700215576 -439.861392668 -430.883608236 -23.4988172418 
-332.146175176 -460.670046439 -206.813985012 432.792857199 -113.212015357 17.7828912076 -216.113114683 -7.42523229099 408.776811913 29.4361356472 
29.5772502938 -4.18313365699 -27.2234967172 462.078369782 -415.575290336 309.824609423 -214.554857997 397.032436887 -404.415897795 -225.20268234 
444.873988938 -16.0208410087 97.2360843223 -321.887800267 -179.176364511 -14.1085105287 430.702719087 -101.737745663 -454.160409237 289.642149818 
-28.3210834264 -231.069407677 -459.735374757 -44.5448344824 3.58974771743 292.685486597 316.593492807 55.2831420537 451.741710749 276.509218184 
-7.55118770221 -134.960017506 -377.185414191 -207.798014533 321.674139271 -3.46053542685 461.859382678 -316.638260199 -427.475500481 6.93796221869 
28.9548961541 309.854338785 -205.382342577 -237.245014992 12.7730047051 -212.909121504 392.474131576 -445.713001493 5.34471624406 462.525964866 
228.397155469 -181.53099092 -419.725110903 -150.777725613 280.125146208 -58.9429801007 454.268136863 -176.923101479 -405.395724422 429.589107381 
-25.5514403451 -215.385085721 -235.229653339 2.30685041971 -460.225130863 1.76437089932 15.4043789769 453.443330784 -363.070468026 307.980283641 
-178.226252941 -20.2419027564 432.510398354 245.778234767 21.7407658099 453.024718702 -412.221039979 316.218668869 -396.879806275 -36.5294906702 
-322.395879741 -404.405315316 438.299482069 -103.148095244 -200.411712156 449.514385751 -15.0103157857 -29.0468428416 286.764235147 -419.348644703 
-19.7596885602 -374.350454903 444.422657362 -393.409744437 306.497478919 308.864991383 -156.572907504 -373.300250797 -29.0453336661 -38.220651282 
313.089569443 300.838108079 98.3849675106 -29.3073985215 7.07336160175 -132.482667879 -459.653234247 -349.310733829 -224.43375535 129.500679303 
5.22252285071 -329.810580394 -218.7071957 23.192166291 252.794002583 459.960846763 345.261362064 -460.744045108 15.9554948531 -105.927217539 
287.454671092 -10.512401634 -426.362194863 381.20464548 4.52223238446 461.745735206 -326.074851118 -22.7493523566 -243.953485613 63.5739369435 
307.742559012 32.1413040874 -170.367912611 -29.046849698 449.640214621 -24.1578182145 273.016530959 438.090064968 -458.996413579 -399.389334458 
-448.346845273 408.093085736 293.593825039 -4.4210795522 36.9799490714 -250.900639726 452.954120542 29.8167538388 -419.964773443 201.732060087 
449.459615277 -461.052608503 44.0297629197 -232.2797468 272.400340197 -94.2120288726 408.35892352 -181.815133323 -405.738169285 -9.65479612476 
-322.681691716 -6.17877621257 441.912999535 -15.9959817795 -104.294073413 314.816861842 -411.682919189 -172.106359233 -404.869299767 446.854487767 
323.317643709 203.801837375 -382.178230863 -0.0587949310257 -390.303388803 2.43380562433 -315.373036154 -189.948618719 448.961535086 0.372332613395 
-16.6032549168 212.045533933 -248.708326994 430.62008729 243.577008123 -229.391196903 -460.010235949 431.679769813 19.6894102586 206.33709431 
-256.002746258 38.3150896009 452.409106468 220.679314067 -19.2172857213 424.134378244 4.6852549114 -233.592561587 -459.61212609 -69.6716266511 
453.4478026 -163.29689269 158.399835472 304.016994894 -23.6494302218 376.080058029 40.4202613557 -339.767374642 -104.830733693 -334.079805408 
-141.80420516 37.0348929115 28.9362314713 374.18368997 57.3732109194 -445.216770485 318.10333059 -315.164021221 30.3352968962 -424.529737421 
317.315586999 -121.558105822 -286.557621529 357.385478018 14.82656964 -448.331537409 8.08085608592 447.462195891 -317.571035925 87.3990103471 
457.36861491 -29.6097994908 -107.936549473 -404.201832962 0.134978582087 -243.481205114 275.688968978 411.252126927 -182.994199777 -460.07994217 
-29.0468425172 -207.563867808 -188.634272902 -407.917408858 456.86139526 186.687487124 321.724348701 17.2049435759 -427.699879909 -9.73097823787 
43.1397160662 -101.671283566 427.674324644 -316.674886904 -110.089437997 362.72017397 86.9898922888 -455.871851576 -264.080194391 371.897154242 
64.0728565366 -327.57850684 287.72059288 -22.4521071713 -10.8401117822 -424.085569691 381.016860177 -244.305521402 4.22863451968 461.986757332 
-374.389861098 -21.366563382 455.964720107 -44.3139482673 -174.069019159 -406.440504457 -29.0468425404 308.929297891 310.439098 -394.693854373 
404.030146715 18.9729512909 -185.952234129 406.579971132 -9.01155203748 -219.689074031 46.5698929051 -405.224729611 -78.7219010318 -461.036699375 
29.2368992017 -431.630264519 22.0375422274 455.067180347 -183.268012053 397.843982483 -200.931143731 289.726252777 -28.7310045035 -402.999155604 
393.18889325 27.8642932628 198.239439797 -17.8968244776 -432.075910997 -194.705895824 456.135546028 18.7726693259 -406.759999418 -187.298396173 
423.282569056 407.761052838 -459.921293325 -223.656553509 197.703341338 185.891334827 -413.354121614 9.05480367673 -85.1397236681 -29.0225678653 
42.5005506046 273.842419984 456.765343918 -194.916907944 323.894461734 -429.68258733 -174.601326687 -442.995290037 -304.709596909 -25.8667699042 
374.2504881 -193.647410831 -196.13760063 14.5958341243 29.0466786958 27.7610737252 -413.265774798 458.820594667 -197.253734509 -425.668914322 
-130.939665743 26.4671838705 322.680812391 459.170471651 76.8369798437 9.65869573334 -195.804366309 -418.074079329 -423.560539859 -197.187193335 
-389.704383987 343.0850638 -10.7613283084 215.825528165 414.664398943 -408.345491553 -102.308594237 -146.465168708 -337.977848919 -4.92204061864 
404.095918669 -12.8965596464 -322.061371881 -176.293746034 -136.289819592 -407.621338477 313.227708665 448.06577791 -409.156999855 -11.8005525141 
-139.083041446 62.5209140884 300.487815394 -228.014280007 -217.752252829 388.08931502 -440.693910255 -1.58087400676 462.088816359 29.1258793132 
-183.909007168 298.198738886 438.890572456 -221.549560735 -10.2595294881 147.30521234 -431.896984151 -452.70815572 204.572307328 9.61265113057 
33.7068241417 -195.720532715 26.9625929989 -441.511804399 3.22387176105 -200.787176258 23.3654237241 -334.818727835 461.049302274 378.586404205 
295.870018414 -354.96334861 439.805087787 -132.354632545 447.982332173 -354.207242106 -348.444800276 24.6100462171 -151.268324422 -0.259701325691 
-202.277819644 29.265376867 -183.317494331 397.810193476 -433.040519124 287.927777107 21.9696973455 455.091738909 -403.431230744 -28.7228800724 
-25.5941138349 107.091676401 -393.500085003 -375.312593678 420.278916603 201.298932481 191.589260538 -29.046363571 303.190364073 -222.380441494 
254.166832336 -56.698966302 -20.6122157563 226.435515463 443.430533652 145.863173042 -243.246735548 -451.685388151 400.475644332 -229.295402456 
435.340252348 -324.323088479 -12.1263289224 213.433795396 -203.015150813 -321.933945595 398.592752988 -102.030445435 -431.422423256 29.0467412378 
-184.746730184 -188.188932617 -2.75130101955 291.361953689 320.307738401 20.1070959797 455.707749053 -403.638816406 -29.0468425172 -433.706359133 
25.7206604244 285.388372927 -442.863710174 -429.362388518 -19.7273303488 459.600136749 182.979015932 -299.454391663 -150.351065373 414.197370286 
-146.379572322 -461.301474727 309.032352102 -223.703645971 24.0732396537 -203.373442665 272.095543959 452.404107511 13.3882711911 -13.3563781362 
-27.6002163623 -254.0168028 418.223114593 -376.277990054 -427.004353123 -24.1755465125 459.208542938 310.277201422 188.087886429 -13.5578194756 
-344.457604926 86.7692467895 -325.108222159 20.6159002107 -9.41461779915 297.259153851 -89.6992559558 382.131106842 407.178859363 -313.253401384 
291.73275636 -331.339593577 29.0355388868 129.51291109 -222.22558333 -78.8861786285 -223.408749741 -448.29811769 367.874771554 -89.4871433485 
454.980624591 -183.113946155 398.105547623 29.2621264494 288.261402461 -201.230819286 22.2498261019 -402.862612924 -28.7221920243 -431.699159558 
-206.325968398 -3.68988643946 -315.95820224 -415.299546734 -428.521863453 -201.029390574 461.559229673 12.3364483494 2.7047535439 324.59703463 
85.0065250359 393.707747369 8.57211487671 388.913711539 2.11747806003 -433.642350057 462.16821895 -319.557091547 -208.602655035 -123.829108039 
-24.0694469954 -458.917626175 -170.368828701 449.73097403 -399.157419262 437.93910902 299.172493802 29.4953147552 -29.0472636858 272.171418518 
458.951457995 -322.298347213 -406.544774686 -13.1808647284 -397.970736505 -174.311288122 -131.276041567 313.165347673 405.153132945 -8.07787340773 
-181.407817773 -98.5693528303 -403.666113006 -224.469416729 6.50645534131 -460.56366355 456.522620637 -27.8276086201 262.896125086 409.556072251 
-191.588432174 406.932130287 -1.45756658771 -141.890432719 320.084248524 -433.26140064 -349.301774809 459.998416444 186.527515036 -29.0468424939 
30.6534466884 440.46682921 -414.576458472 -45.9496586185 -421.857582184 -192.599086327 169.353162033 -196.827597105 174.818702319 402.6965069 
-6.46250244213 -103.659689394 405.206822576 12.7177417232 -31.299464281 -318.138015122 325.019948044 -417.122747921 -182.602873043 -336.430732838 
-0.305747482502 223.681507772 -459.473708934 -251.259555193 276.134319206 430.764500989 150.041761002 -231.805458716 408.72846575 40.518969228 
36.9052920123 452.949794833 -4.63044043737 -250.750003419 293.591523041 408.116522443 29.9444364269 -419.922933612 -448.250894139 201.674318622 
-123.384019702 -429.816101948 -418.848796209 407.505979288 -120.344223827 29.0458618931 438.705461797 -193.035332518 -320.994907865 -6.01640971705 
324.601875422 -207.131630474 -1.34978234025 -29.0468425168 18.5126876541 -207.853198323 188.66692442 460.122278531 -428.06687187 -197.832711048 
404.012185467 460.087777991 -323.128782653 23.4180990781 -406.361279223 -12.0417874045 -121.267426797 -372.094849602 -138.445592127 312.825057343 
-412.155952533 -36.1852109439 246.11486816 -178.254448028 316.323715402 -396.904200208 21.8175197998 -18.379404885 432.583998303 452.979670951 
-27.7775388222 -11.185107832 429.096114013 -410.900066652 -219.130444171 211.838438576 -392.739907933 221.47219174 21.1720240875 451.965043788 
179.965065472 -438.533373547 409.659967543 -23.445267124 -223.820865031 291.431953188 -437.342695296 459.440684789 28.2416175739 -210.502809023 
-376.339355414 16.4920955843 -55.3513185117 172.800518398 308.010600527 309.966861784 -370.777763371 -29.2527602697 443.221486149 -212.174512714 
424.93585671 -237.569457468 -239.893678939 454.986919297 -30.1855827603 -62.6973378723 219.381579261 207.827463923 -458.972163839 -25.1234329524 
461.600122573 -415.165251017 -429.624894109 -213.848880054 65.8068457082 -307.309091089 254.12879701 62.9379568817 -190.859828802 26.0740258433 
45.1507797388 -459.824510191 -95.9209445225 -27.8650142255 373.85309692 258.899824457 -125.042447599 -215.978027311 210.238795915 446.228381849 
290.671904915 459.697490824 -202.775985631 -211.720612715 321.164803216 70.4914789012 -25.1051818731 -432.28044667 -36.4692096962 -450.874197075 
-45.0090336297 308.995990335 -406.921001791 -20.5681401142 -394.70149285 -173.728776783 455.949301263 310.37827445 -29.0468425178 -374.510511277 
143.957374364 302.902038777 311.402632371 -359.133591677 105.045361779 -454.021644713 -29.0468425172 -226.371144606 -181.48502344 2.42982276177 
-156.950009905 -461.343454039 -274.153713415 453.163206699 233.941296874 -29.0468425154 -292.054474648 311.711399812 33.6687432932 164.062701748 
-420.701298608 -180.745072979 22.8137969013 -399.459434823 417.206848954 -28.7559298461 455.055369231 317.309714376 185.963631982 -28.8720150049 
-192.153074644 364.420660614 -25.3879315679 433.957986165 -169.731095226 29.031646848 -415.638414031 -192.426722618 129.078786215 231.431680977 
-376.200890365 -29.2559085664 443.279305773 -370.950445244 172.807321797 308.140457905 309.869511026 -55.4369421826 16.287231048 -212.290676612 
426.509615353 -7.62458911365 -456.529827716 294.774637204 452.44561392 -29.046842517 -98.4753133508 43.5188090427 104.694261111 -319.339209047 
-201.822963798 432.207687113 -8.07034116878 -329.941970166 33.8573588797 42.5928249941 -168.276518473 453.209429785 -452.939085186 -98.7352100476 
-432.736946323 38.6871507582 406.738746284 -1.2510878311 -170.972969098 -194.372169183 -354.138888034 432.469752363 -116.287410826 31.4812663495 
-26.1719642469 -2.44216754317 -209.709411283 25.6770977032 451.56209675 -402.129781377 290.526901302 -389.183243773 217.960423071 429.40239683 
450.553537188 -200.635659206 435.784115456 -411.496278655 -35.4086540927 -455.810645131 -28.836979212 257.299986356 -182.79809446 193.086345831 
-219.35431783 28.9110145843 -228.379498948 386.367858977 462.473058321 295.506308499 -448.134725375 -142.594274409 80.7807489633 5.52608645938 
-73.3870654235 -199.376732465 -459.035402807 390.493630683 3.5714629071 -234.497893351 -237.532492517 22.6907097514 404.716894813 17.9232686845 
-290.553701041 69.5803915037 414.635597964 230.528185475 -286.144445963 347.549159891 -365.050677272 -37.3885903774 49.1835688012 31.6775715632 
-405.149810563 310.308934481 29.2591258501 -3.78878974185 -19.4066994563 -214.094381382 -223.567907408 396.925237666 462.091006324 -414.891466864 
-237.550526239 -19.27181137 -321.51240179 278.938155677 33.4448940179 27.6700384115 307.472029884 -4.94183264857 -425.250236664 451.813309029 
-391.973464393 -52.9180875052 -183.596600562 -29.0468425172 445.340496047 309.684686876 -374.055320594 -23.0983366051 -404.959818618 310.369128916 
445.324343597 -391.909042233 -29.0468425173 -54.028871447 -404.893860455 -183.641443589 -20.0842089245 309.540015818 310.303930159 -373.854387656 
-207.782152621 -134.876426136 321.69282632 -376.883093969 -3.19025076041 461.855132432 -427.463258311 -316.617271556 7.0259752063 -7.534747695 
-195.229920497 458.429499334 -205.056355884 14.6261229858 -6.80838698791 -192.906372854 -425.413827888 29.0468379152 -412.708255951 322.728763694 
-391.785044846 309.465697946 445.064913701 -28.8828608848 -183.239659176 -404.619309301 -53.3716357355 310.158020157 -374.410176759 -29.0468425167 
-434.89716522 393.441585426 150.377093507 369.389757186 133.820733159 -208.009123322 -89.7460037872 462.056630324 -60.9297518346 -424.386317965 
-209.399318739 -335.541886273 -213.711110764 29.1409739728 305.934401684 -5.19297873649 -432.260071399 384.036416783 -21.4107976602 461.975755737 
-322.683269485 -411.628329319 -6.24603634086 441.957585754 -172.139116431 -404.884910004 446.80933382 314.767824642 -104.30516384 -15.9090360689 
404.635460975 296.523378487 -22.7957391649 -196.480789188 -11.3460097209 -130.622066097 -321.417979916 449.425676335 -408.738683101 -428.412551235 
-210.554042136 434.204358215 -29.6614623237 -461.962543996 269.084679554 -39.2554061848 103.791612079 -182.78781217 447.894835877 -386.885057093 
249.096663315 -383.698863016 -171.14208888 436.195985598 311.88599999 -29.0468425185 -455.303292164 -49.7143091314 -29.0456460442 264.674720427 
-337.015639296 -93.2710507584 -22.9115490704 -6.55915450389 -20.3341498784 411.522353683 213.584141539 443.460404487 240.944678947 192.196018221 
-442.660521615 304.055312591 -15.4223483138 -219.580266147 -13.0356193583 462.49748907 -217.470151932 -205.851818579 388.618897497 7.37755282388 
46.1771327997 -29.5042285948 461.991578754 -430.402613927 -208.324987422 -120.551608515 -15.3041205061 320.707996722 285.069485122 -337.67785394 
-230.73103989 -28.8469853069 294.407818316 -185.238793637 457.133387525 -459.661959855 -28.3412437243 -404.423600127 418.338312191 185.603447611 
-178.062755171 42.2002626315 -113.980795818 -334.839992106 157.442233863 428.874851943 418.128533861 125.216676995 308.710992656 -355.669592079 
-310.92546336 -108.250430799 452.651514735 306.704782225 -382.655837177 313.801182505 -29.0468425172 17.622715854 -364.638529023 -18.6600359596 
-109.666336215 320.466242055 -206.541669135 194.627504789 -434.713039552 -3.70192395822 448.343380276 0.710539095952 391.604406249 -319.545371804 
-358.007909268 29.4543436762 285.498999988 -229.957929707 -12.1795047767 -116.757527039 -461.394406669 305.730064517 436.80163682 -96.7018621477 
261.189140633 -175.142599925 -462.584653558 -191.922592298 -25.083016727 29.0346852478 430.687309094 -387.963788949 118.560651103 444.30235034 
-391.843680851 -208.758767556 448.890224381 25.7430472153 267.232989752 -381.14046604 1.91493930257 300.515621976 -23.7804347213 435.584193232 
-462.096498875 20.5582507599 250.274724301 5.96625465628 460.14462719 -328.134536507 8.18384791951 347.830960552 -228.890918684 -108.744529764 
-9.48948645693 -221.817533498 -461.777593079 -47.5033925591 -349.012304438 108.027135181 452.555038258 343.406716693 -126.742334213 312.553213566 
-188.852833068 443.919335057 297.84818988 -274.550710929 444.659841435 -400.788942012 -28.8937255419 -91.6288873212 20.8895053533 -458.841221902 
450.960662434 -60.8581520846 39.0283394642 -184.117538132 432.827863653 -460.550509972 -229.164671211 -408.381173597 59.4984737958 -181.612096457 
-347.542598391 432.941978424 -209.010662327 -439.368769958 -29.8082785515 -98.6557808792 281.011969343 -8.01851139318 255.854811457 58.5724305515 
-23.6153768341 -0.601832670316 -324.189196027 323.29709062 -118.265434868 -6.89076109615 -344.672742477 404.766026775 -422.472273986 -199.254921714 
-439.173208607 -23.788648843 -264.57183938 308.24432207 293.104790614 -8.25403831035 -20.4022273191 -361.216189409 462.353415602 69.980822117 
-101.521750837 -57.7266713602 -204.930398179 -421.100967429 4.56046231023 -456.998614496 222.403123983 322.983862043 425.818944161 -227.294973847 
-304.088718454 -26.9123117274 311.243623171 440.979069221 -11.2400664107 -193.477307646 -320.618015943 3.09271113712 -426.351838042 287.054628297 
312.891709635 403.917531449 460.069299295 -139.461955843 24.7656939234 -406.372127212 -12.1470059489 -121.329936901 -322.75895751 -371.993823553 
460.38364748 -355.326215176 -155.124366986 232.259461098 -7.1659390911 -415.578377907 -28.8871858087 -426.990024609 60.2805200813 308.570529912 
-230.598014131 185.507881177 -405.166357338 -28.8539467702 -459.578761974 290.762320273 -186.084416972 417.999572828 -26.2164960501 457.404656676 
185.409671612 309.381276442 -459.563230427 -27.8388911702 446.981481181 -28.8581028548 -202.638220243 417.826905147 -400.847522007 -230.351342883 
438.403486761 -284.79635129 -417.688283821 330.926805211 -163.561944275 153.160995098 28.2780664239 287.419748231 -435.591187113 23.8860624777 
29.008631885 -447.797169299 461.171194337 -259.543523666 -247.527883844 305.860985803 404.818329221 -148.964804978 -436.750832693 29.0468230581 
265.3675113 178.478984254 432.062246912 -4.37170982921 -42.9107597613 -340.913235907 -230.903503453 -144.684368477 391.385814282 -461.830827316 
-386.499639308 2.56765488618 312.361240442 -207.957702442 451.158031528 28.4893971782 -187.354616997 32.4314612174 432.334243516 -402.478631965 
314.423575251 184.515488887 -179.211228704 454.363531435 -20.1393653172 416.332248776 -398.146605298 -28.7279140219 23.1578669188 -423.9426072 
28.8210548789 102.753482033 426.004188109 -5.12289587745 -193.467449028 -97.4510666692 -123.511743691 456.285914485 -414.093867836 -318.465381718 
149.26689097 201.654173664 71.2059262418 43.4578794526 373.424104437 430.465985755 -137.921058753 -156.310363106 -459.706449887 -196.607779747 
436.241103874 -321.633919198 -13.5091868438 -101.797452034 -421.739737559 -202.491925605 189.07841776 -29.0468425172 450.754924432 -408.017611471 
-322.701776211 446.854716317 -6.36234218474 -404.870110751 -172.103227667 441.912773079 314.80559069 -104.314961208 -16.1324579648 -411.680514668 
133.651931392 -119.257985177 194.39074933 320.043072954 412.19448211 -428.778742531 -190.196295135 192.152925582 9.32560116594 -25.3549878834 
-313.865885774 -345.153362817 18.0706115864 65.6754808714 407.044661855 382.573174888 -333.333862157 82.7548367673 -160.51934722 -45.3903596481 
452.417324866 430.186708964 -253.577776617 -16.6518002678 117.120008995 -116.275776869 215.649117248 -52.5804855923 199.534453742 -406.5265101 
409.532503047 -459.768184163 2.48708810673 -28.9248542289 15.4688606626 -275.720752089 -230.100305905 275.23002556 454.630352567 -110.012289981 
43.5470690504 -7.68063030303 -98.4785552507 -319.342336982 294.792097809 426.516039688 -29.0468425308 -456.528617728 104.687742397 452.444571695 
-2.42484175343 -338.110943365 -9.10104449913 454.831894502 310.042894018 -383.42910365 -374.544118769 309.158027279 -29.0468425172 -104.296167934 
-433.877079322 -29.0468407738 -449.175875893 -2.67864657093 406.495399943 -200.498989978 186.28869836 -212.023170799 319.429128445 459.957173805 
-216.742095918 396.575807585 -461.308594833 -336.557502981 388.584390289 46.8865584072 -123.732184159 92.6925187239 462.130423154 -7.07381934037 
-354.837070308 66.0757473146 -220.34666242 409.314612623 -459.736495586 -29.2135696951 279.090734105 -240.792650601 -75.487222181 39.5229786177 
-95.6283625017 450.947308572 271.980827939 -27.8305216965 -460.958549827 -26.9528518434 312.704513014 -386.941028046 -29.0468425173 276.316742304 
-444.865709198 -5.08018533031 461.741628372 35.9875655447 318.471159027 -204.348494253 23.1262024724 -212.449661797 309.911348721 -199.323513157 
-27.6000149184 -212.611730883 308.199171698 184.228445427 -435.082804683 -440.774165366 -211.289915507 459.642170487 11.2893816654 415.254256187 
-403.159626659 -111.355825639 -460.048823665 -29.5826112667 -250.916048277 411.542898115 -116.101011169 0.978793764289 459.330011271 280.342817783 
-459.454990103 -78.1788440718 -184.106031278 448.109675887 319.939801455 -366.943037539 177.198713178 78.800461038 -162.920006103 -158.060578069 
-160.747184529 -447.856491837 -376.655625191 309.461299255 256.25125469 -223.893657955 455.104910562 -29.0468425173 29.0050745501 61.4115212547 
-112.098430529 421.724353908 -169.915889981 -333.136177366 430.026572274 -11.8344923525 -455.777265808 209.435472636 99.3921946118 -6.63908008194 
-225.728310427 408.893944831 -92.1463754234 -185.878519067 -460.38764322 187.036404283 -406.845751878 458.076510925 -28.4716555219 3.89545356235 
-458.479999802 227.639524423 -305.512001948 49.5423699192 434.372861902 264.831819862 27.7079789896 414.111292049 -154.966084722 -47.9130627605 
450.870080013 29.0611789551 -152.80980589 -452.24092596 -360.402789413 280.341928751 413.546886454 157.441490909 36.9790038553 -80.2984306348 
-204.494109549 -326.204033468 460.808089761 -203.732750932 -29.046842515 9.60274258113 188.441722185 -4.64641679747 -426.39448931 321.917081093 
-170.145357851 -16.4144548344 139.318945136 2.73106981434 318.607635362 458.220180272 388.631806585 -410.465772837 -394.969689059 -317.918589472 
-26.6946682025 68.7402239617 -434.396464151 -203.952244845 -449.836436438 -212.45433114 305.809899621 320.03567562 459.57172008 -34.5019556337 
418.554532574 -202.633731242 -401.156715108 -28.8661388611 -459.557256781 189.501917284 -9.46051159965 447.505347866 -230.470352332 305.247722002 
389.688797904 301.262966837 275.30948907 -11.3235928242 -94.4677631251 -234.190142867 -333.577886969 101.398182577 -23.264670709 -461.703867995 
280.322649953 -168.191427626 448.505360864 -397.541767096 -232.668237324 439.983953258 -9.67165148993 -29.046841808 -459.751073957 -6.53287372534 
-2.23936449008 -433.283947099 320.620950108 -404.091290842 455.88058278 290.172381477 -185.217849183 19.4788383231 -188.234874022 -29.046842517 
-185.561281867 21.6575978347 169.837068814 326.068823352 431.522517636 -320.434081467 -45.3800612367 -89.9047150464 -415.465975718 -1.93559531607 
-403.196704882 397.395936108 455.144466098 -183.424901494 287.576554788 -432.969430324 29.2576530868 -202.014528269 21.7937228723 -28.7209430856 
-221.420768527 408.954777448 59.1267357867 -207.420277564 73.835832966 264.137174179 34.2543996257 -420.469646043 427.87603968 -401.579484929 
-39.7466961201 -164.939322187 -372.928235753 308.934151583 453.322321827 309.646104871 -381.384248719 -21.2007036143 -385.63380579 -29.0468425172 
-195.226734196 -412.707859091 458.416379465 322.727285874 -425.435251465 -6.66900045279 29.0468328691 14.6513734443 -192.905304296 -205.078815494 
-193.504516263 335.099254654 -189.660384025 -429.093465689 88.8467083951 -426.222940951 73.0925754477 445.666207014 -27.3834519443 210.973986696 
-47.2043426793 245.115621062 369.060534077 -252.112419515 -456.597827661 -267.067988489 30.1029355556 65.5973322457 151.444929694 -272.372797739 
-441.042744107 -216.311870018 305.521794411 402.248966196 -15.2038165184 -216.783835372 -441.069155934 461.421352677 23.0167379751 -215.485811362 
225.15266219 -203.808550612 287.439231249 -397.209290844 0.577885145209 -188.492763096 91.9251725345 -28.9158200528 428.057688402 -445.386966354 
292.646793137 273.536655093 -184.164682242 -28.5963681464 -199.12021657 448.013978342 440.771531817 -29.9580876657 -456.691214006 -405.744202062 
305.244309699 442.22921594 37.6160399411 -435.557450947 -29.0468402561 -184.438535645 -414.910241426 -91.510698631 -139.059451707 -359.04042227 
185.491934478 -28.8667729181 417.602307499 448.065651274 -29.138200407 -406.772519365 -168.487655972 -459.383585086 -223.233485559 187.220089992 
286.877097249 -0.302315411139 417.12183711 -28.8816261483 185.916740741 -327.688494436 387.801668156 -453.214483317 -229.295894679 -50.4214644453 
-144.291811158 319.262938722 -434.842231038 -188.060756666 -448.897372751 -21.9095593266 -0.789366057669 -141.190280674 461.457929095 315.846757301 
-445.404382482 12.1012351293 6.53622370376 310.044285042 -235.881944801 28.9755118223 462.573667259 -204.875490077 391.744398278 -211.304143484 
-27.6965788491 340.984302051 -320.060209702 133.786706692 -220.205747285 142.945609382 127.13000601 -75.55087651 419.085798744 -446.725728972 
-203.111864124 26.2665325353 30.1954595279 -452.176732235 -208.441099657 -216.288821185 17.5327027839 372.588953102 215.102404388 360.310218744 
-237.168766067 1.39621560707 -460.260796142 -32.0842653345 410.432702335 -115.880049796 -402.745930949 459.224820645 -101.427822156 276.598890048 
-28.0977242775 -433.086203133 -446.053757447 52.4926221908 308.382118481 29.0468425044 460.514401893 284.829211682 -209.903342954 -221.842245751 
435.993342722 264.932465013 -229.219578279 -383.818059365 263.903378399 -26.2153546794 -24.5011576896 -24.1698860669 -385.563819667 232.674388284 
8.89098991593 -426.891644443 -233.388402913 458.952250907 -205.369929486 -222.525754991 -455.485771041 321.275720453 -1.99775562786 -11.8551650889 
177.38204746 -231.385604239 192.441320376 450.041343343 84.3285025789 -29.03737909 311.000725869 -31.6731347929 -461.37946753 411.065624674 
-195.076415796 -192.800613643 -425.357670433 458.575434119 -412.624347994 -205.092889898 -5.16802250015 14.3964069968 29.0468134346 323.140051817 
172.22004704 310.014343676 443.222020263 -370.847885101 -29.2498990136 -212.029811602 -376.443040246 -55.9998523631 16.2717640583 308.010907059 
-44.9189742157 -372.109360617 50.2573023043 312.974946457 -379.462189346 253.671060135 101.299670437 -181.794644933 445.554694273 434.95745878 
-462.070233712 432.527897114 -46.2025055129 -385.62839577 -29.0468425172 -172.808047358 307.275429487 443.498710684 166.406443937 -244.427917332 
305.442680526 -432.245514504 384.186468456 -333.304569982 -213.688180786 -209.390962153 29.1436468758 461.976616697 -27.7595496398 -5.18798977106 
305.515856675 87.7954641433 -399.129540897 201.836675999 -22.069904222 -228.155744089 398.534081648 29.8753890104 -179.535243609 -391.160049739 
429.778167887 -346.9900561 106.478878446 -236.154280876 406.513744779 18.0159577777 -109.080171914 -460.530346112 -12.8218219127 -86.6844814272 
291.186628045 284.828093017 -29.0468435832 449.098185605 -461.291603419 312.723560415 -3.30599057006 -169.561988106 -389.642074269 -21.1244767684 
-173.781706507 114.672571684 -30.1447936472 447.478777052 -462.589205815 268.693320701 -196.094506733 -26.3494688771 -386.2454041 432.334249121 
-331.589813898 64.3228513235 -193.538710788 436.472889485 -8.3557604997 -119.643518507 -459.852956289 409.229859836 41.06521806 -183.461344001 
-137.694520745 423.510112869 172.730033237 274.707222728 117.033671444 -358.113000476 -360.678949812 5.77560464227 370.176250472 -145.021283998 
303.655629257 -29.0468221546 -169.883002403 272.126551164 -458.888645371 449.715919814 33.0080708439 437.964143028 -399.151355346 -24.0639405265 
-220.835536019 188.966013193 20.7064343913 -6.6811012848 416.385156244 -336.535065256 454.609834553 -29.0550815938 -223.211155178 -450.078901362 
-196.929600674 -423.956958332 54.664146587 -168.169711474 294.501305828 -184.361488664 -390.120790433 241.746929606 116.743877451 238.189784855 
307.820585605 -29.0468412657 453.305374042 -460.201440071 -5.10184696938 -363.219332183 -1.82877417563 -222.553345452 -235.742352836 18.1698229884 
420.387963459 27.6420998046 285.373026452 -292.477056101 195.558966091 -422.460794394 458.633462223 -268.107483584 -15.9773166498 -6.78389358503 
-322.288456157 458.951442203 313.164620265 -131.269075285 405.140793031 -174.303714487 -406.545326801 -397.965100183 -13.1574126816 -8.05889312022 
440.735437675 -29.0468425177 -168.976244708 -234.494146772 -11.1828627077 448.05073795 -10.1002442624 -459.768461809 284.64341181 -397.523050027 
456.199700056 -428.220122503 -97.6701882895 395.563574051 188.829838072 34.4053128054 -27.5539132702 -410.495313079 210.917316073 -196.323492077 
388.660270898 -239.851462712 -17.7973399873 -11.8893236955 418.387576519 187.349409341 -44.7065814492 269.435058472 -459.641608169 -245.022633327 
314.930385482 -167.447032681 460.680852757 45.1442144602 -415.961865659 61.0173628981 -174.723757249 376.241468861 -142.9987457 34.7915119933 
-276.729797252 -246.421038356 405.367306245 -444.92777011 -436.453916301 -216.29364543 29.3129784442 280.764724674 27.6142634082 461.063019016 
-159.072330608 -172.973448293 78.8021761864 -415.369339678 -406.747508824 -97.4670986386 422.309934036 -319.033837523 447.050466979 -6.69536219731 
-412.820892298 458.455998905 -26.3786545477 -414.878706493 186.381056424 415.639205117 -190.897807664 13.2011918838 -192.497015149 32.3011141725 
455.711620833 311.480478313 -401.755129487 -316.350226347 -98.787973646 0.477533199928 -175.36348346 285.951991178 -402.845821088 -13.5319006136 
-459.177605281 187.0468075 187.148328904 -230.177395163 -27.1750722976 449.238378647 -406.895666823 417.860643364 -29.0468423511 -205.92074619 
444.167413535 186.013264609 -63.4046003571 233.644840423 -409.427865721 444.584333091 -128.909869472 182.076146568 -132.586738592 -12.2732462695 
-430.787312178 -6.47618142436 2.84794248107 -99.0884389393 -207.107050264 -315.591959483 458.976565085 322.563455685 -424.917665081 -165.881263869 
-458.144224658 -399.337221012 303.412106828 449.348882258 -29.0469154899 438.575142396 275.020496499 -189.936155742 -26.5365307252 33.9006349356 
307.689686712 -18.5033350619 -29.0468425172 462.168553419 -359.82327906 -7.95543199059 -265.512740549 -438.301778104 295.163766097 73.5511143317 
-168.10753601 -6.51310845028 -223.019354484 -455.250430253 -425.215295036 457.127479885 -205.895599643 2.59210471558 4.44781283832 321.885435777 
-461.860214652 86.6357885173 447.579283987 273.126488395 -385.413642159 -181.122585355 -199.952095322 -32.1831994105 435.457197628 -32.2935576392 
301.916590344 -193.857084821 458.567708233 29.0318043609 -191.115971215 -459.823998713 -6.28663706721 22.1239162339 -231.73329108 -411.404887774 
-140.063109696 59.9747001419 -397.934696067 -42.7516272414 304.573683477 -160.753264294 73.4718576114 452.37832896 -404.397948771 -170.668095299 
-406.873122723 27.457958327 400.620718703 18.9922036856 289.06158575 25.1336200875 -191.266385714 -229.454475409 446.425732896 -392.078515247 
-294.794560485 -175.96748325 -187.776165601 31.656759667 150.751881286 86.9960318155 340.009493159 -426.824236743 377.544752887 -436.413319297 
-426.631571331 186.893373299 414.388291658 302.234333091 453.590857128 -57.002700702 -426.563563242 2.5026361484 46.4167526626 210.09705544 
-338.727635905 302.611513624 461.26871994 78.7974159384 377.588556002 34.3690228002 -418.57121433 29.9735115589 20.8482986955 -244.794902874 
-404.804622555 -26.5079600859 -232.891711436 457.333553679 -185.64194586 185.673790952 -29.0456401796 418.051802018 -459.616921526 288.569355029 
460.540340909 -152.834249386 317.999688147 -185.698863453 -442.516459799 -190.466104734 10.6797170661 29.0468338149 -440.928399727 409.170276715 
86.6823849385 -454.506585842 -95.3486764827 448.963018746 433.377328207 -314.013302806 8.00016645175 -91.628032937 107.543789871 -289.308688117 
330.644433645 2.9801686961 186.506423551 -432.439277548 -45.4892978882 -420.033741943 418.152635943 -23.0645262436 209.572432458 -246.060929725 
53.0785112267 321.327947781 -28.9546209427 276.705650223 -449.139453962 24.8604468299 457.751098153 -207.863769346 -436.715423138 -176.881375789 
458.901308006 215.987114542 329.972691111 -431.276136233 -310.135941419 42.4091926316 75.0410483684 -204.297173117 294.899568109 -2.33479010717 
24.0717614308 -12.2208478725 312.877937055 -322.89940352 403.945885689 -372.035568384 -121.367707029 -406.548935582 -138.784689999 460.086217724 
-34.3493494895 447.955936607 -44.0243663074 -179.074148895 -458.593409893 -233.882539219 321.327665709 32.419314779 96.9852990654 -410.835662326 
-19.1524922618 -424.277638991 -397.87451369 454.345800942 23.4099087607 184.714738368 -26.7650998537 316.680183895 -178.957572969 416.374591319 
138.416558403 376.160182309 -128.367802353 -458.811218338 -298.026553628 -16.5782710839 307.772660102 102.242014828 -105.697210199 147.325785464 
-44.9727947995 274.475872437 -183.816853983 447.406167928 -215.390916933 436.491887667 -28.3828430686 86.8686792357 -461.590605241 -388.571242001 
-219.356212617 -94.0433698102 -320.476748516 301.278919019 4.04073743239 -450.463836525 -134.061937234 127.119232789 436.546163909 6.68553096248 
192.242162331 118.375109168 62.8077731044 -462.454350795 81.0867857487 -86.3588270929 -120.440291862 -389.570317162 353.532941133 -184.335697671 
29.7437230417 -331.819479707 0.585678824018 -16.4485208882 382.553061974 -446.568988212 449.347631506 -206.40706955 -105.652362031 236.99717313 
-205.934279835 321.8768729 2.43772265077 -223.03468357 -6.52337094491 4.24183113133 -168.087576339 457.13172073 -425.22255408 -455.250490263 
-249.321958048 402.444088374 362.91006069 4.65675220238 -425.209119266 -16.7733264788 -29.3239516685 -325.96881214 184.450038784 459.33220328 
112.696378503 -344.117158638 357.685052906 10.3762272355 307.36267696 -143.184369521 -218.099486661 71.5748496827 -459.331351669 -43.9901624439 
-449.90536302 -213.40588882 306.005061571 320.00623308 67.2924857711 459.582246782 -27.6870554475 -434.598018189 -203.426656877 -34.4023627247 
158.22245634 -164.651932343 58.2640816618 19.716773358 305.139564208 378.326493012 -450.767660488 -265.473981555 -22.2618607436 -323.002787636 
11.8697640159 25.1215017121 -208.638410465 186.529008752 -29.0394628778 431.741871422 -238.092190087 -233.031244463 -460.334870654 421.818152101 
381.201282863 5.17882939855 -11.1104596072 462.465099171 -248.177703394 -421.801269803 -21.3272677753 289.592369191 65.0964427434 -327.306859804 
-459.068282851 -12.723727185 -315.014983461 391.355734403 10.2145524442 306.321157511 -238.955656923 -29.0468425171 -287.742068441 156.410909871 
