-66.6838517976 461.686340963 -97.6745494382 175.821110391 198.004371593 331.919823537 -332.671623167 -223.611669373 47.0947091282 -461.686340963 
-461.686340963 -170.253915745 61.8138386172 -207.39832347 192.751354869 176.621438583 328.8180739 -331.404672384 458.187166992 -53.3452637866 
348.539320708 -97.916310311 278.718209265 -73.6019379501 157.881294774 -221.966629697 -461.686340963 461.686340963 43.6084976832 -339.618515623 
461.686340963 330.593195427 23.7155068992 -58.5629050396 -191.025998406 -461.686340963 257.36609188 142.570341384 -328.895687002 -183.827024152 
461.686340963 -215.376046769 64.0475200954 -336.043031606 -73.2843942675 236.634842886 330.512672997 176.893695121 -74.2560658084 -461.686340963 
-461.686340963 461.686340963 -183.954739668 329.221600597 142.201134983 256.74861055 -190.939143286 23.4672304432 -58.6759819958 -328.895139123 
137.649513143 333.659826995 -213.579573232 -68.840212988 -339.948384832 -461.686340963 461.686340963 -115.043759636 55.4337202502 214.84267724 
461.686340963 136.939566121 -94.7885054864 -461.480806399 137.306145547 -213.368989399 348.673986145 10.0583548171 259.504445489 -339.162207104 
-326.994356068 -461.686340963 57.9572471751 226.966800169 -173.140493891 337.716866751 -48.3201761596 105.401335617 -191.821191719 461.686340963 
334.34173682 -333.040702775 5.16214415691 -461.686340963 -238.097089456 461.686340963 282.886311008 154.593716403 -125.332051696 30.0958042017 
81.3138346497 215.43254965 -42.7174450848 -461.686340963 -155.591054822 83.6538369164 -343.578428213 330.659052284 -278.520468963 461.686345734 
328.641015109 210.328477663 182.130832316 -461.686340964 -226.888729729 -188.988106345 -57.772922454 63.0095186197 -334.492888481 461.686340963 
