457.290912428 -29.0468425172 -185.703161877 -242.064735162 417.074377773 187.905898967 285.02690707 -404.900994646 -459.63622681 -29.012142337 
-13.4389312305 430.126896383 -458.219917127 -101.234580435 -241.971894809 427.136422275 225.284920135 -321.530439481 -56.7456566367 99.2036847735 
303.283892293 451.333002326 -368.617503542 -455.971216914 2.38588633354 51.2170985419 -29.046842559 -28.6138060752 241.860879886 310.663813139 
28.7728912379 -322.394574671 286.964274195 -458.840065873 420.358150936 -29.0468425755 383.479786745 -39.6302994567 186.068201785 -239.256959771 
29.0468268131 53.2279513647 211.916298007 295.71991307 456.031791611 396.636237419 -226.237170612 -427.008308073 -455.846435352 -29.0468187033 
-29.0468425225 3.33110096003 -239.243740624 -323.855174813 -41.0391199543 383.871652313 420.399021853 286.467146464 -458.81849529 186.067863468 
440.720708972 -319.128943737 -31.7025809492 -238.96656141 -293.300034882 29.0453522479 26.4654162742 448.065768005 -459.1115807 -28.0877318736 
-29.0468425171 440.951384743 -60.6111358795 30.6738161244 -160.818808459 -409.844337439 302.828720455 222.298321726 -382.12274628 -190.563812351 
184.882839695 -29.0468432981 458.952813843 -402.771763897 -239.723442227 286.482768482 -459.559126959 -181.11960887 419.983961366 -29.0449936622 
318.402783528 -319.788244067 462.274400182 -5.68745250938 393.479138459 8.45414359679 -217.387633306 -435.215203596 1.80400144273 -215.19677242 
454.50009394 236.724155992 -459.91162092 -29.0436790142 -11.885090041 -240.963821009 308.566706232 -187.146875892 -368.781088546 29.0467603974 
-324.473435562 411.275093659 -118.457401347 29.0468348479 402.821308905 -421.317110149 -38.7452360807 -441.442641618 -214.58975739 -7.06127598248 
