-103.244902739 -126.161770863 -234.333001343 233.144327466 458.595236673 112.543084395 351.661309604 -11.676382822 -461.686337529 -342.053609057 
-334.811037146 -59.1769007718 211.596317059 -461.686340963 -189.871895036 333.490469206 -231.156817945 461.686340963 61.7489436551 127.44682592 
-30.0439588601 -461.686338499 279.043630974 158.713525299 -205.158259507 328.364930068 461.686340963 -329.848855215 -158.083332749 43.3916347493 
58.8011575725 -320.728406497 332.927240139 -108.918506953 -191.057484011 18.2403220475 -455.366794294 292.924534075 166.286724643 461.686340963 
334.964524211 -334.95206311 -461.686347421 57.6675161065 -60.909077625 171.153656614 -190.275868898 211.370903277 -231.974923901 461.686340961 
49.8226022278 294.281918893 461.686340963 -461.686340963 332.826738298 23.5522590447 168.840403559 -336.590952863 -96.4734065003 -225.688460641 
330.014884816 -233.269831378 -461.686340963 -335.588393247 -126.265439414 47.2643476677 461.686340963 -76.3691910017 126.534545465 206.417034533 
-224.683028458 169.55931457 325.619311408 -50.9042185213 -461.686340963 -332.951462831 -100.720300511 211.079826502 47.1374623918 461.686340963 
-115.057307327 -69.4959796462 -331.296923669 -461.686340963 327.741267809 53.7043717583 210.846731024 -221.545792873 177.593763258 461.686340963 
332.405406717 -83.013124603 461.686340963 -235.162692394 -108.799576765 203.083364409 -336.010267341 -461.686340963 42.3512420779 174.258537848 
96.0520493053 217.175130588 -222.814477934 70.7999443681 333.805496456 -49.6367629813 -461.686340963 -332.54841705 -181.591407744 461.686340963 
