450.316518957 -236.473928751 81.489552265 -398.851385863 53.5154524978 -76.2477340835 -175.554352841 -461.864559024 -29.046869703 310.19047371 
-213.776907984 -72.1855956575 -97.8377229234 29.0468229723 -420.901230758 -319.309291464 400.112697759 7.72928654546 -458.232296503 444.035763006 
-460.708969089 -29.0468620235 368.348291292 5.47848394821 413.708013649 -324.76743627 20.6161302448 186.65380863 -242.732353051 459.869204502 
458.794616772 203.333439567 319.909069502 -449.234221069 420.343334935 -161.257154307 -79.0712053945 -212.622164453 -431.415914911 -6.06317664429 
189.698250791 -213.403057825 29.0468237402 210.078041009 -28.2652287425 -429.709365167 -420.711135089 410.784565399 399.593511932 -29.0468548309 
-141.289817748 -211.104361297 -8.17790220797 -29.046843339 320.016093092 461.117392223 -430.586174333 294.721750671 64.8783612329 -248.489219546 
-323.010412922 -398.771738659 -29.0468424773 302.674280201 444.419618751 -459.625554057 -4.11140748491 -200.55461258 444.332180894 -102.485105059 
-404.221089496 -128.811567632 -327.691223178 459.396552794 -29.0468425172 291.168200024 -116.69346546 410.921535732 -455.798876433 -15.5368657225 
448.061361646 -175.478730044 187.532103497 -29.0468425231 -325.43156912 -459.220382085 411.031222138 -405.99662579 -122.051218848 -9.69920620264 
188.196248106 454.175937045 -29.0461978135 -397.57049253 -178.617979332 414.684385169 316.625978991 -16.3104283326 24.0178274904 -428.248318961 
-186.159095923 -408.053303346 405.399627916 456.505725776 189.212325231 20.4387254734 29.0468092577 -222.017502467 -424.797732309 -28.8572331483 
