-18.6509306458 -10.77088674 -299.637645827 408.371200355 310.840252898 458.951439848 -426.322424783 29.0468144372 -224.982733787 183.248337854 
-427.580217312 313.475491197 -29.0468431684 188.220000944 -178.862869604 -29.0447298798 414.95986121 454.330519269 -397.796027692 23.4439312851 
313.001117849 -331.471200445 -29.0247102532 458.25163883 -29.0468425174 -30.6399744756 -154.979715351 253.442173529 300.377361881 -462.598155949 
462.069689016 29.0468364297 265.591410733 388.064821737 -253.179023998 -29.0468589682 146.254408549 -303.317739992 -78.7437742338 242.369156861 
81.4790195769 -419.9716957 304.521809827 -452.436978455 189.418766202 -63.380920102 459.068196404 -28.873046707 416.515326399 -29.0455186095 
-198.618283966 -47.1396342518 451.105537788 171.037223313 365.506497804 -320.768958883 2.75425206308 -419.565127962 -407.437210627 143.045774378 
-392.29406096 -29.0468425233 123.395098206 -101.599381713 312.989431597 -270.457465803 -96.7340161423 385.145856442 451.572712686 29.0466487757 
399.336949718 -243.11842197 318.498414862 -430.767462718 29.0468422469 96.464345505 -86.6825191909 167.661405303 -119.501912489 460.768713597 
-437.557665789 -405.529013792 315.72048513 -318.346317755 403.479749711 -215.196833087 -119.77809066 -1.8143553948 -3.16612707495 207.355534737 
-376.966565079 321.910150788 448.592923603 99.4492678495 -301.87748853 -44.1742972896 -197.639740256 172.273693258 29.0464161951 -410.359398051 
-29.0468561752 -97.6670278531 -315.671485599 308.610635 274.476448169 -421.593894945 -388.201062121 2.5812040068 -49.6476927231 458.967550352 
3.43308620195 -14.6549883924 -357.968128194 -326.076386255 -9.95363756616 -316.859503511 461.554736353 -129.676931727 401.504661732 352.669625009 
205.209236525 -462.067802277 -154.525704789 459.599214632 -330.940846795 -29.0468425173 304.155103549 -28.9881126402 311.504775958 -30.4697319733 
-127.273244312 460.786799587 325.568453559 29.0468420886 191.051829666 377.134156385 -93.8787946314 -151.597735026 -191.151251208 66.0131869961 
253.045303375 445.525000671 313.820246597 437.382954565 -23.5035130946 -123.880531274 97.9874456529 75.4036376419 -90.0223755807 -157.882706026 
-326.661877414 194.847248307 446.274832081 -456.839162334 -29.0468425232 -165.637705858 284.173491942 -29.0146072174 -130.489990536 442.486182633 
375.495177702 -315.366505384 333.20958129 -95.8825639782 5.96136516317 25.2433200615 -423.138936285 -222.590679828 -202.300973406 -446.493461126 
-85.6626420445 -39.3521160269 -329.346162229 29.046842104 -240.475142241 -191.891893994 24.6978824981 438.352612304 296.946809048 -460.473117557 
311.10732165 -383.967728515 -257.861011434 -129.615315533 -29.0468425172 192.820733573 1.47053335366 -50.7102563194 451.53493433 308.513218333 
-364.647459229 308.064254041 -2.23396221111 -459.504528319 -28.9892128916 452.966047803 -240.137993282 -29.0468425206 47.8582901946 283.841867414 
4.2800425773 -29.046842751 -407.536693313 444.142373467 -25.7154256067 -317.533128503 253.91984232 293.35159875 -17.6857869672 -376.336780174 
-35.016843535 -8.98999845558 263.85566741 29.046810557 -461.740037718 304.298963695 458.893231298 -330.613082205 -29.0468099441 -313.765348709 
-29.0468425265 16.4745130974 -239.143044475 270.957920134 -458.951438229 -323.151689161 420.497708185 385.61574289 -112.12883944 185.9201618 
137.937498732 98.8165910344 136.137307424 319.702400295 -95.357284151 -387.041348808 -87.7643309356 362.494273908 -4.26935451973 -418.032364623 
-305.591978006 -281.267516752 -285.03078582 -247.873067071 405.933548176 256.36763465 32.1930997124 184.348991969 44.7702041376 310.677989168 
-173.381938597 -29.046612932 448.066365528 -382.765683013 233.651051779 3.54631231352 263.967792379 -391.427959481 -29.046842517 313.662347881 
-129.662896577 -316.88285238 -9.22148855186 352.676576222 -14.5170286816 401.49864698 3.38372825655 -357.906197781 461.555435752 -326.020630957 
-42.2667061421 -29.0468448817 435.3541224 -417.399612229 -205.202411669 451.292062848 309.755786035 29.0462810344 -391.244418592 157.205156303 
-29.0466702646 313.665287292 303.049993001 -17.3462293226 -92.5199672064 -390.343996139 -328.642726317 -124.726246078 -362.03587587 415.852634759 
-441.999408727 -233.975432743 271.823288805 -425.237138508 86.7626026617 -191.341719784 -7.67172360927 202.001576755 450.617341497 31.516819786 
459.727402884 366.905360733 -320.819437902 -2.41976697157 3.66807898672 -407.601974388 -440.994807232 288.31200019 247.761694616 -120.764260141 
-81.8046604885 138.814390691 -331.413045055 -462.539991467 271.67700617 453.819884991 -302.963180818 -96.4887676567 -70.6867755998 154.168394975 
404.247879655 67.0497349637 -42.7722562621 -105.274222089 -136.884108144 310.214808884 461.23695454 175.892393789 82.8423283807 -168.208368223 
415.109276396 -178.444402849 157.807724978 316.071616348 454.261518903 188.133548008 -29.0468427001 -428.306870312 -396.849164499 -23.0262231857 
139.375820974 -419.28301402 22.6316484828 -29.046855585 -202.018707943 340.735564542 -62.4400661277 -208.910906884 385.825014323 160.717661322 
447.214769552 310.000537642 64.3938429593 -128.426440426 416.391220655 200.681224122 -86.6824685641 203.082273761 -29.0468425171 -421.541440868 
-5.89911878166 -424.219246439 427.029554053 323.261749545 -203.720734933 112.283034188 -97.7291122345 -109.482459774 -318.670778224 -4.18472625526 
282.326234571 1.33021622975 382.95087987 -318.901618629 230.649762328 -391.468401493 -83.2529261933 -29.0468679105 452.998988639 -41.899315056 
450.288798632 -29.0452505251 -459.22117831 -328.094222806 -29.0468807301 185.591387888 -238.437031721 -124.550149209 189.823199112 419.722085576 
-318.965822993 373.219858923 -230.035676848 6.65933090563 -29.0468517022 -10.8958902017 -445.708836541 188.371389142 410.491686634 460.344157551 
-29.0469764055 -51.9810670042 -29.0468423316 -444.192805069 79.0702471817 80.6035916372 459.774700052 304.67741637 -403.899916307 308.214742231 
260.335655722 -10.2864794704 -379.133808059 305.131308168 -65.0925437538 -51.4291556222 456.116798443 314.9719728 -29.0468501104 -412.526640881 
-7.22184049947 48.2382669237 -166.852269238 -459.650976072 288.40794502 452.285094563 -366.129745994 308.231676326 -29.0468425174 -29.0466132558 
458.52819581 -32.4733065226 20.4845345507 290.466566866 -262.689375095 -29.0468425172 -404.670461389 401.983902109 -71.0036450084 -272.857539599 
460.597847023 -80.6719862624 408.783723451 29.0468051229 -305.498391542 166.398082967 -33.0848277739 240.700617148 190.116898655 -407.987883497 
-207.692455651 4.16812903814 -92.6207426522 -312.313466553 460.522150089 29.0468329888 -425.711671187 323.637739957 -443.440422105 -205.879699959 
-447.53657991 138.519718317 -165.259805578 -191.534107271 264.787678525 -29.0468432021 29.0413242349 -225.089840044 232.355317885 434.885758204 
-37.2043446332 204.516347755 -86.6824437789 401.962390731 418.252693459 29.0468420906 -141.642558596 -221.444647379 -390.522976396 -423.916908052 
-374.101083863 -340.708249469 -90.0610571245 -102.699053804 122.675096533 369.940400977 138.084370134 94.3672388068 24.2046718948 -314.863041225 
-29.0468425174 -48.0956011469 -89.946977392 168.176990642 415.528749017 185.999287817 410.104797478 -82.9195924155 267.8124694 -458.978274951 
-29.0468425172 300.796884504 403.395527076 123.826239265 4.11903811758 -166.883661345 -113.997379129 -456.898775043 -316.239001978 -329.146827187 
-206.268333646 -296.789693923 325.171708411 6.34233640464 -204.387725802 138.125404427 459.14872422 106.364863901 -80.6960824017 -424.253193858 
-112.63559412 430.511173897 -460.891825132 -241.321646111 336.876722016 184.779625601 -35.0744460716 -187.128775063 -406.813188613 37.6386814931 
292.359540389 -459.864695509 -29.0468425171 -28.0708397613 -304.622567905 164.248621816 41.4988289775 -170.016830601 307.579872613 453.330193709 
405.151743304 -455.628247861 -319.208088423 0.927498823181 -201.50089496 -422.23607682 -5.9465485986 324.603256508 -47.8243363021 -120.355289433 
-55.7251751236 -29.0468425373 29.0468404411 302.420475999 65.0848343326 247.947856827 -453.471504767 443.950995539 444.801263795 207.155537867 
-398.257880002 -57.3817530367 -29.0468579221 451.25597475 -70.1571626285 435.413634505 -407.446174958 209.533159789 256.623570294 239.47938603 
-278.737492265 452.794532545 107.787448249 -97.0719869093 -59.857204275 -29.0468426121 424.826689293 -318.242592137 -6.56331661941 -458.036598395 
-325.375690532 406.43520707 -456.477213339 -29.0468425169 68.7137439715 187.253713255 -146.161952092 -236.061777218 220.956508243 420.479361501 
-29.0468425172 -396.76688916 -176.624122497 214.174913985 -460.174833582 449.816318735 -28.7436791597 315.359727353 285.419502639 -65.357543445 
-167.502792878 69.3567613872 307.141534375 -386.016564506 -29.0468426255 311.642327744 -29.002807938 445.933681617 -353.615885319 204.35059336 
-241.105855516 462.427045864 -431.36209071 59.0118325968 -140.369764341 -396.892048916 29.0468358479 312.58543536 -28.2954988995 394.087109178 
74.8235305953 -71.4781534517 310.752426886 -169.979739384 -326.871538674 -360.264372085 -29.0468425203 -21.4512503684 406.915782821 295.57219704 
27.3956671235 -228.428828923 184.433959266 229.434774614 19.3915614471 -209.184499612 -6.90103817462 -196.965148926 441.407953221 419.133888406 
427.720141227 -29.0468425171 -260.625985375 42.4557703414 -22.9571331501 126.109795359 231.074490289 -370.485416951 -404.611172733 303.477679486 
6.65009404237 -10.8862871693 -318.965444291 410.491688999 460.344157201 188.371413769 -445.708692869 373.219855305 -230.035536172 -29.0468490792 
-374.250663101 101.675824264 -86.6824433559 198.370632961 404.20475221 -121.970366264 74.7774150646 307.66660948 -412.381960568 -147.16765657 
-397.069861575 461.646296351 -5.69190239097 -431.48228897 319.464786724 -214.007837795 -211.122810596 -9.18537392854 313.369061582 -11.3248837381 
459.82254936 -451.866797975 300.166880734 -209.782571079 77.0876330774 -53.6590727034 319.848298556 -430.113835174 -29.0309641587 -20.3921258295 
276.823149601 -458.938896138 -110.261857318 -91.6581146012 311.327226448 96.6805938043 318.325828552 -11.1423984422 51.0396702093 452.632491678 
-31.1947639622 22.1701076162 -28.843625826 -64.8296936826 -316.877484975 437.630952125 409.488769957 185.075770567 236.66401939 -457.74520621 
167.278304689 217.03811046 -234.593856996 -142.961380717 -176.354213485 369.117760974 -409.091359937 459.944595542 -89.3545293376 194.958137533 
449.541316329 438.254641704 -200.506097111 -29.0468425172 285.238853037 -13.4138895644 -404.544959459 -419.390569911 -102.937531026 -322.243847184 
-343.517501404 -261.822963805 -92.8343756561 -318.089157917 48.4424233263 86.171645056 86.6824414927 2.88157737515 385.145230101 415.693049797 
378.091319015 448.40930123 29.046835799 -130.833110798 321.20664839 -164.415920409 -9.71270668199 73.3068538657 -208.928959257 229.987590792 
214.143704432 -456.86137849 83.7988107894 -135.489392975 451.833154144 -134.661819602 -86.6824412575 422.12685278 -150.112318261 -416.599363012 
-91.520455514 -29.046862921 437.7458297 -29.0468425172 -80.8266331102 271.039137724 -404.725509081 -437.599245965 279.135443634 449.847241857 
-190.673135044 -459.421675638 -16.0623822622 -192.499867789 455.371669055 -319.307175178 29.0468425013 -410.512007664 8.16317982347 279.813317626 
-11.9059332603 -456.912667781 -239.063227211 29.1820180347 278.247520553 -320.964142012 -29.046842768 453.055268204 -99.9658773577 432.460496374 
431.355445658 -29.0462062865 -29.0468480664 -51.3286662626 -405.378707854 448.531442015 240.87181475 33.9570107264 -274.252114152 306.871189749 
458.951419613 407.644837946 -29.0468427126 -404.630639452 -29.0468637575 -415.051407015 -276.622726819 -79.9026775897 290.106442228 -116.90542965 
232.618437277 -394.264489007 -29.0468424994 -42.4922901897 310.962530504 -410.551267225 453.133224414 -29.0469032075 153.588638252 432.333193152 
-23.3898131473 -212.967661697 -430.113668431 -234.773927622 309.799516011 390.324147074 1.40539461464 462.331580344 -303.289119322 29.0468425157 
-29.0468435583 -426.134405489 189.034481729 39.2266714279 209.986165004 413.505830485 297.782179056 -456.228828698 453.623021514 -28.8458546864 
-455.438440372 29.0623564331 312.537497002 94.9385427562 -29.0468425172 -262.033308405 84.4642427019 -104.714637636 317.765859341 461.606973995 
-330.016129179 305.487822462 15.3183223219 -391.744627529 445.180566529 312.424522531 -29.0468425168 -461.143084688 -28.884983457 -188.075546187 
208.035531436 -407.060330501 -35.9884175388 449.177857212 190.159709981 -457.419850204 -70.6389124792 247.57821368 -29.0468425994 433.015987794 
-29.6358311623 -458.102295716 449.408742664 -327.231043585 -245.240462096 -129.267613996 -29.0468425171 278.136733964 252.722716415 435.912212974 
-29.0468425083 14.0714881623 452.72850515 -379.351973232 -29.0458913816 313.965117206 -391.941269723 -103.87398137 -312.921283641 306.013915619 
142.060397667 -174.2926766 268.567076557 15.4594063558 251.889832019 -462.385752068 453.758890598 -294.970376057 -78.0191356742 -312.143615972 
300.536462234 -450.920571665 73.203550812 -29.0251782381 80.1089832025 443.763690571 307.098214442 -29.0468432105 444.989069101 208.622150214 
-122.91862205 -319.710567768 -25.9141428247 -424.183811893 -7.09681054084 -203.686415383 -347.269444748 404.767020347 323.366669067 -4.09031669804 
-235.361012514 152.686259654 -6.63477294148 318.079898581 -26.7648173871 314.014999528 -389.020176324 460.523250424 -256.731507006 29.0468406233 
214.159593575 29.0468366363 444.200651056 -191.079533474 -112.062840253 57.3080797859 310.674784476 382.099449477 -145.005147314 -7.46046208447 
-131.541602314 330.445225933 448.507255953 15.9455025134 -344.934304842 -314.432912073 207.609111162 -347.427982244 -7.22325227089 101.251312893 
461.091849939 109.01952014 -73.2091053701 371.400102039 -442.845769473 -89.3322717969 -317.202152114 9.21797179635 379.712911941 144.856795225 
270.442123234 -458.957280192 420.492195583 -323.310140666 185.894481738 385.709758787 -239.13691399 -114.49866463 -29.0468429667 14.0778507268 
141.066332358 186.237569654 -123.226727752 119.484705992 -109.45641871 459.746798974 -417.204628741 -29.0468425171 405.257051072 360.281213648 
49.3622873299 -109.57172227 246.298598071 -30.7367695577 -317.822854081 459.736413777 366.996913729 -322.30703008 14.1264439284 -354.738689595 
-459.39776201 -239.542923433 456.334653011 212.664148043 -249.249655025 -29.0468426239 -237.561639222 -186.28972623 102.081305131 405.218073623 
449.067869514 433.603332431 -179.852557755 -120.263418813 152.066195496 -86.8689623217 90.2755406334 12.9539633432 -144.588578742 284.687263068 
410.462029065 -29.0419283666 -131.782298807 -384.45280802 307.919465937 69.0923023814 -418.523492028 -29.0468428485 460.3485539 187.701774638 
74.9145580695 -319.173573622 405.319146479 -140.11022574 -5.71997149823 -326.747736464 -120.722076448 -457.860387513 405.644208809 221.461597294 
-165.633780623 -351.268242311 459.178731497 51.7067389455 95.6543207131 -322.425001491 -29.0468425177 363.374802296 178.644049303 -384.211637172 
-29.0468426559 -402.736014563 449.436203171 -85.2432814068 255.954063327 -459.161156813 -46.2901473062 -97.0740263345 271.414902942 438.429671087 
432.765835992 -56.1238993986 -406.731323953 -57.8419496819 241.421493201 -275.909090789 -6.91236064797 189.508682134 412.57432783 -29.0468427423 
-323.437999841 -63.3062644886 -136.90759906 396.077407148 71.2607028683 -318.032163873 -356.952318439 -1.47334106669 -5.74119394995 438.554777089 
308.767519196 -25.7371614985 -29.0468425192 -140.544214522 80.8493391006 -322.698143366 -360.32066697 460.784389187 17.8280859556 247.216524934 
-266.745955939 -367.369647473 29.0468418043 455.628772386 -116.995290507 52.0255239283 252.290975789 427.50701549 -331.444979783 111.856086119 
462.33640762 -430.113834599 -234.775056903 390.365881793 -303.292294755 -212.979180912 -29.0386224301 1.15569165064 309.460577735 29.0468382944 
158.475797264 -387.804971821 -29.0468425172 449.100809981 409.720020934 -168.907855041 -30.799048055 312.257435538 186.421051609 -260.658840942 
-29.0468451733 43.4291124418 313.080671778 -435.478401045 -402.085568212 196.839143687 35.7201171311 217.594828476 -211.979384874 438.96087717 
456.93419983 -362.558843693 91.5408627963 -264.109189584 250.315444221 -127.980026975 29.0468412263 7.9385776087 -326.460654115 376.636582683 
-215.518585336 297.420479341 408.594115216 -439.535901935 70.578199051 -7.08205606518 -33.4110395569 -147.727770686 460.626074296 184.299567556 
-170.546963129 0.0721489326126 -459.054348568 -152.116635955 264.591810975 387.689236258 -324.19581711 185.243529212 419.840959388 -29.0468435537 
-315.913138115 -11.1671883007 29.0467018782 460.310289035 -18.4794682382 10.6590007908 348.391276662 -318.638952492 -452.04312914 -229.707060789 
444.333936077 5.9213559635 309.481307267 77.8823359174 311.189749001 174.704968358 -133.360711033 -29.0468425173 -96.1597726867 444.417863181 
453.190317578 -239.520388511 -320.010588029 9.26656124423 432.239993273 -457.77080154 -15.5983047877 -319.203285663 -99.1203308147 -9.44295000067 
-223.146638426 112.909188531 -94.2226273294 422.353538312 301.554904881 -29.0252382419 -315.977227657 43.4382557496 -361.128161762 1.67002190362 
459.716334239 -128.279037711 -161.713556896 376.225719838 -324.238612529 -315.336798189 6.14858249339 304.396935311 92.3269187866 6.8332674199 
-104.207767966 29.0468147729 220.989907743 -421.342532405 -214.685205967 28.9531902677 397.929302343 -297.290048219 375.868907565 -6.79640539178 
-2.41942067657 27.6697722395 452.073482243 315.694993751 -428.96517235 -297.838883283 -208.437359347 -76.5415999083 -81.3530269427 320.891675536 
446.663736458 236.165486108 -58.8598172556 -394.322010971 -28.4044345598 -174.634205497 316.535825412 92.3629275691 314.655122264 -269.231106337 
-321.733627866 407.628989555 -29.0468425171 303.945334798 240.154454809 -452.71495299 46.9728755218 -167.801442608 -164.784167911 443.727153063 
-400.217847992 -216.577145214 -433.918675667 317.83426506 121.244527109 461.416294031 24.7378065971 338.101839378 -148.330259745 -2.41225134049 
-90.5102821688 -38.0486792599 293.265042401 -420.625383849 178.362732144 458.951220339 414.197645277 -403.39087534 -29.046842517 -115.657989205 
309.175982701 -86.7277334968 -29.0468425172 445.185902946 227.212868823 -146.002647247 59.1820427518 443.567574838 -120.120616797 77.654105963 
460.593995109 140.589989766 -29.0468425173 88.3698189186 -68.6703413445 -57.9698820076 310.818968596 310.948449511 -374.367001316 -403.706951334 
-29.0468426625 187.087841399 -320.412913226 460.167553908 -29.9324153068 371.401613867 -446.51296112 -230.328134035 95.0651306574 408.658123341 
-29.0468425479 412.850180637 308.958902715 264.148731083 -458.960560963 -134.454056133 80.1778861579 -359.190420185 74.5728640946 -266.5127234 
405.378741754 -224.833619686 -426.127380238 27.5683118759 -299.205277694 29.0468231026 433.662465569 246.69123027 -104.5137915 209.077570346 
455.325910887 -126.014735733 -77.5621270432 417.126711924 -333.233412184 -344.793968692 1.71572394823 -125.281540366 107.865888202 -225.938906372 
-284.43029731 316.256406041 29.0464709908 461.549118616 -220.31790771 -265.227533018 29.0468409397 -442.658594062 401.552931444 -437.639812168 
307.350926458 11.418317835 -262.348373756 -382.668891157 -29.0468425169 327.821071866 -194.923973195 142.540691255 51.5116455286 -417.833341471 
273.599935425 -368.973839561 -193.246271247 186.542116852 101.410704874 -157.74735145 90.1375923029 -15.3155840177 328.356655706 -321.465400177 
206.457751507 -44.4211703945 -76.3062260278 -29.0468425174 -11.6081263048 187.987419041 -405.84487085 304.899637236 -374.089576031 448.5068559 
44.3510594837 435.496512297 -78.9397915049 -29.0468425243 441.498141878 -408.291534635 -277.722306534 25.0671309385 265.711916878 256.298728061 
29.0417201735 -50.0151964053 -322.953693826 438.961770328 145.176240228 -29.0468702454 -280.205229991 -356.34652674 449.117005022 -54.8215481088 
-377.466592438 79.6893929038 -143.241215263 -29.0468425287 448.01180305 -29.0454710777 306.124666868 -461.950565911 308.673008572 -156.502239071 
-331.669478539 -381.60621069 455.702912574 302.461411238 413.00126124 -132.829862408 -161.744504081 -25.1038821293 -365.062937223 -29.046842517 
241.709415474 302.159654715 -73.7818472401 -198.186952215 -29.0468425172 443.589414846 167.231062939 -452.739369315 -169.030057504 380.362572321 
405.622452922 -59.748302614 40.6484343233 -78.4867894143 -406.037620174 458.280198553 -29.0461209692 -255.824670638 -281.843908696 286.342832784 
-132.16186163 0.648454608501 -326.054757892 35.7906951019 382.708157699 442.712609982 -319.020941641 -359.447659554 243.436608938 -107.289566021 
-88.2378232052 -310.251970403 171.207590801 -338.876862279 99.3475805539 125.664917596 -121.671706543 -87.1055306537 22.1050096304 415.638730097 
295.819407824 -131.741867871 409.938960269 -14.3791018794 -327.928352274 -460.094219719 -159.00576454 443.976778491 -398.222994313 25.5351698607 
309.315682521 -28.8337084013 448.428577152 290.533858282 -297.681599294 -86.2867355003 241.023251384 -378.175982785 -29.0468425172 -406.073214281 
-55.1017779551 88.3403977678 -338.892348931 309.035497998 445.589623872 -112.820938158 319.405596097 -88.4962275705 -29.0468425171 199.057303419 
88.7803048838 324.688851673 452.363626149 213.701060483 -121.71990125 312.751906555 -460.239695335 -28.0117938374 -122.92706514 -86.6824414957 
300.222940996 405.378766142 308.289771125 -167.260916736 -29.0468504171 -194.497523798 -133.867975975 68.159507731 87.4277553761 80.6368490046 
32.4748282238 -459.456731127 450.18347191 -131.429370982 275.116462239 -28.8049692562 437.187577393 310.404666056 -29.0468440705 -329.248179962 
-209.425243436 -244.931753891 449.421092001 -1.66901137268 -24.8301088554 8.34096807503 -427.073533471 -313.336393634 325.09690163 71.8024983522 
307.995727915 -313.394675306 460.056285853 -92.7862803909 -452.432506228 -229.37406045 -360.657634487 28.0549983422 -15.9047453192 -29.0468430013 
84.3944865202 283.787887395 306.516469343 -227.565410356 -245.211015593 62.2389872536 -29.0468425921 417.146868287 -22.7579136148 -452.736794529 
308.180306615 -93.7330433709 -229.473793594 -16.1301744478 -29.0468425172 27.1446792136 -314.307354259 -452.469318826 -360.048401164 460.022322677 
-343.516328777 28.0555158469 -218.677671161 -400.326890958 -92.8335027373 361.271401948 -34.5196773907 -372.893723793 86.6824336553 128.722529697 
-412.78715146 -198.089259139 -388.462691264 -69.6259483486 -10.3026879215 -355.068241583 459.561593408 29.0468284809 303.723478242 -3.81539127258 
25.1675002882 -407.521380771 -375.330905593 203.111409731 -155.788167785 -29.0468425173 309.581379387 305.909485085 -195.070132172 14.5682876351 
442.4217866 208.290952854 297.486668442 -230.179426591 -63.5132391379 351.793214676 119.386539239 17.6451714669 -100.743785852 42.3087777886 
60.8014102234 200.87922232 29.0468424195 -175.813577366 319.407610067 447.863345453 430.11382984 -142.65567021 -220.737253087 -0.101291590059 
-244.482126103 -29.0439548053 -29.0468425173 -220.672562172 459.429271684 -20.3628541913 310.674070114 -375.943171114 192.351042307 134.535691621 
-392.270426296 -92.8281858051 132.860521324 -343.509260271 187.998838159 86.6830497057 457.054918567 -29.0468425177 -376.90229152 -171.297773153 
-29.0468425172 -29.0469545664 410.518238255 214.669448534 -457.098313962 37.3662406683 299.39436217 -325.971358716 452.609921667 189.192840347 
-196.965190291 -242.688191013 -21.8881023497 73.5662812938 307.920299557 -71.6787592103 461.723883845 320.335100267 -20.5629595635 197.821528448 
332.620120541 -397.479838529 -177.370098583 -396.453924848 -363.06090155 -29.0468425172 299.364246264 -25.9128204376 148.86252499 439.218756632 
248.040960928 -29.0468425172 432.031849042 -300.42069193 -65.7586254444 209.819204562 -427.328080797 185.964685774 -36.4703256214 417.334029877 
-315.98802909 29.0468413588 456.761375181 246.173185348 351.564060623 -5.70039250606 -332.177365779 19.407642901 -363.114429716 -103.231931833 
211.044203939 -233.907994862 405.378746158 10.440248342 66.6868577495 -430.115072991 -281.247092077 -296.924382397 -79.172527756 442.285565501 
364.947434965 459.224814883 48.3697801761 177.769658647 26.9260252042 -352.636408433 29.0466593733 -167.360692615 -313.170302177 -385.73876454 
226.503688536 452.892043008 -322.229126804 -13.6834616728 405.90765669 7.60605791992 -238.708050508 -458.456802559 -33.0249070572 -124.247345089 
287.725311367 -405.378666282 -25.3500820844 -432.840440189 -29.0468425155 269.75096267 -213.179378644 454.933606771 -187.804604238 240.831654053 
407.556307005 -166.288412403 443.945596349 305.444826406 240.609807811 -452.919848537 -164.777019239 -321.923684113 48.4440322959 -29.0468425186 
-244.763389479 75.3804389482 -430.113836719 -20.174439913 320.040825083 -313.15047873 462.361214573 -210.171110647 10.4016230785 -43.5851983597 
-355.932375232 -389.325208054 -55.0766268663 -255.570618819 327.970307221 -38.2014607787 -29.046870428 142.950987719 190.326977718 437.888769398 
370.178193323 -29.0422277376 41.5169327271 291.922120184 440.692973758 -369.102975119 -29.0468425179 -149.647212046 145.770205999 302.409285205 
452.687814772 -37.243202228 -88.7947618564 -433.380525324 29.0468079441 -210.15564611 -196.096075113 -293.989335329 408.832938753 -413.080190051 
-8.39205257253 157.454113872 306.305145336 454.669527146 -308.12129497 -314.796090502 -237.687154549 -459.701657547 10.3812204765 -29.0468425172 
-332.050494767 -27.9741074506 459.571030934 -384.590302569 -29.0468425172 -41.6876753479 -29.4167753777 -363.117126782 365.320022385 312.430927117 
29.0467989737 24.9026609545 -204.588602564 -422.960830032 -411.80062302 -194.870901964 425.079109025 0.325824206435 -215.509954169 377.222335143 
306.56619486 -459.725696334 454.01395806 -28.3413633984 39.1727379551 -238.413420535 158.717715652 -29.046842583 285.742768584 -307.297690897 
-329.166676609 401.814601438 -321.198845433 448.0657711 -460.29363216 -10.4388608846 -18.7908509375 -133.580616022 310.585129354 -122.86903185 
-28.8206673069 314.556233584 -6.14520015635 461.90972728 318.873557905 -433.466824351 -0.847933202601 -215.920882774 -213.176130845 -345.725386238 
-29.0468425173 -378.555788944 -317.654562506 443.960351852 293.171649688 -25.8582815566 3.73656201934 -409.659761077 253.865324039 -44.8058888254 
304.201751846 445.989765586 -29.0523837094 -41.4039238153 165.876213877 -29.0468425172 -246.548903525 74.0886806482 310.062041658 -376.695149427 
-108.303523957 -328.615620542 -29.0469569095 -29.046842653 439.719098401 280.459442355 -458.904251631 448.663647316 -82.1929540744 283.474273957 
-319.764654797 318.318925389 462.270481507 1.80372300383 393.411769385 -217.354284291 -5.20399077107 4.52390201012 -215.158034454 -435.179125716 
-316.92965102 -64.1385495675 16.049258437 -29.0469127244 -256.359129308 29.0386423826 354.581045015 119.032966182 253.390914002 438.659925351 
379.826718955 455.761257298 -67.3351493218 153.111813432 -29.0468540931 97.0003050519 11.5860132998 -316.460172788 303.697485913 -368.970246219 
-425.687104106 -453.323353706 10.5776461164 66.3576541082 -221.100238052 -21.888309041 388.540118831 292.606964662 -29.0468425173 458.125292628 
303.500484733 75.7581373758 444.993059683 235.135450414 -39.1717686345 406.057695019 -29.0468425297 179.448917504 -70.1686017833 -453.804856372 
-25.2356245815 -365.071162443 -132.851390208 302.469589945 455.68216781 -381.607051568 412.991846804 -29.0468425172 -161.753623255 -331.677703439 
106.992072544 -0.74633754002 -332.681494345 -82.0481206387 406.877109531 -204.466410215 78.07941784 -461.792062777 111.275286274 -312.752636933 
2.18113657263 29.0467889001 460.843116368 -208.746500598 322.892868642 -3.74786863185 -410.531982912 -191.614985917 -429.227523999 -211.879735515 
-317.650432113 -35.5126911626 460.150026246 245.014007305 -440.886180521 -407.4933477 -29.0468425172 371.221601942 284.816691813 11.8519263275 
-317.004452277 454.878641567 -325.309941163 -237.44057479 405.378743069 -29.046870877 -11.598951857 -1.410042729 -458.996784489 -79.8957444149 
-74.1576669586 -460.443327232 94.0147184695 -29.0468430727 -325.686875433 0.987951846906 462.435694511 394.014380552 -318.122129272 391.225002269 
-77.3270421413 -393.1006987 -28.9156269689 -29.0466702968 405.380119021 -104.636315622 298.441178625 458.012467026 -332.691238912 -366.084148605 
176.340283733 -28.993494341 -378.26356553 -45.8531059777 310.219909551 -253.793008605 452.730718678 305.274663156 -29.0468425172 -29.8661260685 
-329.984639421 -29.0420249811 314.130362325 307.829636583 118.776804565 -29.0300919197 -392.216307447 458.951442038 -461.111594907 -102.054177728 
-147.376005692 224.740748362 420.31219528 406.550186994 -325.179151042 -166.873860854 -456.277825428 67.6405168198 187.02623969 -29.0468437782 
-205.876361434 -423.672603936 -426.180439529 -219.540866509 29.0468299596 322.132133505 402.611279398 -90.4427836958 138.005604746 -7.52888417441 
262.180383768 -278.06641503 165.85160274 -27.4818233334 431.796133318 -29.0468445331 -345.234742984 224.144814932 431.435956834 -313.495177318 
316.985858899 -114.146645701 214.303150381 323.735771339 -106.97749766 94.762574741 -21.4592115925 -16.2077598638 453.424271026 -459.421144137 
-247.248344742 118.405543524 242.277509767 -181.136136543 -214.32471547 -1.97245100657 430.341441941 454.35716925 339.283186444 20.4961658466 
310.309210756 -461.303391029 -29.0468425172 -10.9553295049 -43.3587166554 269.747348465 -325.091534578 -34.8627240203 -377.768232134 380.300606071 
240.014128999 -24.1205068102 56.7564525626 -409.053344403 -29.0383585681 -407.781970229 431.350749097 431.131410682 234.890744095 -202.320004028 
-29.2449514885 -13.6708170634 -410.473781362 330.931333803 -443.866051397 -187.948334977 29.0468336324 82.8462724583 313.186132893 -152.658063875 
23.0466721293 -416.244961316 -201.875176124 459.311621226 -193.020952908 -219.229980362 -449.636743482 -29.0468425172 187.472425907 417.515578532 
-308.067494759 -459.700839784 -29.0468425172 -237.684943555 454.667154019 -314.810177996 -8.38758643298 10.2691696077 306.3208397 157.448820664 
451.977488563 341.840832288 -24.2856919971 4.130765457 -353.918606583 73.5877192289 -314.871793888 -320.36142104 -134.244059883 29.0468226472 
223.389210714 181.898443102 408.212857354 -66.1839292046 305.932090489 -156.644044469 -29.0468428516 442.193487719 -34.361153587 -375.668763281 
2.56354982746 -97.7035663908 308.591280049 274.581226706 458.951443033 -315.688786065 -49.6396812537 -388.155132683 -421.547965506 -29.0468558384 
-320.403862559 408.56860251 -446.501051098 371.317969489 186.990453811 -230.450141256 -29.0468425909 94.964235087 -29.8548352459 460.159410929 
223.462809805 427.085970583 -217.208149891 -416.528603439 29.7228250804 328.950183894 166.949848778 -43.8074731312 -383.135762957 -146.047751442 
144.165103403 -247.873042599 371.118416077 -83.564035191 140.933597392 -453.047974421 -1.88611885868 -74.7098706392 459.936015753 256.959431008 
382.481271156 -160.154077583 -454.532221902 -117.184925475 -323.114475978 447.974416359 244.611807738 12.9931580603 298.823941901 -29.0468425171 
27.0717894263 316.044863003 -273.813871291 -188.404287119 337.151048798 6.60059046766 57.5391716432 -26.8992487083 204.28842098 -411.315836714 
224.42996272 405.377998761 -458.951352761 22.8941314695 308.00355545 -327.8337291 79.2967508157 -135.914699299 -359.099262158 -29.046842517 
447.241847234 112.920694867 -313.546385765 -29.0468432436 430.11466489 283.721409946 9.59803136912 -90.7444013202 -397.005728675 -62.439714572 
400.091279183 -69.7917329879 -29.046842472 -272.201719162 -35.1234453455 454.750544989 -457.057509456 29.0468396336 -237.645524316 266.355491384 
3.02160940777 313.781184646 -395.571198597 174.733280978 -215.774234503 -28.2852886288 -44.6714150139 -430.353035124 444.954068558 312.462551026 
-407.120060129 -405.824009559 -201.279796727 436.181443035 -21.821571656 260.321013907 17.6575642107 430.809535131 240.980077619 -29.046843534 
416.835966959 58.8569140909 -29.046842517 298.414864944 -115.813466993 200.922019155 459.410777979 -255.126135045 -14.8700163704 -459.441688917 
-22.5568017711 446.20493949 -0.693547055125 246.645921844 0.392736188348 -358.811754819 -134.43027276 -317.536071363 379.674781421 -325.24084204 
307.645134502 404.213153975 101.680170437 -374.251814719 -86.682446149 -147.182912908 74.7857276809 -121.969477829 198.390685479 -412.381743475 
-410.588797859 29.0468331713 15.7491827882 -409.101595008 454.497686213 -44.141912435 -191.995279959 238.648459137 430.113516618 -191.321427153 
-26.5121050716 86.6824366021 177.586044905 -135.667371191 461.106723322 405.378611145 -63.4292765371 307.812906351 -285.45552459 -242.70782178 
-29.0468425173 283.917874674 -135.477664316 3.72318925205 450.549081601 73.3649546282 16.3572623149 -353.926134879 313.254332725 -320.49755463 
400.582736992 440.817523318 -241.163528072 -358.352098141 -29.0468425171 29.2262711656 -460.104564984 -189.027703297 302.701081713 -136.782596 
405.899979702 -458.861886598 -320.787401626 -124.514949524 12.4878299958 -239.288109495 -10.1788188001 -318.959440287 -15.9713131651 448.118888249 
317.959783155 -225.261113295 460.587204744 -154.818571377 -438.399396871 -444.116855322 -12.5811265888 318.854770908 -220.917426094 9.74686135146 
-345.513037043 -91.9111285289 240.788333894 443.465482266 -169.193631511 -312.12014713 69.1806522511 29.0464521179 -29.0468466663 308.934570405 
5.14158380989 -239.877278059 54.30365706 298.036563326 -29.0468462958 299.384796565 -319.675313092 452.123140732 -16.9968625693 -459.932987608 
405.373892325 321.068341648 -4.75222581025 -423.323978336 -1.82865409383 -318.837886223 281.019122247 -202.812380303 -456.716135918 -119.490864769 
-29.0468700763 -294.299167407 29.0467316183 -425.426093185 389.606584833 64.4967973437 462.24852389 291.950835785 -223.071274298 -92.1304545874 
-324.421892254 -2.11320082594 411.000297719 -6.83824567576 -340.836391974 -118.777091203 382.225607716 167.271836827 -127.084589692 -319.937832369 
-10.067379281 433.97469835 452.130516715 -99.5931283318 -29.0468425172 285.719901339 -320.219444544 34.1897261922 -458.178798459 -167.51489708 
-175.498706626 -395.757216771 -29.0468425177 -460.319721985 314.769768013 286.863574023 -28.9789258532 274.270303675 -64.6182580085 449.61016498 
47.7882430751 -168.235614221 459.159923531 176.86949211 -309.027533735 -91.0861205172 360.575273826 29.0468330416 -353.59858199 -386.660148552 
-458.077609449 111.506058675 216.60346788 -29.0468425171 308.089952074 -176.285932156 -234.625046358 405.376282027 -368.111448457 -136.813600563 
150.622402271 374.387377819 -83.5232479136 47.4354739771 303.252813412 -373.538532016 -29.0472724955 441.180598394 291.608174251 -29.0469397673 
-12.9989336005 -213.541605304 -14.1188178593 -395.603432318 462.599075996 312.627318123 29.0467895069 392.641745164 -430.362507383 -235.751659042 
373.250890273 -330.949817785 460.347164689 -121.130455143 410.471400394 -29.0937591722 29.0468425173 110.786632755 188.324238205 -85.5704949269 
-459.044344223 -29.0468425325 185.256579681 -0.0488970897767 387.687049688 -324.222363213 419.838828973 264.684548321 -170.545586258 -152.147450625 
-29.038265551 -393.207014841 -104.806747941 405.400096431 -28.8549888089 -332.797856862 457.986304291 298.686596165 -77.4296588663 -366.190648717 
-405.378745829 318.792301144 -217.738674562 376.502976812 -118.83707993 22.4817654408 -6.79808562123 80.1481220631 -424.947461113 458.196184665 
-29.0468427844 -12.2591390676 54.408346801 -318.690586406 10.0390552139 301.074650659 303.71433319 -460.013350979 -171.422673132 451.590938873 
-384.328677771 311.153958743 305.986190218 -7.28258854481 -354.082570406 -147.600641882 -6.16288287905 -29.0468425172 -323.112788953 450.414185887 
14.9438722397 -241.088291375 207.913836684 -172.092548648 425.948188153 351.463871308 303.259175909 -29.0468425189 58.7619619458 -206.756922482 
341.211817887 -11.7844082116 29.0467952807 -314.405322639 450.571372923 -23.744227819 38.6858516873 -168.385609551 -459.083214176 -319.283636913 
224.137410849 408.088900792 -66.8197583913 -159.331624089 181.21474529 -35.0548444365 -29.0468425172 442.655401061 307.021867103 -378.383769407 
60.4842140315 -427.298326641 287.518439219 461.572970067 -29.0468425177 -205.167986601 320.813753997 -3.25035832033 -296.171396925 -92.3131771322 
-29.0468427223 -229.350104596 337.238542697 -425.67111075 56.082156185 -450.580023271 -207.177088464 283.160111678 225.165653102 -3.0259186025 
-425.712754572 -205.880983697 460.521823729 4.08813145338 -443.439580522 -312.312624979 29.0468424254 -92.6201238063 -207.693333642 323.632870391 
290.550759756 405.108570999 -62.9280852493 -300.449601883 -11.6573622958 -283.860305904 -433.428787103 -9.12351564678 318.994075571 -212.553818619 
-319.267286301 -14.4809408137 186.670923894 454.383254556 -238.525230655 -240.154862884 -458.266719943 10.1668002494 419.386056253 -29.0468428818 
413.945597344 -10.9329196243 -29.0468428326 308.618747437 -325.103852914 186.264458663 459.834273209 -178.392756564 -26.0495301465 -460.311271278 
208.157758474 25.5190740431 -33.7284399027 -179.894763473 -391.492080919 -220.934065892 202.29138517 452.468942297 -47.2680199266 311.00773689 
-231.378379678 -52.7248812577 13.85415361 198.431641168 142.950892239 427.427050416 212.016175443 -268.682566355 433.156667514 -87.7182147212 
-380.700396947 -29.0468425184 310.434815613 387.215364544 -196.965204221 173.082762285 -231.691984343 65.0569421762 -31.5376337591 453.315365718 
-29.0468453351 -392.237480775 -425.63031359 393.380906978 -51.5232865714 -4.65534256643 -69.1428417024 -319.610526328 460.604228971 310.363362609 
29.046841497 460.435673312 -143.482901177 -279.374163124 6.25387981293 -444.815133803 289.49670291 -216.008837453 318.557048842 -435.043007776 
-69.5228842928 462.209294719 187.845080991 29.0467993576 -22.5235401551 -77.92457833 -328.092717051 395.92345715 -281.235863615 -361.482339294 
405.378747073 -175.577233273 453.444577391 -127.987673134 -11.6810050284 29.0461566117 -459.484318645 -321.44450127 238.938424532 -283.898126874 
-29.0468437348 11.0362520837 -212.661406986 -82.9784698828 -430.110753565 442.439448551 -14.4462323009 306.512840199 264.798200505 327.051074859 
396.521456661 -374.845770828 -46.9077720619 250.915317827 -20.093409534 371.752519929 -165.120233531 63.3631591132 29.3022884253 -332.908550212 
-12.085676694 461.713469009 -448.700395323 385.007038672 -13.0824497578 83.0025079254 -232.677206202 309.508128356 -321.880372912 -8.34247933822 
448.420041728 -442.39458271 -304.349584961 -69.2059965252 29.0468109663 225.874541997 234.750044574 -37.7597775029 178.607114979 406.704276477 
-121.803031023 -29.0468557638 303.605147314 -152.736413193 191.759862308 452.863219883 -181.665765061 80.8612217731 308.794157898 68.8491711322 
-329.75439318 369.040165758 -114.687413001 11.3408965084 -460.88014372 102.995833759 246.578201047 -35.0344668666 -318.271033464 459.936999518 
-365.685941634 -299.055588491 304.00935163 66.7794964962 139.768385177 -145.184485234 29.0466210911 -29.0468352364 -332.448421324 441.375147017 
29.0468190157 -284.414090066 -22.3594020906 -328.07424951 -361.467095591 395.884293448 -69.3871352499 -77.7832962782 462.213926252 191.392692147 
-294.860451893 -214.407789526 -213.779755153 302.392419413 -421.239015934 98.8528759139 392.512707997 194.78164179 -29.0468439227 29.0468403387 
312.527196184 385.464402521 450.521578525 123.666204053 -96.5123446216 -269.672013027 29.0467481539 -172.185059978 -29.046842517 -391.539240977 
188.909229268 448.875204183 415.612891243 -457.127899329 -97.950474268 -29.0468425171 1.98320747021 -316.043964208 210.804436349 -423.735066499 
-30.0861179978 -435.60465386 -319.797865282 330.382973804 -217.635367868 -215.724010805 85.2781272269 386.401683533 461.876194885 -2.60528066788 
202.389116591 -93.2463558499 310.870942874 -462.420818902 -29.0468425172 -383.085211518 454.373619225 315.754558116 4.33430467169 -29.4292336742 
-29.0468425591 -427.641693162 -1.28405962532 -75.4799557053 209.317306248 -258.166791189 -209.496719885 273.64236231 438.672623501 329.063532804 
-305.757159632 -47.1062370232 -12.7901011258 5.39975791197 -237.787887792 -457.381166476 390.615596791 -316.454032274 -98.6256868931 410.923684358 
-29.0468425172 -96.1778244976 5.91369282072 311.208682384 -133.387091857 174.60483202 444.325954664 309.472318812 444.425846389 77.8956543646 
364.742643597 -454.984589938 -46.1626043769 -152.082700155 284.054494764 392.841964853 150.219083256 -100.316767607 -3.32495506348 -319.378681864 
-321.163001369 -112.588592863 -92.8343353096 -9.94014826462 443.019365571 398.928231324 86.6824533615 -375.012467751 128.981595755 -343.517461344 
-29.0468450394 -58.4507093059 435.497338941 -315.906894477 -327.939529431 215.601375522 -456.592124732 6.47523243086 217.543783474 392.304357205 
-320.981583894 -451.883431402 -174.219635142 439.79981691 280.516470593 -29.0468425171 40.6785408917 240.670025265 -242.511140976 407.776813439 
-45.8332673348 454.091039865 156.873428093 384.633356342 -230.35789924 -29.0468425172 -196.965066399 168.107986868 -266.787425727 311.07936954 
-168.463932823 -320.089160231 405.378698758 395.182346095 -324.863257173 -29.046846888 -78.5793146262 279.27096207 -5.98476712067 -459.107560036 
142.951002496 -462.108733111 -162.519020857 -244.979418689 -70.6609930181 -18.1273497684 427.216223597 455.755640631 260.234948379 -323.935440826 
454.367642857 -427.544858425 -397.90332551 -178.972437444 316.699489969 23.3636828926 414.94236056 -18.5422091268 -29.0443331965 188.241264363 
-124.066755086 -195.12943393 -29.0468425172 228.206009076 175.250289657 409.753010752 306.819446031 27.228595188 453.391296226 -155.025069566 
275.696342504 -29.0468425306 312.859484359 -29.0427733909 34.1584352235 -329.24228188 -459.447578571 450.114178371 -131.440519727 437.302544364 
-418.505619696 84.4239512535 308.595360716 108.90841805 314.991972543 -157.458609721 -111.226083484 80.7726253428 420.461105479 -29.0468425845 
29.0389662585 400.265971014 -445.293308441 -184.714819292 -218.152509376 461.699075361 29.0468322511 -253.519304852 307.615152674 -435.087024512 
-203.313446311 448.480882088 4.09607142798 -434.680615595 -416.807507413 318.466655469 29.0320075297 120.230494797 440.024933437 -218.434336835 
-29.0468427067 -335.061617353 307.747463151 82.7855231276 418.512604031 -128.127061276 453.42285823 -347.395411408 -80.6576759425 -128.747667343 
-314.705690949 410.465814853 49.0377077297 460.347992689 -29.0455083044 303.804316675 -441.637473226 -29.0468425231 187.779055107 -154.150978377 
-209.733041487 4.11511362705 -20.0631118369 -430.113834909 310.727951379 -303.246849891 461.436451157 -3.69324362959 320.212199301 -212.661565111 
450.361803052 314.63734597 -429.179151487 -210.116241525 -29.0127960407 17.7960840008 322.386233813 202.839843457 -6.81820275841 -242.332389882 
454.472656554 -427.378100666 -26.7596213052 414.869234503 306.576791895 188.311420212 23.0597878376 -29.046799496 -179.299670336 -398.301068471 
308.184805165 460.024010116 -92.8756307496 -16.1302172672 27.9874284006 -360.089299304 -229.467123758 -313.453332468 -452.458020945 -29.0468425172 
