37.625917120869836
37.62347438791502
41.71129244188943
38.64407466751636
37.7483083988333
37.53071112643308
39.72877298753269
41.9404258400828
34.42400976983952
40.17904078285835
39.75937245700695
41.1940371615749
36.283734614349356
39.11221183367099
38.47584844566462
30.258290222439307
33.7932334323145
36.147386007671734
34.647155619695035
34.99784141864675
37.515561269108865
31.87034090789024
32.8680141023741
36.86205782296684
38.502775234382796
32.70528027028922
36.16896934239387
41.067553392238544
30.491872079988628
40.35688530918351
38.67777560896025
41.284245562868996
34.95287183151649
38.300972995047026
40.549807112146055
39.40961222858025
33.416536126783534
42.977257953928365
36.085337390548624
43.87929180215058
41.35052942337086
40.80952291988619
38.385485383293684
40.1927178302493
36.15023625741655
40.50551325598886
32.4417696117204
36.59330999425713
40.46726320620384
38.78156033922692
40.742369565053615
34.89124562815373
34.07090204332031
36.31250560864994
34.475328372428294
35.874796265773014
35.78001044983555
37.32486888780096
35.95915752491557
35.18926177220871
29.734532892602516
38.59544174245016
38.18318296210753
35.40916598617348
36.2062027250745
37.30468805618713
39.362473214529416
37.904502042439255
37.06909672205281
42.64345598364586
36.2151742717251
38.99664690454216
36.44983257900844
35.60527104385468
36.1361317187435
33.64496577057556
32.68583467945536
43.37278624278979
41.7202237448105
35.87176276799112
39.843259000873275
41.484610183201006
38.06424838192798
37.1470294808865
32.85426068351031
39.39516419084467
32.56472981721037
33.20427589104416
35.88474807260921
33.7210450193442
43.967593326624176
34.455367601608884
38.681281335286066
40.38654537659462
39.951755550144156
37.66166724537081
30.717565271356587
40.62599982802664
34.955277775601076
33.8059944733155
35.37312774262061
37.990003112312415
36.63544496306675
39.51585152960306
36.13135916676321
