1.0069744493606585 0.7888117971067412 1.1421330267478726 1.0834534138913594 1.0274093965295057 1.1040287833987428 0.7384993042435315 1.142131550196654 0.6828250272482366 0.7994570485574455 
0.81486194615048 0.8751408314961815 0.9216793772160075 0.9412147000834978 0.8638233635268704 1.046485430939117 0.7984115640596173 1.1421403765859892 0.9434071367739272 1.0098773848352596 
0.8943874060999116 1.0917586262322172 0.9814386804871541 1.0189500983240132 0.8999083124445747 1.1426625419983356 1.123923782692304 0.8564890797091638 1.132192152967723 1.142659895292168 
1.1423468067358689 1.0872239556470549 1.1423500363026031 1.1050971054078764 1.0780350050942893 0.8701972337533701 0.94388873836184 1.1421314188168317 0.9303430177846469 0.8175370292272727 
0.7586171893354454 1.1348650275381784 1.0515186153974354 1.142133384379512 0.5816460458500943 0.6749629652340783 0.9838692035302257 0.9848677349963897 0.8344153498065238 0.8945183260374339 
1.1422377374759671 0.9362085790768592 1.1369451377389344 1.1147806670224318 1.0974981313648031 0.9670886928315776 1.068434290058553 1.14213095813609 1.074960210596248 0.788214892400353 
1.1424040364042647 0.4531580799984582 0.8997375565204129 1.1014727242938513 0.8794443098165504 1.0061785126984952 1.1424044111557323 1.0064415000349682 0.8437505388366451 1.1415762055580538 
0.658423461197053 1.1135698569312997 1.1478107842704688 1.1426984215761686 1.1475340500645403 1.1493583094775495 1.0116756637249535 0.6301220452589011 1.1493582617221385 1.1266695964586293 
1.1423039080606996 0.97709340913859 0.4584956637407921 0.7412001911264373 0.9669361750645523 1.14216585994573 1.1403027068397673 1.049170258418944 1.0891450041625426 0.9395603471072576 
1.0452542593189884 1.1421351521723015 1.1173341830812342 1.0797439460770155 0.7042627758581186 0.7535973026538654 0.5088695376290362 1.0670078995776828 0.9175114609338155 1.142131434761702 
1.1150628371197016 0.5333078942477179 1.1220705784510239 1.1281286746587096 1.1337099612751405 0.9563852267838049 0.8442048981185833 1.1382692562984031 0.7753934445144589 1.14213143476896 
0.8497407849249234 0.888494980008488 1.1338850227933024 1.1421874090375197 0.7450493856931357 0.8273268177126982 1.0182973147784662 0.7492703221649057 1.139335419388106 0.8275286762360284 
1.1421995772390399 1.068039169374387 0.6863495093346232 0.808246938839838 0.6695477876147338 0.9615838622575603 0.7714446401402754 1.111156827029532 1.142131434770973 1.1112869683913678 
0.8425937018653831 0.9918242148974878 0.8582088172651867 0.965855286936486 1.1411539262331658 1.1422674294819513 0.8402856312744738 1.01471843690897 1.0544311810787528 0.6478881283489619 
0.7791048397588513 0.8189253370789443 1.1421346954966274 0.8245935242686768 0.8105319920152614 0.5272346332534541 1.141756360048671 0.8229690884466435 0.9920874428751774 0.97163995650695 
1.066043084025572 1.1375671405692542 0.793500894765178 1.0267217769455983 1.0353635481221488 1.1421219020068627 0.8218065023440554 1.1421271948020486 0.8751776441206307 0.8399171436888351 
0.7899347773639839 0.6970500776456974 1.0320228748121831 1.1421314293104543 1.0860121820353401 0.6008987348990802 1.1421314347709393 1.130614671063274 0.9708247380401157 0.8053019588307881 
