24.40201725440518 409.7711257942356 -164.30524967582852 332.03368378647053 90.61864922378065 -69.24867826596841 -392.90461903538505 -460.2169962269063 216.58076493003077 104.598524289458 
375.59810076047756 364.5893377851953 -137.7165419689027 -387.7087908079708 -366.74382672308917 107.82875815139673 -79.33093307889258 -388.9769385362866 245.15098092925683 -134.8965476991903 
342.56132413104757 -216.5393697446729 11.692809374707863 265.4983946294033 -136.23353653456425 -430.0586033819959 2.8001477985540175 125.25661556049221 446.24082161508994 -236.1270553499295 
65.12042117894356 459.62847554956306 -417.10799646518973 187.84651036135415 -203.2368500817289 361.9866163151523 359.5756540926686 -191.18318668566604 150.37409940998427 -390.94072064765106 
-258.7230725476234 397.31494890543246 420.8464272362752 -344.20654761506654 202.7177549115478 182.93078220636653 -318.93957742074986 175.19768031771522 -76.91763204099547 -39.624444348737384 
-325.76655112721056 446.8217434506494 25.348537106267223 262.38936670663253 138.34637464523655 359.91512074048194 -113.01833418402623 -95.08121536264244 159.70579957886468 -255.1072141921099 
-238.2651559330405 -142.11197161424326 61.73023345184333 46.214208591697634 257.0373120777931 226.36015781043238 -461.1097900045763 -17.471024213447983 426.5363651740729 175.60004057662906 
420.7110611808049 391.550956084514 -61.34059052126013 -268.27576519081055 118.20885719947135 -307.17708773547776 208.07491361073625 243.47507959840553 -451.94907086245763 -55.48681707902361 
-430.32284301183034 85.21572232294298 -94.8700049033252 78.79843483763534 398.96742213893344 -162.83783967881843 -174.01348644716415 139.57516044336953 387.71467832212187 -161.3327715963736 
-29.952916387862302 -423.3593982084844 -163.56458907647792 268.63414499081887 352.19831379780453 -373.0711304559292 117.685805730157 76.6550275809749 279.553026295497 -148.38840470191855 
3.9946606361222186 336.782810606309 263.7502095367341 -120.18063774648296 -337.03608100245265 -224.77958723306458 290.1782905647092 87.20318464819087 70.17892273351683 -318.8400878774432 
45.98048806533683 -150.33759274296284 315.80878488307224 -402.87904422072893 451.1930209560663 -326.41287651576033 78.52140196391518 309.6440698668307 -165.93169668801164 172.40567111530578 
-444.4505697395592 -172.91514460648895 446.9500186193503 397.16074360316566 160.16000069610342 210.63213981946996 -77.46922747254635 148.0585070804949 -170.466826108368 -148.52115470760407 
-410.33822115666743 182.18770277091687 20.849755471316726 341.2629366298369 -200.654029732373 -428.7229933907598 -139.48643496156225 193.82517815282856 -164.6171232460174 456.5854517285266 
157.61290682948837 -384.2368585330406 -407.9935327920976 -304.1167603911954 -81.21763700136245 -30.045939537005072 -145.0735665264715 189.58406110885502 378.44082016070377 200.98676556783374 
142.79135524780105 42.913654742443825 -312.86615504525867 323.93577723524515 314.1667398581721 -401.30699775631257 -102.5416133291397 -380.606541818034 -116.99087765871445 315.8727796545115 
-40.887101071918366 261.49736913156926 -273.50141966048403 -30.79247671216537 211.68309053671902 450.5160189677222 -436.89569550527654 -261.25238888526314 401.35456486734967 -20.59627735810066 
