-162.84762944691556 -213.52457206383468 348.667677024191 321.54146946680834 193.45807609437838 -433.94264748098055 -207.51112050687806 37.86364358109622 -407.7884716118592 449.80520335737793 
33.544980066529895 -283.5874252176691 -154.80601937709204 -7.738573859858172 -280.9830954705002 -260.4888206354752 130.96897146973498 248.70396670981987 252.93208743780542 386.12694970933046 
-309.7842986449873 327.652824546223 459.8779838413947 377.77982689819635 -428.6564452065576 170.4114876293433 -195.66054548643646 -443.26829061854886 114.64563172126786 -51.99327773303825 
248.3070894952992 -33.85366640996769 87.41874560873511 25.258124972191105 -415.12435087818415 286.73357502112657 -289.6479277126348 394.90494992663633 -432.153542150509 -245.6095412503812 
37.761031440659146 -130.37439193818344 181.42481282709235 307.86085364688523 44.586864328866625 -294.34622720257596 -333.8376538015748 346.1198055663367 415.9634151667194 -114.33306669416048 
162.22941774267576 118.87245976958033 31.86708112611864 -56.00225804598803 -441.1402281298523 -289.23758302567427 -413.782044815369 444.3465097732175 429.8567616534388 -203.98238190027087 
324.8961725479142 90.14249178275976 -389.95353340491675 -79.61237371106617 -223.30256744716564 394.4160915296742 22.660890069853824 461.6863409631553 177.8727656494794 146.76341561419466 
-179.05638944781464 135.90650602541632 -417.4303684840774 272.31675823158207 -13.508673051580459 -277.37021502229294 350.568508414928 -373.5493080803052 -57.07748414299541 448.53880857923855 
-169.65085403195556 -409.79032598403904 -144.44725198032552 448.2719477656856 39.514721882964075 373.94881628903846 -395.82324174140524 12.567946306560724 -234.3696679141215 110.23306610013253 
-461.5718772131126 32.64502028231428 -112.08940537123357 375.11745593145923 101.50771711368941 -273.3346991195287 -65.38247172525797 185.88194371765925 -278.0001276885969 388.5307429793982 
-201.2276056217862 -317.0330618381374 -66.91705103335872 142.79807025963495 -31.064784693244547 -393.7293143853347 203.4654915045731 -442.32011132140406 402.625106122617 333.93108070126027 
246.1178645943097 52.58996744937127 178.91360436602633 219.73628259257242 -38.46718733544529 -213.30408922054062 -451.29210521406713 -342.5667164197781 418.7149851738861 -100.09907963677492 
-126.17018206427127 -411.36294256890085 -118.47766939496877 229.82775421727405 -320.1627597962187 411.0587559405457 166.38410223208712 -36.916738268109135 409.8031580998426 -155.83369308100944 
-116.09714197929323 27.744150667033665 223.90807302082595 295.3929492836495 358.5306074370483 147.2007478871151 27.987208624009796 -397.8544752818966 -252.42984146451636 70.38200629106969 
274.92353041199334 -34.37912691106951 217.30214948122943 -276.90486913846877 192.05075004348868 -245.1765444344354 439.1175786610863 -119.99394154257189 61.51092219101307 -416.36134530749763 
132.299029078267 -309.57578420721507 -296.70336788740605 -58.734340793747855 -337.837718745592 -2.667478544633051 283.4566230799397 260.5530131550479 -0.6595703624693863 326.40960598355275 
90.55965593372682 -380.4585030649962 -371.96528886283147 422.28058646565046 62.03389837722415 -69.11979022530139 75.90189507633242 -117.87889238736022 229.19994850873587 -379.1591752284464 
181.2642605246717 414.93735734545305 -243.6757137863366 432.557356055327 -411.78435136145254 -41.19859249017846 16.43933533397814 -273.29453580303186 172.21329659233555 -167.48205477506073 
-14.062704822765419 322.29155468791106 110.27174636533913 304.32093849043315 -442.9929148805093 93.80623552985227 352.50777874565915 -244.07863895486057 -314.37135697324345 -241.59332770835738 
80.2668102521281 -178.80431540621612 -254.20850689593604 -403.21803033834203 57.65632884403895 -55.287026514846445 142.77221038913942 321.82289550556953 203.53251616303882 -196.50958322863193 
-79.75727913278396 -180.91394775762984 -157.58620789642768 -447.88284558723876 169.3548430126129 -275.3473978919366 -410.0055965999504 72.76168730529784 114.21017781576674 347.66284119153914 
-79.34974374383393 285.4777265471851 -70.35593070230536 -343.84591932594174 -325.68122802534936 -457.30621151065094 -79.78939244866989 255.3371906178511 185.40747681087925 -80.6878943835813 
-56.07519337301693 -306.24406869364736 -65.84685272688043 -18.656391399014915 433.2251031812729 183.09262348149926 -325.09389698367977 135.91394822575072 -322.1438082209777 316.6742427922625 
-325.3976166557541 77.57083666934017 413.5903015462134 -116.98162609120543 -197.29777481537653 42.09542711062673 174.0503311320697 79.70425017404916 426.8880784758525 282.03943212698215 
-426.71930500862885 391.1415429116767 245.2914900062567 -414.5901490151899 89.74882775110859 -247.01111633585737 175.993673731391 -21.344629855057597 15.364091832251107 -237.00777970445355 
220.43092791004926 -165.17026223943918 461.5128028524017 -328.7625814208592 235.31333989869273 -34.27442005850474 191.32198039378613 -59.05747208946011 187.4918397485588 -303.79121850016094 
-106.098958737779 -285.7683724045976 -380.00306809059055 244.17725336199413 389.4679524388606 161.47104050455607 216.86064075474886 -63.59934456332071 -405.0112501433733 17.630102519387155 
293.39589352841864 -135.5189848884439 146.10201783256215 424.6641322073935 154.64928216591798 -220.61202580152053 -461.37576528841805 -263.07131605641496 337.2827239196479 30.66623004868354 
-134.22666099906223 123.33580673615717 -129.0773779453179 -167.41456372475164 109.6352639396563 346.77101873118227 367.99615582986814 -115.07372793419873 -391.7456002981015 103.598660598334 
-385.7135511248945 297.3112476099036 -60.53099124624001 122.21261891091675 116.49440400088233 -444.45586332183484 -230.43441963943513 461.5528298898272 -154.1263380875356 -270.4851923497049 
-203.05881853219887 80.989247268665 -109.9376741162594 -83.85277893758621 301.7376693730227 -416.28284889343666 291.18320407159644 200.0337725981213 49.65397914463642 394.15830026647683 
-442.65808781949823 -399.6569984425344 -104.06063358836754 -324.5430465224931 438.81230207742385 46.11452025781126 238.51567395063074 -43.56235636323465 -220.00160498055118 214.17782638079944 
290.8882416039453 -13.298805820686443 -375.9194524873928 -155.69713841407184 -232.58780454872746 -281.7850634588631 96.94645657193786 92.0775738294194 306.87501255848423 346.7463585676676 
-171.10962909313642 402.6619443494315 -294.99598887213193 246.85232138379277 -25.871596019945855 -402.2676127766573 -234.84741482332214 81.89973729323387 -351.23154350040716 19.246129749451168 
-453.45420245981666 459.8997385271094 179.9579057653439 -328.9179161011288 328.5753039505514 -233.21654126506309 -63.359876355452236 -297.48996183047075 -82.68187372164478 270.7823996063574 
-142.35547064079034 79.50667537609843 271.8632750475309 434.23043361530347 420.4419221406596 -230.91819276949423 24.664247672590335 -405.1442450219246 182.94903907417253 -325.5942800255897 
43.88944131241033 -209.4258305310879 132.54451498676482 3.9572389237352597 358.8163648914697 -132.92101155528445 -163.30470709160812 353.69050529311244 -452.31101824925764 -401.22491210549873 
169.39683181369145 293.14050214845105 363.12565931534164 -342.6942542266936 442.82570717579756 -193.09361434224743 -363.2811812734257 -124.88163911160059 25.04274656573171 -459.90290060006254 
421.87794843807006 -332.449338996382 163.38702341749172 457.5594619984539 139.1831876476396 -242.2192108757861 -428.4792899648807 -105.698467984153 -455.3201142756257 18.526403491859696 
95.7273170986484 -44.4868846928258 82.95814588077636 321.47132925005656 -452.3069246395809 -169.64343382810316 -77.78737699413544 -301.6672076861631 442.8091186856517 217.17814682788304 
-89.23459697009292 -334.1765048311196 387.03521821175224 360.74114884164806 -231.91185408947834 88.35831711540914 -184.2190944056515 106.19678612592266 -450.8197189248679 205.66360614241881 
223.77369557042522 -72.0153753551018 264.2952684656965 452.3933787507714 183.87731529876518 -260.65793263043224 304.6909133198991 52.65970741647791 -285.7527531726992 -417.1089039155147 
-328.36195277564485 -143.32721726373887 -445.31503018028815 458.61386631523783 365.3775625796826 -91.32352852593758 -8.37132613967554 114.01733350623158 158.19554599538765 -154.1086296535894 
-12.975148657663675 -379.55275077679124 -342.49107859228 132.8553751685406 -122.76446092813447 -240.3651210592211 346.91552308462093 285.7038174968961 456.785376282073 27.482325073400457 
265.9590543284029 -16.581138187696173 -318.6315085138866 340.03103735046074 5.458877124014884 -461.31024918174097 -210.0657023070704 40.08844871729747 382.10110360847364 -262.3413272485312 
-459.71078088825635 -245.33411647312434 175.4633395717116 443.58712296952547 432.8605943467741 -320.2040083992365 96.73661293122562 221.16382358712744 -118.47130102884091 -48.209589513433386 
402.783773419356 -127.85966240711426 -53.7722963037113 -376.1841040029675 83.26977767062479 135.88645584739206 -352.42816023480003 375.6843163404034 -399.06546617946617 107.88219878154464 
-404.6479302972741 47.99015068129374 330.46231115181445 448.1247566650063 121.75013314860112 322.57599800438686 -90.80120460076431 -66.10182158711503 -402.2214683337705 -131.0515391449546 
302.1974940912234 -435.68991716555524 -408.8504626521054 431.44767216362345 67.06948161646946 -186.27906152853993 -157.79244610451394 218.0777693229702 71.34746601957461 -46.613840849204465 
-43.52329908738057 314.93802949593265 209.54215875093445 254.56956560840496 443.56958992483675 71.94853081521272 -317.73369475920276 -421.8511890297071 -25.789664682164265 -296.7489473753094 
-454.5081759303727 433.157671877988 43.37872691609415 -364.1072219381358 -149.14603477669533 -28.225473689807394 -185.6391559689323 277.70692365849334 -326.8424766081058 251.1704810131781 
-222.90997387655506 -331.55753230152067 316.53817527029565 -60.7608622352882 39.75874677693513 252.10582265164936 -456.9997637863742 294.93079163720324 51.834687745493284 -203.7289908819248 
192.57706689854746 31.99992424668931 123.46512466110886 -92.78849386362721 -352.4983891424336 439.72691481752713 -336.8767710230316 -95.21235891847351 446.9761839944062 284.35478890621715 
110.42443205954606 414.5233380855801 -241.88026834056345 142.4019420745378 324.08514095351313 -223.25648869908872 -409.76676395635127 -320.6069694324883 -113.08941575136146 118.5487447811625 
412.08686258693467 169.04055302015962 361.5651391817569 -78.6132786110184 -305.63285741077203 17.39336521341641 -139.4635099627673 145.56636463962565 -356.09187410086895 166.42676762169498 
31.400578698081794 -426.8941837647151 -173.89201616129125 397.6634878418064 -3.7249060588737857 97.20547465796344 272.571972398178 150.02449332897305 232.27458724522188 -177.258117032278 
-396.4657940553325 -23.05267273304436 37.29919004404836 -447.4756890789317 199.84844462469056 -155.07109201771985 121.95056404042263 -93.90134919505414 401.33446532142216 415.384032890983 
125.65288769064752 -65.32013800972342 -317.6997130748251 -141.55292908381148 -434.39689084901886 -338.9702333509175 173.99707612517136 -213.93136227977564 139.3049208839091 424.8924676513664 
-119.76775685642592 203.94030435758896 -456.45223470278404 -300.7489767976335 -55.693605549652396 206.2357579722186 246.99771883917185 -389.568338491635 37.30354341057648 -90.94499611013033 
-191.43468267096122 97.7571227764502 363.3352109985419 395.3381767603514 -386.70260809341846 239.71191777074765 -0.9191303314172605 34.96364370747622 124.99974286217528 -227.47858858778514 
-195.02642436569505 92.34711528932259 -190.74669018226956 -155.48950790191435 405.84949995938274 166.7970430810664 -442.4694847601324 -431.33343438330985 -175.6385342129392 435.53107823195666 
26.764500917682344 221.71336692534285 234.15058884460285 161.7458350367718 -454.4729817042455 -265.2286428731687 -178.69910179788494 399.54492601413057 -294.0185384064234 6.123730940631244 
-32.55165789917426 157.4538008489882 161.99343540014974 -370.290516324232 -190.31052580543158 455.4606158374336 -44.923559278283975 -392.30033432677396 299.18504287529095 91.83142417742069 
26.93440695536833 -5.462971659798118 -143.27624467476676 -122.16646445300151 136.00644491383375 121.12500517770047 -165.55917391773787 298.16392212574954 -355.4984352024478 283.96922290206805 
379.1986043162907 139.19532729343564 450.41111062628767 -429.52303526024446 351.92781448193057 -62.85838666417715 -174.89679934453068 -124.66022698641308 81.76512877872693 183.67311497178304 
-441.9648132365199 -144.44110644529104 379.3861323452503 -244.03472248706015 44.13985832347176 317.4727267922555 133.99700055685895 122.70198242068473 -374.35283924628754 -137.61677490460872 
-0.2703421742485458 -170.29732241423798 -461.64271401942096 -356.6529536865754 -304.6331563278402 76.2937704472267 145.3990706486002 288.2258089789292 -140.21450576192012 -8.91857096651532 
-43.41549172006128 211.30519889286234 136.36926678155083 -386.50068116230267 -439.2537518642082 89.45500313704927 382.1548782472984 -37.44158275761095 -168.0078466217803 -188.45038669325123 
272.64934674193887 281.7799971478611 255.07627154777947 -380.91156011115163 6.795858131643028 -458.55242088232757 -209.04484879386186 461.08495657313875 -70.4569203708767 -21.746623793951297 
-458.34366717256546 301.2965948805746 -267.8396277734572 -389.2372780300277 -73.55626357555451 460.7270284291343 185.88515872532315 336.608479620191 -121.09251163906453 23.501089755112368 
192.55487357631614 268.4973953912143 446.1312509698514 -71.66229847680319 -285.9058795949651 -442.3712850094139 200.5069645206388 -289.7393807884021 -25.57061508810454 -49.501073819070356 
171.9627101239064 461.6863409631553 -421.6055466095051 68.57926238351739 -61.01343582717515 -253.32198138592983 324.6321423878944 393.2636073908708 191.58732678859818 126.31463197934751 
-371.5491765513169 314.8811017277714 212.49205146145698 -33.53705833806568 219.91101191474837 -409.71680823981353 459.25731865751806 -30.155240648726007 -249.33740208392516 -69.65770977234682 
-38.69674935871609 -426.5784883871001 -252.4149031359189 -15.316001006434313 -307.18339158212797 230.89748619334875 386.60156255645035 269.9509032948664 -59.125281100218466 -222.58689675088007 
237.3188752114638 -17.67759242363319 -145.27648721026407 -140.37295609309226 240.80678242921118 -292.9016570504239 -417.1409376873577 304.98974974681863 43.68927375831687 83.02551828586887 
256.8443305403901 -39.64595234054893 -251.47668638251088 1.5443105803563406 -440.14486421322096 324.63930272735456 259.04526912930044 16.57145574659774 -289.12359521480147 68.06476250262448 
152.8146574498909 -364.05148887274663 98.10706197469754 410.3722849042738 360.7276327513033 151.21889438511232 361.4710898208094 -169.3128606449692 -437.1875171033977 -127.9303385528199 
-254.50503522149444 -426.4073102447106 -23.85447911669637 334.85350678951596 232.23816424417646 132.89452055888344 -141.2169865824195 446.7787088161344 127.47889250159727 -323.7009014194597 
4.722245526684314 -460.3148987647379 4.318247116944642 417.99809930142624 422.33081243359015 280.7686083940547 -289.136430498321 140.66959527567127 188.54483706227782 -174.35600104368788 
119.97580283218537 -335.1743809421577 108.2066175263337 -380.15724255179816 -137.97759009532453 304.10514902819875 456.9037986820348 -162.7698024083021 0.23311509264450858 141.49378419545545 
-446.3953440183257 107.02215532273955 -264.9685054173762 -20.8524352263756 398.61038179677143 2.0340565341553325 336.51148824193774 -180.59467105561242 -225.69806093525514 266.81687539447364 
-124.27724543389589 -461.07759575823627 -91.82114411578361 -315.47786581523985 -355.9718077820663 6.420019190532407 34.11555430530475 281.06444102568935 431.74669389049416 207.83379577336947 
162.70093340095337 143.27036150635203 350.42702432435925 -7.432100436451666 368.3522004004354 -222.4291362313394 -209.1392431893707 -450.73411243183733 131.75408735554043 461.6863409631553 
-102.688594848598 -306.518766065372 95.87255365635167 -94.2495166227615 -17.89092294428436 -426.16309617552395 -415.1740309202081 334.44428954173395 -147.8528519991579 163.3299158446101 
115.61667276874736 -142.62640270406862 -116.70007502504646 -439.1154826343011 -141.40045898747886 350.10084213443355 243.61627291512787 136.0233884738295 117.48335647986616 371.49040872719945 
324.50555521387975 -282.64365593764387 -404.6748498702342 230.88660204232283 -6.752134105714564 -304.847195716514 -42.360788944575525 416.8293579014237 141.32379708279603 -97.872881042258 
293.59901237366415 149.70891329462108 -352.83820191197754 -358.43991702445913 395.099808658263 42.69763061027382 192.7809048027464 -87.85558199962972 -80.79967384216874 419.72152642390967 
438.85162208003294 -139.6196512182669 66.37970123490658 -140.13675013989575 -393.22403330184187 184.24216129343267 122.91179556792243 356.71245923571894 192.89741234893745 -394.1904964289443 
-328.72890922286797 16.528787947536152 -100.92701291857283 369.81034934885423 -367.0081676698945 196.33382009191303 123.41845973376758 373.161179926921 -48.20682168735704 -411.1560850777567 
-284.5716850209238 190.05174339241626 20.528492625525793 -288.69422593939834 93.0202833749157 -24.305074144360397 343.60752053923187 -289.4254384645297 -36.659338386308924 267.39163800456805 
318.6934057782411 -98.82706420684116 307.7781340807048 -208.7372580427613 157.91143656002473 -309.9122670732602 -461.68634096313235 158.90542903975177 449.5501726556302 15.547078133784577 
-276.0650624965707 211.01400749249586 -461.308357291328 199.79774511108104 413.6597167051291 -41.63757204177331 -42.61430533580217 -281.5655773144157 416.62191329009494 201.60884251271062 
270.9845443850465 -146.8634831008828 12.692005587960963 -122.88145612882914 -9.740460756087035 -254.04410581430892 142.84359622461926 165.16396257964732 418.0777124784226 -347.9163017328973 
-181.99944942153945 279.47058371410003 -70.51537022825426 175.46430854040355 69.50479093043202 -287.3383381471714 252.45061255325962 -390.73854702714846 3.0645165062532094 413.7952574581732 
132.6524236521411 -456.2355699835336 -339.7505322702683 -2.2207817168885473 234.51971817807848 -186.5102347064896 -5.504611322065784 326.6291122662579 -272.4209461870268 -65.08717471943005 
446.17366151031723 124.51629615150247 -444.3905471309285 -263.0178587435922 173.63074375946636 248.94183626673174 -191.52563982296016 -239.62706863416304 -22.7731589633133 -9.542488997266222 
-301.169575473386 -322.5790372907038 -72.98588354986498 159.87791606807943 -24.13284314475304 191.276621487005 -99.07413113787047 -106.20713930741232 -293.7047525742377 417.1735668193673 
-454.52466102548533 -386.57477192396675 314.2559869459264 -219.15519470420122 436.08794669540123 207.99382292309676 -129.94720030182475 152.47505870594333 39.064296939749326 121.48413314125007 
-396.2506307952143 394.09064817632566 161.94082731215602 149.33034227318618 -347.9652458225447 -194.3407249710474 90.45535308033524 406.3048155528521 -87.80153353819796 -174.6001773006301 
-190.0971415627677 -394.9989935166411 -451.6802187407572 -194.12872357756913 -301.7625685382694 240.8334512642452 51.36656328219662 268.23048208585675 16.44049324434556 260.44041658266644 
-235.77784398323732 75.92756664741471 121.47481577803137 -181.7311784669016 185.11214848755256 340.85431131583454 37.913406100489816 368.3701577328608 -182.85808176476107 -382.601547771061 
-244.3117243138692 -16.32703188663629 -183.04841979274255 -170.5793871969039 -423.7975089646576 404.95431755977484 -407.90691152965024 35.90165102040856 166.08315426060042 313.60058397523585 
168.6565400240391 136.74855816728854 432.8780932946739 -435.0630151248054 19.287162736041815 -432.69249826367263 244.26731322873454 -116.90194239888422 -143.65754655282817 -79.70322832584407 
-144.5989205199551 -400.62995149847234 -235.10803233388233 -64.52631022900533 -4.354990351895096 373.2124347241191 404.3328595517695 -319.6952699811842 61.56040598411422 204.00563215825264 
363.9748576652347 -262.6627255242299 -235.56378789991908 -385.92464721085685 194.27053528146826 -14.70085438151634 208.83118872839034 -98.46169427658504 -48.43394421070984 -366.86371127268893 
