45.5515398756
45.6229066649
45.7097050978
45.6770816224
45.7079240939
43.907030718
45.3043348491
43.9821050579
45.5415234109
45.2772807501
45.6796661874
46.0959303119
45.2137226632
44.9710419077
45.3053465789
44.2119598799
44.1319966208
45.8320114384
44.5692004967
43.2242560893
45.6812719961
45.5943887877
46.0058091281
45.6627665505
43.7385445221
45.69840814
42.2988875064
45.5749986945
45.5410115475
46.10635889
45.9608822642
45.0537297901
43.6717408243
43.1712847692
45.640580577
42.4512196654
45.965109198
45.8433397009
45.0061456969
45.7325456139
45.6001149247
45.6817870426
45.6918244626
45.6765561602
45.3421642234
45.5516200218
37.8073624629
45.0336428826
45.4662882749
45.6116509399
45.1814394971
45.7462037485
45.9269593627
45.7273008201
45.3773629697
45.7856472726
45.6242395486
44.9543420912
43.3620437199
45.8316582689
45.771627881
45.5233410367
45.6046775603
45.748367962
45.8660749001
45.8635392913
45.4155419199
45.5032466241
45.4287136739
45.5290946227
44.751885724
45.6208170436
45.3254626361
45.5489301345
45.5943785708
45.4160526483
45.4179169915
45.7961259166
45.4764171849
45.2170732096
43.9268335485
45.9649637835
45.7034480921
43.1497806789
45.5695873723
45.3045843767
40.4290507235
45.6486542416
46.1129418942
45.456556415
42.7263032075
45.6512561018
45.7908146015
44.4518323263
45.6871290998
45.0398093248
45.5345508013
45.9757135719
45.5988459982
45.4196898876
42.9274001603
45.8528067866
45.462649122
44.4565857651
45.6549330506
43.12935404
45.6659651136
43.288590268
44.8237892508
45.0472659266
44.0137116542
45.3493895187
45.4924958166
44.7350063352
42.9455753709
45.3869868676
45.5973570172
45.0126418684
45.3461967621
45.4843441595
45.6125842854
46.0632004971
45.7973441976
45.3423362858
45.8280246297
45.6498270076
45.8393878042
45.0408890823
45.2607830471
45.7152044513
45.9209534049
45.5181928021
45.6361406843
45.8009602606
45.8147394626
45.6798576107
45.7136002978
45.0624830859
45.7483678542
45.7537506021
45.6281014571
45.5095297444
44.6388239698
45.5896494417
45.5822172393
43.3479896444
45.5756912112
45.7538396229
45.3002715519
45.7638172679
45.8927295715
46.0179716889
42.3543495882
45.6103593369
43.5991728849
43.1781949606
45.6006559205
45.7217397624
45.580152067
45.5322409645
45.6402476829
45.6351080008
45.5824123147
45.4687224207
44.136742191
45.5595960917
43.2500061817
45.7965240462
45.7627988804
45.9171057736
45.778004918
40.0316537918
45.5896494787
45.3226940961
45.5643660229
44.327490167
45.6914066754
45.1985624739
44.8146573581
45.1002542386
45.5851020215
40.6917696645
44.6456958606
45.5830809933
45.1703686807
42.9073445219
45.7895768461
46.2087162572
45.5830335516
45.4028128347
42.9460246345
45.0450761923
45.5953670736
44.9048219741
45.2802782343
45.2072825049
43.3981277663
45.4565671701
46.0115070158
45.0181254913
45.7836809514
43.5797281099
44.5585141043
45.5306698553
45.7046615199
45.696874457
45.4606851641
44.0695736792
43.0343264181
43.164424655
45.3855162318
44.7389419064
45.443606126
45.8050233629
43.0380114649
45.0669510175
44.7869024537
45.5957120638
45.5648922945
45.1052644045
45.8452508726
44.3373610335
45.7952981714
43.5247876085
45.4130514886
45.4888668242
45.7693994613
45.5858099399
45.8146617698
43.9864423145
45.6390635761
45.8846894698
45.8695791654
42.2809849886
45.6360906267
45.1093472408
44.6289254395
44.8602418746
45.7522306321
45.8639079581
45.5065016466
46.0632014935
45.4025874368
43.5271448998
42.786968756
45.2272044708
45.4427652724
45.7877098107
45.4791813898
45.8526657501
45.7952978973
45.7327746463
42.7340630822
45.8234894475
45.5065153147
43.2256972535
46.2036131047
43.3196116104
45.6490901969
45.5778404945
45.6484784766
45.6435312616
45.6184332832
45.6798607109
45.8096218935
45.767072535
42.6195304309
43.4169058124
45.6549446282
45.7347078793
45.8513082274
45.9638546698
45.4433665447
41.9276783115
45.8513081716
42.6497024153
44.7634375941
45.8642801332
44.0451802109
45.2170784813
45.3812052752
45.7875064809
45.8417807134
43.8495853462
45.632656368
41.239584709
45.7835822901
45.5512787364
45.7973441772
45.430099748
45.7793092145
45.3579269134
45.0552174906
45.5696087017
45.6760639198
45.7145039232
45.674204154
41.0069571712
45.2604952411
46.0115646084
43.8418301781
45.6542176897
45.3844715417
45.5308894344
45.6442770112
40.9964720443
43.0820354836
45.6361181615
42.9954388753
45.8148210631
45.6403379536
46.283473411
45.79042017
43.7782615457
40.0622723224
45.477648555
45.508613094
45.6836361358
45.2118678631
43.4117336991
43.1422339398
45.9023553086
45.3782361019
45.621771691
42.6520876144
45.5602742058
42.7570784803
45.8888413671
45.7607522983
45.3452885154
45.9682428372
45.156710759
45.7927238742
45.9756327388
45.6379320195
42.9759438567
45.4411803793
45.7056431854
45.4742317611
45.7519570806
45.6810780984
45.1979492179
45.6119198165
41.794642288
44.5563664114
45.8553208511
45.7916077877
44.227136358
43.2253551258
45.3955768897
46.1367429028
45.5996250073
44.3290130175
45.8156783859
43.9145076381
45.3784378739
45.9030751878
43.7562855944
45.4547935467
46.0772139857
45.4918863743
43.3589646755
43.6927630591
45.8156781547
45.7956533535
