0.965511043493 1.20624118136 1.22999998373 0.754436421299 1.14214017552 0.99971586047 1.22999997228 0.762829090918 1.14213073508 1.22999999998 
1.23 0.96154720536 1.02216555667 0.976358875222 1.14237303089 1.22999999953 1.22999999987 0.823825292327 1.02805730386 0.924127127447 
1.22999999976 0.879728920017 1.05483713045 0.737957631298 0.946003596297 1.14211241765 1.14213143477 1.22999999989 0.877119466275 1.14200934047 
0.64331530971 0.901504544444 1.23000000009 0.908406849443 1.00356231569 1.23000000101 1.23 1.18242159534 1.1421314566 1.02737528936 
1.14213143487 1.13597915913 0.790724584434 1.01454480761 1.22999999993 0.652811039453 0.998725120239 0.860501154849 1.22999994497 0.973275624968 
0.974778028122 1.22999999853 1.1583146708 1.0696203577 1.14213143445 0.764276366243 0.8477216669 0.805318895149 1.22999999964 1.00449666598 
0.548356715536 0.89511137883 1.13427374412 1.14475582382 1.03610151608 1.14213140452 0.926943252768 0.880319935927 0.75481491913 1.1424076938 
0.742129370124 1.08336357467 1.14213143477 1.00143006597 1.22999999994 1.14211750741 1.2144686496 0.948783416718 1.23000000015 0.944605176308 
1.23 0.919729624953 0.593746262251 1.04082952149 0.909108434613 0.68838098017 1.22999999997 1.13519149848 0.988519691888 1.14213143476 
1.22999999961 0.85570504772 0.872707932531 1.14033333034 1.14211271499 1.2300007808 0.904976458194 0.888037591645 1.05534680377 1.00639889359 
1.14213143501 1.180400427 0.640273009457 0.986099057295 1.01157026834 0.712930004423 1.20137546111 1.22999999999 1.00185013201 0.954953739147 
1.07739933117 1.060385769 0.628406552987 0.820704282086 0.986093774151 1.14213017254 1.22999999994 0.999988786398 1.05415649901 1.14174616428 
0.830079569929 0.98440411118 1.22999998407 1.23000000042 0.990323800001 0.954532206112 1.12791453391 1.19108948332 1.14213158658 0.983156545925 
1.14859502341 1.07456527415 1.03825143251 0.785540225045 0.859399615974 0.785005195841 1.06185373831 1.23000000353 1.14213143477 1.22999998412 
1.14211271498 1.22999999621 1.05057063636 0.806256433615 1.08530371921 1.1421314374 1.23 0.754888676453 1.12638387688 1.03146241577 
0.91067249347 0.91757106718 0.886607881175 0.936424728715 1.14193241764 0.842027195059 1.23000002542 1.14238284312 1.22999999743 1.02787589572 
0.933051600087 0.840786762213 1.03248454759 1.10114992278 1.14199722028 1.14213143477 0.72231231105 1.23000000061 1.15659743986 1.1102607032 
1.04488207537 0.741457495372 1.14213143477 0.84560149814 1.18197851286 1.23000000325 0.89202401319 1.14213143477 0.703520724052 1.07966037658 
0.716337690455 0.908666828399 1.14213174169 0.910926459299 0.635333446168 1.03605419984 1.23 1.17629483683 1.13777730411 1.23000000007 
1.13573377339 0.876312220682 1.23000000004 0.996285195373 1.23000000004 0.853639656657 1.05268706483 0.743589174821 0.849962792126 1.14213379266 
0.601326188642 0.936928619168 1.0295082739 0.986954659557 1.23000000174 0.998268150837 1.14213149556 1.22999956765 0.945624249643 1.2299999213 
1.23 0.942052918402 0.938372237739 1.14212937348 1.13903906547 1.22999998311 1.03525699486 1.00258855627 0.893719628048 1.01368284186 
1.11991438474 0.928986468611 0.995787997978 1.14246443454 1.06702910717 0.979149060816 0.948476042669 0.993411813354 1.13794521845 0.915375148309 
1.03544854306 1.15180680893 1.23000000006 1.14118137091 0.928815257476 0.883551512793 0.894360199817 1.18979242974 1.14177471302 0.866018338391 
1.23000002688 1.03392251565 1.22999999831 1.22999999149 1.16456431931 1.14166997641 1.23000017547 1.14213143477 0.912188403268 1.00006439515 
1.23000000003 0.701058045693 1.22999994017 0.9762879838 1.19415267807 1.14213143503 0.987631958876 1.22999999974 1.11269911594 1.0206648771 
0.880234807601 0.720771499106 1.23000000205 0.942929630791 1.22999949616 1.14211271499 1.22999999997 0.981392260843 1.04340784521 0.873938361444 
1.14212764802 1.13691782256 0.8271213298 0.803621920865 1.00518887579 1.08057010474 1.22453149498 1.22999996219 0.935724206027 1.22999999998 
1.09617110445 1.14213143475 1.23000000036 1.06287443839 0.847063034775 1.14213143483 0.956451167739 1.23000000005 0.780804480595 0.903739715004 
0.99945167549 0.633558588088 0.957497925537 1.14226743583 1.22029437075 0.984475021092 1.06916799804 1.23 1.07033936814 1.14212998224 
0.88211253518 1.01871567245 1.14213073312 0.886401034968 1.14156223509 0.876770140206 1.23000000011 1.04432242641 0.993642041772 0.780112029738 
1.22999999957 1.1398588609 0.907268869843 1.14213144855 1.03307776647 0.839436077973 1.02312583862 0.850290116811 1.12896638475 1.140916799 
1.0133093665 1.14213148005 1.07677278851 1.001371914 1.22999999988 1.03556370303 1.22999999216 0.954845492157 0.93401240963 1.23000002092 
1.01496652442 1.03504895538 1.23000000003 1.23000001582 1.14104043323 0.861013890878 0.757897345499 0.898034298628 1.23000000001 0.882793278689 
1.17671367958 1.05741317623 1.14211195268 0.876951596028 0.881640736307 1.22999968534 1.23000010649 1.02043814005 1.23000039967 1.14213143477 
1.14213143474 1.22999999816 0.95048215274 1.23000000044 0.567998563152 1.13997027207 1.23 1.04203185186 0.944665464035 0.553608332308 
0.61590139462 1.06527539715 1.07871061465 1.22999998568 1.14388525384 1.00756405424 1.08532784708 1.23000000717 1.00941853954 1.01171248702 
0.857585875338 1.12121729298 1.01585871129 1.14213143474 1.03417109362 1.14213143477 1.07304436473 0.648197675144 0.966769982208 0.958878661053 
1.01389622111 1.0595579493 1.05676611053 1.14240148074 1.05442185468 0.948847338762 1.22557088139 0.75778453994 1.22986577087 0.924339189793 
1.00517345737 0.982653751447 1.2299999641 0.886290644513 1.0593842634 0.809699421483 1.22999967598 1.1421314348 1.04312735391 0.968970126764 
0.996371910713 0.918960648973 1.14213143477 0.962843036839 1.22999651537 1.22999987622 1.14211130708 1.03313212628 1.07407978591 1.22999861134 
0.763454108432 0.963484421506 0.970655916557 1.22999999946 0.97367032318 0.956000359574 1.01686012742 1.1425364795 1.14267523617 1.00735606178 
1.13897798053 1.13455137642 0.695073686269 0.960598472178 0.741595688998 1.14213143494 1.00510453591 1.21160154918 0.861759023882 0.872660581564 
0.916781891752 1.14549439166 1.22999973895 1.14213143478 0.893775790348 0.73891278641 1.13776141505 1.00721532337 0.686628817422 0.953269601368 
0.697917809741 1.14212984595 0.980554644685 1.08981985723 1.12074271331 0.954223435771 1.00320341387 1.23000000383 1.1011226235 1.23000000081 
0.996812979194 0.880035798519 1.06889176026 1.22999999986 1.14211623337 0.909918563455 1.02421083095 1.23000000011 1.13333136552 1.13399119559 
0.629208118215 0.930067163667 1.23000000001 0.824971820345 1.23 1.05983268887 1.23 1.14211271499 1.23000000047 1.23000000003 
0.933836449165 1.23000060401 1.04438954375 1.13131099065 1.14213150657 0.944067528601 1.2299982855 0.928354877314 0.729686220887 1.20059008139 
0.86624405964 1.14251786982 1.12628413888 1.13320268492 1.14213143474 0.883158444916 0.935173934123 1.2300001614 1.05759046362 0.940972935306 
1.01014603684 1.23000000073 1.23000000002 1.21928546404 1.01367965754 1.14212376237 1.2300000002 0.882759238431 0.994569766008 0.907473408533 
1.14213143477 1.00307558473 1.22999999987 0.83702926919 0.881892865851 0.613835258907 1.04257751123 0.844804709499 1.14400458329 0.944675713268 
1.14985276757 1.14212396958 1.14213078813 1.1928575349 0.865442775318 1.00074558969 0.639903775356 1.20781640966 1.1890903482 0.671109039453 
0.773737101361 1.23 1.02678134844 1.23000000003 1.14212999285 1.00733607022 0.86476250383 0.982457963313 1.10614419117 1.04419518448 
0.88084822483 0.816234015857 1.04724826976 0.830176600414 1.03350124188 1.23000003502 1.1522828897 1.20907489431 1.14213143477 1.1416472044 
1.14211271495 1.14213143587 1.08615687089 0.917834439397 1.2299999999 0.925480978048 0.988391261621 0.766701358858 1.23000006655 0.881015340874 
0.903832910389 0.630966936715 1.00025946607 1.14211271499 1.23 1.23 0.772611138358 1.14212514446 0.831112242302 1.19610155993 
0.652527986547 1.13747864254 0.996248222051 1.23000006784 1.1421317102 1.11984404547 1.14212141564 0.998834843739 0.726677165586 0.874601904193 
1.05482090824 1.01415588106 1.15555599799 1.11443340483 1.22999998126 1.06006791319 1.142437819 0.756788743762 0.939448271807 0.956520477061 
1.2265828501 0.978157118011 1.22999998166 1.05260135273 1.14162715451 1.23000000266 0.889109189246 0.923327444013 1.14213143477 0.758675960738 
0.892038999944 1.00196211505 1.07983269754 1.18215533431 0.703290400863 1.23000006849 1.14213143477 0.845545471204 1.14213143477 0.741555619525 
1.22999999836 0.980278698875 0.967034811647 0.996522441321 1.23000000519 1.04749956289 1.23000000012 1.23000000894 1.14212765123 1.06058742248 
1.23000000095 1.03682376824 0.991029740832 0.872259888863 1.04627358157 0.599107246701 0.967736256747 1.23000038681 1.14213143827 1.20047794071 
0.732095931861 0.996624535486 1.0267460923 0.999394192162 0.881618276734 0.656103697706 1.2300067402 1.22999975216 1.00024361747 1.14213143494 
0.941592217191 0.996738932892 1.11723475789 1.03736494728 0.932692543984 1.23000000219 0.98319812628 1.04929882334 1.22999999997 1.14213023314 
1.14241483447 1.06519865637 0.969385993707 1.2300000093 0.933978634296 1.16898627835 1.11169542973 0.890164401069 0.992349129362 1.07331824371 
1.23000000001 1.22999999968 0.928983111292 0.956010325399 1.06293182408 1.14213891245 1.00561751357 1.02611805471 0.969925292281 1.1421074143 
1.14025793745 0.849541921373 0.939837130473 1.18920099995 1.23000003526 0.602215927852 1.22999998316 0.973211764388 0.950813893534 1.02954386174 
0.822359526474 0.902258598815 0.925797340119 1.22999924091 1.13289335089 1.22771535645 1.22999991036 0.995587032014 1.14213143482 1.15012264527 
1.23000000003 1.01688028292 1.01602201215 1.14213140635 0.947717433258 0.693955340474 1.22999999991 1.22999999983 0.830065490117 0.879351945251 
0.94540127019 1.08696992693 0.983008095606 1.2299999998 1.1421301188 0.801025808064 0.990326185734 0.995790610799 1.22999999999 1.23 
1.14788543433 1.23000001898 0.941945669904 0.96630669378 0.956827227797 1.14213083659 1.22999898394 0.677181743012 1.2299999887 1.22999999061 
0.975371324974 1.02086212646 1.14213143477 0.957865140199 1.22999999975 1.06087473608 1.22999989708 0.642742439994 0.577180572089 1.23 
1.22999999999 1.14212907561 1.2299999969 1.07695251157 0.987365549123 1.0072579333 1.21072159192 0.863225336688 0.621192062948 1.23000000825 
1.10631231253 1.14213081011 0.976427050184 0.985541790479 1.23000000001 0.93517752247 1.21848185203 0.918066348001 0.854023478276 1.1419148135 
0.893204698084 1.02217256018 1.01800139372 0.607500447181 1.22999493688 0.98567470698 1.23000028649 0.838993413814 0.992432290399 1.14213136898 
0.915557405772 1.14401748753 1.10390182071 1.04399791269 1.14196314792 0.999761963419 1.23000009546 0.907311960203 1.04057378936 0.722996808703 
1.03897729363 0.907340839927 0.994816516603 0.777717654688 1.23000003675 1.14213143482 0.779930184756 0.655028688609 1.22999999919 1.00169331485 
0.853334585237 0.990669731747 0.890556121675 0.742546226655 1.22999999196 0.704431179149 1.23000000074 1.14213085722 1.14213143529 1.19142420337 
1.22999999678 1.23000000048 0.979100425726 1.22999999999 0.925901570598 0.955048131983 1.23000000156 0.931021338736 1.142112715 0.997880749169 
1.22999999972 1.04140613703 0.828100105568 1.2300000001 0.973969360643 0.97464606632 1.14255335688 0.972500074269 1.05437642193 1.22999999361 
1.23000132278 1.05636639375 1.01723406702 1.23000000133 0.827458866649 0.87714787655 0.748860362942 0.931261349243 0.985087297459 1.14210141456 
1.01091565001 1.14213143477 0.879606908535 0.666155988988 0.96085858124 1.07138982951 1.22999999944 0.99172551173 1.14249523673 0.887634014557 
0.995135802387 1.23 1.14213143742 0.995394865348 0.710034619364 0.986615241706 1.18606267592 1.0811530086 0.884861984006 1.22999998694 
1.01126024132 1.14212269722 0.977633185541 1.22999999997 1.14216058907 1.23000003024 0.976748405168 0.691591402927 1.22999999878 1.2299999995 
0.985503433358 1.00414341391 0.994672175026 1.2300000618 1.08028496624 0.970735113933 0.795767141767 1.14249381003 1.14246843681 1.22999999763 
1.13774494232 0.874242974266 0.747127908019 1.12222964579 1.22999997018 0.970450714284 1.09510283669 1.10102624213 1.14213129611 0.926643806956 
1.22999994772 1.14213143477 1.23000000988 0.589477159841 1.23000000093 0.815156698789 1.22999829976 1.00343082338 0.973543412716 1.23000061553 
0.917893455462 1.22956178981 1.23000000002 1.14213143509 1.23000000977 0.632586032217 1.18331961014 0.984461202027 0.875335831137 1.01183058196 
1.08209202743 0.853988065824 0.93645578866 1.14678938684 1.22997504387 1.14213143477 1.14242524649 1.00470313334 1.22999773813 1.01971828079 
1.13521704593 1.08234252816 0.986855283363 0.969044964367 0.772940036505 0.96052863875 1.23000000248 0.990043593214 1.14213157038 0.986442509075 
1.22999999891 1.19459058478 1.2299998026 0.944351516633 1.22999984104 0.556117527389 1.18860687496 1.14212686973 1.23000000861 1.04433153363 
1.03698420603 1.1421287071 1.22999999998 1.00151991629 1.22999998478 0.987255968687 0.712658838937 0.926023207135 1.0594152676 1.03399844243 
1.1994461283 1.11538512231 1.22999999925 0.899357114537 1.22308637089 0.769439095612 0.993553572886 0.937175022652 1.14242476442 1.22999999703 
1.12423319859 1.05198498778 1.22999999959 0.803533066775 1.23000000005 1.14213143477 1.0339709188 1.23000000011 1.22089762313 0.969799770289 
1.00985941109 1.14272298474 0.766721700453 0.916953246195 0.95989104002 1.05093521699 0.976528517711 1.22999998415 1.14255600634 0.942160031332 
0.96554240593 1.17160953815 1.2300000657 0.968791110175 1.05156384848 0.945406004788 1.14214442961 1.14213143475 0.9341019467 1.22999998676 
1.22999998703 0.727544172375 0.624521247327 0.983963550123 1.22999999919 1.0152916953 1.14213143476 1.11031869625 1.01732581323 1.14213143478 
0.760676627631 1.00828319249 0.991338030358 1.23000000001 1.23000000042 1.14212970795 0.994673593754 1.03895805076 0.624855529024 1.05898086283 
0.922772342817 1.22421646467 0.874383259525 1.14259069682 0.95433237323 0.971100879133 1.23000000005 1.14213122422 0.626978990883 0.980063931754 
0.995510819396 1.14062917221 1.23000006732 1.0408143794 1.02425069712 0.756526898189 1.14213143477 0.906414053825 1.23000009933 0.634434074808 
1.22999999996 1.23000000003 1.09133438171 1.23000000797 1.16431945163 1.22999995682 1.23000001063 1.14211901699 0.990645866482 1.03410373412 
1.10258375736 1.136724399 0.968556317584 0.970806471817 1.0039565735 1.14213143479 0.959594795623 0.812024293489 1.22999999852 1.02198937997 
1.05045800186 1.14213143568 0.977692830145 1.22999999996 0.813060621944 1.01835684204 1.05470930693 0.995491661864 1.05152362472 0.734000463326 
1.2300000127 0.917470321059 1.14211938112 0.690875233299 1.14923173375 0.988328885513 1.01719536939 0.905598797099 1.1421349042 1.22999931587 
1.23000000081 1.03398689656 1.1497092903 1.10954024665 0.920991407536 0.99401703437 0.888459012675 1.1411723677 0.802475867272 1.14213143477 
1.0103606773 0.997333397659 1.18086381209 1.23000000492 1.23000000031 1.14211271467 1.23000104527 0.938836511068 0.679551922657 1.23000000003 
1.23000010597 1.14234242169 1.22999965453 1.08149624859 1.14211270388 0.904824986764 1.22999999274 0.841882465821 1.14578434368 0.966816024838 
1.16023153631 1.03739521445 0.8267710358 1.14212823831 1.00124593422 0.998437921354 1.23000000001 0.706889323331 1.23000000032 0.739853231904 
0.688265052339 1.22999999996 0.972196992441 1.14213143469 0.84308949426 1.1426511355 0.762410835336 0.670229745958 1.14396258887 1.22999999999 
1.14213143477 0.871040178042 1.2299999795 1.22999999444 1.23000012074 0.818069714868 1.1421314845 0.841045247738 1.23000000632 1.0271617794 
1.14213150016 1.2300000001 0.986675258669 1.02615203654 1.12044143957 0.995775496943 1.22999999999 0.914433857197 1.08587475316 1.12204591275 
1.0070511857 1.10174669097 1.23000000005 0.770066568305 0.80479954303 0.858710889753 1.13726682066 1.1421314351 1.0016315589 1.23000000012 
1.02554004017 0.916639677454 1.14211271499 1.08551637429 1.14218864434 0.819597953197 0.916888272122 0.900981237422 1.22999999999 1.15042400422 
1.12158065491 1.23000007519 1.23000000054 0.630879872863 1.22999999998 1.14236112304 0.740228977314 1.04956436511 1.19524739132 0.903659079024 
0.811841276314 1.22999999913 1.03058973932 1.2300000076 0.912038149398 0.89175178287 1.2300000014 1.14213143477 0.895148437483 1.22999999917 
1.23000000018 0.976823760673 1.2299999999 1.14213143684 1.23000000018 1.06968713136 1.23000000007 0.970696872206 1.14190670362 0.924325773691 
0.736643899796 1.23 1.06818299938 1.14210436869 1.14991892955 1.05905457831 1.00719140366 1.23000000001 1.00905796051 0.715418977998 
1.1078548199 0.957801138591 1.22999999654 1.22999998691 0.616114307718 0.552335840856 0.852101793922 1.2300000785 1.14213143546 1.14211415475 
0.919626102272 1.08621186306 0.73975915442 1.18914729049 1.12333149385 1.14211271497 1.14213143653 0.999916730956 0.922757760154 1.23 
0.925805288745 1.02980329323 1.14211271508 1.02149864122 1.23000000001 1.04182771497 0.90306377293 1.03080661701 0.798933172963 1.23 
1.22999999983 0.994964523201 1.14716144377 1.10457897963 1.12019033409 1.01004768218 0.797785901018 1.22999999968 1.12720823185 0.970450797172 
1.11952908173 1.14157458928 1.03374486068 1.00868834107 0.960236950144 0.938554572355 0.931132710179 1.22999999698 1.04381688986 1.14213143477 
0.937218265212 1.14089237836 1.02931031026 1.22999999977 0.962720190536 1.23000000097 1.23 0.988144791562 1.14213072303 0.798816233938 
1.23000000039 0.967721795725 1.00623977201 1.11934617587 1.23000000008 0.724650802393 1.22999999997 1.14213143477 0.97419856297 0.621522803279 
1.12391718721 1.22999999999 0.97048359494 1.13266693763 0.820562147981 1.14213143477 1.06605714892 1.00658911002 1.14197119201 1.19458214727 
1.14213704315 0.788421652088 1.23000000027 0.892604999269 1.07911673009 1.07819373227 1.22999999908 1.04687424494 1.14210879352 0.997511533235 
1.08895488913 0.987877223286 1.22999999999 1.23000000002 0.60402778694 1.14213143709 0.849599631258 0.580119541552 1.02742076224 1.22999999995 
1.12026563724 0.757930141561 1.14213143477 1.23000015744 1.23000006553 0.942436264885 0.948582988264 0.745720375213 1.14213125147 1.01905693361 
1.14239837539 1.23000000011 1.01395574451 1.14205598426 1.15014575978 1.11199422123 1.10847383831 1.14171704019 0.83070902711 1.22999997641 
1.14252073881 0.968904854182 0.975524779017 1.10848011896 1.14213143477 0.899452810803 0.886058509078 1.14996041628 1.22467719039 0.820039970842 
1.01666563799 0.9754472906 0.819843500126 0.837913620336 1.20240616989 1.23000001005 1.14213143957 1.00718792072 0.960688848077 1.08850486108 
1.22999999926 1.23000000586 1.14213143473 1.06587651212 1.0039331004 0.857309002873 1.1392203682 1.22999999991 0.831580628171 1.22999999925 
1.22999999999 1.14213143478 1.00462206397 0.903288426682 0.94303505203 1.1382064559 0.985516944296 1.05826781771 1.22999999556 0.78613918004 
1.22999660429 1.00890845259 1.14213143477 0.910073633381 1.17214686728 1.05547620338 0.952712449499 1.07036837152 1.14213143873 0.88868908705 
0.921832348393 1.02365700346 1.14544473912 1.14238049202 1.22790781583 1.06761558429 0.983018511589 1.23000009164 0.718705290113 0.923502275536 
0.740805813668 0.864845096294 1.04659909511 0.747450796729 0.870286566714 1.22999999008 1.14201613221 1.23000006184 1.14213145092 0.922491888676 
0.701811272878 1.17943860078 1.01010237652 1.14222692083 1.23 1.23 0.942265025335 1.22999999999 0.968276241449 1.01667832569 
1.14384921456 1.06086353842 0.942992496343 0.964067651606 1.14211238415 1.23000000843 1.22999999959 1.22999978892 1.0433792371 0.782645930508 
0.941617396859 1.11718112641 0.9967028966 1.14213022891 1.22999997164 1.03726741287 0.932708634759 0.983198489676 1.23000000002 1.04933933708 
1.23 0.991979981352 1.02675555741 1.09761941546 0.99126593335 0.973989400684 1.14212969 0.814655512517 1.23000000081 1.18106705194 
0.650141574897 1.14258312442 0.718512259149 1.10633478182 1.14211271499 0.856754269475 1.13849652229 1.23 0.725755523994 0.965918862376 
0.833929155983 1.07227259241 1.13880653799 1.01397193655 1.00772845216 1.22999999876 0.989784829057 0.737908100293 1.1421314344 0.843718253844 
1.22999999998 1.14157685809 1.04787611042 0.976891716965 1.02253101317 1.04494387167 1.23000000033 0.665974011531 0.98665670926 0.999817645154 
1.14213143478 0.914743093271 1.23000000005 1.08110822049 1.13884334747 1.02929184873 1.2131916207 0.95000536807 1.00969704679 1.22999999956 
1.12493267329 0.984206920332 1.14213143496 0.819051414005 1.05235997206 0.88666808022 0.911389211137 0.751738362291 0.678327312735 1.09306422415 
0.971805741751 1.22999986022 1.14228176549 1.14210485965 1.03806439483 1.22999980538 1.22999959781 0.670778121754 1.22999369132 0.767464779697 
1.23000005304 1.2299999648 1.14213143478 1.13423288324 0.821003618294 0.895282069799 1.23000004254 1.22999997013 0.884938940271 0.986459811991 
0.996804947001 1.2299996978 0.990452676103 1.14213064667 1.01495964745 0.956433354621 1.2299992877 0.976900029519 1.22999999957 1.04011945878 
0.975816925213 0.646111881177 0.944941722911 1.23000001874 1.23000233635 0.915817295295 1.23000011304 1.02659551505 1.1169151908 1.14217029205 
0.997045099117 1.22999999987 0.61630925764 1.22999890069 1.17495885301 1.14319050842 1.05630597347 0.936176285555 0.991420694467 1.22999996184 
0.992470009355 0.898136108485 0.726841409521 1.10815351234 0.939822330902 1.11360218188 1.14243773056 1.22999998834 0.99004853661 1.06985244903 
1.07009539599 0.93548929679 0.966305397819 1.13905106935 1.0458300085 1.14147328407 0.956334055249 1.04041168798 1.23 1.14213143477 
0.957306855002 1.22999999938 0.996401792865 1.22999985979 1.2299998895 1.14213136381 1.23000000644 1.2300000294 1.23000001617 1.22593402807 
1.09916069648 1.1379608354 1.12268436609 0.915008113222 0.985402468902 0.963361706453 1.1425978228 1.02755543576 1.08517430642 1.23000000253 
1.16840724363 1.23000000092 0.875953688111 0.881973403825 1.23000000329 1.22999999988 1.14913757284 1.14213143477 1.16567953515 1.0119920552 
0.671942816891 0.800443494432 0.959192064052 1.16205660581 1.22999999997 1.20475606016 0.949918133442 1.10655679824 1.14213143477 0.996354961138 
0.983489242934 1.1419808527 1.00268925509 1.2299999996 1.1421314386 1.05100182432 1.22999999986 1.22999999989 0.967962581188 1.12740196618 
0.711928330633 1.07330939203 1.14223187738 0.728611013774 1.14210708496 0.595100706288 1.23000000001 1.015454073 1.03553826802 0.98924987696 
1.22999869633 1.00881024631 1.22999930706 0.674530969909 1.14808199547 1.01320506908 1.23000017157 1.22999889759 1.14213134239 0.90536152971 
0.941234039945 1.22999512782 0.981860395828 1.00048028485 1.21421152621 1.23000006248 1.08239172746 1.03768596127 1.22999999989 1.14213060997 
1.14207081551 0.865593470255 0.992316749469 1.22992097318 0.894638281835 1.22999887206 1.11842463349 1.22999469735 0.987587728365 1.14213134877 
0.989756658564 1.1434617374 0.887739967251 0.619328347916 0.888214962845 1.14213143476 1.23000000106 0.932248073873 0.590161571283 1.05140916177 
1.22999999784 0.974384422982 1.11286562219 1.14259290767 1.13857268385 1.1043482408 0.92000104748 0.984283696567 1.02945264597 0.961685614095 
1.14213143477 1.04289956035 1.22999999226 0.7799083095 0.973007714324 0.864123061032 0.99525149728 1.1421314324 1.15792737836 0.564085819964 
1.21406432108 0.916937549327 1.14213181466 1.23000001957 1.05519226296 1.19071880867 1.04095690354 0.880879906817 1.23000004202 1.14206229594 
1.02893399899 1.22999998511 0.907193436335 0.88314664189 0.589371232369 0.959869082575 1.04939102057 1.14213143933 1.01187395245 1.22999950868 
1.22999999443 1.04922712175 0.974510278151 1.229999999 1.23000009629 1.13529501787 1.14213143473 1.02784976586 1.18111720401 1.00998926192 
0.903509782127 1.14213143477 0.787096916749 1.14213143473 1.105739202 1.02812228532 1.0725806295 0.892661631815 1.23000000013 0.656135394745 
1.03269204622 1.22999999989 1.14213083521 1.23000000007 0.981248832959 0.983937490472 1.14172173847 1.23 0.937505553215 0.943677031674 
1.05235010147 0.994957033789 1.14212982511 0.964706397696 0.983998191889 0.900598098282 1.23 1.23000000069 1.14175354789 1.07986555918 
1.14742344355 1.03774951128 0.802438150631 1.14212983297 0.95418845582 0.717373898239 0.960731430089 0.999091916802 1.23000000002 0.985959551934 
1.23 0.998508511396 1.23 1.22999999998 1.14213143477 1.23000000003 1.23000000008 0.819722249593 1.05924832029 0.904203684477 
1.08111290445 0.914737168598 1.00969634617 1.23000000011 1.13884263527 1.02932702416 1.2299999998 1.14213143478 0.949923917947 1.21321813578 
1.03320840377 0.765466874018 1.03903240884 0.962545320406 1.14213144385 0.747082875013 1.22999986674 1.19304848827 1.14213143477 1.0577320743 
0.615126675497 1.14213143477 1.22999897408 0.780849400652 1.14213116261 1.23000210204 1.01719550317 0.976927019625 1.07249114447 1.0598219749 
1.22999998797 1.22999999574 1.14213143477 0.779465942291 0.613023434417 1.22999999967 1.07439605951 1.18281821 1.2300000002 1.23000000023 
1.14202661532 0.995316645392 0.971535849605 1.09490250689 1.14085828627 0.939452772167 1.2300000042 1.14213143477 1.00659372778 0.823865533563 
1.14212298301 1.0021840429 1.06362451452 0.571798982655 1.23000015256 1.21423484689 1.01279669754 1.08714897535 1.14213143682 1.22999938893 
1.04082607634 0.984773411904 1.23000000004 0.968604528401 0.884907987938 1.11668510917 1.10407088037 1.14211477388 1.23000000032 1.22999999968 
1.0127696419 1.2299999896 1.17253720588 1.22999999999 1.23 1.14260619736 1.22999999992 1.14236654868 0.987101130668 1.0863898377 
0.907732337532 1.22999919478 1.01586938918 1.02321177076 1.22999984813 1.011242042 1.14213084279 1.19762568243 1.22999998292 1.23000008545 
1.23000000001 1.23000000003 1.04567817378 1.18667980135 1.03582904198 1.10181062551 0.832318790262 1.23000000003 1.23000000019 1.14211271499 
1.20928637793 1.23 1.23000000006 1.04879993631 0.917392834909 1.22999999949 1.14213143477 1.23000000194 0.978681078137 0.982563371927 
1.06919319407 0.73053380271 0.738037248306 0.882053065179 0.977717353346 1.22999999997 1.14251062169 0.833289405132 1.14236206979 1.0068954742 
0.655624482155 1.22999987328 1.0131526152 1.13632430883 1.23000000009 1.16009125208 0.968441227005 0.647627954902 0.954789060785 1.22999982952 
0.946429605849 0.989230570726 1.08477325134 1.14200082085 1.14213547934 1.23000008061 1.14283416435 0.883008116704 1.22999997619 1.03047529774 
0.997087517271 1.14214603652 1.15998192483 0.976754189494 1.04335205707 1.23000003335 1.14196310349 0.943912275748 1.22999998987 1.23000000001 
1.01668463892 1.23000000014 0.965750393926 0.55698397973 1.2299999694 0.971129275408 1.18352266696 1.14213143525 1.09651537356 1.02704674725 
1.0491015631 0.937984914732 1.08291897797 1.14239254727 1.23000000001 0.688167223412 1.2299999991 0.989686880193 1.05910746298 0.929217590274 
1.14211271498 0.890246554071 1.23 1.10149202935 1.07513476148 1.08596634277 1.22999990722 0.843950631964 1.14222104285 0.836425662795 
1.142534188 0.970014781448 0.98549633571 1.15359705984 0.861892956517 0.605015352582 0.887525324784 0.9683306174 1.23000001691 0.99037909146 
0.980117280612 1.0117798309 1.2300000005 1.23000000159 1.14213072173 1.23000000049 0.71707724637 1.23000000004 0.67506306869 1.03748674226 
1.0731380873 0.981842434743 1.23000012533 1.23000023657 1.23000000005 1.06603249172 1.14213143479 0.646842512188 1.0110343218 0.988968359277 
1.23000013723 1.01908433533 1.22999997729 1.22999997532 0.998390120601 1.04727179194 1.14193316743 1.22999998639 1.23000000001 1.14211278753 
0.921390084796 1.10223377194 1.14213143477 1.23000002952 1.0096623209 0.972960897494 0.894909692617 1.22999999988 1.01089257599 0.992783103029 
1.00318513955 0.894914789949 1.1421313587 1.23000000212 1.03879655222 1.06673013849 1.22999999933 0.980443942703 0.96575229808 1.23000000047 
1.12982879034 0.994280539652 1.14213144305 0.860891554525 0.793324279794 1.14211395033 0.696874217466 1.22999985553 0.756557444938 1.22999998269 
0.986707721294 0.772981647113 1.14213157053 0.989252601585 1.13515253467 0.969127675215 1.0827317045 1.23000000081 0.960678478662 0.985904674689 
1.17112796779 0.71558578333 1.00929777275 1.08058617021 0.977494172015 1.14213143676 0.919184667051 0.95746599868 1.16574017017 1.03447669429 
0.947385194254 1.22999999997 0.783950411808 1.18398378396 1.14106647139 1.00404395947 1.23000000032 0.994022190247 0.943713957305 1.02619035411 
0.996664366007 0.732519963149 1.00122183017 1.14212868 0.823518353113 1.03617516549 0.9956017317 1.2298048757 1.09333727315 0.953232123961 
1.23000214076 1.22999999998 1.22999999998 0.982286586271 1.22999992923 1.14167752408 1.03654132882 1.12379574108 1.01342097431 0.830282082478 
1.22999999993 0.78130904465 1.11020135248 1.06584761524 1.05802409777 0.896439722676 1.06319290229 1.22999998023 1.23000000116 1.14213143477 
0.639823965978 1.13484698377 0.929425350431 1.01836572428 1.22999999999 1.14213143477 1.01073419667 1.22999999942 1.23000000219 0.919251277277 
0.9641811536 1.17827358028 1.05850528893 1.23000000005 1.14184760802 1.22999999956 1.2299999999 1.22999999999 1.14213143477 1.02488654908 
1.14248345116 0.825375551815 0.955188165103 1.22999966821 1.14211064618 0.869295450139 1.22999988549 1.05997380199 1.23000009628 0.849456063608 
1.09447688719 0.99700230422 0.968049707027 0.997408313444 1.22999999147 1.04180897821 1.12146801814 1.14748956462 0.951443424234 0.789615791481 
1.12021235842 1.23000001021 1.17874992314 1.14213425274 1.22999999875 0.868640546549 0.90039192481 0.998517350497 1.1416453203 0.919209000999 
0.844823812227 1.14104043324 1.23000038358 1.23000002591 1.23000000029 0.780135016518 1.02081911999 0.841335775628 1.01353830291 0.907847856837 
1.0134916175 0.852453896563 0.771686009 0.724452541273 1.23000000297 0.999625401313 1.23000000999 1.14213138171 1.16502301187 0.823848753868 
0.718166216559 1.2300000005 1.01727640293 1.0322630032 1.0777298927 1.01521120811 0.941347421861 1.14175969866 1.14482348431 0.926934340487 
1.22999999409 1.22773263069 0.705479504095 1.23000005735 1.0099432248 1.20062220156 1.22999999463 1.14213143368 1.14213144321 0.800192359231 
0.829355674232 1.23 1.08554508825 1.14213166229 0.971803362354 1.14211271498 0.926274692662 0.76025028905 1.064520172 1.0608001556 
1.18764149414 0.900183863472 1.22999999994 1.00395747095 0.901703699952 1.00541617683 1.09930392146 1.1870644632 0.805829748059 1.14213143924 
1.04214766904 1.0317495014 0.659932445317 1.23000000548 1.17431265291 0.965977194029 1.01173765581 1.23000049247 1.14213143477 1.23000000013 
1.0423155196 1.22999999835 1.14206553953 1.23000000002 0.901202270962 0.976493508165 1.23 1.15038007333 1.22999999929 0.948013593807 
0.918131874187 0.81741404173 1.06723861408 1.10949267957 1.22999999998 1.22999999988 1.14213143477 1.00419014411 0.799774631332 1.06328134322 
0.99722744856 1.14238852906 1.2299997552 0.977837968289 1.22999994476 0.968500167692 1.07506530197 0.918769738421 1.03593509765 0.618073631932 
0.951055753763 0.99663061631 0.996853253366 1.23000017888 1.06736756431 1.0779254897 1.03485654602 1.09494831221 1.14212866971 1.03590642708 
0.947323472045 1.14213142817 1.14213149236 0.878931675327 0.982750068371 1.06658781087 0.90465425016 1.22999999929 0.713670113189 1.2299998252 
1.00532132912 1.14216067689 1.06560494236 1.14205264978 0.691214787292 1.22999999998 0.584644136454 1.06397168663 1.03370034161 0.687006377263 
0.953826075797 1.22999614022 1.11969204248 0.958434285885 1.14213083668 0.974581097498 0.922900336532 0.889700717574 1.23001519811 0.892346454993 
0.986304759105 1.03390460085 0.929608790589 1.16690173829 0.724147053035 1.08863630969 1.14241169524 0.87617354102 1.09275941477 0.768238459736 
0.940077917549 1.14210627447 0.888311319864 1.22911739511 0.860549026868 0.987816818439 1.1421306525 0.970355990887 1.2299999184 0.68228915523 
1.00063035501 1.01255813507 1.15059198889 0.972284641624 0.96983004188 1.14211299551 1.19785429449 1.23000000001 1.22999991779 0.869582047872 
0.980057216548 0.95322040474 1.15851245728 1.14213083326 1.23000001729 1.17666980278 0.994707305812 1.04837363822 1.00490142843 1.11538654165 
0.847244631037 0.975659359563 1.05023507807 1.22999984688 1.14213124739 0.723804701838 1.14199367413 1.23000000234 1.23000000033 1.23000000076 
0.972950691876 1.22999999895 1.08657867656 1.06557605731 0.968329169177 1.19524545397 0.920841575363 0.9505325949 1.14246687805 1.22999992342 
0.532619117711 1.02835607231 1.13263826216 0.984576991192 1.23000000099 1.1421317346 1.16195618866 1.00178879262 0.976121226615 0.830105886548 
1.23000009674 1.01165834046 0.790746960296 0.967621154013 0.956776818424 1.14230352218 1.14246477564 0.841439281128 1.2299999862 1.15825042826 
0.982742628375 1.22999999238 0.608371289483 1.14344484119 1.07126239295 1.14282343528 1.06976555938 0.982900589343 1.13376759232 0.892290139376 
0.963054672692 1.14248017695 1.12564449663 0.979736689764 1.11135397759 0.981445276079 1.13548279491 1.00942221251 1.12434478329 1.02448715666 
1.22479040831 1.07275257063 0.89710128832 1.2299999972 1.18676393379 1.22999999035 1.14213820056 0.65459889319 1.0037188817 1.1421312872 
1.22999837361 1.03862076477 1.22999999171 1.23000015105 1.22999977836 1.2300025865 1.14232733309 1.14210652172 1.00958445095 1.13831459859 
1.22999999972 1.14213143478 1.00539020535 0.903528985136 1.23000000081 0.985323019889 0.943662622155 0.785483963817 1.05137917659 1.13842807117 
1.14213145804 1.23 1.22999999963 1.14209665936 1.02553481749 0.729661398222 1.11831203392 0.854597083709 1.23000000011 0.948457641156 
1.12371797082 1.05549861214 1.14213143477 1.23 0.807164366745 1.05371170631 1.22999999997 0.786007874161 1.23000000011 1.12493848126 
1.23000001731 1.01617456149 1.14213143477 0.755248641293 1.23000001291 1.03657398901 1.01082968915 0.840927038776 1.22999992472 0.995947149433 
1.14212904541 0.868023512953 1.22999999999 1.23000000053 0.9899708249 1.09388191707 1.14168981705 1.12433466938 1.22999999998 0.9680049594 
1.21520779471 1.20119830235 1.14041157618 1.01800173789 1.05545895629 1.0647371075 0.959018063092 1.14112182152 0.928914326456 0.943725709964 
1.22999994168 1.14378197481 1.17017363426 0.883148781403 0.905258778175 1.08259064244 1.14213143477 1.08177831834 0.742025318029 1.23000003119 
1.00965346992 1.03719564084 1.22999999602 0.938644850792 0.960131814461 1.11947296746 0.931065346007 1.04375290013 1.14213143477 1.14157210992 
1.02927622947 0.74214086896 1.14213143741 1.09757342733 1.04946244916 0.993484947937 1.2299993866 0.988086807687 1.00567801106 1.01328051006 
1.01092316163 1.14251415191 0.989046582836 0.784034081104 1.14213298859 0.982930370414 1.10605304409 1.13719245403 1.07395078783 1.2300000079 
0.97445126077 0.765108018686 1.23000041394 1.14213143477 1.22999912198 1.06999102264 1.02645235159 0.943125381864 1.12381516072 1.05991512876 
1.1421314348 1.22999999923 1.05395416531 1.01491463167 0.950759236957 0.936556409569 0.96155519761 1.23000000001 1.23000000001 1.01444211552 
1.0106784575 1.09422032952 0.891444572374 0.762274067121 0.771011215363 1.01848539898 1.14249667924 1.07658256469 0.931649673733 0.960718197249 
0.625364758168 0.874424285594 1.14210010746 1.14213083588 1.23000009941 0.97688636552 1.22999999386 1.1503231338 0.992427562468 1.23004913516 
1.10423522239 1.03126648729 1.23000000441 1.23000000717 1.22999998922 0.961099417519 1.2299999996 1.14213217625 0.964050272872 1.23000001206 
0.967808777598 0.811498673828 1.0045475377 0.968115723322 1.22999990469 0.959614638159 1.0223096764 1.14213143479 1.10390687722 1.13676280338 
1.08866587094 0.768238752328 1.03393185066 0.986307244137 1.16692538104 0.929605664287 1.09263383093 1.14241168512 0.724254596086 0.876161757883 
0.99571971082 0.938671013551 1.14242870209 1.12221494724 0.99724505241 0.999821039492 0.677691889492 0.843498383503 1.22999876587 1.23001839994 
1.17910711417 0.764991958882 0.894925556942 1.00715955099 0.7489216104 0.825168648615 1.23000064303 1.14213143477 0.89479202179 0.975079960185 
1.14122584118 1.03459674819 0.98503689851 0.867330711481 1.00347477943 1.14212812933 0.980109250274 0.939086418479 1.06536067598 0.834004120097 
0.861092666932 0.728312074845 1.00421956218 0.955578760008 0.998847657991 1.00963462262 1.23000000053 1.23000000001 0.797162038886 1.14213147679 
0.778795672152 1.23000001337 0.709013562805 1.14227424422 0.634818992101 0.806189148397 1.22999999999 0.87668777157 1.14211905822 1.08886004499 
1.11953736966 1.00374263194 1.14249069201 1.14213143477 1.09055717296 1.11230536926 0.659715354956 0.958512186387 1.07311604251 1.03562502494 
1.04562182593 1.04533307955 0.631215460873 1.23 1.09632357857 1.13756989879 1.22999999999 1.15666755746 1.22999999999 1.14213143477 
1.23 1.13947155796 1.14212967677 0.951113211764 0.877840555106 0.939213285061 1.0164998677 0.941376957989 0.937179798477 1.22999999967 
1.23 0.96608569734 1.09230208616 1.23000000133 0.59160676491 1.14213143934 1.22999999811 1.02601951758 0.756342647096 0.995373902761 
0.951423435364 0.989329361739 1.22999996269 1.18261910264 0.934648613061 0.80607132762 1.23000000006 1.14213015076 0.995183583053 1.00181099802 
0.898369460197 1.22397475046 0.987661922369 1.12591678241 0.981093919673 1.21773867065 1.14213143488 1.22999999927 0.999510434948 0.639168292831 
1.14213143481 1.16973019541 1.17745090372 1.04309100959 1.04073278559 1.23000078227 1.14213137951 1.22999868826 1.22999888879 0.62534002629 
1.0467420832 1.23000000166 1.1421314499 0.864801308331 0.740845647306 0.747292889159 1.14201615049 0.870588340115 0.92252871259 1.22999999961 
0.992620990872 0.978765262003 0.969144557481 1.13813052226 1.141944724 1.14276514728 0.833706804879 1.06394526154 1.14213143477 1.23000000534 
1.00128140693 1.14212635542 0.889456583099 0.646695581116 0.665434852645 1.16861048018 1.19070536852 1.14213127848 0.988282707932 1.14727076347 
0.691691456622 0.965920458089 1.23000000025 1.14213215593 1.22999999233 0.9822426207 1.23000000411 0.815067192258 1.14213143477 0.797551092301 
1.19654696243 0.750240918377 1.22999997573 1.22999999999 1.12457081045 0.69729393824 1.23000000013 0.865910005658 1.14212982178 1.01035266088 
0.99972051077 1.10999103719 1.22999992407 1.14213143477 1.14117680033 0.921101339173 0.800447224981 0.888897789429 1.14833759846 1.03401251235 
1.07841501645 1.14213143477 1.14211260793 1.22999952148 1.06938708681 0.870885193302 1.00594543354 1.23000217629 0.877783289899 0.743210347813 
0.564151991656 1.2130548351 1.01968690866 1.01836867031 1.14213143571 0.97983906006 0.602214606195 1.22999999998 1.23 1.23 
0.625951846244 1.03475630638 1.16478506694 1.18966773099 1.01524704272 0.947822497816 1.23000001826 1.0651896681 1.14334957762 0.999037543141 
0.787903157918 0.982346557753 1.13871130877 1.23000006696 1.11067407744 1.14213143478 1.01232106494 1.10170479342 0.99911800453 1.23000003025 
0.8510321307 1.14211283811 0.798606976838 0.66180993205 1.23000005627 1.12814384065 1.23000202322 1.23000000007 1.22999992705 0.958818337582 
1.01970974728 1.2299999533 1.01840123182 1.22999999993 1.14213143571 1.21304497286 0.602233704212 1.22999998482 0.979854267448 0.564156048468 
0.883890259589 1.23 0.625942391669 1.14213143477 1.03022838051 1.0313643732 0.909313688151 1.23 0.799334997643 0.957241335411 
1.14213045669 1.23 1.23 0.655413924823 0.678906504154 1.17379838745 0.945101480256 1.23 1.19983909804 1.06210635268 
1.21752803286 0.937614266216 1.14134069198 0.928149523418 1.06945662432 1.19092724338 0.954391638254 1.02207617682 1.14000254954 1.04768458484 
0.721386021956 0.992212862932 1.14290922731 1.11263922035 1.00249388469 0.809549593607 0.835988520856 1.2300002758 1.10213139206 0.692229261348 
1.22999999991 1.14213143477 0.80990973323 1.07112485748 0.848417847276 0.691773634884 1.01322076191 1.22999998868 1.14753588881 0.83779591506 
0.851057094874 0.795528463275 1.00881193932 1.22999998506 1.1406569284 1.14213143477 0.819794860289 1.22999999513 1.22999999983 1.01568026683 
1.14213143477 1.22999993486 0.886565441947 0.980500530752 1.14119766694 0.843861924096 1.13532375097 1.03458162775 0.917627731653 1.15325420033 
0.759070231047 0.997421545898 1.14241202606 1.09333522004 1.22999798067 0.862009098524 0.987279281347 0.929957766617 0.92439267778 0.778841069768 
0.828332372897 1.14213146825 0.960180097836 0.815617180669 1.22999998879 1.2193304205 1.22375578759 1.14213143477 1.0917056791 1.23000000266 
0.960336211874 1.23000002256 0.811681266875 1.01264347941 0.897055299639 1.22999998873 1.03053137826 0.971508443428 1.14253116443 1.14301114053 
1.14016686972 1.2299999992 1.14220787734 1.14210888573 1.23000000126 1.09504181893 1.23000000027 1.22999999997 0.753712621164 1.22999998118 
0.986738036561 0.887882931365 0.992228353856 1.08975935545 0.99663570477 1.14213143477 1.14213144427 1.23000002022 1.04894720307 1.22999973284 
1.23000000006 1.02929371529 1.23000007076 0.83592972723 1.04088885055 0.811495490485 1.14114062402 0.997078586421 1.23000011003 1.14212443456 
1.14213072299 1.14089266289 0.988130571135 0.962739623769 1.02931265288 1.22999999997 1.23 0.798816243966 0.937210539146 1.23000000001 
1.10077254622 0.991496397674 0.952153296218 1.23000000002 1.01666866376 1.14212791236 1.23000000001 0.567307774733 1.03063168783 1.14213143477 
0.949480365851 1.00140852856 0.810036583505 0.875265479826 1.04521186629 1.23000000011 0.967427787992 1.14212952573 1.23000066409 1.05526197175 
1.0030985133 1.22999997392 1.23000000017 1.01345433101 0.855985190502 1.16589541041 0.7603399032 1.23000000015 1.14207390336 1.09039125296 
1.05740400899 0.733591302148 1.22999999488 1.14213143477 1.0988344569 0.936345324303 0.690156135982 0.963839649024 0.916863521264 1.16186934259 
0.739356749318 0.879367414344 0.668792504515 0.684176451833 0.840864092184 1.09154949928 0.952864300395 1.14243474141 1.08836516516 1.14213143477 
0.992269090734 1.14379124877 1.04153174498 0.943154136924 1.08260192395 1.03519974572 1.04146682616 1.20984091704 0.77834639338 0.999598972803 
0.951349559212 1.10987398486 1.18999909411 1.22999999109 1.22999879684 1.14213144932 1.12576714775 0.623281908136 1.01910785985 0.775248584537 
0.949547810285 1.1424277617 1.10776027915 0.990701145959 0.8592885402 0.940076442311 0.785205969439 0.936194200617 0.995892541979 0.808079112282 
1.14213143477 1.23 1.23000000001 1.04562184533 1.2300000001 1.00841388704 1.0666821823 1.06363799023 1.07261259354 0.704845960809 
1.14213143479 1.04291296989 0.876669083144 1.1421314155 1.22999999891 0.969041550892 0.948268957963 1.2300000231 0.817784168383 0.851425955275 
1.1424325818 1.21088759607 1.09817255286 0.987722462105 0.939952900409 0.829424053311 0.872254435501 0.999891294508 1.02550641758 0.628576487597 
0.98782995821 1.22999999956 0.655194592756 0.874566328415 1.23 0.944614568521 1.23 1.14212936183 1.23000000004 1.23 
1.05999844452 1.22999980424 1.23000007154 0.741271351319 0.881884865484 1.06562890241 0.951697195414 1.14211231848 1.1199923623 1.14213143477 
1.00179993854 1.14162411296 1.22999992101 0.99261151747 0.945346488623 1.22999999763 0.908413772739 1.02644821685 0.799576856024 1.14213145471 
1.16733054227 0.865439773328 1.23000000039 0.867028866812 1.23000000278 0.981043770609 0.697990336233 1.08017375001 1.1424559566 1.14213143477 
1.14213068985 0.99848453519 0.911288171054 0.930274165429 1.22999999988 1.22999999699 1.15693481818 1.08417333143 1.2300000036 1.00032162174 
0.588280707172 1.23 1.03690127067 0.880792611951 0.795113265695 1.02696127779 0.83555106109 1.22794352192 1.23000000003 1.14213143477 
1.02686201793 1.14211271499 1.23000000001 0.693583757643 1.02720865936 0.993571996415 1.23000000058 1.22999998161 1.01922638437 1.03018110616 
1.22999998766 0.786385131925 1.13818054914 0.985621266844 0.902186526045 1.14213143478 1.05886288189 1.22999997464 1.00444434359 0.942903346263 
1.03528440932 1.23 1.08385294453 1.23 1.14211271497 1.23000000007 1.16461754399 0.669652360854 1.23000000002 1.00346864125 
1.16045735169 0.53322361063 0.982039581293 0.828680976561 1.1421317327 1.13188014159 1.00347499623 1.02922341696 0.975752680941 1.2299999998 
0.768124621619 1.22999999997 0.973525834762 1.00348013557 1.1420788386 1.10878624047 1.08462731445 0.841697903331 0.899008263389 1.17904366628 
1.11889847035 1.14212854906 1.00733107995 0.965030475697 1.16859994569 1.22999999948 1.14251345258 0.645395118633 0.829939356427 1.09093006943 
0.988022662773 0.877593282023 1.03284854291 1.22999997525 0.719511096692 0.979514496452 1.14389766346 1.00785584811 1.1429081638 1.1435119629 
1.08424648818 1.23000000232 0.972883667495 0.77661825456 1.01028844352 0.747242700627 1.00029739274 1.14210694782 0.992964235796 1.14213535877 
0.862946617019 1.03025240803 1.19203907249 1.23000000029 1.23000000189 1.14213143477 1.14427624345 0.719860648424 1.15284017196 1.22999999994 
1.14213142749 1.142499855 0.960356154066 1.11835031085 0.56439726274 1.06165193248 1.15653396889 0.960786414555 1.03973805265 0.909454799292 
0.872198878313 0.835834192155 1.14307452702 0.988898101084 1.01335625404 1.22999999998 0.975319930844 1.07901256891 1.1421111883 1.22999999989 
1.22999999996 1.23000000936 1.14708567562 1.22999999946 0.997564381362 0.914873435243 1.02363352061 1.22999999051 1.14213075814 0.845784754663 
0.875867920677 0.948248223056 1.04792396516 1.22999999798 0.883520274783 0.807899903187 1.19694551543 1.14213143477 1.14213151001 1.23000003488 
0.662316725467 1.08194505912 0.896583349675 1.14212392855 1.22999999685 0.975993399829 1.23 1.01221437963 1.229999801 1.05761202145 
1.0760063309 0.801931279449 0.999024530638 1.08492568518 0.947808692221 1.23000000284 1.14211271448 1.22999999999 1.23000000025 1.14213147598 
1.01430585654 0.935173387088 1.22852267188 0.983108366209 1.22999998852 0.942234153865 0.97517822237 1.14213128046 1.22999999861 0.920161599345 
1.23000203699 1.14212896027 0.953242960411 1.13570539783 0.963596910213 1.23000000025 1.00369750935 1.18433582603 0.990997680101 1.01671850528 
1.14211270242 1.15906051467 1.17645007557 0.881402410231 0.939821664936 0.90529357329 1.14242348328 1.22999999922 1.07649709395 1.23000006137 
0.836892364113 1.02640037152 0.878068758983 1.23000000215 1.00507593966 1.14213143477 1.22999988627 0.924476065661 1.22999999979 0.75862138237 
1.14214046643 1.02418410432 0.984968288889 1.04880829861 0.942320143296 1.22999999874 1.23000000002 0.630302310029 1.14213143474 0.927821237358 
1.03726307751 0.750791665991 1.22999995069 1.23000000065 1.22999999337 1.14213143477 1.22999999289 1.21818722062 1.22999999681 1.14213185375 
0.992826091146 1.0889148724 1.14241167389 0.706471774036 1.05349620354 0.986381003507 0.929611390445 1.05231549033 0.75976017825 1.01877073673 
1.23000718608 1.22999968015 0.960795664601 1.01221177205 1.14213143554 0.546701668056 1.21501726465 1.13145763054 0.999834163963 1.23000005458 
1.07041635715 0.903456137122 0.670909395229 1.14236601634 1.14210877643 1.02204320483 1.20394063026 0.822876349625 1.22999999932 1.06614555142 
0.900629327032 1.02849842021 1.14242747095 0.936326669932 0.991803516734 0.988350333969 0.905790402554 1.13927548429 1.10964683972 1.13672151538 
0.926919507677 1.01786706623 1.22999998387 0.956383828828 0.866108383386 1.01396914925 0.998149775219 1.14248353568 0.939405315451 1.09021556068 
1.14249488156 0.94748589897 1.14213143477 1.05932956035 0.85128580215 0.663973436576 0.786999059935 1.11994446215 0.959448291501 1.22995889548 
0.91225726864 1.14211593844 0.968480372843 1.07554830676 1.14243889466 1.22999999999 1.16664158697 1.2299999927 0.94148836098 1.01332835876 
1.00414592208 1.23000000001 1.14213143483 1.22999999999 0.981296914255 0.903712081593 0.632831635047 1.18856615286 1.13590303063 1.2094869974 
1.00307216524 0.962872343303 1.22999999999 1.14213143477 1.23 0.818590685325 0.99938090933 1.02299245854 0.93969016041 1.22999999994 
0.898454688766 1.15326971332 1.10663602149 1.229999986 1.2300001813 0.81397582253 1.14211270419 0.75697635052 0.959672422861 0.618227436815 
1.09457925105 0.978049852815 0.913473405208 1.14213143748 0.695328970437 0.815597031946 1.16225043053 1.05637788669 1.08387272741 1.01013064272 
1.0321388728 1.0779369639 0.956007571689 0.589214859282 1.14213143477 0.837005852479 0.753560124996 0.643773144932 1.22999999064 1.22999999995 
1.22999999992 1.1087663699 0.755565016561 1.19415630562 1.14213143477 1.06275710736 0.886418188984 1.22999999999 1.11224498604 1.14211176496 
0.988015787564 0.850922362728 1.1226217745 1.10099480161 1.05540631911 1.14245324253 0.945571044227 1.04786182632 0.829944842924 1.12017921136 
1.19759016202 1.20319631674 1.22999967148 1.12513440989 1.09251086791 1.23000001737 0.96675600027 0.809701874656 1.14211271499 1.23000000002 
0.726266154005 1.0174019699 1.22999999387 1.14213143477 1.02721879965 0.842213480064 1.20997641559 1.01091793123 1.14185699492 1.04030537994 
1.22999999141 0.839262067171 1.02708848835 1.23000002145 1.04059217257 1.14211271499 1.23000000009 1.23000008781 0.805601634597 0.784948332856 
1.23 1.23000000008 1.23 0.868249017245 1.02349329292 1.14213143477 1.12981993301 1.0032067736 1.22999999938 0.954940130638 
0.980463886011 0.867427583556 1.13767242643 1.01572480795 1.23000000443 1.14213185962 0.536809421117 1.12667178151 0.994343749618 0.971459036918 
0.690028909602 1.14194723997 1.14213107551 1.06298347558 1.05350430642 0.999402161924 1.22999999725 0.859021141758 1.22999999168 0.879950928379 
1.06897245139 0.993663866183 1.14213143477 1.12767842305 1.22999999986 1.23000000008 0.904311445065 0.875654824748 1.20486654397 0.869423598034 
1.22999939218 1.00155140448 0.840232216208 0.980650628641 0.670680288487 1.08069818829 1.22999998622 1.14213083808 1.22999996736 0.798541755066 
0.993717848361 1.14213546426 1.22896804271 1.22999998729 0.613404097267 0.995794416676 0.678352986557 1.22999994581 0.984612822487 1.22999992636 
1.0105255164 0.915583615048 0.961600367273 0.660030535815 0.963615302385 1.17773787632 1.0174287536 0.760557350823 1.14250426864 1.14212944854 
1.23000001881 1.14203652571 1.1214795061 0.695308811846 1.00537087868 1.14493174523 1.12051494021 0.693121025293 1.14213143477 1.22999999969 
0.984641766989 0.809446294721 1.23000075949 0.616907451096 0.925738247859 1.14213139191 1.14259293131 1.03428267795 1.22649671472 1.14080116675 
1.229999997 0.985268581636 1.17771264807 1.02623246556 0.936501880614 0.927126624378 1.23000000002 0.721327433979 1.08288419307 1.14238771474 
1.23000000169 1.23 1.22999999989 1.2299999995 1.04208396185 0.981150853989 0.925243081572 0.647604867401 0.876017109944 1.14160822914 
0.979925244749 1.2299999997 1.1346023274 1.1323481176 0.839073746337 0.937242974705 1.14213143477 0.837089510525 0.85197881605 1.14192270067 
0.857381902255 1.14248772262 1.07529722176 0.984986555247 0.863471781237 1.11127103604 1.11816644293 1.09169117765 0.785315179429 0.956914451269 
0.957985065414 0.997018925569 1.08632053984 1.08881564559 1.14213143477 0.976022489445 1.23000001134 1.23000000013 1.23000015204 1.05638885146 
1.12329375749 1.19590604351 1.14428482955 1.09456134734 0.99869538955 1.2299999986 0.997636276186 0.986885137354 1.01996042502 1.05246129431 
0.568303316852 1.14213521353 1.22999999999 1.04489600509 0.979582065287 0.894796849837 0.841160662645 0.96848744565 1.14195024573 1.04224933901 
0.979226999492 1.07740852434 1.23000000249 1.10864340998 1.14212780083 1.00102103867 1.23000000905 0.977580601307 1.0158524381 0.666704256026 
1.1421324961 1.23000000663 0.923186205179 1.23000000009 1.06711219817 1.14111074363 0.802013028437 1.22999998955 1.03006062658 1.00007599971 
1.23000000001 1.2162411169 0.88325341191 1.14402543898 1.14204512092 1.23000000035 1.05921399819 0.763292268301 1.23 0.827379810237 
1.17779159697 0.721478740652 1.02620113044 0.927066212232 1.22999970418 1.08301497429 0.936635662903 1.23000000011 1.14238756641 0.98533477981 
1.00136428401 0.977569306274 1.08171723091 0.953303806943 1.16449207175 1.03515483689 1.13600793962 1.14211578481 0.931701250906 0.916863542364 
