-23.9131924064 137.000000404 -131.005674469 229.64245818 -380.074466538 416.308918683 115.979494305 427.771878294 -81.2189506946 -408.875312999 
-442.65130806 29.0468424236 451.800476475 -191.881123751 -413.8518542 -37.1995392781 237.688717313 17.1340772516 276.343440994 -203.684312718 
-59.2395737454 314.498217683 318.361606169 -393.90163512 -28.746337888 -29.0468426066 -460.91605947 202.636008549 453.194176066 -174.243905111 
451.652372632 312.612347663 -53.8461572832 -29.0442978693 377.902845631 221.303290287 -369.094647356 -150.46414332 -331.302387488 -29.0468425254 
-309.940094494 -29.046845836 44.2246398324 363.851296757 -449.614358599 460.408056165 89.5733167114 -161.776891152 312.195844056 29.043164484 
435.561220246 213.375517644 -29.0468425242 219.130761509 -194.044481959 445.626402875 63.9116865133 306.819438034 -220.817477027 -8.72144683031 
79.76402835 448.680820956 -183.714800668 41.468944277 306.297354946 -29.0468427498 -240.482672049 -147.810876965 -405.136501152 -461.134564022 
-401.088130214 277.81491962 -460.676960423 452.577859187 -59.8547267988 -29.04685577 -216.756319746 364.349657835 29.0468425163 -43.7582529718 
-349.466435059 -323.524320025 461.760910027 385.413257389 395.203141974 89.3420118949 -138.297492943 -15.1541212957 29.046836213 -322.343585284 
-423.314899457 -381.495038144 152.435430533 38.4001841842 -394.514780521 -90.5543007346 462.423934008 316.807375178 171.676438587 319.802629532 
-319.879295344 -139.987055628 443.17323605 13.1268808604 383.327583158 -100.812592509 255.63904715 -459.075294397 -8.61651429128 -319.606745859 
-237.47613282 -316.805834877 454.749900363 -11.2639726534 4.23388774868 -318.428470992 -459.04379346 407.662012793 -0.971641469657 -118.382370624 
145.891880316 187.753388888 -22.0627354931 -387.662317503 451.537618554 66.7867740299 -29.0354311789 -245.096910566 -221.00453551 313.323159448 
-314.438039862 306.650306435 29.0451024895 -11.1744250499 445.743745804 362.650386625 86.0713467839 -95.661837963 -66.6471962164 227.202616361 
-29.0473142431 215.291239272 442.908658653 307.946117188 259.442862446 -451.907879529 -57.8474769438 445.848691072 -29.046845489 75.8815925546 
193.538784569 -29.0468425172 -354.821233363 -140.841156168 -129.337608511 298.247622257 83.8322389532 -459.58058606 -238.652796741 438.911556099 
31.4841537212 276.978749688 433.408784224 249.72621919 24.2666385471 -413.083930487 452.475593485 97.2722996366 -433.561789077 -230.202012301 
-20.0019570625 -399.199072145 -459.563482096 435.940313985 259.753867315 -171.057539486 450.93690247 2.48349911535 52.0456960189 313.58954173 
48.1811440813 102.328208694 -179.989678686 -163.47110551 430.110722554 393.760344282 -23.5608251945 -29.0144765275 266.723254388 -328.972009017 
-117.348577062 442.301304076 142.513588815 -6.62619154137 -78.4081195037 -322.889708461 306.187400155 -323.916798536 374.250587462 -383.032636779 
462.465473387 -320.622596054 391.482913473 -10.0588790802 -462.578187027 -29.0468425172 -323.674705517 -63.9699548218 393.764034451 -76.7555709827 
-412.109983535 459.134954905 311.180994508 -383.309864563 -29.0468427961 -46.8244018173 146.61286836 -29.0036963283 -269.77638303 306.924573449 
28.2932434887 -229.423993267 319.686501602 -433.50810849 -447.190078376 414.314772362 -214.89076848 185.544914131 -29.0468425172 459.780020396 
309.439226076 175.040225771 -460.927000294 -320.311677991 458.960389578 314.723638146 -393.63686009 -103.956984582 -26.9350086699 -28.3805080213 
-41.2908928753 242.135179357 220.960178527 -428.940111873 -212.61047813 -29.0468425319 34.9992760469 -400.132505371 221.367466175 441.205684046 
-459.02895435 420.429798035 -125.637827914 -29.0468425172 185.812102531 -319.829242316 12.6254982599 265.988126597 -239.166086748 386.693220941 
-3.65275994596 457.375198182 -222.897824404 126.603087014 207.521482224 -167.638282338 -196.438401307 341.671891636 350.140236442 -126.196892257 
-378.342038675 -29.0469010744 14.1855853884 316.446698068 304.908945329 -29.046842541 264.262772974 -46.7496767468 455.392049265 -407.142157646 
86.6824169212 -86.6824414933 -120.110934115 307.873851269 436.73208099 -455.207690499 60.592624842 -132.111835279 -418.381599914 450.458266825 
407.626682891 454.589763231 14.5900823593 -117.615212578 278.147135712 5.13696051668 -237.706877361 -458.951232058 -29.0468425173 -318.335909604 
444.852568434 -7.76458027765 -399.813401777 -27.419636094 -13.3336945938 -319.305504903 -428.613624312 309.611103084 -197.400190235 443.899795793 
-117.802518874 169.478625414 453.2457444 -392.249169067 313.703094686 -331.028174241 50.9983632991 339.652469863 -5.2032307444 -86.6824414935 
453.165070579 -325.960515416 -63.4303147519 -29.046842517 -355.195596594 432.281203409 230.544068718 209.291747684 -216.484639384 30.55593914 
431.665660655 121.518008427 -61.1273630707 -78.9731559107 -312.185326973 184.820653105 442.313333463 -29.046842598 -452.800649412 -413.259592339 
-29.0468425171 318.349113563 -13.6084456332 455.699796012 307.648696439 -45.8288066751 -250.499036677 66.6663006499 202.750411319 -459.881711693 
-321.663187611 123.757618077 -29.0468425184 -70.5091619602 -221.028539395 410.527062367 -460.607042426 433.037239616 129.66600179 191.898187111 
461.631590026 21.8872667368 -318.267669457 -0.17031227985 -429.673087557 384.306671379 -230.054896157 345.043223802 28.162655687 -210.004842852 
104.689502105 -98.4783875428 -319.342506476 -29.0468425169 -7.64341523476 -456.528916184 294.760733823 43.5347402158 426.512453158 452.444561223 
430.102625112 34.2347079337 -33.0012040768 -460.673174066 -189.618720443 187.718742407 374.250224052 -408.277924323 -67.1966813814 -239.778445232 
453.184377193 24.6238823321 -349.391230722 -316.42641038 -11.6745074437 79.3896075382 343.023640494 -321.129627027 -48.5264749471 -128.679967683 
4.83098117682 378.371200842 -459.028899838 450.146862507 -97.4347130719 -63.8218578223 -29.0468427648 -318.369328141 291.560306102 177.174656268 
-403.204810783 -29.0468533121 -29.0468490473 -47.8660278497 435.12832352 87.4679660731 451.429051017 -245.51603982 -458.771352168 257.643171716 
-37.0465221802 238.024559964 277.669003422 18.2871398916 316.729140142 -316.765289963 451.416188303 -461.146416814 -174.674165669 -7.25418562019 
452.908185003 -391.344795963 -102.008337228 -380.041319628 -28.9884577814 -309.7909638 -29.0468425173 306.360488534 32.421701911 313.647703226 
435.562762286 -247.83032042 405.380047741 -263.749736762 -46.3319785999 70.7376927773 -29.0468425243 -43.3358048522 257.395667665 -406.751740533 
303.935828413 438.248445195 276.665735581 -73.1524945115 -373.849608669 -29.0468461432 -390.951173419 -57.0907760222 -393.766776481 -29.0468714075 
320.322606193 -135.47885162 100.633850396 308.835541887 -431.798161428 247.87303785 -151.847474918 -402.998042443 112.735628297 87.8664670021 
-99.2721839964 345.542643331 461.799643976 2.02865376784 -412.644112887 102.825702179 -215.440166366 -119.167320101 118.056867018 -437.154894878 
134.628189163 -297.289877598 12.1176140892 -316.645534209 -72.6240389585 84.3531455994 460.870188487 -74.6777514459 308.9995325 377.837836525 
47.7588875137 -117.807901117 -356.797292918 -170.794794798 -5.60028080723 -327.995574902 -376.816657247 -23.1345395693 413.112515142 404.541238289 
-98.7031579502 199.75981194 -126.090068139 440.983990279 -29.0468425783 -77.1457535149 316.679880299 303.091441349 -367.345378335 92.4157327551 
29.046654912 -29.0460761643 -424.61123854 -189.066948762 205.193270238 414.132323935 456.90132619 -451.371483279 189.188139483 251.548785315 
446.043891418 -458.930525166 442.71502496 -26.1506172644 -318.315202733 -205.57691722 -410.518319927 -5.67984743192 29.0468409033 -192.27723884 
52.3322685576 446.942595109 317.202382965 431.949167865 -411.068648653 -193.739571642 -11.9717510781 227.334800341 -403.677736361 12.4817234536 
-29.0615327605 -454.037976188 284.295756721 125.532719104 -57.861806191 315.043346341 442.720452894 446.038416042 -72.0430870366 22.8314332414 
201.387333472 453.958111732 413.269127171 -425.493464753 -57.4992934938 -454.293583725 209.106033553 -29.0468425176 -15.5903926437 189.264133449 
458.461388693 29.0372558261 -188.674944343 -450.185070795 -311.123041046 204.442548236 -28.3341375807 421.088373014 258.805006263 64.1824467496 
-111.857041783 430.534994592 -187.041441549 37.8108309411 332.291079525 -35.2059317236 -460.903251297 -406.736786135 -241.361410045 184.608071932 
44.3108859054 432.090708726 -64.5477412551 -56.0665088512 76.8723606263 -232.497012662 309.145124379 280.746566205 -196.96515557 306.583886905 
450.936070694 10.9295376362 313.567824912 259.719031415 51.9565607206 -171.042301899 2.3394614895 435.94168801 -459.55806412 -399.306857929 
276.989416514 430.113831573 6.91526333309 15.5686479308 309.27855574 -236.263632955 -457.856878787 -106.300288522 -317.241556372 -29.0468425171 
-462.213590431 384.429372446 -8.58166600879 -389.305066864 -29.0468425171 461.6459433 166.388435775 -40.8545061418 -323.31572858 314.218738134 
-98.0359794547 11.288875474 190.153997279 378.782140073 -318.872257264 434.26043364 -132.329304658 -352.753950147 -6.50472953424 -324.194564721 
107.303736952 446.87437393 -97.4334708761 425.500095507 -318.558251459 -22.935156486 -3.78689415888 -5.58019309169 -350.467526345 -321.66740738 
-429.027419351 -29.0468425172 76.615979134 -41.5047720145 -208.77922951 -452.169936175 -17.2451004147 459.721071145 320.422872837 299.523540198 
-423.227294076 -80.0890134689 437.143460979 -320.806788707 189.355401725 -282.61199064 450.210068915 -100.920355521 -11.5335082203 -29.0468426199 
-154.953751134 461.937637778 44.0066133684 -307.207331683 -447.244633498 -91.9932237504 -25.1250445057 -317.925036923 63.4458205757 327.497740666 
430.098268643 -0.741823134766 43.7003976033 -63.1804944081 -29.0468425204 -405.34428865 269.272229182 303.958471172 -372.15652724 236.773711496 
-382.267019337 46.4677989592 293.079890308 -331.312405227 451.249276382 -95.4805565823 -357.980342178 -119.127173278 312.455298025 -29.0468425183 
-319.314102556 -69.1923185696 -2.26146497064 281.849447664 -318.547787199 389.593405707 405.378779553 -29.0468435718 -73.5195874976 -459.163109428 
-339.191334555 -101.364156742 401.33427909 -29.0468428887 312.662007045 -72.562464898 105.274184129 215.331346454 -122.215528947 146.139532344 
-22.6652067947 366.233685468 -308.287082837 101.956515144 -21.1052049981 -146.355252427 314.534751546 461.39609377 -230.768593734 -448.064153453 
-355.676821468 -326.876702442 -67.1150878472 -29.0468425339 405.605724482 -21.644939088 -376.306963156 310.27639423 24.2215176487 282.542391522 
310.226960466 -406.558778312 289.225934191 -205.520220876 -435.359019171 310.482109456 -29.0468425171 39.1058992093 449.979353543 -23.0194475407 
-387.932997725 -131.730282445 399.092382225 461.836314723 313.468722492 25.7603072902 -460.462100676 162.298048937 -29.0468425171 -321.128978122 
312.774885744 -227.613633938 -244.863881073 297.73840657 -28.9015253183 -29.0468425171 -385.498986529 445.2412036 148.588524799 -22.2982654942 
180.053676327 -1.82127261232 377.158080278 -71.3594872445 -129.027729504 -325.261494664 241.807408104 431.131353461 -362.143510707 17.7977694548 
-29.0468425172 419.233463369 287.334452598 -399.046022269 -131.674342768 441.493061681 -137.472125209 -86.6824463947 -458.403143518 204.443875198 
13.9955003265 -142.547460019 29.0468420101 -349.142186295 25.2771742673 -320.041908978 351.13344163 125.582131916 -320.342067323 461.002302497 
-382.927459544 -29.046842517 312.241422772 -241.222681504 145.927825588 2.4232838194 -213.642413052 460.029376743 286.984371083 -34.8121820257 
37.2030882251 222.034995175 460.48438427 -454.148429622 -14.0687882466 -424.109497893 -204.359048058 -210.678765358 -21.8068907827 -313.533107639 
450.865485573 -29.0468445898 436.058323028 42.244534628 -234.158971864 286.715568391 -320.211316505 1.25238607626 -451.840098967 -33.3018478086 
-7.01138412873 -352.456231576 -324.107391783 454.342070953 -98.2368757091 -7.11575744346 240.320074751 -134.002234369 -319.074826738 373.579316662 
367.560876405 -167.935274891 -336.102007072 -196.766779159 -459.411359982 94.9394766084 -135.368039837 412.381927647 106.522492394 146.951909355 
85.9814559709 456.632199533 -29.0468427881 -271.656663633 243.907428547 174.415385192 311.312744338 -128.954108546 -460.003770853 -242.118223776 
74.1247573039 300.315342016 -147.461031038 36.3630598008 208.328291961 321.447623924 -29.0468425169 -447.877008881 -431.23587758 -149.186345463 
165.972133521 -126.185645577 -267.022145405 460.368666172 -20.2835640375 -77.6469493128 136.626524632 373.472834241 373.044721353 143.495353167 
-29.046842518 -124.385774677 -455.010762625 -315.609145386 -158.243495674 448.065753928 245.270094598 15.5458066611 294.806174469 382.864770985 
191.440754333 -27.7281181461 -234.743391485 -123.863138192 -322.936320749 -29.046842517 -454.732111677 -15.6233763318 407.19257204 445.286670313 
-29.0468425188 3.9134463011 127.406450001 -315.939729857 403.507301044 -112.89480976 -456.615263745 300.7602474 -317.700158733 -167.561898218 
155.007273717 -93.301287982 131.179144805 392.45791595 128.13566982 462.577903032 357.35498905 -67.7668315149 -248.176043074 -90.9462858137 
102.326076353 -325.670457202 -354.47057613 -19.7129735914 -66.0111644559 405.378751294 428.892647808 -320.372869426 -99.7184164433 -10.3458307113 
15.5093405113 -20.4362237104 -239.040262216 462.421836108 -308.237750911 80.9449902202 319.930854033 -210.169641917 -430.17512762 -37.7691155266 
263.880942594 58.199947315 -160.825443974 -32.2848714906 -191.277480451 -134.279408107 376.96604447 235.342613185 29.0468396036 460.766861169 
454.677749671 -457.232843995 -406.422789981 -14.2484119001 235.322458111 429.696883663 -29.0468427086 -58.0531397218 -244.920066959 93.2809667749 
399.260833593 62.1565797646 -156.499192584 63.6139494437 312.025104776 86.979704555 -424.777093011 -104.283831453 461.816588721 -131.467915426 
-59.2426767661 430.113832417 238.613183677 -5.64524942796 181.292612764 414.525822385 -29.047368789 -97.2666878143 -318.592106114 -457.179168138 
-11.4284675934 -237.432836922 404.991106049 -459.020247931 -74.4759145821 -318.404925708 -29.0468502191 -1.17562402981 454.864718884 -316.929828663 
-29.0468568214 187.789189481 -44.1308665216 -264.763611003 288.705844218 -64.1298072438 -405.378049224 -29.0468425173 458.951445127 412.843842863 
452.245291667 -29.0468722609 228.721883894 -29.029829973 273.685064031 309.829376938 -389.903683413 -373.68224231 -36.5989259954 7.47376651199 
-171.751272975 -193.30551331 81.0926841781 -125.739135791 -371.915524035 29.089815715 333.810564802 -142.951023681 453.68223415 97.0167816103 
-29.046843082 -29.0463707075 -185.614432736 304.825554789 305.488665003 -377.988535163 461.06072508 23.3348944361 -406.160817453 69.0719925461 
-129.965620474 -320.420906982 3.87446898589 -348.615218376 79.162249987 450.428065053 284.449470009 14.335893542 -29.0468425172 313.257745866 
42.3228753658 -29.0088114861 -164.98479857 304.933265926 56.2920895829 282.585764464 461.637897251 -125.120453071 -427.371698336 238.285719087 
-37.6402522629 310.835657104 157.434539189 -410.770964414 453.320444871 -24.6045194619 432.02767791 -29.2117908453 232.742487566 -393.866073089 
400.045015855 102.836796612 36.519136479 -88.5566703459 -388.265510005 -339.742772382 -186.803425183 6.62904555059 138.155182599 -368.544448687 
187.843406286 -442.755376434 -307.257651673 315.235619641 -29.0468425203 459.80472322 -57.900663405 277.726083334 28.3576584267 -219.297296298 
28.6717075132 89.7370727752 -285.743971634 -344.681182483 -86.5036577567 462.599174766 -373.481301468 131.342962874 -93.4625182289 178.173526496 
138.874394062 -431.59369861 -86.682342508 -86.6824425163 -90.8908523369 356.259887244 376.187876489 461.642417635 -290.983242074 124.364123023 
-139.940965147 72.4924596425 -179.88861907 210.735456729 -140.198378451 -24.5109162666 -458.997226643 455.097248408 37.9633188178 325.968337583 
-323.223840024 29.0468420088 -29.0467521253 -13.2014443988 -39.8204157277 459.002863118 -350.483305873 -215.827772432 255.796121369 228.923796834 
438.397838817 -29.0468425171 -56.3054932932 449.455316391 309.638585086 49.9660882734 -48.3899792841 -379.440110394 243.500396296 225.117536191 
447.401458086 294.597902199 -28.8992726297 284.200460727 -387.397395531 441.373683377 -29.0468425172 109.463537802 -57.6993916224 -102.077720887 
-175.935842507 265.468929094 -324.310528606 424.243345855 -31.3876791036 -161.173111693 39.7352553678 387.244620165 -29.0468426446 61.4420575934 
317.329632519 -206.070370494 320.798536376 201.146978263 -21.826529099 -10.498997585 -171.217964575 -142.951006593 452.079387847 38.9771897509 
-105.883796347 28.4406104508 -432.651030307 -405.421896987 129.857916412 239.860230968 -108.347746097 430.414064017 -86.6824506518 318.424086688 
321.061902674 -108.897241441 248.556392858 29.0468424383 -287.063410425 -206.026614371 -3.0655505711 -427.654536924 448.635572239 279.149434159 
379.279942117 -41.7996027895 138.750758999 -131.791319376 461.150664157 180.600937836 404.996617718 109.748990107 -455.490252763 -86.6824414935 
123.543877405 284.303277452 446.189139584 71.8829936108 -29.0468425172 -29.0468450929 -452.89699901 442.571068043 308.746368914 -57.8470432692 
29.0464981682 67.5849445431 -309.75063031 441.173146931 -364.142053611 303.535180821 -143.775711087 -29.0468419062 137.621772594 -338.550749282 
285.629907871 405.378747124 -435.11537368 -319.383829312 -248.909370711 28.1999502266 391.964359464 -8.4266853075 -3.14775292153 -214.609313189 
-209.195312236 -5.77891629025 -7.25645494822 -3.221165186 -212.265019703 320.395818861 461.31451664 -429.645249212 315.066096449 -400.710769137 
460.557867027 -29.0468735132 310.138590576 -46.8647725493 392.435000904 -59.6368183031 -420.416322688 -4.25226645533 -391.616203716 -319.554044551 
267.366433607 86.6823931915 383.938878338 29.0468309672 -54.2156323584 399.015529374 -425.975220031 -285.753775636 -224.581009051 -209.221550734 
-425.496563003 -200.73880594 436.478729099 29.0468351337 65.530166187 -407.870812762 263.594289785 405.775674399 -29.0468460894 -223.351347474 
-287.261213467 209.925691112 -426.485834702 -225.646377417 190.091234367 405.378753826 -53.5325803197 29.0468069077 -29.0468448194 432.314073992 
29.0468404881 13.205859621 -444.689989945 274.277837115 462.102132335 -304.794594739 -187.680856471 -227.093014341 388.344189457 -20.3440422545 
410.010178597 70.4179656523 -437.125976005 -70.0187164763 189.745562721 -29.0468474009 459.733253747 192.437169378 -70.7660879872 300.736257709 
-271.60772786 -410.522299758 320.25145362 -192.118097941 29.0468338228 -50.9640927637 -120.264424271 73.0869607262 448.471401657 214.432854788 
-452.376981511 -235.435202899 69.4811821228 306.569536014 -29.0468425172 455.128919608 312.170007825 -27.765190839 265.919208081 -10.897573061 
-314.234995259 2.26991696171 -175.326281937 34.0029341462 -458.963580649 342.069099107 -310.734406369 454.723154969 -119.252513773 11.410152566 
-197.026260013 197.326923073 -387.476129911 -29.0468486948 313.639657704 271.172390216 19.8377451358 -177.442687617 437.398952476 -414.530729613 
232.647612299 -381.064824239 257.421622149 -29.0335179945 10.8282518735 -29.0468507773 448.833208894 -391.76863174 -104.736064701 313.954442854 
-117.466045058 90.3029999737 -70.2626198136 399.257164234 -119.631768326 -0.0231042179827 -317.453957613 312.111876557 -443.015181371 453.236996801 
-319.087623464 -5.26587698552 -120.224293425 -420.644124523 -449.251719759 4.93133749389 325.342205835 -68.5162036796 404.404173619 -199.657826278 
-388.987328418 312.909541935 309.68365558 -98.5725624868 -29.046842517 -157.26659601 -16.9021638221 188.253194068 -461.590618096 457.459146443 
58.1306319263 -79.4901810711 460.948849529 -257.540707542 -286.340844527 -423.238091946 -219.151861661 344.104253605 -27.6910842676 29.0468295076 
-259.932738237 -37.1161115724 -24.1590218003 242.517193625 -29.0469857292 208.477077846 -400.547918934 -59.3829329865 319.610530508 431.360448902 
107.290535454 -97.4322450537 446.87970307 -321.667655266 -22.951413544 425.517040354 -318.56088143 -3.79476902673 -350.467774234 -5.49700187477 
-458.951442099 1.02479222505 -291.485453977 -235.961627636 411.76496455 28.8490720379 -318.33611965 -29.7845319924 296.821234375 -116.690102954 
350.233373285 -371.901424807 67.9215666251 265.885353723 -29.0468466467 304.45613714 -152.027173713 -57.8469656182 441.565359067 -29.0468425172 
431.890627713 19.9068216694 -29.0468425176 306.783647027 139.362702161 -409.394644952 -192.245004064 -93.9014061273 -382.63100199 -315.561842619 
-460.853794435 -320.239743578 185.160428943 374.250594136 -239.082423562 -32.9543604507 36.2278810952 432.189144799 109.580186709 -106.830297229 
-382.735462556 454.496517691 202.428064865 29.0468418478 -29.0468545206 -191.832754402 -410.52831808 -255.278711925 307.097896527 -44.1539579351 
-29.046842517 301.860677936 -363.574084923 421.926113397 1.36870504411 113.33723867 -316.18526717 -280.071917169 35.987177732 -94.4759661231 
399.744635843 -255.226057041 -458.992556697 -184.105725651 -29.0468425171 -235.899631425 205.957963637 436.561453769 193.445999089 266.778192417 
-66.1500340078 -40.019026377 -374.250593968 -29.0474956707 12.0630664109 230.866420594 184.163450565 -401.408185686 448.065882968 306.573473496 
29.0464185646 331.071481758 -238.240345101 -318.565102503 447.368621196 -31.7309404853 -21.6577825599 -1.46553471681 -459.180425036 -300.586079225 
-91.2961969476 456.372657851 253.258707982 -362.214031227 77.6128094902 -232.047104098 -100.317251686 425.806430551 101.975250458 -331.774989551 
13.9212634462 -453.627733042 459.174186245 271.038190413 -29.0468425194 -424.830708709 -219.225815509 42.458190491 385.389117702 -11.4102862854 
320.298739916 460.94371048 72.501241961 291.712646669 -210.768662898 -8.55959027938 -430.313041782 -236.576221046 -140.47770937 -29.046842517 
-10.727136439 389.961395538 -211.316296253 -229.680523954 29.046841689 -8.2973224753 462.28960652 314.232590631 -428.194819928 -399.010118269 
251.354629552 187.269392283 461.394965983 18.2865962116 -223.7893997 -196.965195596 -23.8611842483 -247.309083909 204.631706657 0.744994477192 
-194.568154114 -29.0468439857 20.2450758573 436.892006532 -199.748926258 27.5316150944 -414.710629617 450.36173937 268.866242251 -241.016585963 
-29.0468610408 -211.297592541 -272.033870841 86.6824248205 -38.575081818 309.826552128 81.3247735368 -280.867974985 -454.184456451 344.719073084 
455.728118069 -60.132788903 -129.036800719 160.070485919 161.701870423 -317.795656331 294.566699446 4.51216668677 -161.460999254 375.138327757 
436.560697347 29.0468401007 398.784310403 180.523722134 -285.513829818 267.769645692 -107.927352097 -424.895504232 -222.30100989 29.04673431 
450.703624164 190.085642905 -260.194954007 23.3343714043 -29.0468425171 -182.029029794 -399.989985241 -26.8439117809 436.325951024 305.717839004 
312.534317419 360.317662307 -354.884662265 456.99589422 -89.5329291275 -14.1349076312 -378.626643579 -56.3222415431 -327.975683654 -29.0468425172 
-320.111730963 -130.51267289 12.4279629488 447.177984914 382.451877538 -6.8437772798 -2.70857210292 239.780345158 -349.910909383 -321.110790422 
-28.8691706376 -38.9995782957 421.102510238 351.415973866 -299.225653877 -440.281384952 214.913317468 -57.1803983987 28.662963609 -413.407043644 
-29.0428956 -238.672431584 443.30809076 76.2008097929 308.562553778 -29.0468425172 -377.834501912 168.156271486 -158.603174778 305.29875735 
-239.716813012 189.928418105 19.913955653 -414.444048535 -29.0468425169 -193.653308302 435.388663392 -199.365266179 451.271116328 29.0436721736 
-449.917890722 311.354406951 208.388548239 -414.964746559 -133.302283748 447.569017364 -197.115040772 -29.0548892488 86.682341397 59.2920790765 
-223.815908434 459.854134048 -461.491382497 21.2761782199 -44.0387967013 -180.851927545 313.512147633 215.276102685 183.942831202 -29.1667376793 
-3.79095235459 -354.831794274 390.348697789 -319.611383289 461.126523319 -16.830853209 380.006819304 -327.694799991 -14.3722175367 -38.7524106725 
411.504772618 -363.013859719 -144.646250309 -360.756941634 -116.436587372 235.494596023 -333.685660414 43.4816558916 110.075184244 451.449900378 
401.321905126 -456.843851615 -422.495301737 -18.1282224904 -32.2421903179 29.0468424207 309.75956065 451.400622809 -217.534357767 57.1187864396 
308.832444894 -63.4960795594 -319.532051293 -49.6981055851 391.412398026 -1.87473031571 -29.0468542731 -460.147373548 -318.794255315 461.997301174 
317.115197719 -146.77011841 -405.37932568 418.957870523 -29.046842517 458.969107301 -434.179455003 -185.01141529 7.49670599232 184.307372663 
-117.385674217 -12.5256878093 -100.898470592 -318.240265009 -321.247474516 430.113818512 99.9843791116 408.508241556 -458.855587458 4.20894218958 
-151.687983578 447.936045132 100.780835241 393.414067574 -402.823072742 -29.0140106468 88.8961474262 -302.340488651 247.87302722 -322.466917499 
29.0468311031 454.495521742 307.09657645 202.42167309 -29.0468519517 -191.832742965 -44.1555033829 -382.733431255 -255.289974791 -410.52832286 
-316.871464292 427.237381866 -0.940696012563 96.0642112116 -456.030924848 -94.9524812185 -120.414342961 233.21689434 -87.3005083891 318.154118235 
460.122253098 -437.158196825 181.585224482 -378.921327519 -33.9303241458 -46.5257553634 411.991366696 -29.0468425171 311.087783145 140.305012487 
29.0468421609 39.2378447189 -142.191270282 193.346684354 459.315491606 68.0542260423 417.48903082 362.742737915 -175.279784393 -204.948797005 
-29.0468425172 423.054003294 -28.8775350425 220.023048254 205.500469739 200.165560864 -51.3654915709 -410.309641123 -414.445222149 424.318276757 
-104.106280655 -29.0468426059 308.525225706 460.216579578 -141.11440704 189.653119159 411.353228202 80.7414162241 -422.944712449 47.0920703144 
-29.0468454713 342.761625634 -63.0985259101 -81.273959494 59.7605195681 80.7162178103 -298.374361732 -281.101465035 -439.272983652 308.468543368 
405.378645867 11.1679907934 53.7277010062 -303.765076458 -227.851756486 -124.149438534 291.896392163 -449.406734693 90.6152113753 39.3552781854 
-15.4296443068 345.087172049 -17.3834720693 -159.02444639 314.274013915 385.74708116 -328.592757865 -130.505047188 -379.258080765 -357.393091368 
-374.601655326 -107.103481144 86.6782251504 -143.053547972 431.960067352 116.544140787 109.600002699 -94.5753941973 335.692659107 -345.801536341 
80.2909384772 -371.68565801 -33.4549224444 -193.047411759 308.912460786 286.36016788 -341.419801326 28.9129248924 142.840656801 374.252157256 
239.92327031 314.971894479 266.227240074 -55.6131142797 86.6824128943 -243.726424538 -460.366399041 -6.73610955463 -129.068909652 455.01357428 
-168.196730891 309.605410061 411.607147159 -82.286409479 -389.569656782 -250.329145401 134.415755665 448.459776414 -29.0468425171 48.0897255986 
213.965606393 431.319791366 230.068886884 -153.634396802 -414.697636805 39.5759264463 -208.591284791 435.123795811 -188.135800707 25.4689003121 
449.089699075 -319.116247828 399.351751556 -4.71178321405 259.659457093 -112.898241001 -70.4799103223 -319.10508124 -124.409594106 -459.731536848 
454.392743172 -458.289237485 186.645091259 -240.163780688 -14.4443424079 9.63917977486 419.418409748 -318.942701819 -29.0468440705 -238.561050035 
-4.41824645258 -318.693034901 -1.62763544502 -423.246989425 -452.046271569 405.36050247 285.596813611 321.080846696 -119.073451555 -202.733465029 
-29.0468428662 -29.0465500322 -57.8469718593 -94.0325256134 447.385442394 191.561539769 152.686083965 298.564268655 -381.729955063 441.38945972 
-241.960621359 -25.3856945519 459.099004941 -419.975277358 318.704250093 1.6638208925 215.915903546 -12.9022617304 -175.153420467 190.879738182 
29.0468387321 444.126428567 -339.016665472 10.9128993616 -285.27631112 -106.33756682 37.5221713801 -314.076430105 313.221257114 263.40049563 
-239.990470703 -29.0468587984 321.125641163 -112.710512473 -459.586146737 363.211366815 -320.461880462 417.133485791 185.888586745 29.0468051345 
84.6374214142 106.520936004 70.6698760316 382.901341778 461.466968547 245.42287145 -114.464211884 -172.926562725 -436.664994665 -407.864875512 
-27.9314841458 247.587729209 -322.50148031 -114.471124946 16.3417746617 56.9727199965 -318.551751398 -350.088131916 459.113096894 360.713190412 
-130.418952526 30.8688232171 -320.622733454 -140.411682579 255.359581206 85.4492368412 -347.458935954 29.0468336361 451.047910982 -370.560732789 
278.22237603 360.107634204 -457.187238783 -29.0468425251 -120.590811268 -107.116206398 461.059395917 -150.565223944 -408.963524602 144.02057884 
127.367389223 403.582845146 -317.691859904 300.866925524 -29.0468425172 -315.90746408 4.02799898844 -456.607501165 -112.876173805 -167.631314293 
420.393227066 -171.081026631 454.857429515 -172.798667083 29.0408549406 -290.002126907 186.323384044 36.12264129 -457.959645414 -29.0468425172 
459.00463495 -319.636781049 -9.58265949474 -161.229617708 -6.91847849581 301.780822531 135.842546804 29.0468390325 276.097808355 -167.888992086 
410.918244643 429.108965065 101.895492423 -324.187768313 -99.8653183521 -10.5009603669 -6.20994914146 -118.454508208 -340.442537709 -320.490117556 
23.9772682418 -310.90825003 -451.229470955 -228.080607617 -51.3498470362 -170.535673815 410.589114667 270.937757453 41.2224061277 356.785173605 
-156.344081591 379.040165172 -6.89892240583 29.0468374968 45.5009678188 442.086747444 294.426514272 259.635199528 -192.106251276 -128.506870145 
450.126765807 227.000115129 -29.0468425305 83.6557500838 -375.281046759 -337.220229036 382.154347675 -155.87776056 -59.8755409999 310.775981512 
436.348974789 29.0468424267 265.494874241 -197.563395864 -29.046873149 154.38763702 -267.524670185 -431.894998469 -404.178764009 404.30848608 
-458.484066828 19.3842623156 -240.441874973 216.096759663 4.346239743 453.369743558 -32.7498889685 318.975909431 -50.4997339907 318.104437149 
-319.259037625 225.943346172 29.0468406934 422.058768062 201.357060728 -7.30973117426 -247.545097049 -432.905312501 -214.034258168 -98.9609795789 
23.8205363849 -161.616716349 -405.375051314 -220.661557098 -249.52996229 312.234811361 67.6351519407 310.919540593 25.3868923824 148.304637956 
-289.634866562 -311.464196026 -70.7371967771 -60.4296440871 -452.079518403 240.667540774 428.810390855 21.0930033447 126.82232025 318.970663805 
459.40355483 152.958030067 313.534137717 235.198476727 -71.49560879 119.492159483 -461.967995073 -322.685881773 -96.3190902421 -16.3592941516 
137.547093469 -377.338735544 77.352334079 305.870544935 -29.0468317271 -231.142952542 460.569209052 -29.0468425918 -223.355608728 310.903639318 
-181.359894944 36.9515697801 391.144944419 -149.276012023 321.481045703 95.1793629332 205.242210901 -127.549129447 -449.460890357 6.52213433455 
116.655629732 -57.8470094356 284.226765017 -401.009388534 447.427892138 -29.0468425419 430.115320112 -313.425569843 -90.5754290206 10.0165397381 
-134.751067435 -29.0474768381 -354.533106603 -12.5133418379 186.805264559 454.813344708 -136.462738178 418.6067345 71.575782958 -326.007526496 
-29.0468425789 435.308771343 -219.080965282 -68.7480942933 282.290902685 13.5702383675 119.809047167 316.935722081 -319.928452337 -458.954427658 
-29.0468527891 -151.834852405 -310.85923164 -55.3922138388 -373.485289042 425.302182064 -451.474553976 80.9108158597 308.905226999 -16.1278855253 
-29.0468428182 438.088032257 314.410713237 278.620474262 -122.323063603 -150.939100765 -93.820907735 99.7419554556 445.772965651 77.4455323308 
315.887974297 -421.321164917 -24.2535175642 -317.350876988 282.899048135 57.7919088493 3.05670072151 -199.903141119 26.294525289 374.250592263 
-319.886454769 -6.66736050749 410.995302143 -118.748500722 382.2100404 -127.129511539 -1.96550199073 -340.812243978 -324.404960035 167.571904049 
-60.6985573747 -142.951044666 -446.072147006 -434.899282613 462.336131752 299.766335785 394.852586431 70.8941258415 162.369919742 -203.999571348 
434.643322996 -272.231810638 29.0468341958 -29.0468491173 16.7118538657 -411.930404824 -194.259662441 260.992336766 -194.216104058 451.723634523 
306.169055647 -205.087480479 -29.0458567772 81.4376794986 -155.104574446 308.814085673 459.54277608 25.8779685957 -183.906389701 40.5046785972 
323.380540476 -7.01769665119 -203.683712209 -122.922089742 404.773375555 -4.08154498362 -424.180579235 -319.709340853 -25.9431149649 -347.27287031 
-43.0864987167 -109.016236489 186.475197782 -125.178192648 -29.0468427317 359.218727661 -417.927599764 -420.625442518 142.103694303 462.228992124 
-117.473442323 461.293161959 240.215986468 84.1347953203 -134.272969949 -417.296905756 18.0234886242 -446.097024053 376.470389037 -313.755776595 
29.0451485634 186.671057379 415.602753096 -273.737529625 -427.215493807 -29.0468425173 446.698595251 206.865473 -280.72443343 23.1679860926 
-29.0468427519 438.563217962 278.903463456 188.602012279 -319.055714442 449.356038338 -29.0473191108 -92.5221137289 -74.638278981 -459.008382388 
337.23355203 219.394234079 -4.13220322297 59.6102884706 -229.432091942 -450.5635601 284.067522111 -206.907576909 -425.456045912 -29.0468425174 
-229.922695361 29.0322539861 -29.0468425173 299.192137701 -450.742406081 -311.548382986 -87.9212329563 -307.11802913 460.264176251 0.64932637379 
-126.607117278 453.678693357 -373.062701345 94.35840293 29.0468425168 -460.328924437 -188.782584779 53.0051567335 -238.731460675 236.842502957 
397.678262867 284.095084253 -191.151171433 -425.032059654 -194.401673714 29.0455749156 -221.934757066 29.0454994583 15.7134781228 -411.689546156 
28.7054790745 -414.368353375 -201.027810244 -414.83029314 29.046806893 -196.224138672 -192.086677196 456.920837864 424.56011887 17.6091796171 
130.159447086 -400.049901878 -29.0468425171 -179.9259691 299.508046389 -133.951788726 -385.800660358 454.960638737 417.284246637 -86.6733936762 
-247.86613104 -175.378738241 250.798411063 47.5187944476 -239.366102613 36.7987674508 -459.544335329 -191.056706851 460.221271766 371.953794121 
-104.203453726 -381.615454454 257.271782054 -29.046583991 232.496242724 448.68471902 10.6443301926 313.790233434 -391.346039234 -29.0468462196 
-447.831719239 -111.568490968 263.102099094 29.0468307294 -29.0468425259 11.8550429744 310.608500552 434.330453627 -257.39057197 275.411869813 
13.2539662341 81.9899858658 -142.951025026 -206.733259332 433.964600166 317.978725166 -170.673271152 447.267060893 207.036986621 29.0468221687 
-26.0802767141 444.572022119 -334.445654085 -248.732617987 -138.023637598 29.0468425173 218.051137478 311.555448939 -357.609190217 96.1054798435 
-316.950880106 -410.618787649 -457.566202552 -102.041085473 448.065794357 -192.073364888 -210.821791651 29.0468423225 329.315101031 32.2981551863 
-29.0468424233 -459.714662939 -311.524888656 305.933790011 38.7926344472 155.057262308 -238.335894538 -29.0468425175 453.995799293 285.325735539 
-321.200301518 -448.407643445 -10.4798968256 450.813934341 405.616486037 -248.053124559 -9.50521193167 313.881995575 33.5756891292 213.958219014 
-3.25808984383 -7.25675743658 -429.646425836 320.398301276 -212.266537283 -209.196166303 461.314992425 315.087664597 -400.7121468 -5.34921084859 
449.378285855 316.519197274 -425.772952208 -215.725538856 -435.520495206 -13.8127409177 -240.641137902 286.424461183 -109.525997366 103.671572113 
456.555570597 -187.895686073 29.0468424965 -374.348899546 -457.084136336 158.69055915 89.9013262848 425.086341355 129.098363472 -126.921480345 
242.466007985 109.08477704 233.068713627 -364.196285863 -100.123019713 8.69734952542 457.595371839 -352.58625953 -3.25186819237 112.584594578 
-316.744453808 170.534301972 446.617131894 294.667034822 -139.792330003 46.2677545609 29.0903326533 -358.847636371 334.113401076 -29.0468425172 
166.40565815 -46.2049072338 -172.83490824 443.506002828 -385.629072433 432.526612492 -462.070316403 307.31062239 -29.0468425173 -244.430815545 
459.563281093 -29.0328461596 -29.0467393242 -417.020156689 -68.7866613851 187.445063516 -57.6936818741 191.337537755 415.792849296 -445.824777941 
29.0468016102 403.554222763 361.686322537 6.69913651883 -196.65570989 -116.986182604 -420.584997377 -392.258313331 102.408064199 -204.917000738 
305.847945506 23.4797820307 305.405589191 -185.628660376 -406.211288149 461.053734931 67.9344423067 -378.057788222 -29.0213602494 -29.0468425174 
-4.09392731002 -347.277155821 -7.12749921761 323.379035808 -122.922653055 -203.687939406 -25.9407518413 -424.185190926 404.815220433 -319.720041314 
455.837264093 -211.93220726 -431.794696715 -21.9063573346 -28.8245364223 268.114372386 -191.647133039 -409.383134349 199.474474027 242.018570628 
29.0464110449 -82.7820956655 -303.409582174 99.8501109346 154.309025472 -64.4313634677 -89.7123207265 -340.906962736 139.366029793 447.445888519 
-18.3275474395 311.943890547 -187.558794854 447.470178973 -29.0468425173 -395.298738512 309.274780533 -16.5381022964 -408.819938378 -369.748442283 
-316.824141525 445.309246722 -29.0468425167 163.47918089 431.517946027 9.01723429021 -36.4693509091 -355.003992697 -23.2666014332 -326.513300301 
187.180460318 128.2446221 354.711446898 -416.212156 422.26715123 -89.8338591245 -122.928070493 -29.0463826676 -94.1279515218 323.48208078 
-238.31582194 453.936862179 -458.342239249 -29.0435080113 419.33520365 186.579140786 30.5025246184 -240.522899905 277.226300779 -29.0468425173 
86.6823999895 417.50908011 459.312568606 -94.5626190666 63.7831038278 66.7675236475 -151.993448416 -369.801067096 -148.115716501 -345.791844853 
-413.510385865 -29.0468430913 -384.710266893 310.401142241 -377.728553621 459.372353831 307.428720212 -29.0468003627 -42.558814046 -46.9610330145 
-430.11383538 -234.524245733 29.0468352872 281.737567579 -211.921671483 -289.93991552 -6.37295994174 399.385590168 400.943315594 23.3969267474 
-319.229615204 2.26854338408 286.16383624 -116.960578551 -56.9408056429 389.50510473 -459.075997054 -318.460674615 410.167041499 -1.81431033468 
296.59954022 244.35207566 34.0322450794 -29.0468425171 19.6118666333 -127.203609212 -318.231512699 -457.520295102 377.526249127 452.55349636 
-460.596965372 373.240905536 4.0381171307 -319.883529144 410.477916987 105.492352335 -70.2046247073 -113.309716647 145.586274306 460.346198082 
309.670447982 188.222254819 -461.599072833 312.883958972 -388.905602857 -98.4991829967 -16.4415945821 -29.0468425172 457.458417254 -156.807794047 
409.148379891 -187.550710338 436.416243793 -426.126747543 -29.0468425187 28.9029562017 68.8685568196 263.947477581 -406.981149689 -199.976813027 
415.029775832 -29.0468438977 204.71142085 456.361550398 256.016607529 -448.464600972 188.439612643 -426.588592803 -289.802569197 26.3631688913 
228.904905587 -0.389434053614 -203.75406016 -459.021583285 197.241933604 422.16114658 45.0399840632 437.267644978 -139.538758318 219.557193637 
-403.537865319 -114.793928302 120.928480263 142.328349473 291.954615198 456.165830183 -249.439032922 -29.0468425173 -108.82371051 359.235342526 
-27.0597031863 -410.861662074 -37.7078595517 -393.906538013 -29.2723112562 453.374592551 231.903143043 431.939364609 157.267846254 310.863645121 
315.866767432 -462.175152858 5.11686838012 -24.1954995078 -164.993408167 311.001123512 -29.0468425173 198.319658476 451.015532207 -385.562341981 
-231.975053696 -29.0468450573 381.51491811 42.727753709 -310.816214518 13.277214201 461.304133503 267.869338814 -21.6137501146 -450.520420373 
461.046777076 -207.560321335 25.087234582 -289.716817339 23.5550722567 42.4176696038 339.950289212 -223.479358686 -427.46987375 379.3310913 
310.003897307 446.392829836 -29.2063522787 224.421423398 80.8116831224 -382.368297969 271.014289903 -29.0468425171 -249.865450585 -36.4429008231 
-161.741162494 -318.442216899 -231.328157465 368.842019539 81.006479951 326.202153945 25.8295998714 -347.242335582 284.766072074 -29.0468425178 
381.511464017 267.863712193 42.7159875455 -450.518091153 -310.813802 -29.0468425875 461.303727289 -21.6143620634 13.2748470564 -231.972819944 
114.296535788 -92.68284247 460.975764229 -343.895949496 378.730090613 91.8861373706 190.24840407 -196.075410799 234.774047411 -29.0468427628 
-86.682454833 -136.180077112 132.939847424 435.132635341 204.746746109 -314.254581334 400.754816541 -115.484156186 -19.0262257305 67.2193829868 
-29.0468430626 286.479206894 -29.0468543451 454.056248944 158.131006675 -459.723701226 -238.382253948 306.40287765 -308.092549664 39.0444106126 
114.78910885 56.501892988 -431.805744075 76.3206574484 402.603627018 -384.09447142 -201.350630152 -141.446655883 -222.595659736 431.989278356 
-361.833104985 -29.0468425172 307.60609227 309.016829093 445.85637546 47.8895854231 -29.0468261555 207.351565189 -222.865087952 -21.7102937297 
314.644144746 446.063358636 442.695724278 210.900240005 -30.2975299608 -390.077876967 5.02692653333 -38.5138658995 -78.4333681294 229.320195071 
-394.105159753 -43.3400690396 432.294550784 -11.7855622238 -34.8900366124 -320.979091207 -101.104393 311.228166098 453.156894094 152.66575253 
-373.639193528 -4.58953611161 -424.998923886 -6.25844995327 -46.5732838819 -318.147627098 322.791034894 -204.514972362 -96.9700820778 433.246400128 
443.558498328 -422.998685001 300.560351356 -4.38919186364 -66.5164549284 -217.523065052 241.704664089 -29.0468436302 311.276856781 29.0469407904 
22.7546666886 9.15800225413 -200.984651626 419.777600544 -321.283218432 378.98073034 -423.194510445 -196.928768166 -413.3425552 151.603015688 
-174.910952704 -230.08387783 -460.159967969 -187.635060802 51.1824675522 -199.099746743 135.457045452 247.873048952 -400.173325982 41.7661298093 
428.996478895 -28.6106193335 454.981084385 282.414393392 60.4626058813 -86.6824415733 -456.72043928 -145.833325266 186.661162498 -140.75089935 
-422.381779863 -96.6580803778 -76.6603758913 443.824725606 309.784409307 -314.041222156 -29.105598474 6.81823739295 202.056442945 -393.581660885 
-391.618235912 -29.0468577042 -4.24749021599 392.437488066 310.139653076 -59.6377883226 -420.418354885 -319.554730318 460.558448219 -46.8659806088 
29.0468386631 -84.5950786294 -307.398683871 177.779498412 143.942346023 -41.9262323309 -55.3323600616 461.037551448 405.839815226 -427.984213413 
-319.38783994 450.290886744 -98.5371241867 104.854688485 426.775167239 -457.933744205 33.9012246473 -317.318421787 -102.385383722 -7.83878978629 
445.308717317 154.071087292 -359.286018052 -29.0462265111 305.639459979 -192.707179363 -13.3390306631 -221.439667093 -29.0468425173 193.629244016 
317.765231748 -97.6815236477 -121.037605376 -93.356305549 4.03150577547 461.688294665 118.552544684 95.5206032361 400.358324015 -316.004634222 
42.153678582 302.491596727 371.355470243 440.728103566 146.949948712 291.972905964 -29.0212425051 -369.432948719 -149.998560614 -29.0468425198 
29.0468424536 -427.671370618 29.0468184352 -423.887232317 -227.384262077 -219.891289446 208.942286548 -29.2450951206 404.465037335 392.349040115 
34.5851289067 -192.656212289 235.84680064 -410.86113025 -99.7091613355 -270.592443456 29.0464531095 451.773210235 384.704522415 -191.210754972 
-28.4377258397 -428.532718821 -8.6053631611 321.172212412 -409.302795622 234.869425734 433.577109287 -208.633161609 138.447530688 -123.947275407 
-345.791845723 -94.5626199112 -200.8484527 86.6823943802 44.9911214313 -203.797505452 17.2429297025 353.994797343 227.207991121 458.148103444 
-443.219952087 304.703202833 -8.21693473708 -80.2155675841 -120.660978336 199.444620241 461.561527355 -84.4764802152 309.772536875 77.4399873905 
-426.74150647 -453.78434207 -5.98250560392 322.566046609 -207.197890034 -99.0870200796 458.97005175 -315.588830075 2.88254551623 -165.876416411 
102.019975256 265.443292743 372.194012629 54.6219645852 -221.575992702 297.744516694 -171.752925019 -142.951054916 67.6960638997 -192.215754615 
317.839625767 -59.6857752212 201.95578349 -399.901570119 453.782786791 189.498825434 -28.9460571891 -29.0468426324 -178.992345943 -460.598733981 
433.359245596 29.0513848713 -104.039321401 -29.0468538822 119.83200432 -413.58489016 420.765592451 258.828788923 192.472579247 -273.860525405 
260.279221238 448.170086247 -403.720690251 435.904440389 -39.1962668608 -29.0468536875 35.6280401208 309.361464556 -263.383204654 -29.0468429015 
-325.14495167 -22.1581222893 434.52702594 -18.9044815263 -353.945131824 -375.733108944 -31.2986453583 254.172214028 -48.5626947379 445.573636024 
-215.114247947 -40.3671299453 142.95094603 -197.413917384 234.694096029 462.319385954 176.460810908 -432.175439378 52.129790398 -291.585900712 
242.889977837 -343.357758683 -372.157877668 188.109669119 93.3058924386 -29.0468426094 -92.1515206527 410.480944526 452.292188146 107.169030845 
-104.738889534 314.005931546 -29.0469510517 448.852280621 -28.1441137494 -381.002370428 -391.789774681 232.643618396 257.411310002 10.8314994889 
97.9381133286 -171.751187979 223.532581122 -193.499496236 -142.951006591 47.1319615152 -371.720301205 277.709550498 -125.927684423 461.750799038 
-89.2709205199 -230.043298724 299.313486249 1.37781707493 -311.598428068 -29.0468427773 -308.433721382 27.1062789005 460.245007358 -450.799222551 
315.31652862 -452.467557734 29.0466674715 446.152969905 -311.852235286 233.763833834 -24.5554012457 -178.176459222 -395.152557409 -3.00021283131 
-229.17287219 -29.0468425405 416.025661695 -232.690159719 189.521650138 -321.582660729 -449.841546593 455.434011237 -9.46082884653 -13.6434775634 
374.24775494 140.287749517 -213.942775575 -89.0099683598 404.389190194 -424.325344781 -220.879379518 22.7492842372 -423.168449711 29.0468424871 
245.586648203 -130.513422789 432.96127863 -376.776426505 65.2494201127 290.672523875 86.6824336934 29.0467711394 -194.982052951 -456.306913556 
308.967642256 -143.291739164 81.0242842784 322.640580668 222.741432996 -254.757772893 -462.441412 -245.88776885 -29.0468425172 71.4398025092 
-29.0468611207 -462.023154082 -244.476022186 -241.733606979 79.6849437693 80.9854064633 -29.0468499106 309.071996543 306.114368264 451.727536305 
45.6729390361 230.433977104 -267.811183732 444.051584803 -10.4086689464 -408.427116017 428.040981937 205.076868945 -29.0468425172 -64.2077539795 
-360.694893994 -115.336018136 292.411525879 -382.408494471 444.782842639 -29.0468425174 38.8396670132 -130.805201475 -331.894672538 442.257989411 
-29.0468429517 92.2492905301 316.205792865 -125.888865774 264.622146932 435.525952558 226.802201009 -97.7189129172 -451.527251919 -141.233299473 
187.244124655 -392.306575607 -29.0468425606 -362.61088966 -34.6870799823 314.074799329 -391.411200653 458.25874219 -83.4890418155 142.951001856 
115.453874438 -357.886219721 460.331908671 251.154174924 91.8504066626 106.217800705 -86.6824446843 -115.485049866 -107.756772047 -459.186410215 
299.137925371 298.705863106 -459.951417192 -239.89495694 -29.046842583 452.078410304 1.01931247268 -319.993899614 -16.6852965737 55.0707642716 
142.95031835 -321.701816363 -243.933671745 -29.0468425173 457.496707902 -462.31713861 -22.8170058345 -73.7866387557 301.096059144 423.25703806 
-7.39340682096 -29.0468425197 80.6629047325 308.348500074 -223.225904452 460.249646452 -443.271741129 -36.2542429321 315.869638764 188.179252558 
136.978193733 146.537424799 420.131731916 -39.1147330271 423.092797544 -290.323296338 -141.248312116 -29.0468425178 -430.194025934 184.123624022 
-292.736710368 410.47692739 460.346345377 304.777898822 188.018156469 -84.1944888921 -433.35200989 79.1548460835 -29.0476772561 -29.0468491532 
368.451746682 385.882440008 101.256608292 97.0348773644 -202.111221576 -160.147582354 86.6824394794 -164.244525386 150.232951294 -458.560742006 
-318.663076822 -4.20276626248 -424.226470947 -97.7227011433 -109.670317261 323.260644237 -203.728804843 -5.80022299678 427.026634053 112.097655486 
8.53296025108 161.535676082 8.35385413187 427.152641144 -317.043795144 -241.79683358 -460.559823277 180.251644546 -317.882458467 387.108583379 
29.0468421197 6.96558009755 258.205089646 -289.451296559 -28.6375732033 453.68047554 -71.8034018995 -239.711559789 -430.066431411 189.880395439 
-136.575056356 62.8144411346 -429.310253028 -209.493113732 320.602796182 -434.262240976 462.285353654 285.5068273 -2.19303989544 -29.0468425172 
-28.1168060311 432.351721505 -328.368187711 -243.807734896 200.58681083 -108.069435303 169.976939993 -461.845704943 419.561670999 -44.4528273617 
-459.827017722 451.975950772 -29.0468425173 300.720182436 -28.7904469975 64.2791740432 312.429297485 -114.918775828 -242.133061939 217.183991837 
-33.6876261949 -29.0468573504 29.046840901 265.852746222 -457.559647056 -266.936969997 396.912014213 -54.3533575144 -238.058222368 454.645187861 
379.242466945 -457.809323394 -318.534041671 187.616480083 23.7676967025 -29.0468425172 450.161929463 -131.377963214 -146.210896668 247.434892992 
121.609765707 53.6422514405 -458.951440129 -319.924888534 -68.7325995041 396.098080844 277.346853741 -2.45491613709 -318.550722437 -77.1957590265 
448.14821126 -236.915169001 237.52509512 -57.8991933354 -376.146991743 308.792423682 -29.0468425174 -30.1803504325 -29.0162083035 308.528319188 
-29.0468425172 28.3188723646 40.6286767973 -288.621842807 -168.620495404 158.082112415 -459.133264183 309.6971186 -297.701903662 454.306519752 
371.934525186 -29.0468425172 103.146032877 -231.075437842 -307.233059573 409.188589994 187.347989031 460.219397261 -28.3337491288 -447.049373307 
201.912338888 29.0468366909 -410.504871005 -192.721055324 -459.554621487 317.790583428 455.492957845 -60.927419268 -190.444005174 -27.9391157742 
322.271412156 -179.431489945 292.145478271 -6.22309693066 -29.0468425172 -427.765155394 -208.75300914 16.9715170352 446.946322764 -208.914947334 
-189.959977778 -29.0468433947 206.329768729 24.8545271495 80.6763033279 -6.56638970336 310.976641427 308.378685548 -367.124911874 -395.925030848 
-34.8910000221 -10.7118711787 -44.1932697618 -398.103049505 453.930884535 -321.231766099 156.463078848 431.033661898 -36.717294564 183.164447618 
81.5070298729 -264.953340702 177.926754997 -28.9715059875 427.245528058 -367.239427057 -396.039546037 -6.68520463968 310.198059519 271.659835129 
-365.776275246 24.9703148222 6.38138017689 -307.252553485 416.9592214 -337.22076353 29.0453032651 -200.113448834 374.250593764 145.07861788 
297.892570792 -6.83333438428 -29.0214275798 67.0052598103 -447.998533297 -308.767234234 -227.567681814 -29.0468425171 301.493941934 461.157665441 
453.645262648 -29.046842589 -407.06035408 243.404478677 -29.0439575245 431.498352376 -68.7789607377 24.8230049088 -434.91883519 289.698965222 
300.402862828 164.478834482 -142.951009084 81.9734497748 -201.311906264 -172.772786227 -23.0905762643 444.023013316 52.4305282347 385.980502094 
-349.886646155 447.889733567 39.8150365729 -0.0774697080602 130.969589553 261.282744124 -121.81949366 -321.086582881 -18.1788840198 344.557783183 
-29.0468425175 -231.866345066 -54.8547944446 -398.672620777 456.545614934 391.964377499 41.2643233304 278.895134161 29.0434628208 -258.745461258 
416.40610619 -205.830523366 -241.732033018 449.224161283 187.165949249 189.199328998 -29.0468425234 -406.868321879 -459.149679333 -28.6854902903 
-249.626234179 -29.0468439042 29.0465505253 245.265435112 459.976281401 -138.369182283 191.908246259 300.700373883 -404.704980264 -432.610740613 
-246.236261346 232.280389893 16.393842477 459.613440717 -228.631156553 -29.046866105 -461.313980674 415.450320074 198.100224226 -52.1732801472 
-41.2338554364 324.011652213 -119.156639038 -4.49150991398 -318.767188136 -202.388616856 -451.88768589 405.113932232 -1.27956988408 -423.088389224 
54.0312152557 -448.774190555 -308.4514038 29.0464126641 83.9356255605 -322.605794503 333.100069326 -83.2654566935 164.639121125 -168.004020558 
-377.497857393 247.240849223 -86.4252988908 291.900982147 -297.401627232 448.197027876 -406.328325847 309.02747533 -29.0136272834 -29.0468429256 
122.739213661 -426.900974777 -313.497854123 324.608076591 459.64273153 9.58563787879 -206.963385551 -2.5494421576 -97.1013330268 -208.99019282 
-38.8222328154 457.575128848 249.622285391 222.49066708 -321.797600385 46.0324360055 -115.830653713 -460.787641368 29.0468406963 -217.245918534 
-29.046842517 189.264229774 -430.114007675 -233.014333451 -331.465524063 279.990240198 29.0289089707 397.644249362 -208.529838895 -4.25969578343 
-212.661735517 -290.69517526 -430.113832631 -209.732873319 -3.69296414129 320.212856478 14.5505430571 461.374711478 -29.0442745363 303.076888285 
-106.789477265 13.0555069757 -216.983497134 -440.302152843 -422.617729693 108.17351426 341.657918489 -312.533315561 457.981482209 -89.742386897 
-401.4069789 -120.429232004 103.078663111 -430.20709559 58.4276845786 -142.951007331 -367.756388948 -163.174039602 264.838238808 458.440080992 
-169.662164958 -215.336723771 443.874327388 -400.86013474 -29.0468425193 30.2817945269 309.901828323 -29.9829634464 204.799080068 363.384917898 
-119.129184635 405.138757443 -4.49748615423 -202.398492733 -41.2611450174 -1.32260146151 -318.757359715 -451.903321369 -423.10402425 323.961890498 
305.089507873 -380.399974733 -47.1618584881 312.701058857 -169.22826819 -389.440604952 -29.0264368496 -376.774868734 -29.0468425172 450.755719548 
