-461.686340963 327.469731276 176.407432931 -332.282405153 54.4928963735 199.631054961 -59.9095272671 -175.271025804 455.095470965 -215.428271158 
-63.8295040219 461.686340963 95.465725003 336.333389418 204.852582777 -214.785991629 -336.357862611 -461.686340963 -86.5306176276 64.3625670903 
210.695825222 -338.008368207 334.380404934 -240.943886607 -461.686340963 461.686340952 26.7523515115 91.0594842271 -88.1596958894 -115.810671003 
-96.2421125342 -339.779318033 157.083184175 -461.686340963 266.153944907 32.1350389724 -246.148951067 -119.229517108 322.228202402 461.686340963 
333.537497558 -461.686340963 162.567585396 268.460376956 -106.925756237 34.8268328271 -220.391266928 16.0370104033 -340.170440954 461.686348847 
153.528786656 -22.7146413206 -461.686340963 333.002592702 419.728621625 -122.551339781 -226.597949213 -345.219222265 85.9368937146 223.498203802 
233.502129567 -111.819531942 -345.225284957 -460.117064569 345.709490919 461.686340963 146.651046279 -88.5505234334 -223.2405705 23.2793211209 
-229.619782342 335.282411297 30.5527220387 91.3905421129 207.893989383 461.686339535 -402.621584788 -283.877148508 -461.686340963 -97.4336874781 
-18.5088155509 -329.532293924 13.3238364448 254.319429652 -238.893039967 137.446485693 -157.489094316 -461.686340963 461.68634176 330.641077648 
-11.1763984919 -260.493555242 -143.772757394 460.504739124 239.977724054 -453.411147082 -2.78537204913 -335.839924983 128.169582493 333.027193924 
330.968599835 153.354911898 -130.101410931 461.686340963 257.605926357 -206.574027014 39.4237140336 -56.0104745137 -461.686340963 -333.211140936 
-65.2082334484 -335.841371422 -80.0043035243 -206.118723346 461.686340963 330.820403482 56.5111675629 218.006665341 -461.686340963 176.258448953 
-149.705888473 218.015023127 77.0007187594 -250.775477989 96.8436744796 456.918678873 -461.686340963 -42.0101917217 330.100511563 -339.111821337 
-338.064878942 345.378047409 -461.686340963 -192.117588212 122.19019538 -285.931214548 221.875971845 46.1463770773 456.936311651 -72.4792429897 
461.68628137 20.924103987 130.915696431 -344.161200116 337.080852163 -94.902698473 210.532164087 -121.867207057 -461.686340963 -231.690985923 
419.928841386 -461.686340963 -295.395035121 -160.783120998 302.840927642 -353.268693069 166.949587127 -47.9790935108 74.8978868799 -143.217513159 
29.6156599103 -273.884593876 160.153303565 333.844280024 461.686340963 206.484503734 -91.9266376954 -451.686258134 -159.68240305 -400.300127501 
-461.686340963 -232.596461551 48.2509532331 -152.362056098 -333.65236503 -80.891142161 99.9927384723 461.686340963 213.792341683 338.861671724 
-217.131770261 450.388121326 330.254950337 -78.8886320939 -170.300728637 241.166525342 131.665288483 -461.686340963 22.6043652644 -324.416573448 
446.531546213 132.784941615 -170.885203812 -461.686340963 -47.9972923102 -330.128233849 345.81274534 12.2798054957 -271.908980513 258.070687483 
2.12512253188 -332.257194107 244.755182067 -461.686340963 -0.333590519311 461.686340963 327.72048107 143.863465551 -241.160710567 -141.955269869 
-12.6505181749 55.0621978891 -341.123448113 257.633846395 461.686340963 138.872226002 -122.656007351 -461.686340963 -240.317720396 345.12049354 
461.686340963 10.6580907328 333.136245309 159.847614908 -117.738841432 -203.868831606 286.789722978 -328.051697299 -461.686340963 44.8091755222 
342.759077542 128.645186661 26.5784520932 238.228949707 -57.8368343157 -337.796684302 -241.361105295 -118.215121873 461.686340963 -461.686340963 
107.007011191 336.713704692 -12.061123196 -166.960399251 -409.971155251 461.686340963 -460.934373735 231.125606143 -287.038522935 -136.156913342 
-56.747028471 -190.873740569 144.621191964 -461.686340963 -328.481709131 330.662048805 461.686340963 30.1806708924 -181.519459247 252.302529824 
-84.8308371862 -66.242010399 -210.685764865 -444.155391921 54.1414126939 430.183575661 179.02945334 -311.289858814 301.053388392 -444.259685008 
265.461887406 461.68633356 -212.610426258 -336.178623334 347.013294333 -461.686340963 -88.8232539847 148.885897146 76.638041089 0.282200811047 
-454.405275527 454.405271568 -53.336521668 341.94161423 -149.92524782 77.6044835858 223.948813389 -327.768333033 -195.226383137 102.501834392 
218.081745204 -80.8437717676 -212.680891342 177.459050971 -333.796162229 461.686340963 -64.3259219524 57.9801514934 -461.686340963 331.143931271 
124.9329573 -461.686340963 231.628432949 -208.599104186 461.686340963 -333.494025023 -47.4231480552 338.516142754 80.1796527231 -127.865289972 
5.07964275416 131.132440119 -87.8893652152 243.547756453 338.755038401 -322.48570578 -183.106707294 -313.730920405 -461.686340963 454.405271568 
88.312272193 327.244554175 44.4985836359 461.686340963 -80.7095042821 -163.623640477 208.094280737 -282.718320008 -407.841317078 -461.495697725 
165.518086279 445.461018191 270.679702599 -38.0515562467 300.306358869 -326.89563431 -132.747918966 -461.686340963 90.2226348536 -206.111203298 
-461.686340963 334.392136271 461.686340963 -75.0247761451 -341.533338554 210.948053842 -98.4642666657 -227.705823341 93.3774173907 43.1928386444 
317.775163961 -95.3969360974 -461.686340963 288.974202118 85.8689165657 -211.918125074 -31.6640367853 161.296800291 443.368969071 -338.840364692 
15.3793190094 -111.866506681 -334.468617379 -461.686340963 171.230750459 256.063130189 326.344961011 -229.802526458 461.686340963 46.1159905705 
-60.0330274549 -210.467892487 -333.459278234 461.686340963 -461.686340963 70.6783759951 341.578964313 219.529875258 -177.947440454 92.0893145129 
170.317936691 -461.03096115 298.983227458 30.6129044562 -343.568050961 422.23315909 -271.909419801 -216.697786714 -88.222151107 153.549320533 
88.2110633777 461.686340963 -53.0037283493 -336.197674741 -461.686340963 213.840713661 -259.540463965 331.781060331 -171.789628223 70.2617817286 
-461.686340963 -265.415935185 56.7478949184 104.134272993 -176.158315949 211.289578838 461.686340963 -334.373153519 335.956835307 -55.0684577469 
-226.284427465 -461.686339713 461.68634069 -68.2856073818 -154.861105783 210.954341011 97.4128054385 331.114791544 58.9231148967 -334.8801628 
-210.647913185 233.023075987 -86.1492032422 461.686340963 -335.913392572 335.879445631 97.4802341454 -23.0909263784 105.84234275 -461.686340963 
-89.658913543 -244.972820437 -124.052591578 262.784249082 -461.686340963 19.9412296107 461.686340963 345.650204533 144.733523845 -338.807054443 
-153.524040745 331.348870342 222.856087929 58.9260218492 -70.0598627913 456.419561763 -461.686340964 182.722381332 -332.868197203 -219.941092361 
347.927111942 -145.25835867 -339.677668306 -101.564596184 272.39368061 -461.686340963 -245.593070319 150.724644966 19.3578700222 461.686340963 
60.0110226141 -399.784624695 185.089760293 -273.423233121 -24.5438800616 390.585409098 197.779140419 226.610242235 -447.715950148 -150.620513344 
-451.172775105 -211.773793818 12.7081779601 101.727215986 207.419163711 450.26038671 -27.1726169792 329.318497473 -322.037483302 -148.623960479 
-154.004555572 107.564416743 -461.686340963 -335.991903769 456.181260822 227.233024115 -27.4814499076 -12.2340895819 343.171977293 -266.256382866 
-459.322459949 184.873612252 66.2372832844 -332.27078553 461.686340963 325.333506115 -185.768798083 -54.798622958 206.423758251 -224.178554682 
451.318876162 -20.370507513 92.149033136 -136.839216601 -461.686340963 -158.734075706 335.959650643 -348.720044174 -280.255944484 219.283037176 
-461.686340963 461.686340963 181.987727178 -333.880643453 55.4465600885 204.25655425 -68.726134374 -97.7145860913 334.086704873 -216.164847175 
-121.266442164 58.0887008223 131.511639659 209.716526139 331.28965628 -63.9270369334 -211.936703706 461.686340963 -461.686341167 -339.524597046 
-49.0533195551 118.500516611 335.46898798 -164.645540804 -210.767195632 84.7066664449 -461.686340963 -329.736074924 225.539215997 461.686340963 
461.684485154 -83.736340742 337.529513941 36.5352916678 210.530380685 -337.496458323 131.494934197 -121.283293639 -227.364405188 -461.686340963 
-331.961607895 -84.1550048843 206.090940747 180.112901042 -212.384347326 -71.0412212562 57.0095160019 461.686340963 -461.686340963 334.218079137 
-60.5480003382 -461.686340963 -333.198061725 -103.933978133 204.664789285 335.747683876 461.686340963 189.474197499 -215.613088418 59.6482474164 
-103.679000817 168.997918605 -345.04003709 -460.579191753 -63.9311977827 298.606264659 26.9559316007 -219.972872074 152.292359291 423.464760657 
277.225077027 164.209922829 49.0636441809 -458.272963309 -243.249469166 -139.883127462 -343.035257418 366.701381774 418.572244113 -55.2345610226 
99.9970987931 -461.686340963 338.882065174 -333.612945255 213.803307772 -80.7857042059 461.686340963 -152.357827282 48.3370695075 -232.426618333 
-334.438786487 170.294117971 -211.457311716 461.686340963 -83.709347656 -57.9558615272 63.7169522415 189.577718362 328.903314335 -461.686340963 
-6.12868746125 255.869784244 461.686340963 -248.1869192 -461.686340963 15.1511802524 -133.199992023 147.372005174 329.728174329 -338.270816972 
-210.85922231 461.686340963 47.1212253348 264.768398571 -333.900871638 -157.532196179 164.294822083 -63.4858767566 -461.686340963 328.90289226 
-63.3816153524 118.710479809 -211.67361249 -180.098809971 -334.195742715 209.612573602 461.686340963 -461.686340963 56.5747285343 331.276050965 
172.602865242 -461.686340963 -217.886167484 54.2007472304 296.693859712 -93.5289494257 461.686340963 -45.7461470384 332.444746691 -337.134058347 
-57.7537912962 61.506960853 -148.659150402 -332.084225693 334.37452036 212.808922922 103.802933399 -207.353329356 -461.686340963 461.686340964 
330.024333883 10.5148292823 -218.522499183 128.215789679 -117.570938034 -4.41425121666 -461.686340963 -334.790370744 457.340739446 224.603024393 
-170.327194659 -461.686340963 156.203559424 -72.8910051099 461.686340963 -222.913149795 41.2131094904 347.905848976 274.44026449 -333.218127484 
-249.944043441 459.485562364 98.8509829352 322.218795118 -98.355217078 -126.699958956 18.8663680516 184.795116868 -339.92679746 -461.686340963 
-333.48595129 -138.088363535 -461.686340963 -19.0426498921 327.870046173 -247.732569884 222.858784838 461.686341147 173.506481874 54.6146945663 
-314.288337237 175.867701466 229.231913777 -461.686346868 -339.73268477 456.189039435 -195.170803458 50.7200552619 -76.070902782 329.392838839 
-461.686340963 253.327369528 326.336290226 450.48355601 155.384219677 -240.219414695 -337.974060626 19.1224248014 14.1429245819 -115.048714958 
57.2733822084 326.38419729 177.819710826 -461.686340963 222.376500438 461.686340963 -268.668653301 -341.972924318 -144.815121924 -33.0828026599 
342.019345712 220.351157953 90.0931717392 67.0823098325 -59.6261298906 -338.089330877 -461.686340963 -218.246319878 -105.012385734 461.686340963 
-250.348954209 163.747285148 232.764577965 -12.125313136 -338.975128541 461.686340963 33.9678199174 -131.992272217 -461.686340963 331.186841987 
-339.626684615 231.56268068 -35.8127047933 343.189881068 461.686340963 -461.686340963 -254.184342142 123.736861248 -147.401086798 84.0721975223 
47.8362192339 -461.686340963 267.327507317 -77.6078117835 168.526732386 327.900978354 -334.686582376 -167.162514732 -227.581402239 461.686340963 
-461.686340963 193.416081145 -335.629547769 -232.837629566 174.084241055 -135.272455927 -78.6492662738 454.405271628 47.2060315655 326.732519822 
-461.686340963 -64.3265244754 461.686340963 81.3665058186 208.91444843 -332.802495567 -299.852809558 -183.209179382 332.52062812 25.3815578564 
-258.236420286 -461.686340963 -340.127639691 -34.9301459359 -149.739537936 461.686340963 330.448179728 40.8457698884 225.137025388 111.023770849 
-460.655967512 -287.413663211 -33.6136323399 83.1573235651 205.764235336 -183.053980326 -58.0836387542 -411.033123334 461.686340963 329.948691639 
100.367118957 461.686340963 -151.998861609 219.146887653 66.935832576 340.992669752 -332.64341131 -461.686340963 -61.6050827296 -211.259012042 
461.686340963 -58.1312332754 328.984753097 82.1422201585 -210.67227981 -461.686340963 216.687473731 69.091764501 -333.710646239 -157.409898489 
279.995452065 430.06598799 -317.721059608 172.107815096 -50.6688649978 -452.285225285 -164.053514518 -207.976335707 51.1398884849 403.443919667 
454.493826633 70.1369457169 -461.686340963 -239.456423759 206.723957726 -128.474521348 -340.999726788 321.412824857 -41.2527638534 86.9413411322 
-225.668443423 -340.167840064 5.69459426364 460.762087781 89.0293744928 331.482441368 -461.686340963 -115.624686726 166.840822573 289.066837688 
417.248959751 444.262572665 -376.672757158 35.4529188437 -431.699229772 -44.9753583666 144.462067945 272.849122657 -273.366622241 -167.465887842 
-461.686340963 153.341771558 -78.6368156541 331.264066605 -227.153507933 -115.043791184 35.8924887343 461.686340963 -336.571301317 258.335201648 
334.928291372 208.885697707 63.7907314652 -174.271397478 -330.084461997 461.686340963 -60.7596832773 -461.686340963 -219.004277722 84.4489243241 
461.686340963 -461.686340963 166.908343268 -336.654698173 -225.807779084 -186.053899766 -70.2257262294 350.909181005 274.159292437 60.7645557979 
337.29784776 193.208404488 76.9484369773 243.218824 -185.719193164 0.338104497694 -292.33225063 456.79486882 -390.365251988 -59.5806273972 
-57.1842314573 327.516936968 59.6089258219 461.686340963 179.172732357 222.858845357 -172.889269349 -332.49170302 -209.124558355 -461.686340963 
-461.686340963 461.686340963 -96.0728040999 2.81871721582 -339.21793699 -217.501919277 332.906783103 294.626261881 170.105475261 56.8904775502 
336.479391912 -176.126761072 -49.8900073957 210.873067602 -337.730566989 442.184447656 -267.630107331 85.2953881301 -461.686341331 -29.1237905947 
80.3825306955 66.9882571799 -220.640147866 -461.686340963 -332.816897728 -171.180181161 461.686340963 -68.1417467255 330.131822899 208.372254483 
-232.499141083 -457.503608436 -330.62769475 -62.8478924391 340.330775811 225.168247861 -181.635268486 449.886002745 12.4388489487 97.934280114 
104.048803214 -170.294122499 -5.26278749219 -461.686340963 321.454565628 203.420327478 461.686274453 -212.004632094 -334.163951078 -67.2696358762 
-205.825489584 -64.7980262068 223.469676522 56.8854130403 173.990650838 328.06281367 461.686431111 -461.686340963 -79.4024037542 -335.724933507 
-461.686340964 331.724902671 173.567949981 50.161984043 -332.310879153 -103.636343486 -222.859959176 461.686340963 -57.9790314406 206.994715908 
93.1339221056 461.686337206 -24.9556257722 -461.686340963 342.763952968 -342.392701496 247.243650453 -272.595991785 131.097380926 -147.25489422 
185.11048717 -88.6175249604 314.677478552 -332.220941732 -274.731587321 31.5829712809 -182.278145402 439.957955203 85.601205812 -451.751864013 
-461.686340963 461.686397577 7.15239102561 -341.316264416 346.468901323 266.01891981 24.4529574894 149.447924358 -116.407846195 -228.704413097 
76.2631001087 332.446592752 461.686340963 -50.6234371584 218.29610261 102.660157623 -88.0200618425 -212.636590155 -461.686340963 -339.17324878 
56.5732107326 -461.686340963 431.234164205 -346.990455771 308.986960629 193.739635972 15.2790685287 -227.869310745 176.121451503 -103.134053061 
123.468450208 341.447741522 -37.3223024598 -211.399806842 87.4977716335 -461.686340963 -164.403911731 461.665503143 -329.91462543 240.999923402 
-231.26346756 450.257538144 -460.742370711 285.101908313 -189.561781185 313.621763411 -342.27349947 -58.690096884 173.255677878 62.467819719 
93.4543856753 -131.387450593 -344.807712267 337.315901676 461.686340963 -44.4165353714 210.538382526 -232.363737891 -461.686340963 -6.02201360926 
-461.686340963 453.620975558 -338.386226437 307.652251057 -104.43750425 -2.8979581074e-08 41.0381354455 163.790492475 279.420660101 -222.82352502 
-340.24750471 -165.739562678 -454.405284073 454.405271305 -42.9973961068 214.580426988 -253.126031705 -15.2072190873 111.504628376 315.239229565 
440.730806876 -203.347796463 -332.308715162 98.1402010089 -66.7079508618 215.822505506 57.2513259386 -78.1834413059 -460.559928054 327.237208672 
329.814463426 -461.686341027 461.686340963 206.84050359 -169.646275955 -57.1617367213 -24.4752710821 -398.882971671 93.2206431171 -283.903252322 
144.79857238 -461.686340963 145.989078714 -107.759484687 -342.571866971 -221.551385627 459.242734518 263.731603246 345.447080783 8.77549021158 
117.088281581 -341.467460534 461.686340963 337.471414965 -251.19292822 -135.639864568 -461.686340963 13.2477141873 210.532218668 -125.16550519 
-86.5377670673 13.9498667806 -328.793994923 -182.769538929 120.859601605 337.801025697 -218.423390083 235.526449748 -461.686340396 457.593873578 
-307.896920021 -398.306704648 332.091975147 98.9399772533 218.064514373 -205.12136814 -9.98743011798 439.957959589 -94.0036203841 -460.431846369 
83.6158405908 -461.686340963 -130.417442229 222.767153749 -33.9996378754 335.49378371 -249.090984621 169.370104647 454.405268465 -334.321731822 
-331.844657731 213.924603999 336.293369581 461.686340973 34.5795281544 -297.130026458 -461.686340963 -175.520388908 112.056734024 -75.5126904662 
262.199137038 -460.075292684 340.003731869 202.846184085 23.0234167958 -339.884438031 -223.460991522 -97.2162663206 76.1232403281 454.405271568 
34.449366862 337.536237531 -120.819414276 -229.908412353 -461.686340963 461.686340963 -89.7175525731 131.954693495 -343.409713725 210.532227747 
461.686341241 -21.5584990908 342.466649501 -136.257052286 -284.128098905 -348.303345074 -160.247046753 -461.686340963 221.346179172 91.3125272044 
-13.8137582609 222.858852267 154.900961293 -333.420473508 325.883897452 461.686340963 -243.996544576 -133.206830795 -461.686340963 31.2687758006 
-295.022147577 461.686340963 105.675864267 -461.686340963 -42.2407830856 -332.470152066 -20.4190561565 -171.289909954 337.47509455 230.214408251 
32.4456573657 461.686339052 342.102330563 122.546808942 -243.254932334 -159.07172125 -34.3924804969 -461.686340963 244.54515025 -333.260630759 
30.2065318506 454.40527767 256.642679286 -461.686340865 150.711930692 -232.88567868 -179.089118964 327.75931326 -331.890335593 -48.9903609116 
-180.106316924 72.634782169 150.704984764 -461.686340963 -51.4315904099 217.562942821 335.146874379 -222.01533848 461.686340963 -331.912614022 
212.266656394 -62.5281403728 -178.004007552 -331.533657203 335.645343555 -222.858862017 58.4280729764 -461.686366146 461.686377555 163.522475225 
-461.686340963 461.686340963 -125.43332244 -215.931115357 7.90026317523 330.394556762 -331.544320949 3.24999508694 249.701019717 148.72405649 
-211.090968908 246.714030161 148.712963616 36.5108438736 -87.0291333045 -461.686340963 45.5525101247 -339.814804015 456.415974614 350.931708825 
112.465599248 -211.928246133 332.605720052 -339.236708658 -461.686343042 235.852090791 -90.0264864173 456.122780203 -112.917346355 19.6687956777 
-92.4435797696 37.3412784011 -224.087671099 339.146020621 461.686340963 -78.0174150594 -340.19470279 -461.686340963 89.6357107806 209.538597519 
-338.255550516 461.686340963 69.1498149721 210.885910809 -57.7861136895 -248.388220074 332.595643399 80.1445077847 -177.352870474 -461.686340963 
-235.611680922 8.06869951002 251.06886269 -461.686340963 338.814609691 -338.336919939 461.686340963 110.378446824 -147.872828427 -95.4091378375 
20.019871549 261.171463882 344.974965555 -461.686340963 141.279969448 461.68633971 -111.020686393 -244.304962118 -120.547567375 -338.51900676 
74.9564106142 218.969921146 456.479577435 -232.504923066 -177.834313674 -461.686340963 -335.232743662 340.249291684 -52.6327154377 87.9352217322 
-333.698629314 -461.686340963 -177.61766158 190.418273598 -60.7578888393 461.686340963 327.825185519 69.8378886503 -224.394534042 313.189997315 
-248.687594876 -339.500234035 342.52954296 -126.392064408 -461.686340963 227.773637363 461.686340963 112.099461444 16.0305491804 -65.8019382032 
207.580443048 -64.9735808121 -26.2311684464 331.509968745 80.355848513 -184.905812227 -334.092442352 -250.407840746 461.686340963 -461.686340966 
35.6012856291 -83.8164333872 -461.686340963 -334.523093629 461.686322871 103.166461273 -230.471019111 210.71307654 333.207586915 -166.457431466 
-63.3661664262 -211.67810533 118.694078404 331.275818185 209.613210755 -180.062800338 -334.193273008 461.686340963 56.603023985 -461.686340963 
57.9790504175 461.686340963 -338.412278518 -61.1149571809 209.287449029 -461.686340963 329.633290739 -207.398398595 -91.1492425281 177.164526876 
100.675160713 -274.74863036 -8.76238493749 338.988552279 461.686341404 -347.438509525 -149.996259584 210.532219106 -135.049947453 -461.686340963 
-164.825708867 -461.686340963 461.686340963 345.252832258 155.837764886 -74.1451661862 55.2915885481 -215.459194246 258.703562643 -337.009557909 
-27.7420258988 182.342549219 -423.246067046 271.908972446 -149.089869424 -295.442394516 71.916339493 -163.906967748 448.526129846 317.857302478 
258.538959129 81.3325820058 -120.039478249 -461.686340924 461.686339456 -338.722752978 -211.915456549 -12.4025501597 344.957732335 142.142751835 
461.686340963 349.875807949 284.814655111 -187.693908565 -461.686340963 -71.0132267097 -336.424123288 46.203615935 169.662505606 -214.962912075 
231.736790722 -227.440379339 57.3255526016 423.66365362 -461.686340963 176.226320924 394.078038429 -150.450384408 -41.4370612947 -337.750936394 
-221.28965856 150.176712017 271.908972649 461.68628245 -461.686340963 -335.065124969 33.3432471144 -78.5899628871 -115.043428938 345.450198341 
-461.686340963 -107.271823792 -68.5154113018 332.435052169 117.189343136 -214.329399593 209.694050977 461.686340963 54.3394708556 -341.601093174 
453.22066051 -71.4975108615 -222.005196282 -111.964709401 -455.551032542 -328.677508853 200.554428804 179.447814867 48.9444135076 321.784399524 
461.686340963 -85.8869106293 -54.4386336041 -336.884055114 -461.686340963 181.521329327 328.607929418 -215.792458008 254.357467711 59.4076855247 
332.561315263 26.3128513045 -95.0569991466 -336.46181151 295.013007114 461.686340963 169.681019116 -224.601047926 50.6748068072 -461.686340963 
109.374806954 -247.152710696 -44.4817137602 -330.896713728 -461.686340963 461.686340963 -4.92044633804 338.257808612 -174.372229081 232.894205218 
188.089445288 -422.41106939 -19.1403504657 286.003345577 121.910687555 418.572221413 -283.372514561 -140.21225083 -170.207996226 5.75499101803 
78.749152721 -461.686340963 -54.5291898881 -149.433047614 336.066331302 461.686340963 203.027592118 103.00784903 -338.31179997 -228.014340822 
-461.686340963 -153.067047321 92.3284385751 454.405273674 218.02303949 -342.395354169 -234.252961089 344.974037479 -82.9684643129 6.42039173027 
-74.8763067271 153.428058876 -166.751424469 29.2573788833 405.982335031 -334.911867207 -269.644982954 -461.686340963 432.629335052 270.510128031 
150.452712437 461.686341268 -233.250021479 -74.6561137546 226.333977134 338.647879446 46.4148759996 -181.383631832 -332.589818507 -461.686345739 
-101.215626176 335.635581974 212.934011279 44.1392540094 461.686340963 -103.284331819 -231.350181933 -461.686340963 151.175187332 -335.087211138 
-339.85259331 244.64211955 30.9896563398 -68.2303914025 -118.323654922 461.686340963 -241.725003952 157.742317117 325.35218524 -461.686340963 
-332.736928359 -165.52386584 461.686340963 117.776061282 -258.985817614 209.621983302 -461.686340963 -50.2928782428 54.0434417621 331.798749081 
461.686340963 -212.101523292 189.44415437 -53.5623139775 -340.943353509 -89.4356064176 335.71163207 64.3096184186 -461.686340963 205.797853325 
-461.686340963 108.819939045 -129.686370812 231.836886512 -343.582327627 461.686340963 -266.261637376 -3.64567464059 -140.38286553 346.647236479 
-221.011287568 -335.362648339 -54.7948619656 203.594105755 -461.686340963 80.4710399799 -154.059862045 336.443484306 98.2407280703 461.686340955 
105.334585124 340.960602991 20.6732246811 -202.487566129 -329.847635137 -116.572587149 -74.232562073 461.685324425 -454.405284213 224.825334469 
-399.737095085 -43.6311727593 -17.6078538701 -461.686340963 -165.13524206 222.749435381 338.934349618 -281.872255301 102.387893551 461.671194682 
-461.686340963 -24.0871006379 -246.542420003 -333.2067861 23.407124437 144.71224116 262.838612894 325.615952556 461.686340963 -153.293442093 
-152.320661776 -280.403312057 103.550674098 -27.6133802872 -336.148168199 228.723243873 319.990160155 459.862799962 -448.399036081 97.3035092603 
-229.251412025 69.0274266484 -186.484321771 461.686340963 -56.9556819477 -461.686340963 342.156306986 97.5618313216 -334.466926989 220.344824217 
343.328882999 -164.256606336 240.028974803 112.780742543 -244.866296631 -461.686340963 461.68633938 -38.9702643708 -333.974120343 9.56650676091 
335.550860376 -170.970482567 222.857622478 -194.001745755 -461.686340963 57.6982700725 -49.4691750019 98.9793593664 461.686340963 -326.08464899 
177.332555314 -461.686340963 -207.758504228 330.842403075 -331.670394172 -170.294149505 -54.2856379101 216.208337679 58.4815380457 461.686340963 
197.920332982 71.3293113703 184.984509689 -241.712170125 226.885950366 -461.686340963 -130.165297146 -5.08622532388 390.58540234 -330.525260989 
-461.686342641 81.3378029535 344.95897197 -120.031378615 461.686339712 -338.722714851 142.146563286 258.542159947 -12.3937799638 -211.91544639 
-335.779741299 -176.406888532 -461.686340963 213.811361465 -73.2889380012 -214.702057087 83.2553333867 -14.3454240493 454.246578962 334.575249073 
-39.3695424853 148.61379813 328.929707211 -264.549074251 461.069413764 25.0468968005 208.806319977 -461.686340963 -341.21097941 -145.254721042 
-461.686340963 -184.088675249 440.15302672 80.2127595279 -52.1926492105 299.779698531 197.123189014 -285.819581015 -49.6228168002 -336.358605881 
461.686340963 185.297020526 -461.686340963 335.916645841 -56.0140551653 -331.271251376 65.2794820276 212.380168738 -203.591611697 -182.610302656 
449.931590041 -461.686340963 -343.61738102 -37.8702660285 -112.777389667 331.64047584 210.162433307 -233.970774922 185.529275395 56.0011950751 
-461.686340963 -5.70335632683 218.446620946 -35.2875470264 457.806301232 -233.958630881 94.2317772265 346.440990092 -142.105153528 -343.670609278 
222.859011484 -461.686340963 140.40715556 -333.966088332 13.728321934 320.038898939 -3.03835037305 -108.014158868 453.395507887 -210.462701882 
-461.686340963 -61.5986763299 461.686340963 -112.257634946 -338.218909559 221.567318681 324.772713985 167.708714707 -236.374462162 44.4513979892 
55.143853588 -74.228512921 454.405808495 -439.917360585 164.611995634 -192.082580352 -448.521041964 278.133006444 -318.105462934 306.297975884 
-235.364728095 -128.968776216 -461.129470966 49.9060878005 -343.253743075 -50.8715882148 311.594583652 170.907943019 439.986292601 271.906679504 
211.452800071 -337.563556087 -89.5075165855 -213.656345799 454.405275181 94.7990404191 -35.4889538492 -461.686340963 322.650932483 78.622076445 
-125.696785702 -340.661663106 209.622828056 311.96490301 -247.769992203 123.101251409 442.149439553 -112.978288012 -461.686340963 5.17723859708 
-277.336864529 166.582562496 319.572476168 435.728106177 203.055203251 -460.356208335 -412.180725487 -154.875040641 -79.7863199465 55.4204556838 
109.676117782 226.331138864 -232.355877296 -461.686340963 336.749225724 80.1053722306 456.45212726 -333.682235371 -172.432404942 -45.5797994556 
81.8765870835 -61.4504485717 -329.834799221 66.3350165763 210.036138997 461.686340963 -193.023050085 333.765674239 -461.686340963 -186.459902792 
-461.686340963 -334.069172638 461.686340963 184.886904122 -66.2673141291 -222.887600903 59.9232554571 331.82686811 -178.95675268 308.505776285 
461.686340963 -461.686340963 210.532219814 -135.023066013 117.137572811 338.236830969 6.1702728604 -344.178955937 -260.12338541 -135.591309978 
159.676780786 290.072873869 -55.6336062058 -191.839646176 -334.058640872 -74.1732168436 60.00534 -461.686340963 -254.848362982 420.981632327 
461.686340963 127.167786016 -284.038182951 209.537574868 331.768242262 -449.358693127 -163.117673682 52.8894845829 -339.207513999 -49.5975316877 
-173.132793095 -461.686340963 35.9809018709 158.927376729 -47.8907090808 285.253105985 330.539206357 -197.87876066 -328.605172563 461.686352112 
-162.721930795 324.498327781 -456.42812901 -258.2775753 -17.9959024847 113.277814063 447.272125318 -327.57644986 -33.578562151 217.575560118 
-178.370064791 83.0275808598 330.492804349 186.857114742 -461.686340963 458.158482219 -334.201846679 -34.8371609445 -55.4096210244 -288.272882511 
165.732707332 -89.3218704604 332.25706508 -341.006294681 259.454298121 -454.561061545 36.1121626367 461.686343138 99.4108114732 -215.630060633 
-329.969077847 289.004874223 67.2273280767 -461.686340963 -88.6290217942 449.158772463 -24.4740839308 197.659007967 -215.240811957 420.207863976 
166.945600088 -225.688740627 274.285383444 350.809003579 461.686340963 -336.684997754 -461.686340963 -70.2664190983 -186.065825023 60.7331105748 
-190.951457836 64.1598499357 79.440615967 -188.634352135 461.686340963 332.372542975 -329.309950856 208.985543059 -63.1782307173 -461.686340963 
57.1335742662 -333.182936016 -211.855194297 251.327757409 461.686340963 349.950797166 138.634057387 -461.686340963 -117.374112733 -14.7589105514 
211.086820422 -172.429571779 -56.644605626 328.909274512 -208.961431144 -461.686340963 461.686340963 182.002273676 61.0512303121 -332.381599697 
-461.686340963 111.821236385 -98.4590407649 -401.466379595 -218.252079944 322.067234795 211.786257226 1.06025343575 460.14820958 -293.02103918 
69.1690223364 -264.361816074 -164.329581345 -461.686340963 221.374199756 133.445279028 338.638591651 -41.5383563882 -336.393771764 443.666583493 
-104.239623582 24.1848536995 -461.686340963 454.787631613 -255.548445714 316.670979285 259.45464966 -129.969633774 147.702391671 -341.503780633 
151.104327468 -461.686340963 337.428551188 79.0859673194 461.686337503 -36.6102068415 -336.63197734 -144.563668709 224.749722754 -224.545313479 
-60.4291173923 -461.686340963 67.4983745725 -103.31631385 461.686340963 87.239338863 211.622913861 333.803535774 -218.737643047 -334.621902718 
-333.537660702 237.20652259 461.686341352 -187.412003052 -64.1294153392 -461.686340963 333.602308662 161.702830199 35.1986737771 -209.535218696 
-461.686340963 -289.86996994 -222.864640651 242.645779302 -8.50050313402 -340.133848219 -119.490634017 341.368969682 461.686340963 120.092923842 
-99.6967707861 304.086660074 -226.15488459 274.262278264 94.0029359891 4.21466879139 173.064074273 -461.686340963 444.099102393 -333.808461744 
50.7929243457 164.044884591 -338.913699555 -98.5568306705 280.356552611 445.981167792 10.0323139065 308.83964852 -221.864641841 -461.686340963 
-157.385673588 -267.042840169 120.987847583 346.110292196 -461.686340963 -41.7353577904 32.265381035 461.686340963 239.776031809 -341.383901973 
-333.220316325 -460.687741681 -245.287736079 -37.3736167632 331.451056229 -154.252878291 73.3300950796 443.912489509 107.730264935 229.593242531 
27.6205813516 210.53222416 337.475616847 -83.2478000617 117.006925932 461.686340963 -170.289543845 -339.015651575 -219.660489407 -461.686340963 
-189.320164328 -461.686331571 -64.4054119773 461.686340963 -330.098208625 79.6717166183 63.4740410608 -194.747947789 207.097903049 327.200407832 
-461.686340963 154.305744489 74.2698383537 277.513209476 -334.995195644 -212.391685818 445.899804864 -84.5802770552 306.083609214 -57.9315963125 
-461.686339666 -21.7264948104 336.550963191 211.954179393 -143.295092484 180.519397446 97.1742705737 -234.052530433 -343.260536053 461.686340963 
-461.686340896 -145.75205893 338.090540351 -341.910000259 59.9760308888 -231.941360762 452.572424957 -60.8336016381 122.100265937 214.89648817 
336.703299878 188.979489523 -160.265504415 -335.329542811 -36.1914584526 78.8503420171 461.686340963 310.970877366 -461.686340963 -271.90897572 
-332.948476787 461.686340963 210.923064899 181.690789471 -259.366891967 -169.386198461 -461.686340963 60.8787976869 328.705317909 -47.9152211885 
-457.687799498 439.95794391 121.179480407 -155.566021211 4.18094894835 197.775632372 -239.445427113 305.131822357 -338.741195849 -30.8527972472 
156.353783912 224.030679597 -461.686340963 461.686340912 58.9024173164 -208.93587055 -80.3773705677 340.074156617 -337.420590489 -95.8685446189 
345.829971979 -107.381754483 -461.686428387 -232.857159465 435.146021669 -343.346123455 48.5800659438 13.7618969438 154.823455189 271.217251448 
329.667311907 -461.686340963 306.551505931 -174.424472626 -223.812764883 461.686340963 182.902924787 -333.114797825 66.3348760376 -57.9145273978 
-207.659265194 448.670927652 -329.557264224 73.8586298121 -461.686340963 290.079377653 196.191182567 -81.9031659369 419.57418654 5.88388456354 
-179.391139893 -20.7584790998 101.849525849 454.727114126 327.424755651 197.531475557 -461.686340963 -53.6226468075 -258.903261892 -338.705566796 
461.68634096 -329.877283332 -201.131733223 331.411054405 -176.453403025 -461.686340963 119.251470957 -58.5253142621 51.3975723247 208.954665605 
-461.686340963 144.289587707 340.291135067 -333.090788963 228.635301877 -108.279918471 461.686280755 -211.336633305 69.4014256091 -57.0740104431 
316.654889799 79.1569869167 461.686340963 -217.473873995 20.5601882007 -101.949867715 -335.953980452 307.25306196 180.192420126 -461.686340963 
22.0587766368 -461.686340963 461.686340963 352.381734029 -101.012324251 278.612454998 -216.372601183 -342.311496338 37.113738566 158.996427548 
-329.625303328 85.6197672999 -273.344888165 -452.434419647 461.686340962 -36.0845956261 333.396900183 -149.917063712 85.580536844 218.351759846 
234.992873516 -64.7673029852 -85.8731879939 181.093436788 -338.652289653 -461.686341032 331.623585535 461.686340948 59.4363325633 -209.447721274 
461.686340963 203.754966157 -337.667098291 -202.773294188 -461.686344598 336.110618667 83.3444327758 68.6238505988 -182.096362005 -57.8486923193 
324.43965171 -231.255768421 -461.686340963 -106.944488865 -335.283219511 163.568829346 39.7642415286 -78.8995742763 197.558377554 454.406414573 
-339.458922603 -71.7977326979 388.45999012 -191.064396452 172.77038732 -460.707045105 48.5552823921 420.911565474 -37.7956858364 -274.685326734 
-121.26100456 260.303809499 344.741726079 -461.686340963 19.2367094301 -111.799097573 140.437241259 -338.67320967 -244.970861355 461.686340963 
-115.764073914 216.236032017 93.3648982399 461.68634232 -461.686340963 -4.38688466537 341.661055723 -157.316696818 -282.016921809 -353.919656418 
-209.380128786 217.456211829 439.957956517 -333.933172089 -158.442677991 334.739954128 70.539441398 117.501913607 -47.0348762809 -461.686342947 
201.174404404 -125.796390074 319.276478595 81.4506601908 -271.962057613 -461.686340963 -13.5639120835 -340.771811997 -146.702222288 451.985846538 
334.296265505 -211.723198927 65.2407304291 201.173689754 115.043653383 -338.789080267 -56.8393702289 -461.686340963 -113.475157837 461.275604655 
-461.686344593 45.848002548 250.659210522 346.050901117 -218.158835555 143.21078271 -76.2146080727 461.686340963 -83.9574397688 -336.582144297 
-331.714692566 -113.251578605 -461.686340963 100.637359981 -222.353630967 40.9103752739 461.686340963 338.587039283 212.584187415 -57.5053607257 
-461.686340963 105.677231135 -171.287409501 -332.467820923 -42.2377133129 -295.019067175 -20.411493766 337.454840711 230.212237402 461.686340963 
108.163292899 -336.110542047 179.518959966 -278.546148243 -153.654125443 -461.686340963 7.37350375509 -85.1082565396 314.195361517 450.043204224 
70.53864867 327.993028733 461.686340962 -271.754067844 67.7678100299 207.395561013 -453.578802425 -180.978082303 -71.5745296606 -323.59528947 
346.322865428 -169.225654693 51.0828327484 284.062543374 -311.140909405 167.553176254 -65.0878196699 -298.096654394 461.686340963 -447.754729016 
335.899012083 226.947784291 119.502189389 -356.587569314 -164.343114298 6.79859579643 461.680846881 -290.527949965 -106.88409675 -461.686340963 
430.671606101 293.906890186 -108.412775409 -129.077260097 -253.979359558 162.868348982 8.40596292889 -342.052982598 -461.686340963 137.017345336 
-48.2541480852 -461.686340963 461.686346929 198.119597263 -212.031629727 -331.129247029 64.0510245994 336.026483839 200.727758233 -82.1922882801 
-461.686340963 -37.7876852236 -287.096567843 76.9561238361 -73.2259205707 324.773012886 -190.54392518 195.829078793 450.367617918 -326.105026482 
-341.049249525 149.543588399 346.546914703 7.48192486013 -116.013606045 24.564062723 -228.217401818 265.90979445 -461.686340963 461.686340963 
461.686340963 -57.9242215656 -461.686340963 329.668724884 -174.426998985 306.541020336 66.3259446312 182.893124444 -223.746827905 -333.104749423 
-74.3041432284 289.894051256 165.120954119 461.686340963 -461.686340963 340.885258693 -85.9011540839 -214.349095856 -329.399729197 60.5639665659 
-461.686340963 -225.005758538 -348.421290053 451.024388688 -101.425836804 27.1348257131 283.769954658 312.214499017 176.835483761 116.951538767 
461.686340963 340.407041048 94.6870003578 116.876780438 -461.686340963 238.742403927 -342.913502186 -148.731982494 -27.5887080208 -277.351139165 
-335.824180335 -123.52744605 461.686340963 54.3071784313 165.972705156 -461.686340963 208.995331287 -63.6198973203 -210.95621805 326.725454616 
-330.713755355 168.978747597 56.6372242755 -199.836686129 -186.969166277 -53.0080305478 197.616458673 -461.686340963 452.493589512 329.571959215 
-185.65640075 84.2663989433 -61.1726035933 461.686340963 -193.199872044 -329.726970637 215.999319991 67.1339647217 338.924649883 -461.686340963 
454.405276811 197.080582103 -52.2391089556 278.172240557 81.1076013074 -456.921110761 -330.226686646 -198.96134787 -77.4564289112 306.309690881 
-16.1737140951 461.686340963 255.42716542 -341.855778137 -266.428585169 51.2888500167 344.647068216 -461.686340963 -138.838569853 135.992157606 
-170.294115774 -330.458257898 -461.686341664 -0.435946794517 -42.6225856081 328.868126459 122.019739219 232.302556176 -229.847973669 461.686340963 
-333.565290194 461.686340963 -17.1588530654 177.505250167 -137.096426921 -247.871709961 55.999306109 330.166808387 212.683208365 -461.686340963 
-336.935913178 51.8693940398 -216.882596614 -461.686340963 461.686340963 166.426372762 332.004792251 -65.4813857053 266.747366041 -91.5182565229 
31.8242069706 -273.129476301 -461.686340963 -332.951224131 212.022564324 -155.230018393 456.486903921 158.243285353 324.797365702 -35.8100389006 
342.54194572 112.071309129 15.8961649897 -339.524258037 -248.816373754 -126.508726031 461.686340963 -461.686340963 -65.8057607461 227.772053054 
-214.847974473 -331.089048852 150.897294762 -178.767106609 461.686340963 -461.686340963 -49.5033401277 335.727986244 219.453573088 74.3431163189 
202.349371888 461.686340963 50.5926706543 -71.55573817 -225.730150489 -112.952996792 332.816317468 177.785635472 -336.541737736 -461.686340963 
-5.12385535633 101.327763086 -414.840012232 -56.8641881877 302.60322299 187.194437625 -459.665937332 -148.276951352 440.834076038 -276.768195821 
-225.759617492 -101.186182205 51.0673688701 419.902261993 -333.313675837 -72.5817394669 176.410539785 -461.686340963 448.720359921 290.059293731 
-461.686340963 -211.207064502 123.390982777 240.936160883 461.657857638 87.2139195554 -329.898075047 -164.675712124 -37.520489171 341.421459024 
336.72321445 6.73963519014 461.686340963 210.591488092 -130.564528673 -341.292358222 -461.686340963 90.1695902367 -99.5805469536 -254.084509924 
24.889963676 -461.686340963 260.462229428 -218.444569022 332.036974941 461.686340963 20.5840913928 -337.49356333 165.089685344 -102.176014085 
24.6746546676 51.222686464 -461.686340963 -334.586436063 461.686340963 -105.337672832 -225.177598738 325.230303429 175.912818128 263.90338985 
-342.228815961 120.192520142 461.666190194 -0.789038582228 -229.285013888 259.117517941 345.846281915 -461.686340963 -111.339408576 143.409285045 
-384.543117955 334.30470642 -141.508700595 -278.446816045 -455.122312262 220.564673351 -197.706313572 83.150584133 -28.8163424235 461.686340963 
260.467672207 -337.495486422 -218.453995217 -102.188224279 332.034004586 -461.686340963 20.5905479882 165.081909456 461.686340963 24.8779179162 
135.174382556 280.320436503 25.8033715496 308.601434685 264.850415396 453.069189554 -335.918957811 -213.107501766 -87.0709980334 -461.686341169 
454.405269883 -73.9315306446 329.209885179 -154.847835363 53.0148652851 -338.237157967 230.145000648 178.019890977 -461.686340963 -224.053146781 
-461.686349635 -336.612302229 461.686340962 -83.6405515995 140.85854433 45.7043431003 -76.4259308283 345.610398504 247.981230247 -218.229118282 
46.1388447235 458.217961502 165.086953844 -455.714269306 227.231741496 -256.39750382 -81.7191464722 -327.319134033 326.388995951 -164.522093407 
-286.919138342 461.686340963 -344.480504768 343.155734711 121.843556944 220.878064074 -461.686340963 -48.8267834632 64.0501974542 -162.960651989 
-337.871333573 -121.20652823 131.57104105 -6.91176512364 461.528342396 246.969165334 -461.686340963 129.694612712 -223.060652447 341.21333912 
240.623183102 122.820746172 -163.582561481 -461.686340963 460.948173885 -331.922422875 -207.170822846 341.079151043 88.3551348295 -36.8339570423 
-66.3639717506 -461.686340963 181.16385388 461.686340963 60.9804424866 -334.581344657 330.220894496 304.835463859 -212.154491064 -160.653070425 
-128.915695563 -185.414577883 85.5787326262 210.09174479 -34.9552784415 -405.909354501 -288.421664842 461.686340963 338.500380321 -461.686340963 
461.686340963 -461.686340963 68.7781965075 87.877331558 -331.636828401 -264.455470384 -51.7648193604 336.598255717 205.934898244 -153.969201892 
-345.798823986 173.055661319 38.7700817847 422.266290981 -458.889961211 -77.838387277 99.3043770124 390.58538998 -231.061283152 -161.650490706 
-172.668617058 -461.686340963 78.792394439 333.070275235 205.708932222 454.405271558 -69.6743767669 -200.079071884 -329.149930369 52.6698337548 
-18.4491835979 -209.393298331 97.6040466916 128.096332252 342.434928912 -338.437515571 461.67891836 -461.686340963 -105.49906825 241.448085323 
244.541948022 461.686339217 -461.686340963 -243.251013194 342.101332808 -159.07388412 -34.3952237053 -333.259986781 32.4364195825 122.542313846 
-461.686340963 -219.800063934 -344.675274218 335.010377703 -106.395226909 460.059295653 49.1600093171 -24.8212918276 221.879032283 174.819790707 
-333.416707278 103.379271501 -210.401253735 -60.2692747076 -177.389144612 63.3140096106 461.073089886 334.234021153 201.148953674 -461.686340963 
-123.529075392 92.3209760868 -289.998037543 -461.686418966 -346.327295414 220.996874558 -173.698841109 -30.1649938661 461.686340963 342.006763436 
334.940437793 -209.14626537 84.0376756057 452.691714524 -461.686340963 14.4780245777 -78.1856633183 214.461532673 -230.769772899 -336.593748917 
219.11980486 -349.283335768 105.468585123 -137.626754924 -10.9358925416 345.48160336 -461.686340963 -277.732505372 -152.208046729 461.686340963 
461.686340963 175.484615487 -461.686341589 -183.526318719 329.734134619 -332.836382988 69.4081939506 -51.3288687409 -224.298628172 243.390384864 
460.986692686 -338.857933214 35.8585585229 -211.208194686 149.597354529 335.895034316 -461.686340963 -95.6086596353 255.436217269 -86.0620617686 
-461.686340963 173.654157382 461.686340963 331.741069993 -214.51982434 -329.993166275 -159.635252291 298.361915475 64.5040608515 -59.9235655133 
306.309689829 278.172239735 -162.033329737 454.405280889 -459.672110118 -414.81612798 51.4403295737 175.983938205 -284.44410893 -62.1902991243 
129.957633753 347.206499396 -461.686340963 455.22222773 -235.270381701 -114.991487107 16.4929332681 14.9265849521 -342.446077868 236.443735032 
177.460677387 -85.0659373503 461.686340963 330.432172559 302.79399782 -206.466756124 57.6832584869 -336.984215 -461.686340963 37.3508327124 
-189.772248212 44.8174293471 -274.394952439 282.246995825 -334.540812584 353.741140639 169.720335174 439.957940168 -456.803808848 -82.2501246124 
334.870577159 210.749903008 93.0375351905 -231.489501873 -85.0740904086 -334.429360993 -461.686340963 461.686340963 -108.579144487 31.7960957356 
160.305767786 461.68576713 53.7620884361 -461.686340963 -67.1142233714 -205.41991024 -190.160141112 343.190879625 -332.720770335 241.028218162 
-334.306515719 114.496897046 -225.471531497 -152.472463672 -69.2071730201 -461.686340678 217.299353765 341.549006138 56.6077894219 461.686340963 
328.01041951 461.686340963 -156.711709446 -461.686340963 49.6460637729 -229.794250584 207.458874518 -333.855678307 -73.1741996116 122.713739449 
-34.3641218796 265.88235063 439.957975063 -418.325535218 -283.90429693 4.44711579225 135.907414314 -163.949148694 -458.770286505 294.112993805 
178.93048714 309.251995624 58.0978733329 -332.261113485 452.70465841 -461.686340963 280.910048401 -212.016130475 37.302261075 -92.7690288813 
-120.514854446 -338.47065566 461.686307955 -110.9207089 -461.686340963 261.26987534 -244.271646174 20.081788874 344.98663157 141.355137727 
-451.515306234 188.80384445 315.936285874 -90.4742866961 439.95795959 62.320616837 -274.967571185 -186.795419418 -334.076196065 -13.4845460128 
-216.353005736 22.4709965568 352.267780157 159.863449003 279.681423082 461.686340963 -342.351054071 -461.686340963 37.4184194053 -100.71448188 
-337.239923088 91.9687625777 461.686340963 -120.930733101 333.514995704 16.1776027954 -461.686340963 -109.245292039 -238.972748488 210.925816272 
-62.5212600735 461.686340963 200.233006702 190.254270164 334.660146672 -331.355633368 60.8204446941 -76.4180687287 -202.535765662 -461.686340963 
271.912404458 -61.339193248 326.942700199 59.401238043 -224.418144142 -182.595282342 -332.653868587 461.686340963 185.05380951 -461.686340698 
331.232051234 -325.046083998 161.530584167 -267.928897433 -43.6521326504 -158.073565463 -454.405273571 461.686340963 206.183734202 71.8421545243 
-343.201924225 -117.310549217 -233.887398197 330.362180419 98.1381500104 385.583345367 2.50756732917 132.939004353 -461.686340963 358.752478979 
461.686340963 9.1555865587 137.923150036 -114.861974445 233.464443229 -234.088574935 -461.68633977 -343.103929028 345.881326851 -95.848090762 
-64.1395550278 -332.367511125 60.0222849469 127.398131436 -461.686340963 -216.380738227 -174.699151453 335.979761116 461.686340963 211.343475466 
42.3307781385 191.248893614 -336.52050649 -234.464810552 125.147551233 -461.686340963 460.449219531 -80.2577834884 321.672009718 -132.918250447 
-461.686340963 219.138804377 336.404848377 91.3750187517 -339.915966444 -153.637329439 -11.0111182864 451.571587334 -96.8980182821 -235.142659624 
139.034576872 -243.457298221 -461.686340967 285.978958177 260.089863305 -338.405984507 26.6900955917 -61.6103105069 -122.387195472 439.958015616 
-447.018023163 -291.690103057 -36.0371625905 330.324073581 -173.210043942 81.7784489722 454.405271165 203.251433976 -328.338423702 -54.2443391641 
107.27972536 -339.484466071 42.0849014653 -82.3457792533 -461.686340963 -94.0087448452 461.686340963 332.847579362 209.507065806 -223.29156651 
-439.958136301 272.979858054 -122.861211705 461.686340963 65.6050341425 4.48283629136 153.721570627 -309.831409004 350.593832787 -184.865549684 
461.686340963 -461.686340963 -233.932940641 -343.783337434 -5.34877658257 -37.3446831063 -129.798243472 210.539188601 336.72051809 94.1886567144 
85.572701649 438.53799617 -191.507163315 266.953857444 185.214578548 295.275187115 -32.9372418165 -461.686340963 -170.04731223 -325.795971401 
112.586319315 -212.024667324 35.8076977176 347.136355193 -332.107702475 -36.351269592 -160.328036999 233.109700087 461.686237174 -461.686340125 
278.918574889 -253.580116143 -172.98503752 159.405338536 -323.840168286 433.14935359 -454.405272085 -59.2114653911 406.544580644 60.0271720307 
-334.097305147 461.686340963 182.805399934 -211.242944861 59.8926102415 329.779901969 306.452640813 -461.686340963 -176.854750432 -61.4614516965 
-461.686340963 -137.52220018 461.686340963 92.7687113582 335.617911857 94.2763799418 -32.4145636646 226.115168331 -334.830354576 -251.648023351 
-461.686341013 -27.6163122173 -245.91404908 84.0016421485 461.686340963 -85.6104247701 212.598896266 -336.746477278 -170.394852222 334.573215803 
54.1126378539 -215.738684422 172.001813084 296.854787897 332.275787424 -96.3332536284 -4.98804370395 -335.387928734 461.686340963 -461.686340963 
-461.686340963 163.406608096 -324.983599397 139.910746785 -66.3942179428 -200.982390271 429.257635592 11.9760598506 -192.718604429 295.363185914 
-44.0621744078 94.5458565231 461.686340963 344.339908024 -461.686340963 226.7434292 -339.951213592 -224.007617133 84.4570525129 -105.776422576 
208.92893901 461.686339044 -461.686340963 334.424000024 -65.2750955387 -335.029779715 -236.200288193 -179.517404838 60.1320994701 80.5532256807 
264.043039487 -63.9662463393 332.015683158 -331.437177281 461.686340963 -461.686340963 -104.055289243 162.07321555 -213.285119468 46.9731474317 
445.437458926 57.8652052356 -57.9790607459 307.536835921 279.071524895 -237.482841958 175.611079516 -461.686340963 -334.202812938 -173.895125932 
-114.611569743 -6.77583556249 338.75903627 210.538213649 -268.920727912 -343.366465419 461.686340963 -152.270016365 -461.686340963 96.1350275512 
-461.686340963 461.686340963 209.186224646 332.219383346 67.3319895162 -140.228170941 -55.0890711596 -342.516900342 -249.634074185 82.3285860788 
274.708618876 -461.686340963 450.178139766 13.2172300706 326.437130602 -209.770353365 -330.99159135 37.8254802413 164.225997055 -118.171887109 
96.9285451813 -461.686340642 -211.965284119 -340.332139762 48.3917885932 334.91663098 -76.1090597874 211.047932426 -87.542395028 461.686340963 
330.708852726 -223.924480953 -337.380216885 461.686340963 -461.686340963 175.285312693 301.545044168 -64.7588475718 -118.489044069 48.7450960365 
-117.213523556 -461.686340963 -14.5788544826 461.686340963 -233.939395288 156.730845682 341.31534843 -343.754991388 280.522442655 29.3683203708 
-210.045307061 -461.686340963 108.924846779 225.349195462 84.2977348462 -331.685145358 -44.8440424814 -167.463178448 460.717337524 335.978171258 
-234.304869515 -186.928048331 426.110081167 -461.686340963 131.528668212 280.384017578 29.2298953359 253.407221733 -342.046485507 -67.7222947133 
-98.8799602717 207.162191499 -207.068050892 -344.812499785 -11.2923601697 316.670348382 -461.686340957 92.0746624663 -271.90897297 439.115578689 
-340.129341863 147.407208053 461.686340963 -226.224017261 -115.250673033 268.539766415 8.51564880572 -461.686340963 350.220195978 22.9121345754 
-85.7950172141 461.686340963 219.28525519 334.936930294 -461.686340963 166.033008214 68.5607165304 -214.692025861 -65.0477710747 -335.428275163 
335.527149911 47.893020174 439.957961065 -455.000155565 -333.632770707 -63.8656046772 217.379173492 127.48606543 -178.719020709 -253.425595021 
51.5001899979 115.585524171 -185.396938094 461.686340963 -443.034264621 -56.9341459219 -445.38360994 331.821481474 209.535235765 -307.801415188 
-461.686340963 328.757971624 -115.810599115 -233.426016167 -70.5908380791 243.996516157 156.512662037 -336.39416606 461.686340957 33.6431945256 
199.424520996 -66.4235033965 183.814233468 -108.9712422 -330.69065598 333.490999506 -461.686340963 -219.693344389 54.8281598152 461.686340963 
-337.035662207 461.686340788 -461.686340963 91.7535223319 -41.6896961828 -37.1251351216 338.85846049 -238.003285579 212.153419516 -162.60942925 
153.278676451 -278.734104752 -461.686340963 -47.4568837065 -399.472260209 461.686337983 20.4275750932 201.455669883 330.555540273 -157.338900298 
61.6154231907 329.074658538 -178.875495207 -461.686340963 -333.999538116 308.510000505 -65.9302698754 -223.276133428 461.686340963 185.223946704 
200.415343055 -111.330071363 103.035371651 -461.686395266 -201.46126372 -330.394846801 -320.540066789 -11.8520917422 431.371027588 321.279705287 
-266.792104256 96.2961862332 -146.560546888 345.120044692 -7.2880479819 -114.355664083 220.840894371 -343.14573723 -461.686340963 461.686340963 
-83.4440670594 177.121789985 -338.947772118 328.514578767 46.9913195659 -461.686340963 52.4811190822 461.686340963 -208.255822496 305.272994051 
-175.120747653 -65.1939371445 78.5539975031 -289.119845246 331.153791596 459.540561495 184.574608408 -28.7934988029 -461.68634123 -404.697598873 
-461.686340963 -334.218244053 170.293583112 328.595694856 -226.436252798 11.2935392203 461.686340963 235.046470224 48.6042401965 -101.119841071 
-41.3661362806 232.312506698 -170.294121841 -294.149169268 -461.686340963 -332.64196518 107.649605549 -19.4622866083 461.686340963 341.879326719 
315.850643806 -461.686340963 39.1785692035 -79.2976653762 186.22414912 448.887301944 -161.383715646 -339.853534117 63.0637582296 -220.387881698 
229.117357207 -332.076585803 -450.195437382 -34.7943201774 -153.420368733 439.957959401 -279.759117999 108.245783557 326.547114501 60.659699217 
224.920535403 -401.702381359 127.943673662 -229.979045722 461.686340963 -461.530330243 342.324665117 -103.558702565 16.851382197 -285.043318764 
-178.907405141 -223.237015154 -461.686340963 308.46647818 61.6012554733 461.686340963 -334.008767617 -65.9634959021 185.190720583 329.121387899 
346.843734817 15.1573415113 143.462070452 -339.696012677 -123.818736954 -247.973345347 461.686340963 267.931352088 -461.686340963 -100.942532609 
