43.5511430734
45.9023564166
45.8944701484
45.9498588286
45.8445347236
45.7486117449
46.2240524699
45.9417608341
45.0473560248
45.8431962495
46.0225607734
45.8328996485
46.0644324339
46.065634701
45.9915925297
45.7097399448
45.7713278975
45.9391575238
46.0105780534
45.7652999483
45.8671703493
46.138936194
45.756227388
46.1060489236
46.2386644368
45.8560729601
45.8837286547
46.0113971107
45.7313562241
45.9705557973
45.7558493367
45.6888517622
45.7071195141
45.9501378841
45.8433378178
45.5315604432
45.6915710165
45.9031316994
45.7215615197
45.8653645882
45.749252157
45.6919592679
45.9225375306
45.94176121
46.2035779127
45.9392462906
45.6920238915
45.6527352836
45.8410920571
46.032979779
45.8212257145
45.7906961224
45.9222283589
45.9256350323
45.8387186295
45.952911146
45.972803833
45.9067952742
46.3197706417
45.9156099096
45.965025078
45.7317981275
45.6962857187
45.7040942969
45.7646941836
46.0536308538
