1.05106646321 0.933258432653 1.04962980529 1.10199380331 1.00794101012 0.972785241837 1.00914079778 0.90227319638 1.06014721131 1.18350546621 
1.07287323224 1.03558795198 1.05834201726 1.16301431723 0.980753112575 1.01625994247 1.0777337315 0.999040311481 1.04383636575 1.03216002168 
1.08262903196 0.98201420441 1.08318608064 1.00897617728 1.08138113903 1.12031948713 1.02002912673 1.00995847628 0.977865935641 1.05875425912 
1.02589697773 1.02722522588 1.17409013764 1.05400825566 1.00252635587 0.967694498289 1.114904926 1.03948527323 1.01667918924 1.00269044967 
0.95955881319 1.03929692252 1.06585615974 1.01042925495 1.04861968276 1.10953238154 1.06212418007 0.988291620765 1.00770759743 1.16424533024 
0.974232969151 1.06567803591 1.05267108783 1.06143808117 1.00120974338 1.00228198841 0.993095818616 1.15838220796 1.11453723609 1.02733000223 
0.953722758264 1.09154727584 0.967259874033 1.13773700258 1.03987890542 1.05579634158 1.07336617386 0.98945697933 1.0182873752 1.0338912369 
1.03934958758 1.04736979347 0.999183328751 1.01665268554 1.01652654786 1.05515168603 1.05933157592 1.15789818462 1.09941056631 0.980856062753 
1.11862273767 1.01548075924 0.989912734625 0.960043054944 0.963150397774 0.956911717612 1.08251999759 1.09788301252 1.05217322995 1.08025310557 
0.960736189741 1.06110622958 0.98864647484 1.00613814159 1.04621284381 1.16409642128 1.03923653428 1.12253610104 1.06253186411 1.01210639087 
1.03955913295 1.08615561873 0.997243610875 1.11861620892 1.0297495311 0.989122152151 1.00371891395 1.03529726512 1.08813562267 1.00333650058 
0.974687112042 1.01909272261 1.00306307969 1.06835072958 1.05411458126 1.12820179676 1.01160273976 1.02073417078 1.04780926642 1.08959903258 
1.09385689353 1.00423713359 1.09226268601 1.05037438124 1.06673075371 0.944856066265 0.969042653085 0.994168591278 1.00880834244 1.11302348863 
1.02032686093 0.967321159879 0.999164175952 1.04928997668 1.07206780394 1.04710543507 1.00638035351 1.0168136901 1.14960140477 1.06394783895 
1.05621792341 1.11797114968 1.06661424653 1.00520269068 1.03113208393 1.07097716899 1.06071460456 0.989304864511 1.01324147989 0.980085240759 
0.97328671287 1.10810772794 1.04886181786 1.14922698664 1.05110163156 1.0475534911 0.985039744198 1.01195082975 1.08253350444 1.0535138236 
1.05260017575 1.07946223691 1.16584451849 1.05774320716 1.04783497469 1.01800005995 1.01656351067 1.05845337605 1.00918475824 0.990408706859 
1.08484544313 1.0446315387 1.0117892994 0.97641148257 1.06580820893 1.01769994448 1.06254013446 1.12504207542 1.06953460136 1.00454574271 
0.975785898145 1.0493153498 1.06798429427 0.977302962603 1.09539749776 1.02963040975 1.12961241606 1.06015343968 0.999618239443 1.02188004469 
0.988593388729 1.03750902745 1.07386677052 1.10785870884 0.988860756538 0.987177257417 0.990693786021 1.12419026863 1.08905138391 1.00441766735 
1.00837016243 1.09878545409 1.03388559228 0.956514106141 1.04727473949 1.06072965714 0.988677161598 1.12064733113 1.09953966629 1.03375245192 
1.06876986774 1.05289100814 1.05055631564 1.1344085453 1.0323071612 1.02510160935 0.970472084423 1.05387537379 0.985563011261 0.984451172951 
0.998397355765 0.990271256455 1.01938302971 1.04904661863 1.03121392766 1.14708918014 1.01294504924 1.11403889079 1.04434890236 0.999301452543 
0.990463110507 1.06875659711 1.04446206885 1.02080885779 0.95786544594 1.08616989228 1.00147395716 1.06680901975 0.971417740971 1.15143022578 
1.01818569618 1.06686414452 1.00566183437 1.02173756909 1.03959718875 1.06520835323 1.16185825003 0.965184883568 1.01588550866 1.07619290452 
1.06379966398 1.03114013641 0.973906091429 1.12848342023 0.956239791562 1.05022070001 1.0974021536 0.992842387051 1.05368474701 1.04552852471 
1.0063421689 1.05374387763 1.02755682583 1.00744577894 1.05068459054 1.16134595707 1.03161179552 1.06304915737 1.07809709198 1.08462261768 
1.02359901058 1.05142244372 0.998471554826 1.01376085021 1.16130733332 0.961579705908 1.03411520592 1.0361961597 1.03728655342 1.10063530554 
1.04072190988 1.06493045014 1.06051945041 1.0585065263 0.975325372276 0.98811858566 0.996830600315 1.02494259211 1.18355290635 0.987770225303 
1.01199285692 1.04838653546 0.960551625569 1.02034358243 1.09147735197 1.06693138155 1.01175630753 1.14647337162 1.0113306001 1.0106686038 
1.06509030041 0.962157955831 1.06691512477 1.08475868797 1.02572851571 1.13287521819 1.02310803257 0.981049890862 1.1145435134 1.00099026543 
1.0433258013 1.18108198322 1.01701515975 0.97338795123 1.02576144216 1.05929836464 1.02815298756 1.09040481917 0.971968463256 1.02645027069 
1.00706216634 0.983823914332 1.05849076744 1.17390481508 1.07127947147 1.01447173335 1.02236284981 1.00188180846 1.07878063023 1.03714533937 
1.06962784682 1.00592309767 1.11230456032 1.05264823954 1.02344048058 1.04092854435 0.950468884599 0.975499366498 1.05325577352 1.03224278938 
0.963197085984 1.01925867745 0.930951197637 1.05248882513 0.983889393495 1.0977089711 1.05661159373 1.12687426009 1.07837522454 1.08133722932 
1.04524390221 0.980834402483 1.01489057337 1.08746567907 1.03925621534 1.03925040778 1.07935886589 1.1391214802 1.05223015232 0.993484045771 
1.07767620436 1.03572018912 1.04581474713 0.975821723891 1.00558775043 1.01303741865 1.00983832733 1.0822817106 1.12417921519 1.03191482107 
1.06123245084 1.05438564053 1.00679162836 1.06013707005 1.04645136634 1.06377946589 0.954942432457 1.01440062667 1.12457869154 1.07883923992 
1.01097294422 0.968796901931 1.04349667495 1.11612777267 1.07351032926 0.9985798907 0.970915932997 1.055383428 1.08654658095 0.984635363922 
1.05426401765 1.07166134517 1.0647086893 0.931009041238 1.12251978757 1.0099825977 1.08159987998 0.991445054866 1.01427575158 1.06566185254 
1.08190252285 1.07992966847 1.0627932014 1.00861988535 0.974140589087 1.03472540953 1.00923282208 1.00373045127 1.14964870919 0.996603119174 
1.09062634417 1.18073969173 1.01435378042 1.05947929041 0.977192182332 1.03984487204 1.02880138668 0.969807959856 1.0409557591 1.02643130529 
0.954693869539 1.02828480597 1.01135071911 1.07109896012 1.0075762785 1.05274791771 1.01179649982 1.14727117732 1.03069259348 1.05254141112 
1.04736696173 0.980889602352 1.1578886105 0.999180513843 1.09940391976 1.01653415035 1.03935963529 1.05932922317 1.05514843653 1.01665100476 
1.08327643644 1.04819070552 1.0228662154 1.04223940498 1.00064138703 0.969417531789 1.11128161884 1.06524506138 1.11145143583 0.921581613832 
1.04654539143 0.976395495423 1.12505919335 1.01158727073 1.08472446853 1.01813262643 1.06637514422 1.07026759937 1.06194709433 1.00474862238 
1.05925697573 1.02641359893 1.02925089509 1.03982566096 1.09067482082 1.04069470218 1.1807059825 1.01402618455 0.97766714658 0.969808925613 
1.06218778245 0.968845930155 1.12835504959 1.03277882986 1.01687725983 1.04989828752 0.966955936591 1.08499091201 1.00661314793 0.99002885306 
1.07476555401 1.07928568039 0.980883002806 1.1125882714 1.07900228623 0.970758523994 1.05188746511 1.00706672594 1.01653517453 0.981749673344 
1.04283499152 0.999038490027 1.09881595084 1.06596052839 0.985700894773 1.04240643369 1.11018440833 0.999383417233 1.08721640597 1.06715326363 
0.978532681915 1.11601241695 1.07030374315 1.08439410922 1.00398426882 1.04952263299 1.0537126261 0.957241359922 0.967705433872 1.06683205966 
1.05829943278 1.08160004458 1.12372679556 1.09115779813 1.00750633133 1.00784793381 1.04808973742 0.945971818511 1.04412989364 0.963440601708 
1.05866540147 1.05214911951 1.10401359684 0.979778453081 1.03489119258 1.08495161468 0.986192507455 1.12442130562 1.01015309899 1.07634031597 
0.984778988756 1.04227720476 0.979055594758 1.06124169431 1.06784436339 1.16141484635 1.04154602947 1.03329104304 1.05249634099 1.0246340534 
1.02484406805 1.06105316883 1.05385453147 1.05953969926 0.969587987715 1.07491565979 0.968575964724 1.02242353499 1.09834474802 1.09852334284 
1.03256034731 1.05447007459 1.08953837977 1.15359851795 1.01599451531 1.03993262714 1.03072649838 1.00042499239 1.01297490004 0.951595555982 
1.02650440546 1.00195447516 1.05809205296 0.980442575637 0.953077380518 1.04589019502 1.11196922359 1.18318732032 1.05903343689 1.02305854023 
1.00699497665 1.07934592194 1.16324196678 1.03635299657 1.09302065698 1.03018135387 1.05261065173 1.0245091103 1.01063314807 1.04827838953 
0.970708203885 1.05933323245 1.09255728804 1.02349559929 0.987764892004 1.13371623478 1.03881867834 0.95558883728 1.08129202251 1.04868190783 
1.07710640221 1.13465683631 1.00435863034 1.07928793994 0.942972357785 0.998170721617 1.02492922844 1.0612605177 1.00610891195 0.985277950471 
1.0303756175 1.11974129392 1.00450215767 1.06275750326 1.01221543633 1.06926659309 0.975699037737 1.06353432351 1.06705717158 0.969497713107 
0.987229166963 1.05288953065 0.9832732376 1.01315952843 0.989706531193 1.1713232631 1.11892031553 1.02352854801 1.03430043082 1.04387718098 
1.05775825355 0.970938235668 1.0059268581 1.11346924671 1.06565087079 1.05381646306 1.07555628866 0.994820854969 1.06490115379 1.07064268352 
1.0709140932 0.993538582371 1.05138861832 1.029672389 1.08881242689 0.923570391358 1.05194281719 0.969901534262 1.02491867776 1.12326472447 
1.03227055245 0.980146355493 0.971815895585 1.05476261726 1.04362716526 1.15703969478 1.05476994682 1.10773285326 1.02668798162 0.979523071746 
0.99549090935 1.05279486522 1.05712223908 1.00826059701 1.12812040327 1.07116681683 0.954062254751 1.02217887285 1.05504269833 1.05235796539 
0.982043694567 1.06814365766 1.0309791822 1.04362478688 0.988038882294 1.05891383644 1.1047855421 1.01076848216 1.08207039612 1.12138304824 
0.993752026652 1.01375082636 1.0276120914 1.07644988792 1.04323141672 0.957900764622 1.09365441358 1.03053017399 1.05605229731 1.12362488589 
