197.904243189 -203.512615975 -461.686340963 -79.9739290891 30.2672330403 441.504857799 75.2487874607 303.082696055 446.92513496 -333.747565065 
-117.248806136 461.686340963 -461.686340963 -222.494752209 -331.631028256 209.481977837 53.6283600455 135.481768349 -68.9361777018 331.144676792 
326.865267169 49.8801932871 -461.686340963 206.867567697 -108.9985098 -236.446079308 461.686340963 -336.437237423 170.294112691 -81.3271792644 
176.580120051 3.31929040758 -339.019708535 -461.686340963 59.2928429812 331.272946648 -88.0826856142 461.686340963 301.391135598 -209.198313841 
339.020486362 -339.656881555 461.686340963 -95.5386438626 -461.686340963 209.750656283 17.5060724382 88.6286882276 -123.379626136 -247.93561511 
347.142824197 -461.686340963 461.686340963 125.178458753 5.12220622344 -7.07182654738 -343.868248286 -128.122779247 232.872798563 -233.553081806 
202.514059559 54.7148195015 -207.126813456 -336.326621061 179.472251332 -67.0323478464 461.686340963 333.219907927 -81.0904779572 -461.686340963 
235.999854102 461.686340963 339.66105191 37.7612178787 -224.375562875 -461.686340963 -163.184236629 -331.24025954 -42.6342864972 114.043215777 
-227.422860725 -173.483600251 336.113468574 -30.5070514558 216.792755133 -335.912565497 -461.686340963 -72.412578736 91.3009424991 461.00630982 
339.491234271 461.686340963 87.9776412495 -122.966459575 -461.686340963 -247.700150309 -339.600923567 209.137285921 17.8239255885 -98.0005665311 
461.686340963 -461.686340963 339.119687626 -331.123661256 -206.743935066 85.4529696622 -166.359971606 -44.8534403212 232.532693199 109.681186716 
346.059740915 143.001111935 -214.60604921 249.226229631 -70.5749213001 50.3905038324 -83.5145878584 -332.065650259 461.686340963 -461.686340963 
-298.906969608 -331.561481756 215.484201113 -461.686340963 461.686340963 339.602498552 -39.4979333197 93.3552223568 -46.1315704135 -175.573480349 
-334.456240793 334.910054358 273.097311176 143.863651063 -461.686340963 -260.346573265 20.3186469457 -21.3803567675 -134.393623516 461.686340963 
461.686340963 -198.849606698 -335.034005902 -40.2094554062 -162.176402515 232.255730914 -461.686340963 339.331801123 110.418692107 89.8212031737 
-28.9938745637 99.2473180947 -461.686340963 -339.428732146 460.820130052 -181.267461579 218.149239764 336.343925411 -52.859408448 -267.521528441 
461.686340963 27.8694721533 -239.37124588 236.909740805 -461.686340963 -114.511502583 -77.0714947012 127.584842276 -337.517197331 342.321883476 
176.016396439 -461.686340963 -81.7347445403 202.598074424 461.686340961 -335.650108065 -107.941610383 -234.369147647 43.5966311712 332.571314884 
-170.294129409 186.252250076 461.686340963 199.156698702 59.1755451888 -54.1462005765 -331.628822046 -461.686340963 333.763354359 -207.709346818 
-253.679189628 461.686340963 -461.686340963 -154.871636671 119.062891616 341.593623187 -22.6099824494 -333.46550099 240.799650729 102.90480413 
25.4727736765 -461.686340963 331.84523026 264.573652751 166.253737977 -219.278791913 -336.5179531 -103.155005235 23.7482070745 461.686340963 
-461.686340963 225.275861476 -172.739369414 -48.8382390931 -191.613986436 -327.056080346 76.8780756532 461.686340963 336.840185557 106.526303119 
-135.609011906 343.726997558 38.9613415583 250.718367148 461.686340963 -335.4042583 128.799142897 -21.2006754006 -461.686340963 -250.002275269 
45.203125736 461.686340963 27.3217484666 -214.98709176 332.378538074 -461.686357197 -334.655988356 170.294145644 296.085723588 -96.8187332122 
-99.2217547152 -337.379768827 333.963361122 -59.6035230862 57.9788376287 -461.686340966 -208.688865018 200.521711253 185.274934595 461.686340963 
-461.686340963 -206.873043201 -168.639770309 -331.105766762 124.729028245 -50.9746559084 74.6774063332 339.255701783 461.686340963 226.710359158 
115.043709914 -461.686340963 461.686340963 -336.464886812 331.857652448 -235.247347845 -78.634988598 209.138208609 45.2630276074 -137.649562078 
-223.232830132 -461.686340963 339.442178151 57.9790503876 -330.8748263 111.005887194 232.668470452 -161.957874182 461.686340963 -42.4518073943 
461.686340963 27.7516047942 -460.663322288 -342.29290493 352.328208181 146.609168097 141.895195013 279.360596134 -219.261315022 -93.4504970823 
-336.669995215 461.686340963 333.583258875 289.760083127 -461.686340963 164.33354052 44.3109810913 -110.616327322 -238.028493983 -18.0524252322 
61.9119508815 345.431467662 461.686340963 -461.686340963 -221.416952105 221.124395695 -339.567274194 93.0581041037 -67.1982536517 -104.072502283 
461.686340963 -270.77352924 125.391680999 342.680807372 -145.05121975 -461.686340963 246.945038614 -25.4042475952 -342.256470244 42.0614496871 
-328.775093916 -53.0528667673 332.263366163 -193.805578229 55.8036937291 -185.379262217 207.866713946 115.045527738 -461.686340963 461.686340963 
334.10909237 -331.076474538 -180.96034685 209.847927181 -57.1952378004 -461.686340963 87.8417957462 -40.3804349184 -301.649505347 461.686340963 
-177.978798225 -210.447436602 92.1419463556 -461.686340963 341.548444721 70.684580251 461.686340963 -333.45009346 219.498362244 -60.0066929799 
110.451701431 343.207365372 -8.66375783316 -332.943190007 461.686340963 -77.2408196834 225.242628848 -183.499729933 -461.686340962 -242.033558139 
249.663620049 461.686340963 -226.803802306 343.592817813 122.856931392 28.5867824057 -127.754450912 -461.686340963 -77.2332645172 -336.380794951 
53.507604141 -461.686340963 334.249194236 461.686340963 -331.807155892 -98.1923426612 203.400512488 -71.7029378779 -223.251939028 185.103112081 
140.398049101 18.650778437 461.686340963 -248.677187273 -461.686340963 -105.33988082 346.238706326 -125.469197177 264.828682535 -339.469018912 
-461.686340963 -109.391895464 460.74942657 162.853691562 -236.275924209 333.31946321 208.322356132 -336.418408777 -89.115335159 45.2619100047 
-61.901182926 -461.686340963 328.715441142 461.686340963 170.40983582 -127.032722486 -208.361657245 57.4742828622 -334.682909163 209.276039157 
-20.8463845414 -267.266427811 129.79606356 -461.686340963 343.781840552 -140.713601494 50.9412527826 -341.967674774 461.686340963 250.199214232 
330.103401946 58.9427649384 -330.713325491 -461.686340963 306.357380826 461.686340963 -193.874622158 -68.0120973753 -190.324778814 182.658607405 
461.686340963 114.077987178 -331.241825363 339.653579296 -42.6258292111 -224.358158959 236.040551278 -163.178625685 -461.686340963 37.7448015437 
-185.677001779 461.686340963 -329.683887245 -193.087085241 67.1132950752 338.805313589 -61.2000255948 -461.686340963 215.818147671 84.1131616533 
-461.686340963 202.532458638 -234.653080247 -82.0254340503 175.74992623 -335.956880286 461.686340963 43.3041277761 -108.251666359 332.476461351 
-461.686340963 250.340137453 51.2583882552 -140.303683854 -20.4632241628 461.686340963 -266.949870686 129.942746455 343.770159639 -342.014736678 
-461.686340963 339.65704312 -145.452347202 461.686340963 116.302379134 -264.746637294 -29.052604397 235.345563453 89.6546341015 -336.007445193 
222.879370776 -331.622241073 336.288961628 -180.223993452 -461.686341623 -48.463185353 461.686340963 -215.993492098 103.049971782 69.7633813015 
124.018578638 8.27211199629 -156.911890013 247.693142557 -236.015449834 461.686340963 -331.799998606 342.39110571 -461.686341003 -27.5505665018 
-340.349435605 -250.783022866 -124.383879557 263.162355553 -111.501105158 461.686340963 138.931802888 17.3441393327 346.002341561 -461.686340963 
-168.189669252 -461.686340963 -209.823837321 230.274341967 -330.094343613 83.5362763314 461.686340963 -43.9181358559 110.551777747 337.911966335 
273.938589552 153.768967001 11.4961946139 348.034652572 461.686340963 -461.686340963 28.9588473867 -112.608685662 -339.474936669 -224.440175166 
-62.2670870255 334.349419788 130.260808878 -339.532356714 -461.686340977 -211.936945568 -122.526700731 461.686340963 59.2468118068 214.724550983 
461.686340963 330.165480361 124.343293928 -42.2761817481 -241.728167987 -461.6863427 244.169377807 1.44340779049 -330.954952555 -170.294145083 
461.686340963 177.094453422 -461.686340963 -87.7930397113 -211.494122424 60.0945712219 4.6994882233 -330.610976434 301.793949362 331.158341987 
173.95003998 298.787404811 461.686340963 -209.50854474 331.336299766 56.5822202938 -92.0922754357 -335.591246539 -461.686340963 -0.000254118707509 
130.633201166 49.812227875 -229.322834552 461.686340963 -122.151782719 330.457712964 -73.4339763259 207.721166787 -330.957778123 -461.686340963 
-206.770426411 -66.789440975 56.6542200142 -79.5555294802 333.850320648 -336.186317744 185.987687594 199.57716217 461.686340963 -461.686340963 
-461.686340963 -46.2799775667 84.1400887254 236.027472538 150.433738458 -214.819397729 -101.97879477 461.686340963 -336.457681617 340.729994961 
-168.461117157 -200.075422442 -45.9939760657 -335.821853663 101.644290771 222.613222563 83.2516064971 -461.686340973 461.686340963 335.662268617 
-74.1159817987 -461.686340963 238.403604674 461.686340963 -205.875790593 -337.48218659 -70.9007693701 65.6068866742 331.35478118 179.998806834 
333.439922316 87.3623964021 461.686340963 -51.3863170475 213.6635692 -340.707926616 -461.686340963 -120.542794564 72.0548448212 -233.023851629 
-461.686340963 -55.6317521172 67.177924624 -331.644301374 215.283253627 178.915106257 461.686340963 335.5782099 -174.365008209 -213.17469805 
222.992588569 335.863924876 -210.337478332 71.3732076509 461.686340963 -336.877446728 -461.686340963 -45.27550669 -121.846860663 103.591576615 
-90.8414945647 48.5102983276 -461.686340963 301.290858978 -211.907697638 172.185598177 330.131179131 27.9114204047 461.686340963 -338.332066563 
346.599251434 266.763382415 461.686340963 -331.331358139 -211.186353669 145.776899002 -2.30814111372 36.7367206565 -461.686340963 -131.203232542 
-104.251276435 -336.816780467 9.9009017868 -461.686340963 461.686341241 251.407614271 169.007661112 326.955740989 44.6442398306 -233.22707311 
