1.04347640346 0.988043647439 0.982060181768 1.03098922528 1.01076692432 1.0681973743 1.10469546948 1.12136522551 1.08202879114 1.05899704136 
0.995182768836 1.04446734815 1.16422373365 1.02694501882 1.08022833753 1.00090866147 1.00787919361 1.04995684133 1.09687051387 1.04436787179 
1.06952759373 1.03751112923 1.02635481287 1.11638138461 1.04500444374 1.01732285165 1.0316780595 1.03507944123 0.955566337023 1.06036812901 
1.05572231213 0.98252536343 1.16757099282 1.07487427336 1.02188791467 1.03627323067 1.00875671095 1.06819437704 1.00788052756 0.994297298746 
1.06037486737 1.03150803843 1.0349870602 1.02645823037 0.955612182638 1.03751688074 1.0450990572 1.11638176853 1.01713654026 1.06947723994 
1.05805362447 0.999338238427 1.06183288083 1.03828272826 0.953905704138 1.15538123373 1.02499682068 1.02784051118 1.03242080179 1.0240015804 
0.947907352822 1.07349115634 1.10209687334 1.0330746782 1.02950234763 0.970366028676 1.00719395222 0.950066759864 1.08324787204 1.15218608412 
1.09143810651 1.02294940258 0.922155398548 1.01406152122 0.969054934279 1.04080662865 1.07999497461 1.11207581988 1.09770179822 1.05817667528 
1.0065772353 0.997093402466 1.04821109585 1.00754102467 1.04016756064 1.08435217098 1.06670042119 1.1534931394 1.04238728361 0.95900581959 
1.0515342642 0.970719945298 1.03043663142 1.07976779688 0.994265202451 1.08774869995 0.915414460647 1.05129758054 1.0249166303 1.124197161 
1.05507836162 1.03060761638 1.03182204804 0.950772545155 1.04284199535 1.00264162955 1.0870600095 1.01247502146 1.15382850444 1.01015467414 
0.99970953063 1.04245315828 1.11991878845 1.11416723908 1.05043619369 1.0829701915 1.05122527035 0.967717889934 1.05130859336 1.05177115068 
1.04038514228 1.12741257408 1.03325970747 1.00478666758 1.02620843979 1.04978758075 1.10467420826 0.963929867109 0.955713140328 1.05596809321 
1.11168165219 0.997197611936 1.08000021471 0.909452164111 0.988480609745 1.10049726325 1.07806651868 1.01569274873 1.01313508188 1.03504053008 
1.11881557333 1.03515175565 0.958614572181 1.07653982532 1.09225750208 1.06032374959 1.04880726374 1.06131672794 0.96346072606 1.13091641864 
1.18072047246 1.04069029427 1.03991519375 1.05928241468 1.0906542097 1.026433435 0.969847491452 1.02917913708 0.97750174537 1.0142269926 
1.09743120179 0.991789033089 1.04772290832 0.997024342455 0.959402702477 1.03326520306 1.02942858805 1.04799753189 1.03830807072 1.15687051895 
