-331.408840678 -211.317692015 346.590777871 461.686340963 36.591230231 266.725452952 -2.43689679962 -131.308199405 -461.686340963 145.721510059 
206.001549107 -75.7352349757 -230.743287885 461.686340963 46.6717864341 -331.579729344 124.821505092 -461.686340963 -127.976429374 329.929422421 
-461.686340963 -183.970571713 -328.899109153 -58.6930122762 142.192680984 23.4616391872 461.686340963 -190.936932301 256.734498472 329.242518459 
56.5124470395 209.92619247 -193.152981372 -333.940933379 175.876834445 326.891362836 461.686340963 -461.686340895 -50.1139614487 -184.335747152 
329.227948349 461.686340963 -190.933325549 -328.91741941 256.740058018 -183.982232577 142.163367328 -58.6764147141 23.4651082212 -461.686340963 
-461.686340963 -31.0631474251 89.5670657187 -302.728952861 -49.9358296683 -177.947243455 210.814902987 -330.145124859 333.483092327 461.686340963 
-85.8614943065 178.904325952 -461.686340963 55.7011761661 -218.03519828 333.829309928 -337.182212188 205.54412037 461.686340963 -72.0855183243 
-461.686340963 66.5677275909 84.5976067386 -328.992903336 338.843371389 -195.233509649 -180.934089671 -60.4455039311 215.851623116 461.686340963 
-5.70646574861 296.790880982 461.686340963 -335.565935051 53.921607166 -461.686340963 172.011122773 -96.4775222627 -215.892642407 332.43001961 
67.137655367 335.544830625 -174.281927323 -461.686340963 -55.6592754633 215.197868397 178.909166924 461.686340963 -331.689893586 -213.40457889 
177.519907288 5.33045440979 461.686340963 330.867961292 60.5492691089 -330.248581008 -461.686340963 302.22692853 -87.119632677 -209.926486223 
209.509404633 -461.686340963 -332.885355416 -61.4891415937 -209.710475375 160.094764595 461.686340801 333.376548389 -162.315030384 49.6617786393 
-461.686340963 -336.054943244 -66.0025577508 175.385822723 461.686340963 327.243848801 55.6738277647 212.75150654 -206.561970761 -80.5380089126 
57.9834033137 188.315200345 457.433930198 181.28847184 328.426329674 -461.686341317 -65.1545071897 -333.919147199 -212.925410591 -80.7079151391 
217.998182474 -461.686340963 103.169805205 -260.008566369 57.9795998355 -165.152097629 461.686340963 -48.5175463825 341.320056325 -334.256739177 
-266.914159417 461.686340963 -140.291078889 -461.686340963 -20.4351028135 250.437501165 -341.997340487 51.1700790723 343.779067119 130.053959371 
-46.2607676801 98.8633488174 -461.686340963 335.854185673 81.0138966361 -167.361430789 -226.471224893 461.686340963 222.266553875 -332.373226737 
