187.599446609 410.809604718 305.358879661 -29.0098799005 460.297049689 -377.540155597 -225.295431267 -442.781126706 -29.0468425217 -20.4615243053 
-102.761404915 -169.48804539 -400.375131915 -4.47102770494 -459.66283485 294.018640127 444.888781452 25.3189279984 443.863684412 -323.101421128 
-29.0468425171 -239.239808295 186.070314107 -458.815246591 -41.2302578651 286.455697553 3.7464436127 420.400062264 383.880608111 -323.832899553 
-459.043712963 411.464394701 -419.357268725 -209.389193606 -123.599228812 -326.336625991 -12.164639955 29.0468287674 204.263933398 423.506344208 
-323.848415144 3.40688168565 420.401759472 186.081615709 383.877079915 -239.259099379 -40.96135206 -458.818412745 286.457174493 -29.0468425171 
3.34196542479 460.64484718 -419.343673234 -206.654943927 -208.519614605 -426.512545858 -10.5645672424 322.871721362 -319.317147042 20.6031571876 
453.632581464 -426.062177021 -29.0468425171 209.921598343 38.3472277296 189.037706166 296.208982928 413.526441309 -29.0458090695 -456.260489429 
-29.0468426257 -239.904914636 453.873680913 186.128183455 276.749103497 418.378246432 -170.008281049 -458.480940928 29.8865752295 -29.0467425559 
462.24015437 -209.447162931 -8.54868137453 287.489159915 -136.62130801 -29.0468425172 -429.30587222 -437.514535087 64.8096951722 320.438555586 
-116.033196959 227.633315458 428.23731271 -28.9217008507 147.450441167 -408.983732308 426.059899033 -28.8735045149 229.079533217 -409.827590296 
-426.713634995 462.263810998 -8.39444862125 322.101978743 -132.653366874 186.897491113 -29.0468425974 -206.81366029 -431.783824448 -51.956270586 
411.660520171 -9.33596353655 -319.953672202 -311.737983561 -99.1918345928 -433.427804689 -29.0468425071 188.770597529 432.706396603 215.812169358 
-0.0829409515282 -316.578403986 -237.505188109 -123.854804647 -11.0184697675 -325.961266563 -459.096474415 410.134902817 -10.8231877979 454.648090615 
-458.95061174 -242.336986357 -62.7081398166 424.940283125 219.372068501 -29.0468435367 -238.168150795 278.453255007 15.962484732 454.615679269 
38.2133653588 2.69590943998 450.330844577 381.802821441 -458.951405561 -130.579853459 -29.0468428742 243.313144019 299.540765354 -318.493296825 
-377.420398832 -28.9124759943 -40.8616509182 -29.0468425171 -461.31350707 -387.876804118 310.250393651 459.379826266 308.353047499 -93.5873370075 
-459.688693958 451.152345069 -8.87486575906 190.211244438 -176.072277158 -128.981548487 403.086265531 -29.0468425172 -385.728011215 -320.499033853 
