1.31875864535 1.11704825266 0.943471919371 1.14213143477 0.713946194452 0.887221996298 1.05349654914 0.932321404268 1.17684370573 1.14213143477 
0.847219260019 1.14213143477 1.43883664862 1.64999985402 1.05616141183 0.779262854219 1.14213143477 1.05582218931 1.08785825569 0.941787763031 
0.985552386361 1.51172077867 0.901666745097 1.026799355 1.0787702944 1.14213013521 1.24704929663 1.64999998842 0.706449044808 1.20698615963 
1.29409411558 0.95638392589 0.99312850571 1.30696394554 1.16095982464 1.02566950617 1.14213143533 0.608827229084 0.614752457627 1.05757614651 
0.996074649436 1.14239353282 1.27153800168 1.45691649741 0.75387840535 0.986779271849 1.056728649 0.928763789684 0.784489293789 1.08637636098 
0.988085680242 1.16360415078 1.08699010115 0.868113937628 1.14242381174 1.1005483718 0.897586472672 0.988758732572 0.93621927315 0.90742951563 
0.86715397599 0.958943885414 0.739926612987 1.14213143477 1.14213143477 1.08058083709 1.33997391709 0.701243958199 1.08160562442 0.962634104858 
1.1412573946 0.971898518712 0.882816266182 1.23986381713 1.05470512713 1.14213143477 0.875797265741 1.65000001848 0.853274860473 1.03575879454 
1.04192700101 0.847675072709 0.86927999477 1.26436875638 1.16495979299 1.14243611452 0.887212799485 0.940861245283 1.10482735216 0.989511865621 
1.00667433867 0.921715213237 1.14209774537 0.915102697421 1.53514458482 1.16856160929 1.13746949614 1.11204386693 0.9520464043 0.930798851432 
0.93163203126 1.52051345576 0.995372155422 1.24464867131 1.40063786213 1.04072767516 1.42500101134 1.14213143533 0.704143566297 1.03352359321 
1.09043306288 1.14209632394 0.744967976713 1.14213160482 0.827356699318 1.17570806091 0.988322295494 0.919739232813 1.06202762207 0.924317690479 
1.0007026807 0.97773214668 0.855462555162 1.14229256266 0.966201046398 0.997529293515 0.841314854159 1.43428651519 1.0471623509 1.03115991672 
1.14213143547 0.921458096893 1.02805111628 0.623330872616 1.09821737015 1.34400308377 0.989755621702 0.734035836684 1.05423631349 1.10129682892 
0.998855233653 1.142129385 1.10748425132 1.0021453597 1.22404070962 0.99304337633 0.634527703313 1.26650864604 0.870599205757 1.09107509442 
0.881315512945 1.01791684703 1.05300988503 1.14372153948 0.798593376573 1.14213165283 0.970494311369 1.14203841308 0.959378509262 1.35572740681 
0.670322558475 1.04373414185 1.19577376938 1.14213155689 1.1421311078 1.42335447517 0.945656520704 0.743511080807 1.13822694025 1.00246548422 
1.28277672825 1.11452527472 1.02416719403 1.03335125187 1.22992331893 1.1421313577 0.981039603445 0.85764242169 1.11338493061 0.596584292265 
1.03757964951 0.820469032115 1.00830310309 1.40468525086 0.930364487025 1.14213069867 1.61282353086 1.14135126415 0.982164090174 1.55846734054 
1.00130695374 0.896188635275 0.887688201312 1.14213068692 1.21683634042 1.01171676 1.25212763318 0.831667738648 0.624700376186 1.29893976092 
1.04843217783 1.00432051301 1.14213142493 0.623629609748 1.14213143477 1.13558453727 1.25651976124 1.32525977912 0.980898197943 1.28819497578 
0.983584838243 1.0186023546 1.02614782633 1.6499999977 1.24685272131 0.697722962541 1.14212972077 1.17100550634 1.13055215209 0.918495554888 
0.971940339932 1.09117433248 1.08176812446 1.40983350317 1.14202099961 1.33283542213 1.14213143477 1.08211623717 1.01916277646 1.47125704666 
1.14212581465 0.903339649707 0.989789933943 1.14211237684 1.23764659865 0.766844026634 1.24503824131 1.00053117723 0.636933469051 1.19625490662 
1.14016350456 0.851931764365 1.14213143477 0.89072754163 1.02531393448 0.926604142865 1.64999763058 1.02214665 0.906805439239 0.935914231731 
0.943653540846 1.46743628005 0.981616443401 1.07738514446 1.14164137648 0.8790160653 0.886773287962 1.04681091592 0.862550006613 1.14213013399 
1.14169000462 1.03465287072 1.14213143714 1.00299722036 0.971386691348 1.44926650876 0.773282110727 0.954963653153 0.979664605926 1.03479599852 
1.1420695792 1.142131749 1.04812376203 0.978755583742 1.01883992685 1.06885354791 0.958740933824 1.33340770059 0.625487289169 0.875027558854 
1.01628876094 1.00603842805 1.17783428001 1.34642405331 1.0165343743 1.12277837984 1.1478700378 1.01049189911 0.615921688664 0.963679233421 
0.631261010072 0.992781917623 1.13616311882 0.902178575103 1.00321438317 1.23009053954 1.2688851647 1.14213143518 1.24917000505 1.20360390459 
0.7901617368 0.608462355343 0.802677680384 1.14213140158 1.02968936679 1.33275254375 1.0149058792 1.28109719192 1.14213143477 1.06062351177 
1.6190859685 1.08866827758 0.974602624772 0.966335266605 0.830097717287 1.22268061507 1.14213140794 1.02443513234 0.964958433334 0.872898929002 
0.971337730261 1.27435142293 1.22823454602 1.1421314351 1.01769248417 0.543326984465 1.0048100865 1.34249310089 1.2234286981 1.06920362841 
0.947403772037 1.06700929797 1.14245797337 1.45970582593 0.992507110523 0.642459982157 1.05530071201 1.14213143477 0.853550867517 0.955616770193 
0.992315499232 1.00381112897 0.633605775772 1.20657062168 1.24442485154 0.938865756818 1.22436567924 1.14213143505 0.828369393417 1.0410325126 
1.23951198059 1.1414840892 0.998801862132 1.33147104683 0.947215613767 0.941640095095 0.987831770643 0.790031788574 1.15976659992 1.04263476201 
1.02966526672 1.56743299186 0.944813500673 1.23743233337 0.935556235524 0.974280109424 1.14213008548 1.00516918963 1.04995663386 0.900142392494 
1.05764514489 0.99556400557 0.609840851223 1.24614891532 1.11903908807 0.985662395435 1.26937082848 1.07513356283 0.850084234171 1.14355426967 
1.33138726733 0.845757435877 0.976049956391 1.60711622592 1.04668513241 1.0747676095 1.14212897781 1.0715315283 1.00804670126 1.14196480194 
0.776713809568 0.990550454952 1.2191613015 0.97058910366 0.953947922917 0.901896432128 1.60981308505 1.02869873604 0.870490947956 1.14213141329 
0.636850370991 1.01142850421 1.06253592741 1.08491835576 0.971046622284 1.28431776971 0.993719611442 1.0246326201 1.14191190074 0.981804620041 
1.05260383357 1.03169380912 0.965621741619 1.14209019942 1.28398692613 1.05470675169 1.41236650075 0.863941741965 0.591927486058 1.14213322268 
1.22868826873 1.043763463 1.14213118722 1.58462300966 0.877424681805 1.02098832955 1.22174508198 0.877345895511 1.11673484518 0.975358473387 
1.14213143318 1.35127009879 1.0708446201 0.562130178385 1.00361970674 1.14213143477 1.30505682833 1.08447559446 1.04040891847 1.03280854432 
1.05324623361 0.943511017234 1.63297629031 0.982483402709 1.01211246445 1.14213067521 1.03564507572 1.24301533344 1.11462404354 1.2235571706 
1.45713516424 1.08973569762 1.14239185387 0.8349733621 0.75416273085 0.964721888706 1.08941633557 1.27266022966 0.929591961558 0.986558155439 
0.992217222234 1.13776515911 0.610470465304 1.03960673 1.03308977403 1.13997706341 1.03793959334 1.16725666485 0.837919263181 0.964162735547 
1.50637330053 0.964713855994 1.02314506494 0.716277745506 1.14213010597 1.17106239071 0.712962731007 0.983542636188 1.64999817745 1.24520626256 
1.30683009884 1.27035545052 1.22582670884 1.00832803539 0.92974412798 0.999658525978 0.665238105945 1.42999569146 1.14213079771 0.893445823205 
1.01781325449 1.26883918988 0.992827551915 0.583525893464 1.14213143493 0.805666497497 1.2608094681 0.610216782238 1.27209169414 0.985141826011 
1.14213143318 0.562106007214 1.08442202048 1.07067276893 1.14213143477 1.00361255121 1.30460052011 1.04108880008 1.03282826569 1.35125088743 
0.999548341992 1.34229527023 1.26600942736 1.14212857803 0.940037812833 0.915205255405 0.995433086137 0.842604747594 1.36804880572 1.26160408208 
0.973589977226 1.17833336187 1.53969039298 1.14251035686 1.07901736008 1.14209933619 0.959013958762 1.03891917069 1.52122389468 0.813314804689 
1.14213143439 1.13895573702 1.13433063017 1.4346393132 0.82177771943 0.896937809676 1.00889663297 0.997290840615 0.786910628418 1.54226821345 
1.19350401143 1.02176944735 1.01739296143 0.93875636579 1.07990106612 1.14243256347 1.30388533696 1.33812025755 0.879365208787 1.14211604674 
1.04906778803 1.23821216914 0.999333007482 0.865410174003 1.01029007251 1.14212963486 1.28113139519 1.11289745207 1.18212278108 0.972632778511 
1.00303206335 0.775519417038 0.947912738363 0.873469723632 1.1421315623 0.771889155447 1.19203876867 0.966728716057 1.02660742437 1.14213099767 
0.99714058383 0.916379297567 0.909970262439 1.12067174734 0.939929612058 0.903621367534 1.10015774525 0.996048158726 1.03092500181 1.14243805642 
1.14249321169 0.983766273859 1.05399196122 1.30134496692 1.14979766306 0.637703965857 1.14213143477 1.36521090619 1.11737298275 1.13431116358 
1.03252063002 1.14148490376 1.14213108772 1.1766467537 0.905135858102 1.55644502601 1.00196020662 1.043760179 0.710855332846 0.925770908341 
1.26666758009 1.14212920659 1.14826401227 0.997500852205 0.630886528061 0.881235282826 1.2390837893 1.00205589413 1.06186398092 1.10637917798 
1.0312823932 1.16891858488 1.64999979233 1.09981440133 1.18718510839 0.973287927675 0.720565403335 1.60045617733 1.14213106753 0.997243946655 
0.638950466379 0.93648745075 0.883372613243 1.11322653288 1.36916294737 1.14213143481 0.952195013321 1.12649702611 1.1421314037 0.780931411241 
0.951487099689 1.05995004704 1.14213143477 1.14927702677 0.986781639328 1.31683944468 1.14014629611 0.853335753658 1.19037892673 1.02136001716 
1.64999987034 1.14213265807 0.890566255638 1.01987262332 1.04760479001 1.14194210846 0.920649043942 1.16046155341 1.21584319042 1.1678297886 
0.875677857562 1.41096259422 1.14213141847 1.02585772 1.2708050866 1.63240077164 1.14213143477 0.94155220471 0.632240808642 1.1181426601 
0.884729521126 1.24683486431 1.4228325125 1.0133771255 0.842060674515 1.64999997316 1.1630807244 0.952261072627 1.14213110988 0.991933026857 
0.873261000682 1.1821322217 1.14213143477 0.937768930131 0.634055540774 1.10269018328 1.40991486168 1.01528037905 1.14213136429 1.26891591905 
0.864137068081 1.06144102169 0.897397842105 1.14212427539 1.03861169969 1.61098880577 1.16859714552 1.06733565333 1.01434421836 1.13847498248 
1.04824479651 1.17990940839 1.62976230957 1.07624757344 1.31412010344 0.994285270517 1.14179429476 1.14213032247 1.51661054252 0.971715289192 
1.01589961785 1.02878462317 0.96391862587 1.34923378852 1.17483819885 1.18587236688 0.988631776549 1.14232120339 1.16681426733 0.979178920347 
0.936853338841 1.18536500735 1.14081688493 1.14150469562 1.0293958498 1.10325502477 0.879846373994 0.912034900335 0.868801364472 1.21693177384 
1.22188221082 1.14213119095 1.58975141063 1.22856330758 1.02103563719 1.04366429861 1.11676414209 0.975304433917 0.877579354712 0.877289553833 
0.920722563771 1.40184109123 1.03182177329 0.864278498505 1.14212919738 0.887926762524 1.3250842288 1.14099916814 1.58705942781 1.13344602797 
1.02093770119 1.14212890712 1.07522574332 1.142130354 0.99786620104 1.13216795711 0.616242680013 1.43560339827 1.22981237707 1.2468439418 
1.21304019947 1.22784884781 1.06433532143 1.09679174185 1.26614100318 0.928183526454 0.998678172299 0.637525747104 1.00168132149 1.142129285 
0.61958963799 1.16409786379 0.884060981114 1.03047440627 0.942502836756 1.10952116958 0.990876373906 1.14244108273 1.17419686785 1.18406808747 
0.870987718267 0.641323708584 1.34989738668 1.00480875033 1.23522726368 1.04340992728 1.14213143538 0.99743765607 0.984172257608 1.30328985879 
1.01382688967 1.14213037262 1.50167857285 1.05098817355 1.01271726318 1.01021474331 0.976299634425 1.14185107937 1.18379668517 0.969778338714 
0.990168197066 1.13870118385 0.936452821993 1.14242598569 0.991984343823 0.909885771595 0.906365849338 1.03022705376 1.12487425319 1.11077422615 
1.1474225786 1.14203341521 0.940458071372 1.05199200613 0.913437954892 0.976387005597 1.16208182071 1.1421316546 1.06400911076 0.961961349199 
1.04201157684 1.31619818354 0.65228711123 1.0571220486 1.26009863792 1.23492127562 0.922570335171 1.64583411693 1.14213143488 1.08530465794 
1.26302046427 1.04262296919 1.14213044492 1.01356479073 0.580132033601 0.832598916079 1.14213143477 1.32751723055 1.05014319966 0.681187307535 
0.727972002599 1.233962857 1.37929006379 1.00569187052 1.03108772958 1.14212882062 0.997464043619 0.820736037099 0.908539784604 1.00136938949 
1.58677929567 0.969264747952 1.54700362866 1.14147285559 0.9812927433 1.36461069113 1.14213053497 1.04103668474 1.10702415747 0.933962814854 
1.14241157248 0.762681444728 0.875621317566 0.986427805661 0.929571560466 0.966749576086 1.08901136321 1.0033572669 1.0393133178 1.09296973895 
1.04001533662 1.14213144444 1.14213143477 1.64999998659 0.979010009376 1.06449920626 1.1005237396 1.07889862404 0.682044813431 0.951515400209 
0.834622997384 1.08949181038 1.27244380015 0.929621471039 0.754163000098 1.45706680738 1.08985222176 1.14239191052 0.964656158498 0.986571967466 
0.903569154599 0.997949213066 0.811494618155 1.21726717295 1.1425466443 0.980439096847 1.14212786837 1.12837964122 0.978341545827 1.28574891615 
1.56710659575 0.75831038141 1.12728072714 0.986634116936 1.14202482455 1.17173720462 1.06979897745 0.743802356617 1.02662802722 0.992690541193 
0.802794206733 0.608507059414 1.14213143477 0.790233160805 1.02973915673 1.33282233042 1.28110523023 1.01485720108 1.06017200698 1.14213140169 
1.04386519109 0.803772756609 1.14156753336 0.989974173404 1.53407924556 0.852179474067 0.842819488441 0.65904671655 1.01836342531 1.14213043465 
0.966790216802 1.12058719527 0.941535510935 0.997415391965 1.14213143481 0.991474954438 1.02858011324 1.50583791063 1.13416781831 0.845659466907 
1.09092296844 1.12495698421 0.982382093572 0.817557641685 0.627686830968 1.14213143477 1.32805978848 1.14213143477 1.04797535267 1.0761569343 
1.00136484983 1.03111700341 0.908556428187 0.99746782644 1.00573006462 0.820736496697 0.727967581408 1.142128822 1.23398642778 1.37914723135 
1.1728904398 1.17609660775 1.14212864542 1.00931237925 1.11821377943 0.955968934909 0.911316266427 0.960859504602 1.14250172085 0.653707371958 
1.49162080855 1.09519808194 0.99660162551 1.14213143648 0.895105170117 1.50376456124 0.928908461199 1.00478138499 1.24837557996 1.05651090346 
0.935736089074 1.11651810534 0.891921422462 0.650975546726 0.884495564976 1.14242694315 1.11165836852 0.99219897122 0.837220295278 1.0379916259 
0.942739872962 1.18217310466 1.0300487762 1.14244150002 0.884089580543 0.990868626636 0.62011124043 1.10969056631 1.17283510193 1.16366231328 
1.08151308804 0.994182303175 0.817083035516 1.52267288177 0.779469978416 0.943920956785 1.14213143477 1.52871249553 0.983351617862 1.14199944747 
1.20745066681 0.545691903062 0.964930236707 1.1502741939 0.999644732779 0.787326063521 0.912426936532 1.21712482812 1.14213143506 1.0097452469 
1.24493858801 0.636855276753 1.14211237917 1.14212582208 1.19681216801 0.766837690738 1.00056927518 0.903969781073 1.23775570851 0.989906561592 
0.929873932408 1.40221240754 1.60451677488 1.14134301267 1.03748869221 1.01017769202 1.14213069376 0.820542389415 1.55808302095 0.982043842191 
1.25431018889 1.04697348715 0.967032898768 1.38275092733 1.01671849598 0.944460024268 1.01322886311 1.14249846677 0.987245073638 1.03340657342 
0.9929257335 0.968140664791 1.0957089492 0.95355924353 0.924191597543 1.12441259129 0.993233997212 1.00754644238 1.11593788623 1.14247865571 
0.92043394034 1.00799609211 0.787902081482 0.947796696285 1.14212641939 1.18475528765 1.12738017631 1.1671572111 1.03699946603 1.14246197422 
1.61126371057 1.00849101416 1.40417672703 0.930253705965 0.820396603162 1.14134931505 1.14213069943 1.55842869704 0.982539200492 1.03749510139 
0.788121380147 1.00561195071 1.2143693997 1.00974742182 0.544988768422 1.14213143481 1.14963453021 1.25967838981 0.962114485049 0.910886489252 
0.997279212284 0.9915441678 1.50581725982 1.1195647926 0.94162906537 1.13415014425 0.96675467318 1.14213143481 1.0296380304 0.845521695834 
0.903852036471 1.14213022044 1.04842627281 1.51720979151 1.49651803634 1.20971345553 1.04467709797 0.862767357843 1.14168160163 0.98141815934 
0.934284168188 1.14213062756 0.888059809618 1.00185835792 1.24103936376 1.275257979 1.01174515382 1.21238206879 0.635031365639 1.13497817319 
1.13675814325 1.49560256807 1.01742588488 1.40628588042 1.16666535231 0.862232131363 1.05325268393 0.691664059645 1.14213143479 1.22090619787 
1.01763676185 1.34254554825 1.00482905236 1.06933656034 1.22821250325 1.27541932202 1.14213143509 0.971313460019 0.543367110934 1.22334015773 
0.964118460541 1.23067774989 1.34247819258 1.08512685183 1.18040719729 1.01793281864 1.14213143519 1.06366086341 0.53529164034 1.5978930252 
0.972665345349 0.917424730512 1.42517608621 1.08897792619 0.984192782572 1.19286608608 1.01173020722 0.951390187385 1.37591760403 1.14234644631 
0.986393286337 1.09280980887 0.929634347142 1.00139487871 1.03957832203 1.08904975715 0.966981185331 0.762650789216 1.14241171541 0.875420554009 
0.970378711855 0.837675215144 1.14213143684 0.602376385017 1.23545825883 1.05486785477 1.07421922708 1.06986805278 1.01909109393 1.2191641433 
1.22333046354 0.956348564791 1.14213143533 1.61520721708 1.05708610552 0.969058826778 1.02030522034 1.44363402329 1.0704297737 1.35238689838 
1.14212971667 1.64999949263 1.05843529577 0.673582559959 1.14213158827 1.1534456223 1.29119920686 0.864152731775 0.933069272496 0.979511479579 
1.64999999998 0.817050792978 0.923154287195 1.32830947433 0.888270421706 0.924674411143 1.14213285256 1.296629267 0.999305134378 0.983563659016 
0.997743188153 0.983666327061 0.859314317446 0.977458202723 0.864221974429 1.02927438721 1.14212767461 1.14087289685 1.05998084099 0.892281629437 
0.961518322665 1.25117005243 1.10213948105 1.32780185283 1.65000000049 1.00907513602 1.30736300046 1.13101263575 0.659972698654 1.1421314348 
0.984766908977 0.815306032198 1.14213143477 0.893655496546 1.03144085 0.551685490437 1.06611546354 1.14213143207 1.36805260658 0.870349068829 
0.998544108158 1.07632990063 0.623277115752 0.84264444038 1.12234867784 0.59889520005 0.993970629 1.09020177644 1.14407825337 1.29525815303 
0.903413653236 1.14213143479 1.22184042842 1.00558827094 0.920378476652 1.50602637638 1.1067075939 0.890652668267 1.13730146433 1.05149595057 
0.982328709337 1.00848874665 0.930212514368 1.03754352063 0.820420871883 1.55829003033 1.14135126011 1.40417453562 1.14213069662 1.61112761537 
1.14213008097 0.810076528827 1.64999999015 1.02567647608 0.984099641176 1.24577370322 1.05139422423 0.71044085737 1.03880955914 1.02362315269 
0.988697118923 0.993107036357 0.940406953819 0.899768952823 1.11469996784 0.715766662125 1.07694066601 1.29209010105 1.0936004652 1.1424394723 
0.756568793596 1.35413547479 1.57490667347 1.12880181328 0.960289591048 1.33816077186 0.987730268875 1.14203049156 0.923288185031 1.07350946844 
1.05795478007 1.14378364298 1.19847956598 0.619057054574 1.16134931509 1.08236982443 0.884441708458 0.998539732837 0.990430797629 0.620209383226 
1.02224447372 1.03577036503 1.14124106486 1.08641409373 1.377470221 1.14213143477 0.887340736999 0.886234831895 0.874958542311 0.82094002787 
1.03291836328 1.31802329714 1.14213143477 0.944008798365 0.676025109928 1.14213143477 1.3270198426 1.07708129595 1.04583156946 0.856474963832 
1.01422639185 1.14197421602 1.47547895389 1.16736926726 1.00950890494 1.00259401454 1.05269348494 1.14212966658 0.911029868057 1.4685645473 
0.964214451765 0.757480051962 1.01338810169 1.14213065861 0.877609539238 0.940057681823 0.95964373538 1.18681126922 1.142513116 0.636114420663 
1.63314672966 1.03562844076 0.943582688654 1.11463366172 1.01211119467 1.22359455837 1.24287850465 0.982334787177 1.14213067542 1.0532873389 
0.834819791376 0.846078791952 0.935278098878 1.14212939637 1.14025541123 0.959163521641 1.60216856339 1.02256465794 0.936226783454 1.64999999503 
1.14213143858 0.977773518418 1.03250421858 0.607361686684 1.65000286491 1.27784578177 1.00504944613 1.13134943202 0.88494986495 0.792434266477 
0.964186976838 1.23420142391 1.04191031715 0.986816413781 1.14251210799 0.85538227484 1.14467384098 0.897239518897 1.10266806396 1.01249935592 
0.977067706091 1.14213004571 1.01953355916 0.713415847809 0.842844523741 1.02837470702 0.983466588515 1.02241314117 1.24524503269 1.64999999706 
1.07511798617 0.722273457713 0.866465266688 0.9838817761 0.95764630537 0.811628118071 0.986150571906 0.883575147074 1.00272143101 1.14249030046 
0.632543687423 0.99956007473 0.792033816357 1.22133411327 1.03346132854 1.10984251543 1.00390104702 1.14212967476 1.26811245359 1.04294254038 
1.14213143477 1.07003489981 0.813529994689 1.43094277443 0.555506592019 0.95460941853 1.03085122299 0.7549601335 1.14213143316 0.994448464674 
0.864033842231 0.975733932035 1.36319435274 1.14213005221 1.00326547012 1.23886823559 0.934291523621 1.60094515627 1.19368658842 0.993695620294 
1.07505404962 1.06263251851 1.24788482239 1.14210733798 1.20759276588 1.02362665524 0.77463668378 1.57992686547 1.1140489818 1.14213151715 
1.23074401645 0.647641223345 1.14213143496 1.03524353021 1.6500000584 0.983227972111 0.999103931249 0.948916310115 1.12500655043 1.1895944726 
1.14212726886 0.967029154256 1.06568171843 1.09234884337 1.2690890105 1.23937690696 0.833768826284 1.09969942768 0.940164855975 1.0058323856 
1.42512307264 0.758490486491 1.10515943779 1.14213143477 0.68030376418 1.14213143476 1.07119813188 0.907313845372 0.807701050744 1.32717515204 
1.14189489295 1.14801322628 1.07970310586 1.07210483978 1.0460156793 0.947524303113 0.953446089567 1.20189918764 1.04358096454 1.14213162049 
1.02242800623 1.12683856588 1.14213143477 0.993628329357 1.14250878736 0.708555791705 0.740336247498 0.619710293294 0.861112194098 1.40144197599 
1.14212928712 1.14470875795 1.03546693671 1.03687106894 1.07211777251 1.02671121491 0.802658294746 1.07788456693 1.4150328789 1.14211634561 
0.942794210229 1.4258065042 0.926891340507 1.1417808211 1.14213144095 1.03709063643 0.971667555696 0.728301006233 0.947804982936 1.09041801902 
0.617193333036 0.979961261017 0.756285175633 1.04627483303 1.11935880001 1.29850023589 1.14213143477 0.980133241759 1.12800409511 1.14250609954 
0.90823725137 1.06013781976 0.992852058066 0.673714122656 0.965547097881 1.18603690414 0.785109726109 1.11622763721 1.13973888902 0.82497434024 
0.894464352421 1.14213167507 1.06246204373 0.98652645143 1.1420725288 1.12792976492 0.978452358379 0.783406071339 0.803502134735 0.759623788278 
0.865266052381 0.936088815842 0.908693524397 1.01143979964 0.978731098297 0.902894784406 1.10581246973 1.05452636849 1.1424234883 0.990270609503 
1.09636911744 1.14213002743 0.782828721289 1.64999887178 0.957849087542 1.14065013784 1.02670343015 0.905731298685 1.59762348255 0.941198783004 
1.14213143477 1.15931132438 0.786204226087 1.07609575332 0.579998610061 0.97505994901 0.572471590243 1.31229902623 1.14213142097 1.32021416552 
1.00147444053 1.20504026402 1.00280849402 1.21415709494 1.14211437476 0.727325318646 1.14213029149 1.04324724614 1.13597984816 0.655276963999 
1.17125946626 0.994046307458 1.02628334782 0.845172730496 1.13317773468 0.970052029791 1.14213143482 1.00273631211 0.731556953195 1.3568208804 
1.3174324375 0.927575091986 1.14213149562 0.630042941188 1.14213143473 0.914007469575 1.18281311345 1.06033582155 1.09717788184 0.694276247424 
1.01169414886 0.650295967281 1.19371159682 1.00878248642 0.822560094104 1.14213143477 0.995852115866 0.830731679039 1.1156329726 1.14212728141 
1.07452385379 1.29890332919 1.14213143477 0.949136947667 0.958938388531 1.02910121423 1.01329408277 0.98328380579 1.14249165578 0.670789631386 
1.00894004023 1.13439740288 0.997493332037 1.14213143438 0.785754519752 1.54277193907 1.43386487707 1.14902609848 0.821711814102 0.896392976591 
1.06943599848 0.888415901797 0.951197548201 1.17767060046 0.649693225643 1.14212898459 1.12570466097 1.1424714202 0.766058345733 1.01089051617 
0.978434438303 1.28518435535 0.903784477328 1.12826959523 1.14212784173 0.998059303658 1.14254709211 1.21716845398 0.811486064993 0.980397434934 
1.39229914229 0.968403506884 0.805648138516 1.05857740622 1.14176919287 0.988296134211 1.22069641595 1.01215038379 1.04710955505 1.14213143477 
0.865411977547 1.04907652847 1.11288076852 1.14212963476 1.1820009989 1.23821621555 1.28114622558 0.9993360205 1.01029177901 0.972636192967 
1.01602576547 1.14257364023 1.06866683723 0.57171764866 1.25270107034 0.762369435643 0.98063257275 1.14213110715 0.550243983106 1.1668224746 
0.85157053235 1.36900592104 1.21355371809 0.95621546143 1.05691776629 0.982401819399 1.02078130786 1.14213122869 1.48967233402 1.08263443844 
1.13463776539 0.879924941944 1.1421291823 0.869022263112 0.919772671827 1.14097663423 1.39843567305 1.58658226664 1.03147775049 1.31498134456 
0.885566708969 1.03345501736 0.839573647685 0.885027381727 0.75479331457 1.13159784502 1.14213143477 1.14110885339 1.39523672931 0.877669107656 
1.1421314348 0.810601444 1.02799401194 1.06536841426 0.958613580776 1.50680205839 1.13296939739 0.994249758595 1.01842752472 1.03745654258 
0.864824679937 0.889952305824 1.02946617686 1.0022168828 0.976912365613 0.976945610141 1.05994998245 1.14212768186 1.14088989714 0.86000121361 
0.988547674322 0.895689329371 1.2319110851 0.959371305255 1.04257345898 1.10864794619 1.11800277125 1.27333167124 1.14249559618 1.01869057091 
0.979207749785 1.08883354418 0.906046773773 0.952994753225 1.04584717154 1.02327667336 1.14031868475 1.18323189231 1.14213143477 1.19104901238 
1.02969650734 1.11033686572 1.13592348552 0.910119169659 0.936239166943 1.12353377689 0.906736276306 1.14242545746 0.990781965612 0.991938523516 
1.14238300711 1.15651677187 0.83280930381 1.10009863634 1.13466750698 0.96689642574 1.01363145599 0.973868091485 0.658428401908 0.977373742656 
1.14213143499 1.32368834502 1.2738507579 1.6500002766 1.01461896144 0.658124187602 1.28876641176 0.801889892901 0.961521188606 0.99947866467 
1.3888496467 1.03009192078 0.992921079022 1.23373039805 1.14861340032 1.28254636265 1.01047133718 0.96910196423 0.863422997579 1.14212973762 
1.141867783 1.14213143477 0.987825461672 1.08777631742 0.714944983143 1.29041758784 1.02866057113 1.15857337543 1.05112048305 1.38761309552 
0.85303192801 1.14213143148 1.10782158468 1.47226224237 1.01317712324 0.816007101307 1.13898692007 1.387427307 1.57680333339 0.971924590771 
1.11660794359 0.88447930978 1.03713587422 0.935780410728 0.992205536511 0.837189364322 0.890450954807 1.14242691345 1.11173839167 0.651128823482 
1.24113345868 0.93419969457 1.13610321926 1.27609082658 1.0015808362 1.14213061551 0.888450738054 0.635192184526 1.0123964545 1.21339209992 
1.02282604883 1.14212557818 1.25940437402 1.27606758615 1.50039440679 0.80597292827 0.985719418295 0.990452001494 1.22722679456 0.955627478928 
0.633444675072 1.14213143515 1.20577444434 0.938785589553 0.823281561505 0.99274200755 1.03991877863 1.00378088697 1.23115008835 1.24484057563 
0.853474617338 1.1484366744 1.18961114269 1.31815817051 0.986732312734 1.02189984384 1.14015810476 1.05963726844 1.14213143477 0.951563364263 
1.2328605296 1.14213143527 0.97211265214 1.02886324139 1.00185088132 0.556765173879 1.00204695875 1.03355750331 1.25311196329 1.00617568746 
1.58881963372 1.14677995136 1.20814389584 0.992415914667 1.02404227041 0.934673428015 1.14204137029 0.904372849408 0.800998442928 1.13158296338 
1.06334277537 0.984799895795 1.03482967219 1.14259541043 1.13409342998 0.851168444617 0.880523913155 0.850441982138 0.85240938147 1.00276562371 
1.43871954932 1.15045552874 0.906263201023 1.13723390914 0.911901320393 1.14213143479 1.0545129356 1.22731437282 0.930143492722 1.00520980602 
1.12850458758 0.963811072671 0.928849783796 1.09145152964 0.987442355177 1.14213143489 1.30308130828 1.13525916728 0.946144016669 1.57652234486 
1.05418458127 0.92272740314 0.681094254402 1.63363123474 0.705839851347 1.27545088193 1.00367889629 1.14213143488 1.35323533108 1.08414151781 
1.14197959047 1.50744435973 0.963019313915 0.953897697724 1.22271186342 1.14213160623 1.03398872276 1.06841753217 1.05010677169 1.54143630196 
0.994181512953 0.910196546517 1.18300873813 1.29472193634 0.644480797059 0.700637175443 0.999874030504 1.14326821238 1.24885395977 1.14213143518 
0.925812193339 1.14229361887 1.0717772965 1.14213538875 0.994490017868 0.877526498814 0.742266408914 0.925762269431 1.03527472697 0.967410972544 
1.04990521896 1.1421133558 0.94133987668 0.836134067393 0.870461038297 1.12972917829 1.57435420467 1.00179235552 1.42504734737 1.16203664883 
1.17096813889 1.08585947548 1.00415434733 1.45649297773 1.57550320782 0.777686593134 1.0290063576 1.14209876162 0.977303259756 1.04916978057 
1.2795719953 1.59068864135 0.913365880986 1.14213143525 0.781570858892 0.862599347648 1.0063904269 1.11609396326 1.001569452 1.15848659479 
1.06241409239 0.816241932373 0.946772478173 1.13334096305 1.28460047212 1.14213143614 0.950866584333 0.839035801079 0.767630662679 1.33881028209 
1.13900851474 1.53148390393 1.64999999986 1.14213143477 1.01439319901 0.980478364254 1.07511054759 0.832049156221 1.10601881081 0.863533526841 
0.85818574517 1.14213143477 1.53279238895 1.0062378536 0.813434815583 0.825441223757 1.2875474481 1.02730987042 1.13387399716 0.997545113497 
1.14212963535 1.18193921139 1.04907591447 1.23821734587 1.2811793363 1.11287684926 1.01028969852 0.865410190661 0.97264015659 0.999354953761 
0.89627031055 1.14213069198 1.01124875547 0.825062181062 1.19558264211 0.889618685574 1.2993769942 1.00137321103 1.25241946346 0.62456469958 
1.01690771774 0.664312750368 1.14201597739 1.02521586722 1.28389363742 1.14137513074 1.00959556041 1.04411677085 0.977767005534 1.46221728776 
0.991183566756 0.863107698736 1.10132736135 1.14370808002 0.996597039993 0.983481822922 0.623735084834 1.12168591163 0.602518742906 1.07995854533 
0.912602776423 0.967946292757 0.97593415341 1.38636393913 1.14243843528 1.07630437904 1.00674453047 1.39875088645 1.01138268014 0.874483648768 
1.54719007082 1.58884903069 1.14147275791 0.969050621154 1.14213054008 1.04110015251 1.36406933168 0.981566578883 0.934189253222 1.10730997983 
1.14213143484 1.0723473449 1.20404464802 1.59316463047 1.37534444209 0.729477845092 1.03500090593 1.32208528335 0.937209554554 0.991708403453 
0.682259890292 1.41832509762 1.02048072795 0.994685717217 1.03447036916 1.06159448076 1.13333865607 1.24585019901 1.41124094451 1.14213143536 
1.0772902559 0.939108400068 0.853970239411 0.775002153063 1.09430734059 1.12190941897 1.14243541534 1.00236366032 1.24020630458 0.986864407992 
1.14238553273 0.720838914662 1.31223254067 0.983834589654 1.29403642338 0.93193213944 1.16785803299 0.926854422947 1.02517797864 1.07440087663 
1.04803716621 1.22775904007 1.03682215206 0.878982422317 1.16797010015 0.942647648472 1.11177263828 0.897917108166 1.14244232873 0.991708072947 
1.14213143135 0.81250460421 1.0555270207 0.791709161854 1.14202462292 1.56678713987 0.565534946567 1.01764863944 1.15997706698 1.0192434533 
1.14245927539 1.09083103781 0.97103892323 1.12040595528 1.05634531659 0.996212137815 0.991910286963 0.820083528343 0.919343311465 0.947452383837 
0.819446238746 0.989337973861 0.884775293627 1.64999995629 1.24653131688 1.22246568748 1.19781861395 1.01390839006 1.14213098628 0.981743193698 
1.00881988829 0.750084229246 1.64999895723 0.715101921278 1.02389175322 1.04906880049 1.2488938657 1.14212995682 0.981357601475 1.01072731159 
1.11173435328 0.992198067467 0.890159619092 0.651208718215 0.837229298596 1.11676720162 0.935800577745 1.03692778972 0.884490854777 1.14242692874 
1.0854419319 0.977295404734 1.14213143521 0.741633316524 1.37438621512 1.38399611314 0.958773405778 1.39545094588 1.11717008493 0.72208432341 
1.23978177007 0.635074545174 1.01164725195 1.27512375552 1.00183926295 1.14213062832 1.13525818613 1.21122267631 0.888000050559 0.934434005271 
1.08963123858 0.929736273644 1.08986517874 0.837909168756 0.986621512602 1.45645958374 0.964341238774 0.753984525565 1.14239217846 1.27194712742 
1.18793603739 0.969824609761 0.976746258098 0.967847835184 0.953216040278 1.14052844095 1.04041522237 1.36794811677 1.02449816981 1.14213143477 
0.938706099441 0.963343115246 1.15803017694 1.14211688819 0.597056579268 1.00182133992 1.00049041933 1.14213141607 1.10590674763 1.04934702452 
0.956029900487 1.14257227252 1.08371110408 1.40201790675 1.00414547554 1.02403201219 0.980162559633 0.723445279157 1.24366405037 1.00250705032 
1.32685077576 0.890643496429 1.21057641742 1.14210992622 1.26867954102 1.14213143477 1.10475315246 0.896916087376 0.740478346223 0.904035296887 
1.01075575746 0.830762639866 1.19370886692 0.995793020018 1.14213143477 0.823835398674 0.649997375554 1.06877175668 1.1421271693 1.01435640798 
1.12553738236 1.13895834236 0.968114445616 1.14252767189 0.92884257784 0.961814569885 1.26538700041 1.016350308 1.0579586846 1.16987378941 
1.2466926531 0.952442624602 0.884690306321 1.01342487777 0.842030790669 1.14213111095 1.16313357128 1.64879479914 0.991820089709 1.42278607574 
0.588331467702 0.608699648649 1.27245913826 1.20200081066 0.993895881805 1.30222164535 1.01860509936 0.986554342839 1.2227584264 1.14213143502 
1.10619766927 0.630900177229 1.14212920289 1.06171598704 0.8812521912 1.23991058305 0.997474300131 1.26670716625 1.14820112101 1.00207492122 
1.5698163012 1.14203577368 0.958978025379 0.706731828782 1.58186664412 1.04421459666 0.990374411151 1.25720253852 1.13017648989 0.946386652456 
1.23432441048 0.94989852028 0.956789597961 1.13400270631 0.77986507579 1.55152728293 0.997415792541 0.689071653041 1.14213143482 1.25113591984 
1.1421301188 0.951036805745 1.04740692171 1.46788652342 1.06574997585 0.887381128752 1.14168387298 0.984128512696 0.889667479121 0.899358817047 
0.991268813137 0.990681324969 0.998644825003 1.58475158646 1.14203806326 0.813221901887 1.22000619325 0.778710983282 1.1307583839 0.933576203636 
0.999251540221 1.03005594633 0.734295306913 1.13417908733 1.05222714717 1.14160478476 1.15623041715 1.06875569233 1.3236545136 0.817018773786 
0.998031830034 1.13586978989 1.14212707692 1.56694728293 1.1982764978 0.936744552468 1.24404078285 1.60280201613 1.00195469919 1.07399239209 
0.682570277598 0.956386890673 1.10028808093 1.14213143479 0.758782766613 1.13632241672 1.22535163469 0.739214649938 1.00253085946 1.38137587026 
1.02872442383 1.21916008866 0.953929835585 0.901730131447 0.97058214868 0.990500118767 1.14213141324 0.776797574638 0.870463152838 1.60985746371 
1.01272984635 1.11450569201 1.14212740515 1.00953150887 0.995896018392 0.83074727907 0.821062745598 1.14213143477 0.650138669201 1.19340324948 
1.19614494344 0.989727695202 0.903381346074 1.00048321651 0.76708849713 0.636976950933 1.24521145865 1.23777440213 1.14212579844 1.1421123728 
0.866378662936 0.96259623134 1.08123121885 1.08304911432 0.956720799734 1.14213143477 0.700628854957 0.739938481143 1.14213143477 1.34055528369 
0.656270306824 0.946875394626 1.14245595424 1.02788088184 1.30469347486 1.14213143477 1.11046422911 1.17563898444 1.00346670404 1.07241401984 
0.981606264838 0.813936322926 0.965258390381 1.1421290752 1.13274201271 0.846750780322 1.17544285422 1.14251667516 1.24513546991 1.01235485137 
0.992703377877 0.986427114827 1.14241150753 1.08890832084 1.05189029401 0.706405987275 1.01863617946 0.929539587627 1.05332926051 0.759901649508 
1.65000000016 0.984323338153 0.971435563902 0.998337725712 0.650058691129 1.09516031836 1.11847843225 0.760784514686 1.25155768277 1.14213143492 
1.1421314337 1.16427237288 1.00930411099 1.02799281618 1.2441997483 0.916863014216 1.43382119741 1.02065402198 1.25159926945 0.643525303282 
1.6103863168 1.43185754167 1.16365923769 0.955911071477 1.01328570278 0.990350772612 0.841575114804 1.2449080678 0.883806093479 1.14213111076 
1.14213143477 0.9198641584 1.10887086171 0.998584199908 0.87779511701 1.05306468834 1.1409808908 1.03122077006 1.64999999967 1.06631282843 
1.02841188599 1.18035329822 0.549366768489 1.06434298794 1.14213143529 0.966187466357 1.00317638026 1.62093335188 1.0119676871 1.02154640211 
1.02054480281 1.31906877652 1.13284295813 1.22308685694 1.15055077701 0.716607867543 1.14144656688 1.25164886665 1.02576634589 1.12880681781 
0.985250510222 0.907501522273 1.47371867779 0.952600349157 1.14169462057 1.04745195703 1.14213010598 1.0628581813 0.898696749813 0.887620811337 
0.895195941122 1.30724553042 1.06928343365 0.982106941478 0.814360704299 1.142419427 1.16796725727 0.94050979042 0.823783101673 1.32606654345 
1.14212982092 1.16593696761 1.04592313876 0.942285143816 0.963187772312 0.962244964017 1.5790400803 1.6499999998 1.14175816285 1.05025314524 
1.0204354059 0.971646975033 0.851315874935 0.870425484045 1.05243909477 1.60858171788 0.810094582706 0.862926591481 1.14001207886 1.14212646455 
1.10706833857 1.00789767261 1.09458612495 1.14659412262 1.49918268538 1.11858583867 1.13927629631 0.553846435281 1.31301310933 1.14213143477 
0.921654776868 1.14074642713 1.33560254438 0.962567371159 0.901800639561 0.834934047486 1.14212871575 0.902230509792 1.59656877625 1.02832568353 
1.04035524311 0.701349666586 1.14213143477 1.14213143477 1.11669155159 0.989550937545 1.33096035239 0.884849634621 1.46082840985 0.862026467742 
1.0735106313 0.986025705911 1.48320004078 1.00445654554 1.13648834308 1.00205731129 0.90190572037 1.14213143479 1.03315242108 0.979572073354 
1.19539309354 0.878713810363 1.33479155071 1.52546954654 0.992383814716 1.14211879745 1.12076589951 0.979997709023 0.95765662009 0.941419827145 
1.0587004376 0.943954747178 1.25910145118 1.0025376805 1.65000009562 0.73372596398 0.667687625819 1.142131435 0.998868135659 0.844810540709 
0.977799848189 1.14213143764 1.01067576185 0.906085876323 1.16528691197 0.706643983912 0.909813793396 1.1477488571 0.966646228356 1.1005287417 
1.1421259625 0.9831752479 1.1506817582 1.14213143477 0.638851945973 0.87704807286 0.835062880799 0.999261922469 1.20506718196 1.14246042134 
1.14206614124 1.16427513187 0.991410555312 1.170460252 1.13990816899 1.24285787064 1.13412977929 1.01351734637 0.833133134287 0.971918345257 
1.14242647406 1.0299193833 1.13852685746 0.906471406699 0.989492517448 0.910526807107 0.936646847444 1.11051495853 1.12443339276 0.991856103953 
1.00702549945 0.947874056847 1.23834197011 1.0353230389 1.01810225272 0.959071782175 1.1424618459 0.790363074367 1.16357425201 1.14212587123 
0.931301845409 1.01652595741 1.04546607142 1.40704650116 1.36469198504 1.03347895838 1.1423267722 0.987157760114 0.97573784675 1.09430897376 
1.46682033933 0.684597608144 1.00603796977 1.23232862568 1.02889536355 1.1421293094 1.23206891332 0.93476814233 0.964613358263 0.873550916406 
0.994255963553 0.905002187369 0.891755675701 1.12151367174 1.14249985691 0.911484665112 1.11755330742 1.05444674505 0.998168531255 0.960172897553 
0.956471092185 1.21882651321 1.01750696067 1.01601786654 1.03493414361 1.14209812953 1.05506708428 1.3066386171 1.45341200999 1.02574947057 
1.14213143483 1.00149739419 0.993070342034 0.665560507554 1.01184535843 0.890565651679 1.0806398173 1.03110301395 1.13204721342 0.952629592344 
0.870439054255 0.953858537946 0.970511158966 0.990464599885 1.21909741017 1.02873606302 1.60872043602 0.776960246745 0.901723454313 1.14213141328 
1.22220219663 1.2681139245 0.999494108082 0.791865349469 0.632588428565 1.03344583483 1.14212966997 1.10972142125 1.00388986586 1.04340781992 
1.02410317191 1.0652423946 1.16942246332 1.14717842775 1.14458799542 1.40794619843 1.1421035689 0.643011503811 1.10017974276 1.2937358309 
1.01843535929 0.694466641835 1.05170480436 1.60917451241 1.14212978273 0.972958423054 1.07082129656 1.1420169489 0.831037837001 0.907650440916 
1.01667772292 1.1841840787 0.976754895146 1.14213143608 1.07890062584 0.973787644383 1.02789501468 1.17208416796 1.23297761588 0.558000877321 
0.557500084987 1.23115305211 0.972341453558 1.09768374401 1.18368855444 0.964808660951 1.14213143519 1.23831643671 1.01668851179 1.02736811592 
1.03923414434 1.09168816803 0.912555294075 1.03872963407 1.64999999986 0.997606678447 1.14213143477 0.96352051347 1.14141096534 0.889620291577 
1.14213143623 1.12930920942 1.1421105465 1.07569361054 0.979749749334 0.921007257635 0.85975287006 1.46954411526 0.659302209021 0.738348888131 
0.835586976492 0.999692315989 1.02275052877 1.11519570383 1.13546322327 1.34402047365 1.09641822982 1.1421314348 0.966794109526 0.815136810771 
1.14213091839 1.07827392442 0.91066777992 0.940347551142 1.64999999844 1.14213144222 1.15334202778 1.19677667275 1.00012383388 0.646636581129 
0.762559810881 1.14241164194 0.929600184113 1.088985163 0.966649777319 1.09289046471 0.986396699123 0.875644917075 1.00245188738 1.03921584003 
1.20187153123 1.35482485639 1.02462086205 1.45129253034 1.0307082076 0.941466361935 0.999169459245 0.703057669259 1.00362988476 1.14213143815 
1.10283299207 1.14213143477 1.11173589594 1.08076704159 0.739813999154 0.882593621976 0.973137452702 0.903726772115 0.916049157686 1.14213143477 
1.49650926734 0.927119307087 1.0001041724 0.644213929602 0.905660070392 1.14213143492 0.990475994574 1.24949445293 1.24229723872 1.14978619295 
1.12362961269 0.906431398028 1.136059824 0.990469052402 0.936666750702 0.991884092739 1.14242653448 0.910418505173 1.03026275602 1.11059377959 
0.768253180944 0.929581545828 1.08867964318 1.14241162728 0.876177075512 1.03390998001 1.09219905043 0.986317516727 1.16682400157 0.724152903334 
0.867580334247 1.14212982599 1.06466014108 1.02684076072 0.886135126554 1.03953756212 0.850232023998 0.985764057229 1.14147150375 1.56030731495 
1.40994107071 1.14213136444 1.18231096317 0.872914363906 0.937689485569 1.10268800027 1.14213143477 0.634028727242 1.26892278562 1.01532519039 
0.716744835464 1.23070357005 1.21505497537 1.02604385325 1.02007706363 1.14143640841 1.13586041902 1.29665327188 1.15050537016 1.12873578986 
1.25248142944 1.04430814171 1.13879353989 1.14182611484 0.98674816906 0.981605012586 1.14753254131 1.06055986644 1.15412464104 0.766953791888 
1.05201487394 1.26956664481 1.21745223761 1.02541088583 1.26592461273 1.02541955044 0.970400389851 1.00617502148 1.45738066823 1.14206981974 
1.06354865115 0.997530816691 0.843212969091 1.17211382238 1.14254250059 0.977519873618 1.14213143477 0.654576119541 0.786389908346 0.973062797774 
1.45180777516 1.16334796747 1.24268128633 0.959095933705 1.5359769378 1.14213112258 1.01341419936 0.882787397795 0.988804521715 0.841641839394 
0.901974017309 1.30426125876 1.26273326344 1.22718726256 1.10014184737 1.14212853305 0.637314026206 0.997542822364 0.997468457781 1.06802806695 
1.14251290777 0.987099985969 1.14536674748 0.89828766956 0.855645470856 1.01191560159 1.23441808353 1.10313693742 1.0424299883 0.964411568604 
1.14213143709 0.99970278678 1.1141124324 1.02461464029 1.11643682845 1.14159783038 1.02731708624 0.943616487293 0.944061088502 1.64999977486 
1.36392180241 1.2605387444 1.00147364509 0.633886865912 1.14212461618 0.958848803048 0.817700676562 1.19262935267 1.14211200427 0.761643701362 
1.11816322244 1.11604993622 0.901114418998 0.713846603386 1.00184201095 0.920311340228 1.5521304681 1.14152993906 1.04217519194 1.14213098273 
0.985413811284 0.998937770548 1.26257789141 0.748239487358 1.14919421333 1.02438557884 0.874113332399 1.00041389904 1.14212977923 1.06458342789 
1.04908548983 0.973422442589 0.962468555207 1.14213143476 1.40336400036 0.671007255048 1.14213143477 1.07725065681 1.04535151129 0.773044181033 
1.50765866919 0.812488197629 1.14213143481 0.996210106278 0.959037861433 1.04097491177 1.04338059507 1.13401060867 0.96076290197 1.02520020201 
1.13685491921 1.06616489694 0.832979322189 1.24540378035 1.1419472313 1.14213143477 0.657278454684 0.90198536389 0.993852507806 1.03690481933 
1.07668889605 0.975999863048 0.967960603844 1.14242871161 0.912257767181 0.874036828475 1.00676726633 1.38667148944 1.3986504226 1.01112213208 
0.941554515047 0.933900492364 1.03519109591 1.1059718276 0.844409160723 1.14242172112 1.04540863743 1.26828226553 0.900135098209 0.990440194673 
0.656511139514 1.65000003102 0.770297455327 0.989815682458 1.25106797258 1.00280893353 1.12630501368 1.26323844251 1.05761463171 1.14213143495 
1.0697332607 0.971268096311 1.01766210374 1.34274113584 1.22817206729 1.14213143508 0.543314884968 1.00485718085 1.22309271593 1.2766425175 
1.40443097359 0.820289991001 1.03739405392 0.982267508146 1.14134547408 1.14213069865 1.0087223872 1.61016098961 0.930184945757 1.55857315926 
1.00385986748 1.03353968719 0.79244047472 1.04341313726 1.26805684483 1.14212966961 0.999475958904 0.632586554292 1.22012512923 1.10971040083 
1.10975856487 0.632573917359 1.26808325671 1.00387610601 1.03349412297 0.999498727253 1.04365597552 1.22112486301 1.14212967234 0.792164202091 
0.888233782061 1.142130626 1.0121145788 1.2758042164 1.22001571349 1.13337354096 1.24101903728 0.635090234607 0.933360625109 1.00190181011 
0.89607371226 1.32128743727 0.646208083461 1.29332038153 1.07108180029 1.1421298279 1.21481844105 1.00513903947 1.00026142136 0.952276900279 
1.01243119135 1.2453464794 1.1754839945 0.965245960703 1.14251663167 1.12926623778 0.982047564882 0.814496917149 0.846462729067 1.14212907489 
0.746461605223 1.02794876485 1.00514702225 0.938404883113 0.954536498524 1.20330518618 1.14213127459 1.14213156689 0.645555237791 0.956078250963 
1.14137475137 1.14212981611 0.849462866131 1.03763303821 1.02976101981 0.862634094647 0.881802952324 1.55781125779 0.967329473863 1.06142734395 
1.1421300853 0.944831334917 1.56686093482 1.23741347867 0.900009777675 1.00516689313 1.0498951706 0.935328705021 1.02963902761 0.974261617731 
0.7687003315 1.14212634184 1.16373164802 0.966335842739 1.14252077486 1.13099411463 0.905804188319 0.99747214249 1.00737221137 0.650586569951 
1.00668795431 0.835312032365 0.55492385982 1.14213143477 1.14213143413 0.8356556158 0.999364545234 1.27608241905 1.05742540154 1.07464621014 
1.14212978144 0.756835395318 0.874685439863 1.24876090916 1.41683823361 0.980004484246 1.0128182466 1.06363360765 1.23372543174 1.64999329065 
0.953850401909 1.01533760093 1.14247946102 1.19410259128 0.905853464492 0.68161877032 1.14213091398 1.03795489206 0.976137702644 0.755179718294 
1.15087951608 1.14212595487 0.983226119066 1.14255893467 0.999155853758 1.14213143477 0.639017914349 1.20474271295 0.834989307354 0.876950638511 
0.553856723347 1.0739047195 1.39565306926 1.02275794597 0.831152960865 1.14213143477 1.42895973507 0.701096527749 1.06952514494 1.1421314341 
1.3653743409 0.889496892931 0.975912037105 0.792803135967 1.14211231141 1.18325736129 1.02849874966 1.08611071255 1.14286598653 1.03296327696 
0.82516849655 1.14212915612 1.64999998106 1.02162380028 0.670381567548 1.16724646803 0.937418471548 1.60690884552 1.14010665275 1.00539663629 
1.36055796325 1.65 1.14213143495 1.40385331344 0.678860268787 0.99545868817 0.964574659596 0.985216142905 0.994776450121 1.22625620302 
1.18666323356 0.757571775372 1.0133144231 1.14251280273 1.14213064612 0.636118771349 0.964122779962 0.87787629246 0.960295075082 0.938001828213 
1.10046352981 1.14212879695 1.02520505049 0.997548237979 1.48090980467 0.922313044339 1.00817950127 0.852011307941 0.997589722638 1.22675651642 
1.10400042198 0.896771521465 1.26966767716 0.890831169339 1.3274558058 1.21043400467 1.14213143477 0.904183290618 0.740471449103 1.14210990515 
1.14213143501 1.28020660852 1.65 1.01185560911 1.36079551403 1.00303757665 0.786014552233 0.689620852188 1.00680160586 1.07847747991 
1.01174241647 0.934395139644 0.88805098547 1.27524285816 1.21126922664 1.24057343217 1.13528356356 1.14213062752 1.00186577776 0.635016143867 
1.04272085876 1.12162261544 1.18388418831 0.787727117677 1.14246178048 0.947524922332 0.927042657438 1.16718221652 1.00819183416 1.14212542781 
1.04251893394 0.853316667977 1.1416221051 1.14213027456 0.999481332745 1.54405283915 1.32152477535 0.972341493582 1.0480827279 1.02117667802 
0.952519488088 0.889118744045 1.03880428437 1.14247267313 1.08257043771 0.968072146418 0.984117399614 1.01673322139 0.754222981103 0.704910609992 
1.31746661911 0.978483106188 1.00488027803 0.60409495792 1.08638687277 1.14423526637 1.09358382432 1.00900573258 1.0060912897 1.08554846429 
0.716020366966 0.98935869176 1.14213143477 1.28922939212 1.3865523939 1.09807436763 1.14188247172 1.05248926887 1.02922462484 1.15369474107 
1.04723022067 1.07260256092 0.656675136725 1.03604542529 0.956042676939 1.14213143477 1.20816711561 1.14213143323 1.28963823697 0.914291123876 
1.14212956267 1.18004885576 1.11820473702 0.975905578316 0.789294904124 1.1424796605 1.32614136952 1.01148481756 0.953922627137 0.645176328315 
0.992042777174 1.03645874669 0.950228688475 1.00062298703 1.10772100206 0.895704205139 1.14208131217 1.29776207973 0.962929108566 1.2463432691 
1.03415281013 1.00237521552 0.984582378769 0.880212521894 0.853180936634 0.849799208298 1.13388634636 1.06212275629 0.8502547652 1.14259443428 
1.27103232299 1.16481615884 0.877660019201 0.752964729304 0.97393365085 1.22712507615 1.07848428922 0.999150606016 1.006327356 1.14212964707 
1.15299111771 1.14213143483 1.25929980916 1.05391248742 0.612588383299 0.571656937565 0.980672013471 0.994040893679 1.32968355454 1.01604640409 
0.628411652727 0.911652718397 1.13043861794 1.3628399936 1.24842691321 1.0283650281 1.14213139836 1.14213143477 0.92600644199 1.28056583768 
1.04457177546 1.30448282952 1.08539174863 1.35156784537 1.14213143316 1.14213143477 1.00064491449 1.07121716634 0.569650664682 1.02271750537 
1.14247471943 0.972429363709 0.958943883639 0.85644476874 1.00739891546 1.02547740065 0.956796810588 0.984177888076 1.12178187434 1.31525508591 
0.950440690399 1.14024062287 1.07649974342 0.821894822218 1.02225638063 1.6243880217 0.943140064688 1.14212973945 1.32616607953 1.60499775002 
1.14213143477 0.830583601444 1.19399244945 1.01201629647 0.822893661731 0.995850259099 0.649946375592 1.11809222177 1.00521278313 1.14212722705 
0.907588617109 1.14248177768 0.975805911474 0.954604397213 1.19380898784 0.755232064759 1.1421308949 0.681864506387 1.04040453602 1.01494868128 
0.800355198729 1.13162980792 1.5890553197 1.14204156456 1.02176688157 0.934720734529 0.904397595527 1.14708968293 0.992680951085 1.2081841457 
1.00974645994 1.31845095263 1.05498412248 1.14251154062 0.834354623115 1.1421289627 0.963774533096 1.1181167522 0.648272424561 1.17421869563 
1.07538724476 0.982781258813 0.857794609308 1.14211138316 0.654914104117 0.738316901208 1.14213143572 1.52161627469 1.15115158136 0.923234283656 
0.970434864873 0.94906823549 1.1778643212 1.01079615566 1.21454238293 1.14212990734 1.14253534231 0.89203691493 0.646344489188 1.03567599495 
1.21788331127 0.945619193286 1.27690406304 0.978033544684 1.14213129506 0.925639061693 0.984371484678 1.5688079649 1.0164504186 0.964157756049 
1.0216783663 1.14213143479 0.934023564891 0.85534656602 1.03483587155 1.41059248527 0.641259207608 0.989441131504 1.26238394679 1.16250439499 
1.27687918203 1.35010425871 0.993842828797 0.865995096185 0.713057603145 1.14195180305 1.14213143477 1.02803596996 0.822047779003 1.08304417287 
1.14213140381 1.14213143481 0.883259229781 0.638985448873 1.12644248488 0.952167510859 0.936309073167 1.11324062052 0.780898181644 1.36920684312 
1.03120718995 1.10857312271 0.877827855579 0.998594439423 1.64999999881 1.1409828739 1.06625151166 0.919849987078 1.14213143477 1.05307437741 
0.920725674009 1.18681436192 1.14249102564 1.13966375272 1.14213056261 0.95754998271 1.01294582723 0.672340918691 0.756336645127 0.99306848365 
0.916722285546 1.26199237349 1.14212941422 1.14211954373 0.636558095749 1.45391318153 1.17938300262 1.12888326677 1.2078580135 0.996088763133 
0.719232963598 1.08772861307 0.927093019255 1.03645643052 0.946037273817 0.975559195052 1.14178095721 1.14213143879 1.42002982985 0.969223324979 
1.19133100472 1.14213142464 0.802634559827 1.07208850361 0.981019132582 0.856834384887 1.02182126884 0.969810620133 1.33763511976 0.882067272943 
1.11848216848 1.00300887992 0.650030385533 0.823087139428 1.14212723023 1.19377249676 0.995845782404 1.14213143477 1.01143391011 0.830708248367 
1.4596033696 0.908326174572 1.14213143478 0.961288856243 1.01447579669 0.913129962 0.946307563812 1.0137120996 0.933645956986 1.13914095412 
1.1423852747 0.932137369199 0.983846846724 1.07447623028 1.16791789329 1.31219404801 1.29398338807 0.720518094501 0.926742989602 1.02534722837 
1.13758273875 0.964696388556 1.38282127403 1.1388281012 1.60666462089 0.916607527649 1.13678130731 1.14212445371 1.00491265203 0.98991765037 
1.48804569847 1.14211380657 1.07859185816 0.977501959057 0.949336735377 0.759529610403 1.24962711985 0.734722574263 1.14213169199 1.11096408392 
0.897028687993 1.13431650365 0.787025327921 1.13846417544 1.14213143439 0.821787206787 1.54217446191 1.009078539 0.99725626308 1.43455976286 
0.943116201199 1.08261176952 0.992290617825 1.14379157255 1.04157118942 1.03516418055 0.778345708781 1.2097640865 0.999603496367 1.04146368306 
0.96153493541 0.981269799943 1.35039377806 0.817686729701 0.923699894578 1.02598657296 0.935404527344 1.05695723496 0.940735411239 1.14237796392 
1.65000041465 1.04293104813 1.02934004432 1.13601591449 0.997494782573 0.890073672694 0.945103291914 0.932227953283 0.972507840008 1.14213143477 
1.03015072949 1.14087760844 1.59163486086 1.14212905121 0.921657202048 1.10714583479 0.857435672594 1.32870791824 1.04547621022 0.745071988988 
1.27657377287 1.00715325751 1.13914172872 1.13937891756 1.14291069697 0.718090376946 1.03310571508 0.988313618273 0.980316191212 0.885206536784 
1.10179544166 0.907836491684 0.758380732105 1.14243450748 0.896150607639 0.871152062774 0.938783537054 0.988974320426 1.09826247181 0.867982553879 
1.28818819101 0.920761586706 1.14147648471 0.96282799495 1.04123491881 1.14213034046 0.971753773417 1.05188935924 0.851452334322 1.54807031705 
1.14213143477 1.14212862814 0.721590994718 1.00012806681 0.814882969448 1.02488446939 0.918681195652 1.24265250507 0.90634157935 1.2270549327 
1.14213143481 0.990575010882 0.996928987365 1.02896013047 1.12015021407 0.966780152494 1.50567678218 1.13407981269 0.942198778204 0.845035027946 
1.08563839417 0.967339917778 0.967219090792 0.930298849244 0.834001586531 1.14240524128 0.995476166087 0.63028720338 1.0102929452 0.894027699165 
0.636963224157 1.09845771708 1.21767941435 1.06567531141 1.00171874578 1.21458710445 1.26592770171 0.998729837259 1.14212942005 0.930744857987 
1.12659661664 0.743338846324 0.67087973282 1.42164783352 0.946013095745 1.00253121479 1.19636551827 1.14213111513 1.04337129022 1.14213155774 
0.883585182012 1.04701078989 1.11005677772 1.14210015156 1.44757230246 1.1424808826 0.954630619524 0.915390992967 1.12072029935 1.0619377208 
1.03238951723 0.828857548767 0.819678763723 0.97370386257 1.14290052474 1.03211456324 0.768375477418 1.14206451321 1.06880603538 1.50184644066 
1.03985063023 1.23221620475 1.2449528936 0.938722121116 1.2057849391 1.00380061338 0.633436280004 1.14213143516 0.822573978361 0.992871195903 
0.998689013558 0.84356916361 0.993674981682 1.28810420034 0.623436547639 1.12136354694 1.1440553143 1.08966805379 0.599344687947 1.07509164483 
1.07519521857 0.701957925801 0.739908879106 0.962166827494 0.962897213467 0.869394306802 1.34052942307 1.14213143477 1.08142802829 1.14213143477 
0.982399214957 1.0079999893 1.40526150433 1.14135056441 1.14213069825 1.03750833781 0.820378743068 0.930348903302 1.61345318934 1.55862504005 
