-240.688137589 309.348282572 300.770898357 -459.927823755 23.0156502531 451.942399071 281.114067882 56.8959066039 -29.0468425247 -29.0463104949 
375.957807228 -459.503694013 -117.214393985 230.189171513 -313.720872169 8.36178139236 -29.0468425173 23.8364833677 313.008803452 460.647148485 
3.15559847554 -169.362061525 35.35470309 435.281984687 -29.0468425172 -322.000581304 -459.020017547 -99.0621197478 451.335816513 299.04993217 
-446.147404459 -17.251127545 3.95705685506 315.549536249 -22.5017855874 383.812878285 -323.531846053 461.573796406 -227.575849531 -147.357302058 
-29.0468425173 -424.379663937 -457.000420391 -235.780121801 419.017682627 323.126788552 187.227351051 -203.939586447 -108.926665241 16.7610183753 
-431.829046639 187.109382325 -64.9670171168 -29.0468425446 -426.90892148 -7.2345859895 462.301787145 321.836534536 -207.008382713 -132.978055604 
437.941681247 449.729427192 -397.01341435 -459.655007244 -29.0470183846 272.080621703 -167.778169182 28.6360678004 299.496872783 -29.0468425353 
-6.51115854356 149.75997726 452.172926669 -137.27307532 -3.71019576254 -396.654111658 385.008478595 -107.861144395 -320.252154951 312.839783436 
-439.307267389 -29.0468426122 -218.634070448 -71.8040654977 187.213291293 -428.219879023 459.422995127 -208.759490475 -7.53396332222 321.467539138 
305.577259148 452.341618473 -379.42129343 -390.773983085 -438.721338004 -170.557707168 -29.0465967387 -51.074743165 313.204163416 -29.046842517 
-320.500354189 -126.351837219 3.54306348984 -459.257651863 284.447488977 -9.1396894123 -41.5601957729 -324.002472372 404.746254378 382.604471177 
-168.889044251 -29.0468425195 -402.116023837 -459.016356647 443.529853684 -172.197774702 445.223785043 295.536686168 274.464739036 -29.0290286772 
311.687482335 29.0437938093 -384.801940228 -417.190907257 -29.0468426556 -190.86869099 453.823872189 -237.372370064 -38.5384192745 320.94776715 
-322.848717399 393.404450242 -139.654085052 462.508299477 -234.931654027 -430.113871699 3.22518166417 77.6859317559 391.854123324 29.0468383152 
410.088541914 -325.590994817 -237.305260826 -9.99398288444 -122.757837129 -30.1501817628 454.855216389 -458.995799843 -8.26361918627 208.176007797 
-98.0663575492 29.0468383388 276.951674115 -170.101375135 -424.838862565 -454.980610355 405.378534089 -29.0468551221 438.584499243 -221.885005353 
447.230916265 -170.151346407 188.177645794 -459.501532212 -29.0468425172 -202.111625715 -13.0422951001 -400.453770506 316.969886164 415.649415555 
-191.857633401 -126.394536417 242.690392166 384.641912112 -460.33879673 -320.945346782 12.1945699764 -410.527853323 29.0468336842 461.670796037 
312.711543704 -321.689391546 -12.1135225373 -132.863593499 460.222322244 -397.001469372 -104.886462606 -13.9389728136 404.391999715 -459.918416433 
410.913372804 -404.216341603 -29.0468425173 -327.67872899 -128.795705407 -15.534427099 291.211934925 -116.673540889 459.398675986 -455.850126969 
410.508269709 5.94956957473 -29.0468425828 460.341699461 -447.289695978 373.194495092 -319.174211094 -227.653211825 -20.10688304 188.842411506 
3.73936005803 -238.510992287 433.835871799 -98.3038212886 -458.654235263 452.215109621 -321.595910531 287.126410556 -29.0468426188 28.3554302688 
434.390107423 -424.107301249 29.0468304499 174.972807724 -29.1252664009 -220.369647024 -410.011005172 254.409939295 405.375217827 -124.038980767 
-29.042722306 296.121148356 38.3451827372 -426.071752183 -29.0468540409 209.941879218 -456.256291704 413.524577032 453.633850314 189.034870376 
-29.0468455908 -65.3937673638 -387.471291075 450.206500113 154.551536629 310.267264435 -76.779306833 308.10812206 -29.0226442113 -377.900028413 
-131.713325285 -453.035654503 -197.42909541 -11.5842651227 -4.41855395706 404.778765639 -321.52566127 315.37026957 449.160187168 -401.955489601 
-21.546596864 29.0468424805 -339.405871256 -235.707876086 462.51433502 -430.356311431 -213.310995593 391.906454619 -11.8547575833 310.53746753 
-29.0468425431 -311.179420803 190.854417412 0.416676030467 460.897107801 -207.154814258 321.826026053 -427.364686088 -209.734919256 1.39642446363 
17.8810137724 29.0468368915 -224.250657352 320.779405872 -442.90599934 -251.047094312 -435.482451894 401.662828672 460.248542047 -145.118154937 
449.951128727 6.22484385245 -148.353500434 -29.0468439027 380.227597057 -135.289531247 187.632368522 -323.433076023 -457.54825136 247.19915754 
-378.699013804 460.341935979 -16.4735481291 -29.046857215 410.506674053 -223.597833042 -29.0468428454 188.792437173 -443.731194086 310.501766689 
-100.561802226 -175.513256006 6.24099583742 -28.9139176913 314.956963053 -460.744459913 -319.766259688 293.780003299 453.447504676 -395.014796878 
12.0852477231 -15.8797613063 -458.830060668 -319.006803745 453.935307133 -239.336210197 -319.891065714 404.530328143 -124.034831084 -7.45750725168 
-240.62263636 283.911561602 -459.47675699 -306.333821181 453.155791161 47.9126505539 -29.0468425173 -29.0468464076 309.881486334 157.995121938 
8.69613313951 379.604677324 449.783765051 248.716968003 -458.628949228 -316.525532089 -134.605397986 -323.308872089 -16.3934377293 0.935752482284 
-328.667687304 -190.203288033 400.18272335 -451.589809769 -309.929167274 29.0468425172 191.162950957 57.2678920054 26.4861253102 -99.7709137224 
427.0976207 -99.3892587912 -319.519302789 -458.689139935 104.646725938 6.34483015058 -319.701122881 448.065771006 -8.08854051355 -98.7099938972 
187.742779699 395.586253343 456.203775694 -456.286623864 210.90218381 29.0468339024 -74.2966066007 -224.019822634 -29.0451026261 -426.002570291 
401.818098267 -318.424886623 -127.710869086 -459.615024901 190.014328937 -175.834539449 -385.259537724 21.7401840717 451.406835715 -29.0468425161 
315.418694281 456.789497559 -460.79586486 9.06772672115 -107.02909665 -24.5443669005 -99.4701910176 278.573736136 -395.011010379 -318.92051079 
60.9673165088 460.875573444 -29.0468425173 309.159111279 -4.69882061874 -449.78354847 -14.4608296474 -227.091317049 -319.353179444 -370.859595164 
29.0468350087 460.917082645 -215.75432426 -29.0468425171 -423.059269365 190.278596665 378.233952917 8.85341385752 -205.233976728 -297.062636038 
-459.703170279 -29.0468425203 -319.564777926 -22.1627143994 440.749509866 448.036415047 -169.050018271 -397.751767877 284.638065391 28.7566033376 
-29.0468425166 -228.955886938 286.207462959 61.2620455154 461.26677587 -450.541052598 -317.996269246 -19.0479572631 4.9029555027 381.19735589 
-0.530910496572 -319.082750226 -100.521060988 0.7776937134 444.260129703 -321.430428089 253.436252073 -459.258791815 385.047491306 -139.858397819 
-235.776593062 187.181221395 -424.30855987 -108.753965394 419.038803173 -29.0468425174 -4.39122532895 -457.031793277 -203.807740734 323.098942176 
29.0468421882 -278.468700113 -222.543616684 318.35318084 331.720387451 -14.0557354984 -221.266732762 -441.252932048 461.985204013 -440.833604074 
-171.089080779 -308.210813835 436.309473768 34.6313369978 -321.59868843 2.56384832476 450.713578964 3.08763544212 -98.7640825851 -458.98483775 
303.496595645 -459.669406196 -127.456549502 -13.36107989 -29.0468425153 410.293625545 444.5957926 -175.357108113 -326.93083794 -398.917494631 
377.888725838 -450.830982516 -316.729842205 -232.007085015 -321.76209787 33.7608232008 -22.8798075565 460.876214774 -9.33836131706 13.9096285878 
-29.0468425171 61.2094420896 -19.0382654366 286.207614004 -450.540747322 461.268006583 -318.042695311 4.57538999839 381.207814624 -228.956922503 
-8.73577712725 -197.43846013 324.829481722 -325.036152238 -420.307279649 5.136800416 411.588986586 -60.7074270772 -443.913700966 -119.472668728 
-0.835743139879 -206.955295767 245.039210543 -427.630321719 302.23557134 -15.5595865881 460.114510335 -210.485600489 -72.9601221299 321.358927133 
-374.375255158 -31.0650240461 -29.0468425169 248.542409347 -316.697425758 448.053286948 5.11308865389 304.425799132 -21.1166034922 -458.463332369 
-122.713271478 -5.22339230277 454.331274226 -238.680260327 189.548093196 -458.405864053 -319.707402618 404.411799223 -31.4002346138 -29.0468425173 
207.421477985 -458.175604575 -215.2367562 -421.729004152 452.942015812 -319.352542659 408.865397063 29.0468402926 -12.5258197968 7.56570352983 
415.617932178 425.056839243 186.094909993 209.234338262 -459.167369009 -418.50622147 188.452325157 -29.0178887889 -170.149180124 -29.0468425172 
315.9275473 -20.6598130948 461.470264757 -5.71267391928 -212.533351855 -141.151193328 -448.922056512 319.225876775 -144.447773335 -432.026108192 
-420.102132828 -202.412491461 410.516209328 189.11420014 373.182352356 460.340522615 -29.0468427277 111.977427799 -208.906039831 29.046810425 
-195.922905255 -29.0467727306 -397.271623547 -29.0468425239 32.0584267057 -459.51831294 437.214142846 272.890702606 450.167457905 311.460081964 
-458.950746992 -325.573751133 -195.233253132 410.94046776 458.951441494 -412.718712872 -121.895388691 -10.0668661091 29.0468224993 -192.453371485 
437.461810434 -403.559879531 -102.6476894 -186.557073526 295.592874009 -29.0468425172 450.018227287 -396.657418546 -324.416059103 1.64789929881 
462.563012033 -439.674771049 367.7548459 -222.736907132 137.567459512 -441.635645926 -86.6824414075 368.70097489 -86.6821973784 135.956249318 
450.893306846 -238.90200536 -387.392263955 -408.499185571 -29.0468855386 -47.7555452958 -29.0467900042 436.012345922 258.048838668 308.161729709 
-239.103525157 -460.083706128 292.436881912 50.7712539904 307.422152651 -24.6902037964 453.439791035 -188.93821305 187.579896139 -29.0468425174 
-434.077923648 -151.115217692 -29.0468425209 412.6194952 187.558504958 -213.609348355 -445.824949868 -9.5963627853 458.95635866 318.726950071 
-398.268241296 -459.794669822 -169.954097597 445.552653308 443.202690377 -103.358971292 296.499651339 -29.0468425609 -323.398318349 -3.4764794228 
290.065798823 -277.788712838 -441.475521056 -439.71742117 460.045064065 29.0448317866 -149.81285855 411.440707291 -29.0468425172 188.276196808 
442.068986644 -90.8712804558 -301.117737994 -381.735926257 145.973800517 -462.573220726 28.9899980905 -170.110134834 305.640431485 -29.0468425173 
287.620355299 184.89170002 -239.72007339 419.993429983 -181.11846739 458.9514415 -29.0466956919 -402.755682235 -459.557086354 -29.0468288289 
457.241910673 -423.555493351 196.992908616 405.378770387 -195.206095231 29.0468234964 -191.879058551 -416.500074573 -219.224643724 29.0463083326 
459.065646859 -115.810413259 -316.509805334 -29.0468425172 307.02768558 164.404577504 -26.7461485304 190.341604059 -404.264187758 -460.269471419 
-168.986081958 -319.550456671 -22.4385163566 -459.709678641 448.046960637 -29.0468425983 284.544606392 29.0166741682 440.739156609 -397.727064398 
453.738487294 187.968042591 309.93868507 -29.0468425222 -392.720615356 -130.642937992 -170.334305161 -25.3676003937 -460.913167532 276.957736607 
-29.0468425172 -29.0438181105 310.299240724 -430.114052625 410.572044577 -449.927481518 460.33224691 -136.157044083 189.689457651 86.0682572269 
277.962549001 -122.439121312 -29.0468429424 -237.747357925 -458.96533467 15.0560723368 410.122399526 454.551609882 -10.0386573465 -325.496106539 
-164.461918502 -452.21553496 459.380528019 54.086401486 -210.235259409 -7.26816279521 320.908896457 -429.526304418 -29.0468425488 277.371367221 
81.5522394712 452.121653651 -392.084587754 381.057694854 -137.265579515 -173.171178761 -324.44483048 2.55363947615 -29.0468425172 313.866349022 
-171.453049808 -404.417924901 -459.368772187 287.864470537 419.869124793 -199.571715818 450.14678387 -27.6696076282 184.462028953 -29.0468425197 
-434.503681016 285.508918748 -209.457559965 -429.327910794 320.469183741 -136.428684403 462.276738712 62.5724326159 -29.0468425187 -8.96276315596 
-170.282192493 -29.0468425172 -86.6183064237 279.097905612 386.946457432 -0.782570273469 249.139691877 -455.099648561 -319.081271217 438.973952658 
-40.7921195133 405.376435278 -223.052514691 178.694972099 -439.919133693 233.988447811 29.0468386138 -85.1660456982 -309.139144907 461.106963693 
184.098139642 33.6136055996 -35.5735864922 407.728254842 460.755137302 -408.591896132 -433.016293819 -213.925922297 -188.626198539 -3.32288745323 
430.113823593 -121.38533372 -442.931576916 100.088680582 -12.3784276973 -325.426226795 411.219873736 -100.810197676 -321.187401208 -9.69846079534 
-109.639777502 -29.046842817 -459.843258725 -10.724609575 418.086042386 -240.225960512 -398.781843356 313.490944811 185.127551265 459.2285121 
-424.239402115 428.339380658 -407.830382725 323.234369152 -203.737869582 231.439309575 -4.23938693767 -8.77534296252 117.388489428 -104.615247501 
419.77748336 -458.875950905 -29.0459431327 -239.369116049 453.067015254 186.232748939 -151.047887891 288.456767646 51.4879591779 -29.0468425172 
-108.835090413 -4.45840827593 -457.025743947 -203.823410443 419.037270294 -235.770744516 187.184264805 -424.32226906 -29.0468449816 323.090682405 
-101.207573364 -13.2181711985 430.123451453 -321.499299128 -458.217906985 427.186973231 -56.6037543499 225.420361818 -241.984162588 99.2158482719 
-459.603071285 -13.6395726896 -29.0468425172 301.838575493 -365.644350845 -238.396705796 -11.2414809343 392.959203007 13.1352157455 -314.066085739 
-16.491979449 460.341944591 -443.741053369 -378.663318316 410.506615954 -223.602258021 188.791252605 -29.0468425173 310.464097182 -29.046904286 
314.821923145 441.916693092 -6.09796676197 -16.2163515826 -459.719559687 446.850748064 -322.679274614 -104.293824241 -172.101928425 -400.570619756 
460.881180048 -29.0141097237 -18.9203598756 304.051905591 -374.14153286 298.422282763 72.1570742988 -448.298954524 -29.0468425184 -228.085086278 
-32.7354476852 370.884750666 23.7766175245 191.94376035 460.117206247 -29.046848101 191.267515469 -459.219733496 -314.581562993 410.536076682 
-9.7051059485 -12.3584561279 -321.183158817 411.217979354 100.091758404 -100.806381655 430.113834971 -325.425403084 -121.387704359 -442.948028567 
189.22226154 -29.046842517 -28.9631648489 416.289857719 -238.593329489 19.7652183697 280.976514901 -241.443385761 -458.935667311 454.538535808 
-123.909640056 405.377338233 -4.28510377781 -324.362912851 157.854555228 -37.5525928049 -320.011570733 432.418549127 -458.68294123 -6.93065332873 
-209.602972344 290.337529109 19.4649353258 -185.203521272 455.890315228 -429.532405893 -8.62705513347 320.583410112 -404.070557998 -29.0468425174 
-210.284958689 277.880438244 54.011782279 -429.560874428 459.375265546 320.904924531 -164.377570625 -7.95094797844 -29.0468426151 -452.20988237 
227.602048942 426.048402885 428.216388491 147.398215565 228.992505066 -26.9329099176 -408.994581511 -116.028265352 -409.836038882 -29.001163937 
-34.098120516 -241.632625025 14.0800063662 238.473103779 -29.0468431755 309.39059647 -374.270254854 -460.554331001 -317.70459993 452.445646609 
-456.253483464 453.628003602 -426.078158265 -29.046478162 189.065094125 209.971928544 413.492093435 296.284311539 -29.0468425767 38.4403739474 
460.233272651 -132.843552765 -104.963205707 -12.2652281427 312.807918047 -11.6993622093 -397.058413071 -321.679106109 -459.916115056 404.438186695 
417.257516477 -169.556516488 28.618315869 -457.947908414 459.34925428 186.878038318 -192.384299847 -415.216007247 -197.738631701 -29.0468425172 
186.299081638 406.519067249 -449.118044903 -214.501441357 459.959427932 -29.0468425172 319.977888987 -212.927265073 25.6177459969 -432.641330746 
1.30515395816 415.994659986 -422.473134714 -239.120270949 -24.8106319306 -199.723523573 -106.763421153 200.77340204 323.086881981 -457.844511005 
-104.934403568 -12.2863729372 -132.878301711 460.223383806 -321.732982709 -13.637860077 -397.006425752 -459.917405508 404.520496801 312.73574817 
309.414748959 -29.0416270222 -460.585989815 452.328398257 -241.668662319 -316.869935887 238.360853828 -35.1250451223 28.0571929541 -374.493753401 
304.065163361 298.416343523 -448.30331766 -29.0468431412 -18.9311449246 -29.0465361027 460.879617962 -374.112066466 72.7692169686 -228.091114802 
426.791938935 -402.726468083 315.555721646 -459.604840789 -239.765822482 219.644769559 -62.5942105094 449.349016992 -4.14929422827 -198.492360589 
-29.0468428828 -327.685804158 -405.064795103 410.806948648 288.035800001 -459.595115891 -15.6030703295 -128.912397235 457.483741866 -185.893274767 
-29.0468425172 -156.144153207 302.001344344 -189.939515714 184.456673118 440.518809042 31.5914336785 -65.8674609676 -378.049368579 -409.455070498 
453.941900139 404.530081807 -319.894251845 -7.48505118337 -458.829828093 -15.872909511 -319.000039646 12.1867024943 -239.340943953 -124.037490798 
29.0468095913 -123.517797518 404.443007003 -6.8579414095 -458.681446173 453.887183086 -300.328175009 -319.737860498 -238.968521743 -31.0509131063 
29.0335636895 -205.521098955 -237.983019452 -29.0468425172 -192.368793704 419.376555475 455.378423296 187.056187008 -457.618259855 -415.518446193 
323.260495401 -104.644086285 -203.754230061 -28.7517445444 117.367135695 -4.26610961053 231.485502858 428.348433812 -424.250303222 -407.796258882 
29.0468423728 321.402368492 -289.743883533 -210.395477694 -428.058142651 -207.880040021 -0.404066434425 222.166513178 461.001345479 -4.98623233356 
-209.27270838 120.421713846 -318.624400326 -100.084069037 -130.265441381 8.93093409015 460.240143468 372.147977676 29.0466045955 -420.511718162 
-65.4910183527 -238.401149146 -29.0468450785 454.688491427 -458.952268857 217.020775571 -171.843063322 278.705386989 16.3594103972 424.000885338 
-76.1915937519 433.091835505 124.687723658 -406.307005742 242.797439265 -18.2739510135 -298.998165957 -122.038878354 431.451491002 -29.0468424979 
-183.597696231 -52.9562392431 -374.04008195 309.674408694 445.332469964 310.380389678 -391.975389931 -23.0470647919 -404.951303715 -29.0468425172 
29.046841144 230.880069088 461.883945896 398.686050798 -21.607246908 168.27300052 -434.480005572 -53.5942706463 -217.256494565 -316.735007937 
460.938902532 -371.208238906 -449.710381419 -14.324344232 -29.0403127778 58.9226048689 289.689151505 -29.0468425172 -227.00309217 309.211718131 
396.77909991 21.6780121521 455.053410107 -402.377845171 -29.0465398944 -183.441879592 29.0468340053 -230.688596899 -429.030991846 294.728704356 
449.804977477 -379.080586934 155.633140052 305.778701733 312.842388449 -65.9121581744 -99.5779927874 -29.0405566116 -29.0468425247 -388.786448913 
404.465879945 -12.2034559412 460.226725385 312.743241977 -321.722127773 -459.917219762 -13.6460923827 -132.860872416 -397.027634038 -104.907462002 
-321.709057371 -14.4709015994 -98.8070473175 -238.428664361 3.15025578963 -458.981796012 -315.81020792 451.048657371 4.66423571191 435.75574143 
-141.281884963 320.017274874 -211.096912075 461.116498568 -8.17389026248 64.8828582153 -29.0468425162 -248.466252059 294.69133271 -430.580397363 
-12.6273311874 -168.281205273 -459.751516075 -29.046936735 -410.525764518 -191.962760259 302.382292479 -367.150390298 451.181370782 29.0468126402 
-195.418147413 -427.472461254 29.0467748116 -194.091551683 210.490713559 -227.129717787 -412.813897179 394.475793909 29.0407300796 457.833457571 
153.255260856 311.554603711 -17.9705479346 -3.16297074842 -174.338141916 -395.479596684 450.655675954 -319.985841325 385.594634533 -139.145647201 
-318.497244468 -130.506576909 -458.951500544 450.345034499 37.9763007591 -29.0468425172 243.227285998 299.370987411 2.61363336809 381.775979903 
451.412427753 -28.9877790651 -239.050374962 419.969441815 -29.0468425171 -201.499389287 189.144872646 -407.985783458 185.65975998 -459.187022045 
-242.517441299 -403.731696966 417.151829705 -29.0468425172 -29.0461404163 -116.190071509 292.021311043 187.888361435 -459.679434875 459.364673149 
-100.493508132 253.437125854 -319.059680304 385.044813972 444.260675104 -139.853174273 -459.257188542 0.779257108927 -321.400975251 -0.250748572824 
-376.889055315 -39.2250433708 459.457037749 -388.890888026 -16.429717194 310.133047681 -461.244153302 309.452834267 -29.0468425178 -95.9914898388 
-441.268679013 -29.0468425172 409.957222694 460.423432352 -223.699493931 310.354657071 86.1182664529 -126.660402275 -15.4465723073 -380.251593364 
-212.468441682 -29.0468425216 55.9816357533 322.587377822 -429.658922084 -413.815612129 286.124926795 462.001450005 -3.72546801174 -209.027520591 
29.0462486089 -321.582724442 -290.811262077 450.913392297 -30.4501286346 -238.213708626 3.13220829045 435.979157106 -458.961110554 -98.6917331079 
1.01338925287 194.382047878 133.655820845 320.043206002 -206.479059163 412.189123751 192.150809562 -119.27837644 -25.3669410028 -424.311643846 
454.647104742 410.119060738 -10.8403153395 -123.874565268 -316.575918152 -237.506310076 -11.1033032067 -325.972071271 -459.09738526 -0.00213534242495 
-450.523194203 285.061054158 315.786593015 234.788175266 58.0763366855 448.065668487 -178.608445643 -395.883535491 -29.0468425172 -22.717238106 
-420.535058957 4.56580611756 -197.66086854 -320.023708931 444.810171172 -458.708777023 4.5445915803 -98.9058926358 324.476870368 -92.4891113332 
-313.822963151 23.604070199 375.731418311 -29.0468445968 -117.43160534 460.620236728 239.946867425 -120.685983024 192.657798325 -459.548645739 
-139.413833094 459.069725432 -321.38169475 419.178099174 -98.567663471 13.0843164775 -315.894030912 125.96942308 9.46530274482 309.483017354 
-318.015277736 19.3092857991 -6.25952519942 425.600579465 -11.2053594307 -456.593828577 106.030168704 -97.8512454941 -318.845260877 453.665816554 
-192.555473921 -410.510352562 29.0467096038 -457.790344103 51.7322156186 -29.0468425171 308.629551037 448.293640666 440.338574341 -161.326981249 
-29.0468425172 -166.505811915 78.0285913742 -317.111431399 -144.158135835 438.12566712 382.848472066 6.99943697932 278.248015675 -452.605808409 
-217.751975825 392.029737858 -66.1130358469 -63.6546411942 -434.904237903 -13.2438365208 159.923376509 462.528551432 393.23451753 159.182571767 
-411.790239191 -213.976709645 -422.18851285 -203.457712811 28.9543039684 460.855577153 -32.8890165667 189.191977827 377.714467446 -29.0468425172 
-9.30005941166 -431.267136088 319.584083897 -22.3636795329 -333.602810596 310.773228179 -5.13029497917 -213.691322604 461.625860068 -211.005223227 
460.341545063 -210.172752994 -5.49082581884 410.509311352 321.552400313 188.87604902 -29.046857113 -0.376356734561 -207.000221734 -427.500468836 
-375.942880187 256.6412224 455.178472685 61.9964898518 29.0468381083 -442.007859175 309.344192584 -28.7035682532 -288.524241666 -160.121357637 
-29.0468425172 -455.332927638 264.652760342 249.197362192 -29.0468947066 -171.203756917 436.201830319 311.880917449 -49.9015381218 -383.694640919 
-3.0209117815 -208.067412707 -135.31474127 18.8033512059 -315.745405555 462.599174764 -9.73829596671 -440.413516141 -427.99941405 321.119635087 
167.115531503 -390.03859002 -337.616836234 -95.4275212739 -29.0468425172 -28.9309750247 309.236933579 312.12768253 -460.93840168 459.886126245 
-445.938346865 29.0468425166 -410.513402715 406.782960739 460.896345548 -192.453216146 239.645894608 182.208421692 -37.7315911388 -226.879866714 
316.92322897 -245.860353495 415.21730055 187.222834162 -432.734438062 218.623762438 -29.0468425193 -28.3506076971 -452.88762611 448.050647034 
29.0468199335 304.593129422 129.258375999 -262.577496989 -29.0468425597 -209.971822016 -372.576512447 46.8920630002 393.431920901 -419.031738382 
76.74364719 394.476017858 -453.836021069 124.806831977 -142.951036237 462.380830027 14.6574496571 -313.302301465 300.87090491 -94.6770119985 
-178.861303858 454.355828245 188.24145473 -23.1912949023 -397.785794283 -427.616108951 414.968581798 23.4716541568 316.425731968 -29.0138960327 
278.085432047 -319.796834249 -29.0468425174 432.466024737 -239.892622876 -98.8719992995 453.051883563 -8.91412136973 -457.682633306 28.8016190404 
4.75891665121 -29.0468425274 304.433735548 -374.461240339 -21.3818262808 -458.477991318 248.613927587 -32.2814116559 -316.737327959 447.963692698 
-194.42312628 -168.426610706 -240.53218238 189.122641959 451.065007271 -29.0461690398 29.0468193932 -458.951385172 -412.031802857 415.88493321 
-241.986298226 99.1805362992 -101.218034131 225.475149141 -56.5468555005 -13.2000960023 -458.208255061 -321.507559678 430.144697333 427.202934164 
-180.735421619 430.560047706 21.1519741925 -412.678898743 -29.046651197 454.222442225 217.673188076 -19.6647207937 288.252333457 -402.158792347 
-421.72882416 207.42254194 29.0468422393 -319.353476095 -12.5272914835 -458.17568478 408.863300403 -215.236787936 452.941789008 7.55309675582 
-190.612834469 -460.137718868 407.000291086 460.863852392 183.299863128 -409.487946404 -244.589699343 -37.2926034143 234.054506258 31.4817653519 
-410.882003138 -192.289583623 -459.563124853 28.0292556647 -123.257675311 458.084721873 284.568885019 -315.695337924 -94.5691842678 29.0468382684 
277.044884495 -131.020369817 -392.821849927 -29.0468425215 453.730473366 -22.0911164255 187.982100163 -460.906648641 310.150699026 -170.43126557 
-319.339442959 310.721907389 -140.554986889 450.350414128 74.8852984068 -1.39690554376 -393.952878114 -21.4733206115 -172.393085516 385.862066202 
-372.41268571 47.9774066351 67.5858390209 -28.9987599417 460.707223788 -449.24893562 -27.0542064461 304.455179034 291.974813812 -160.334432848 
445.286643114 -29.0468432638 310.227696151 -183.51885192 309.685844346 -52.9364159812 -404.86604643 -391.893278973 -25.4924796142 -374.117073595 
321.491925684 460.889651362 -285.850291863 -212.797468491 -3.57604376034 -6.11855263898 -210.302825496 234.704782535 -430.470709512 29.0461613931 
-199.171805284 -224.988638935 299.424458828 458.951564083 29.046697949 308.657400585 -29.0468356176 -36.2267322802 -388.215308837 -414.683950796 
63.3734327272 -8.86873953088 286.067469377 -136.251803625 -209.306622989 -29.0468425173 462.297018351 -429.197012267 -434.448060362 320.471555102 
-414.432990511 -192.556320642 106.384649657 -1.32821062507 424.607367186 26.9200395768 456.899988933 -317.53698484 -96.31715333 -192.782670835 
-324.823908648 -149.696517989 314.044405405 -102.310031636 426.48167186 456.07672591 -448.933248477 100.585865819 -23.6870717572 8.82198780167 
-11.4117057883 207.745265165 -215.694583629 -458.078800409 29.0468202887 408.651641462 452.880269498 27.6133549763 -421.94635508 -318.29311586 
-29.0464694689 -404.785185602 455.764303067 406.123687412 21.7537010444 -224.793677984 29.0462353705 -426.190711082 284.040481844 -183.299992574 
438.717814197 -383.153579112 -99.19437539 -63.622603709 307.090289468 -319.188060047 -29.0468425162 253.953454061 -458.456750491 -7.42685908667 
290.313361408 455.885679285 -29.0468425174 -209.608733486 320.577782136 -404.069755473 19.4738658662 -429.539166608 -9.05203343246 -185.202392732 
288.048784364 -29.0468425172 -185.89840453 -459.595955017 410.981456777 -327.825415719 -405.022840194 457.436936131 -15.6998026493 -128.936663537 
-29.046842517 -322.091798041 -456.766072076 -112.101264544 -160.240169896 91.109298602 -0.24723579211 413.277130062 308.245172629 -359.129948777 
449.75731942 -323.419636568 248.716727437 -316.549856685 -16.5285787014 6.67947970409 0.706144079652 379.71229288 -134.756420692 -458.633088201 
435.999993396 -408.43595132 258.073869128 -47.8467262169 -29.0470293921 308.105084367 -29.0469023157 -239.049723583 -387.446440071 450.900782174 
-457.767368923 -319.219265161 9.08392464731 453.194421127 432.233292316 -239.517366219 -320.00479074 -99.1156023738 -15.6551514926 -9.34373073059 
-460.066314473 -29.0205821135 -238.076139596 302.93405491 290.279964829 453.281398648 -370.362971932 47.7976091118 -19.4095413481 -29.0468425178 
-323.122458516 -225.012787221 -16.9972424997 -440.031879715 7.86661121521 -103.8391953 450.922778831 435.963647987 95.1903967039 316.90360448 
-59.6809224908 -170.27895394 448.981086414 -28.9882150912 313.201171829 -378.950460411 -389.06836797 162.165353008 -21.5540692997 305.782664519 
-29.0468426129 -191.252561543 453.465876742 29.0446777546 302.984544939 -366.844449834 -410.527212854 -191.941043736 8.4649365397 237.214004671 
-41.1730024566 29.0467597838 -218.355501683 -85.6926331099 178.417778637 -435.35125947 143.641189401 -309.168466625 405.183412651 461.129166086 
-27.2541687102 -129.587655823 462.113580029 388.442786995 -125.262394353 -459.850944975 5.87152150481 -316.61011676 306.852335758 199.561647846 
5.87547348355 -315.269124046 170.144095887 -446.133094666 455.297500449 254.728394547 379.014891479 4.62790930614 -132.596664978 -323.728336512 
-168.103800138 -197.569204459 -29.0468429603 -459.85097995 268.531134597 117.525604072 -395.658079611 436.961181912 450.319996687 28.6714210004 
37.0819757699 -368.147459263 -407.098851921 -73.547056868 439.385244892 -29.0468425172 -460.849122139 299.351876639 -186.273038763 -152.941756771 
-423.39806822 29.0468308387 -217.141488914 380.864553783 -412.738929478 -204.92637185 461.227601374 -320.247650382 8.99419610652 -9.66892286419 
129.632648322 -98.5314553242 361.789220778 -357.552375765 -321.030634062 -314.122224982 432.499464039 -29.0468427262 269.18874504 23.6566731795 
445.905740296 442.852047259 301.013807375 -29.0468425173 185.472406216 -292.530564807 29.0465548732 38.1536146455 -172.798827793 -390.102733465 
-29.0468452484 -451.197957467 -76.4633963766 -383.217997471 306.496530701 153.307324511 29.0401278809 -306.012232116 -87.3570880463 444.370041499 
435.674010825 -373.659148405 -455.864102551 128.685498175 -94.5031089936 -315.946647482 -112.947979717 3.54504657819 -29.0468425222 304.059894102 
-319.354390742 -12.5282931421 207.421444958 -458.176361091 408.860168397 29.0468400425 452.942666715 -421.72730629 7.54650750378 -215.23383644 
-404.276872018 -327.539436096 -12.7516706407 -116.769992716 -128.711586517 -29.0468425171 -455.645460032 410.803687176 291.126719166 459.401051021 
-317.682650581 36.2739533425 -320.778809961 461.093720112 -451.276965605 -19.143773458 -229.61581918 6.49381155081 -9.83024170467 379.728759422 
28.9395536325 -407.005623909 18.6476465311 -427.182445419 392.905478442 187.098622393 456.216331045 -29.0468425328 -187.515901105 -226.273782106 
-319.332173466 27.1776171844 -194.9995694 404.676420663 -414.362790883 -5.97031448693 460.58678568 -458.591750493 -121.794752979 -123.356598273 
-459.843249729 -109.528057472 -11.0273421893 -29.0468425171 -398.752808874 313.453614288 -240.22679242 418.084083995 459.22879722 185.141600723 
-311.951840426 460.598930091 -459.537209299 -89.2054926818 -169.928652303 185.202554082 139.242636043 408.776443697 29.0468172553 -33.062609708 
420.388413397 -41.0281830525 -239.239850753 3.36033570299 383.871864179 -29.0468444574 186.071311824 -458.817110357 286.482187169 -323.861819412 
-25.8732469114 -206.294910914 -403.747625195 432.354722948 -5.56798618069 -207.690574592 -425.920628549 14.9216205482 244.826607524 323.038941104 
-421.822649359 405.356466307 -458.133887182 325.017080595 -50.7750775308 -319.517152246 -121.151581597 -201.120046911 -6.45186851754 2.00584017377 
-441.847631894 -29.0468425171 52.968011651 -221.628138587 280.034025026 -210.833759742 -8.11960267988 459.754971713 -430.114010163 320.491254291 
-29.0469209174 427.162689464 28.85547886 -305.110742695 -356.454963994 -450.466848781 80.4870345419 -79.2912760732 -51.1913419232 307.949134831 
-433.536128104 -449.551325538 406.022801477 26.7508597296 -29.0468428754 319.58414727 186.112730445 -148.485369384 459.912037693 -214.822668801 
444.677260691 -2.15075937458 -399.011055308 -102.273950751 -459.604773879 -200.79360643 303.855809717 444.074765635 -322.852317741 -27.6115119987 
-238.524939577 -15.6365451194 -87.3598522539 450.541116756 436.594881665 -315.863985232 -458.932225153 -322.275145169 -29.0468443668 5.64001540099 
-9.15104705638 320.579366704 19.4665495588 -185.20980903 -404.077382577 290.28106953 -209.605283253 -29.0468425177 455.888554123 -429.53514122 
-23.0291165467 301.182738736 -358.178036319 330.310344279 -415.346001218 -192.339161058 17.5222767806 196.659019212 -29.0468425172 -21.5073578322 
287.738465481 457.506379844 -15.4399552275 -459.594282695 410.802671633 -327.662550318 -185.906681925 -128.895902303 -405.073805428 -29.0468425172 
-4.53821712546 -203.86462173 187.205159582 -108.503880889 323.062406259 -235.748837202 -29.0468434252 418.990647472 -424.353735752 -457.011859843 
-251.921563812 462.078626597 397.030258 -14.9451939113 -217.268094513 -25.3539821707 29.0468373925 -434.462546065 309.828905239 -389.616973199 
308.255086878 462.251053178 -29.0468425399 -437.187802611 79.0750284706 -443.778811323 -221.833468521 -29.0469539179 79.8971499806 304.688676299 
29.0446432764 -413.594060392 24.4777784456 -458.131538297 -191.39776373 455.017465372 -198.080949947 302.50224114 -29.0468425172 264.070431102 
-42.8799317868 312.644533594 -99.3003952577 -4.56110826112 267.114507471 -461.668189165 312.577069628 455.167422552 -388.430063735 -29.0468425172 
-179.095532556 23.2422701253 188.266621993 414.914983526 -427.477614563 -398.066727918 454.403172626 309.77867188 -29.0468486556 -28.6525731633 
-424.875295107 324.209496589 -190.511872161 -407.265411475 -207.089100524 29.046570968 2.32891969604 460.286543633 4.89264949614 -204.816735125 
-459.794811946 -29.046842517 -398.253824827 445.548621675 443.20669777 -323.37251432 296.552804536 -103.340542431 -3.30417778503 -170.000528545 
-231.514595525 461.067936041 -450.237719586 -29.046842527 64.332348527 287.949229118 379.510298194 10.6003135064 -22.6164597073 -322.093603492 
-192.462020293 458.951442099 -325.578953772 29.0353767581 -412.726553338 -121.886318824 410.95440023 -458.94902699 -195.241884115 -10.1441420524 
-191.705543263 -368.652699325 -410.530837285 1.43721360548 -459.899038971 29.0462153584 302.700712741 -121.864527664 -29.0468425178 459.035734822 
-454.026933483 126.895346174 27.8713409083 -142.951007367 74.2239000286 -93.9641402506 392.766570987 462.584373357 -315.813086217 297.187266708 
-402.131957222 -131.582082706 310.50488205 -453.260395255 -11.4177719184 -321.464577556 -10.7911042907 -197.553289655 449.185900064 404.716411195 
302.678551347 25.4435402477 -313.510071838 -459.96602261 -369.336688053 -10.1707748477 -237.139706011 -15.8408957104 -29.0468426295 453.847469976 
-211.943518527 307.216835064 397.791741017 -287.251856145 161.071450706 -29.0112528311 -458.951474537 29.0467569552 -86.8473803426 -419.993353421 
425.953664974 -29.0422127462 -376.554857368 -80.6383564727 -243.035041457 456.308070696 142.951002946 -462.328980759 304.201571868 -73.0216045783 
45.8895035881 -218.247202457 29.0468406718 -377.292249528 -289.442158498 -29.0075451046 200.288005326 398.12474303 305.408489963 -423.017538975 
278.615271789 -460.794806244 -107.048116677 -24.2567579401 9.07895867792 456.786141342 -318.91891333 315.426236088 -395.028286241 -99.4621863896 
-178.525429548 316.2528811 -29.0464246422 -24.0036607837 415.07083504 23.7545573563 -397.427827197 -427.766219914 454.218684451 188.123952513 
189.069119769 38.3828222419 296.163028947 413.532873996 209.919237345 453.632579028 -456.261173147 -29.0468562694 -29.0060956259 -426.060617317 
437.931629556 -29.0468429358 300.009416694 272.044789678 449.73547196 -29.0461339677 29.240033027 -397.01270471 -459.648052534 -167.646256414 
33.1225176129 -239.944655477 -458.865418398 -7.64499773854 -319.9535933 -29.0468425193 404.612864768 -124.192754425 453.623513621 277.812822731 
-0.527386075559 287.833097295 -242.009897582 -29.0460835302 -52.8791489857 388.115867801 189.056570314 -459.070596195 -318.89032469 416.252686966 
-318.677262222 323.226703972 -424.220131376 -4.18922787485 -6.19090991702 -97.7363875405 112.078759623 -203.716112411 -109.687145779 427.032821616 
-98.2555959061 14.3194157195 239.868738335 423.448934475 457.411736359 -29.0468425172 9.45438807297 107.466275823 -455.077736082 -321.591262475 
-326.972740355 -97.891049298 6.94374553005 5.05134939518 -462.506487562 -314.873322041 -40.4022071695 364.119578516 259.583592763 459.452211337 
-102.961674936 -169.995704511 296.667113889 -29.0468425175 445.514665395 1.90694085828 443.240452908 -459.773297423 -398.371113113 -322.990733898 
-392.270320262 451.204596286 -409.19753002 -29.0471432935 435.498381585 255.904646989 -29.0468428906 310.01894744 -78.3685910182 121.529009581 
453.224999298 -457.637887725 -239.11181827 -319.802603937 -299.036500946 29.0468381119 432.183392159 -33.0252193395 -98.8496271857 -8.95971441845 
154.547814684 74.1297066795 -316.385801329 2.84557491577 -457.030768796 378.44381283 -29.0468426168 -150.355503977 306.893670045 -277.876491882 
-197.545559316 404.725029568 -453.9572984 -131.585017412 -12.2778037249 308.766267602 -402.198077972 -12.0501295719 449.251538032 -321.507978522 
455.852530172 -457.995117644 1.58038203874 327.997973361 -1.5938187315 -422.134387323 -70.8621024467 -202.673190084 316.178601798 263.044110131 
-393.392120162 183.727550969 297.122676297 448.36791346 420.82408951 -29.0468425197 -459.888288632 -239.453588806 -26.9440523943 -172.242927265 
308.102122652 310.846323934 -380.562801691 -29.0469421436 -173.947386324 -461.924839691 -105.101404445 443.51214272 -29.0468425171 -386.796721127 
409.011163732 -14.7564228438 105.680098908 -325.605100958 -94.9466342445 375.258698706 -117.645006866 460.564005308 186.535571967 -32.5996135708 
455.977785212 -29.0454817087 -168.303503355 310.370734855 -29.0468433518 -378.265784391 -390.62853449 -43.7886626901 -461.223030045 308.938039675 
281.360220596 28.1776550619 -29.0468425254 -459.647367438 308.696901753 29.0449642045 -239.456439002 452.008736118 -313.335621311 -12.8000426671 
187.603113122 460.288666661 -442.740315664 -29.0468425173 -28.702892319 305.560877536 -225.415988437 -377.594088725 410.866205623 -20.5540054565 
31.1052775799 117.204874285 -190.293691023 -460.46741417 -33.168918319 -360.463852958 -28.9304133823 301.217671884 459.681870949 -409.660991666 
-29.0468425186 -248.928330557 -456.347796524 431.342844367 -102.319980488 444.723764103 97.3589948983 -324.695029678 8.57378773416 187.085387799 
25.3541850074 -291.185895392 454.240989767 -360.540843579 -459.09594164 -168.980688692 39.4709627991 -29.0468435233 17.4537166499 307.970843896 
-29.0468432653 -192.002876877 29.0440380672 -426.207814302 456.268049479 -411.144604178 208.766419999 412.209420587 189.548395399 -192.768390252 
-291.24020952 -123.508907893 431.856076191 -452.087006396 29.0463460318 -202.179437439 241.189148157 453.425685353 -415.787138563 29.0134476089 
-429.272213708 62.8009232436 285.509799551 462.292894364 -434.364938352 -136.345714131 -209.418941886 -8.96445572245 -29.0468431388 320.514048206 
416.029931194 -238.787726902 -93.9725056703 29.0468099789 -218.470311263 400.364569444 -457.515999637 -423.175359769 202.005449694 -26.9172638529 
-207.43502651 454.844582797 -53.42142865 -239.084345931 -457.129234115 229.305519461 -416.061302029 -191.892470159 29.0468421676 429.311439033 
-96.1043278779 254.547382937 444.899886469 -457.578927652 -29.0468663349 -317.484640174 209.581077807 434.622789722 21.9932208416 -406.389516603 
318.899844192 -6.10777971108 -345.778144614 -0.911994069669 -433.439683377 461.903500745 -213.150373868 -26.8335117226 314.690580858 -215.892304788 
29.0360312424 -452.676634232 -230.825185564 -19.30945731 10.6837091132 -309.398549514 -316.97380669 -88.9270754088 376.827750413 460.750454455 
-370.974523537 125.770932014 303.865086492 374.250576201 4.99684881756 -253.38936871 250.197114401 -37.3155486767 -29.0369456388 -319.103515851 
-395.022263588 -107.06431123 9.20799341139 456.782944746 -460.794734576 278.627272247 -99.4538576752 315.44824687 -24.1545778642 -318.902281176 
-123.852151802 -459.09589428 410.142826123 -10.8118515584 454.649271792 -316.576468823 -325.970835477 -237.504923876 -11.1694218185 -0.128538019862 
460.727244236 190.256979565 -213.563099629 -215.207166061 -422.127846276 376.632171179 -29.0461484968 -131.681091089 29.046838071 91.6218425572 
449.574090473 -102.075691427 189.64753878 -459.229674162 -376.628096319 -13.4753481657 -170.577367392 -29.0468425172 -321.609772735 438.200099218 
454.464218578 419.42033899 186.717726973 -319.696625966 -29.046842517 2.19931695923 -238.4653669 -16.4497922303 -458.192192307 -240.065343058 
-240.145211741 -458.256313505 10.2143263658 -29.0468435431 419.410729519 186.669094686 -319.24154788 -14.426911468 454.402530094 -238.514085592 
119.072592171 -411.010682167 453.425069873 311.708849649 -79.4864705241 -28.9858304225 -396.343118618 230.710643793 -29.0468743038 431.857079494 
-460.877559544 -174.36919421 -29.0468425172 190.234908537 453.230974869 -28.9156983744 314.607610562 -134.746420707 286.684036439 -393.978640048 
-267.644035042 305.395163105 129.026259887 -196.672178006 -29.0468425172 -419.471577448 7.31179616055 -375.934751118 44.8986923439 326.586166454 
-29.0464170009 -29.0468446882 279.535329483 19.9348129239 -239.078402735 -458.980157918 -149.348757085 188.882150655 414.411062227 454.643325659 
428.332405163 -424.237182947 -203.738301402 -4.23247082396 231.42035404 -104.619571905 323.256348524 -407.833060824 -17.2760487976 117.382113554 
314.80752102 -394.16586089 433.330056585 -38.0202460895 151.240369114 -175.933962541 -9.5481454698 452.523644101 -27.3439132926 -324.975047709 
280.222530543 -18.1616572968 310.824022634 -169.670533965 -389.527778717 451.324443976 -29.0468425173 312.728969912 -15.0213602934 -461.489062264 
-90.0077669147 39.4576212597 374.650919381 452.466860861 300.427711026 -322.878042051 13.2927728013 -456.907302027 243.692837284 -29.0468425173 
-29.0468425173 462.282983903 286.045114165 -434.507346654 -209.443438236 320.503758213 -429.294717828 -136.383346626 63.335106092 -8.97349339133 
-347.270144987 -203.686226687 -4.09608091572 -424.185685718 -319.714704472 -7.04432379403 -25.8920434356 323.371442464 -122.918306482 404.775326857 
448.065775864 -397.103264856 -176.230663095 -13.0891983024 404.168827901 312.275220078 -322.139522056 -136.846114441 -28.9674403186 -460.307044543 
-149.810329776 -29.0468437577 -277.761771766 290.013744674 -439.712101437 29.0463327373 -441.481646897 460.042277133 188.275279679 411.439077298 
378.360474213 15.1406927322 -153.955450036 306.785714869 154.523569744 -29.0468425171 -315.475360192 70.3748676746 -456.985173261 -277.754918587 
-282.236854119 410.000339431 187.34519049 -147.97293973 -29.0468425176 67.3754641444 -168.311236142 263.185835986 -456.016432072 420.555381143 
14.7920406503 -11.5535326075 -19.2659269838 460.888184216 -452.04518007 -316.77428561 29.0465881614 -230.1963198 377.98980456 -318.537970622 
292.667761356 277.322810063 0.482590517404 -46.7834029989 -459.417892741 451.595736437 -29.0468425174 57.352088112 316.233241157 -243.068124256 
-169.975132691 296.618939498 -459.766648503 -29.0468425172 -102.598750225 -322.5555644 445.517823622 -398.390749157 10.933946762 443.237313347 
-412.633376392 -451.967855849 -209.207076711 -120.168409123 -195.322756969 -324.58455953 452.595044142 409.837320359 -7.18345892291 29.0468209485 
-429.781701274 322.362555979 285.908059615 461.999953435 -413.991263036 -209.128479997 -29.0468425334 -3.74083501523 55.9744015372 -212.614101535 
-447.148838516 -19.3002285424 -129.344453175 313.629544925 -318.846973016 -0.731309682112 0.443844608223 461.759752215 385.403339807 -226.356232594 
-97.1264320402 -456.692498842 413.536631529 453.105947096 -29.0468425172 188.935746187 -28.0013161602 189.215107206 -425.078550483 209.461016037 
-164.001282093 -29.0468425174 32.3189344818 450.699132211 436.333381633 312.979238725 -459.587348491 -29.0470179648 268.094373036 -397.888001331 
-28.9162626253 410.472008157 -459.070987829 425.335228223 209.898751503 -123.296160046 -419.169405956 21.4320936139 -324.970321165 185.882368729 
186.559515291 421.737561615 451.346780926 -29.0468425172 206.100178066 34.7864064549 -458.601077858 294.162700778 -29.010232229 -418.49995908 
-448.787274296 47.5503203258 -373.884818829 304.72696518 460.810621969 -29.0468398451 -160.606756684 -29.0017237374 308.79170132 84.3228122153 
100.023308319 238.651254707 430.113399167 -181.25708567 -28.5379327563 -407.098485465 -100.378126617 -320.849453572 430.113859662 -11.5473196438 
-5.91824421267 -194.667696465 27.3733642518 -414.371738568 -319.316286426 -123.377151168 460.583971656 404.626353101 -458.591244527 -121.792321244 
-424.290791036 -207.785757366 -115.680948724 -8.80352819303 107.179557134 -427.906055069 -0.662425163083 -201.786712406 322.317617276 321.202824006 
456.856166498 -99.7285161559 104.269659381 12.2916333484 307.896929604 424.706851691 -29.0468425171 -453.272120804 76.0769878528 -322.752351265 
-7.40939610026 12.397111131 453.939562938 404.496638197 -458.828735894 -318.986999853 -239.336047718 -319.879080577 -124.031980879 -15.7685057694 
-132.913000149 -321.781683216 312.745123845 404.482619404 -13.3765900211 -396.986605339 -12.8672665504 -104.878415428 460.22551043 -459.919904586 
-10.8999779093 -316.574105535 -10.8238815644 -0.084123930298 -459.09520267 -325.960239649 410.143811466 454.648325102 -123.83960151 -237.508461279 
-237.506707673 454.64852324 -459.09631942 -11.0440408083 -316.578891956 410.139129467 -0.194899072454 -123.85499175 -325.965939665 -10.8304032279 
-405.082862136 -327.781037871 -16.6754360312 -459.599266259 -129.001448085 -185.897559051 288.034163172 457.456734555 -29.0468425179 410.848917317 
-407.351615995 -206.706861603 449.560106801 -455.261570948 186.950207912 -326.239193779 -124.756192482 -11.7354595266 410.146373469 -29.0468425505 
416.234284461 -318.84664236 189.058725139 -242.008487998 -459.07041894 -52.2410624827 -0.329011091255 287.898314133 388.082338795 -29.0468424073 
-403.973579721 -170.979316365 415.796089602 -29.0384394596 290.407951412 187.658006057 -29.0468446516 -459.733988168 457.15960971 -184.725066092 
-11.8425832903 -397.459000001 -322.06162518 313.227415163 -176.215276388 448.06577461 404.09629997 -460.27494509 -136.418093205 -12.8941952353 
-319.696004182 -319.524689901 -99.3844301956 -458.688022421 -98.715321131 448.06577125 -8.16345921332 104.641701831 427.099820426 6.4166502523 
-412.37334155 -26.1600449358 192.94736238 -241.19448164 -458.139721564 29.0468385954 -208.402060913 -194.909055662 416.229326497 452.558383484 
-4.09612706907 -428.600003698 51.922325788 -448.386508472 -29.0468428902 320.584098423 459.197305708 -225.292494457 -207.069937674 278.580821107 
-322.036218175 448.313833295 -410.867571383 -458.719264122 -166.99950454 -29.0468425171 440.304728051 28.8966174809 -192.646102805 -89.1488803775 
-241.660211882 416.881278042 -459.82613472 187.678231858 -169.519327285 444.736635107 -29.0468425172 303.807984049 -28.9473710743 -399.560437957 
29.0467892639 -29.0468421762 -191.973246753 -192.720251009 412.250866273 -426.20068382 456.2652555 189.530398388 208.766134304 -411.114841235 
18.339760614 239.407503446 -242.376558675 459.610164859 -431.29497311 -451.894986493 -149.556927813 291.927495771 29.046825232 -29.0469438674 
213.493986908 426.735942888 434.974284085 -422.732455529 -29.0474300841 183.921191351 -247.266613186 254.362207181 -457.12964786 -29.0431716806 
-315.234571796 -387.212507031 -91.5344284772 307.993416642 -7.375256943 268.706123731 456.888697423 -461.468799182 -29.0468425174 13.0957550907 
-421.461083643 -98.8488147094 -321.790697522 -198.643245298 108.47233937 430.113834882 -112.054431525 13.0268758384 2.79729043932 323.72753756 
187.915882912 -403.885479807 417.150668918 -459.670419377 -29.0338195987 459.36484252 -242.499468155 -29.0468425173 292.047124078 -116.373563164 
-341.532048207 -324.603758896 -216.667524724 -7.35475844159 -422.307488785 400.53162046 29.046828152 -10.4066831579 410.761120881 -119.365462535 
312.646879968 455.173103953 267.055710973 312.666633977 -42.7821264261 -99.3513995965 -461.66223348 -29.046842559 -388.43487858 -4.40459932599 
-325.598046154 316.20580714 -103.256845872 430.113833492 -396.817316784 7.5797107096 94.6598122494 454.497548384 -20.7892765504 -178.50244691 
-15.4695276048 -29.0468425172 -405.067538893 -459.594998834 -128.914105214 287.908385449 -185.898767654 -327.683162098 410.804015967 457.480960491 
323.190037195 -106.604025493 -199.683046878 -422.42208339 -457.867196051 -239.136349178 1.82964280742 199.374198146 415.983715798 -19.1419865988 
297.443715206 -322.068103805 -28.9176789112 -399.311917769 -133.92588744 -459.920027588 -177.675350574 458.95144641 405.148743648 -13.0782253979 
-243.186765408 428.921010554 -48.1603843798 -461.564880603 -41.8523117594 201.787612358 174.47701913 431.896118422 -401.417457445 236.061452931 
315.769365412 -335.005400269 -210.435027331 461.97591294 -6.1367812259 -430.53010242 -233.142578033 387.258144159 29.0468293916 -21.7524456001 
21.6749023028 455.839195739 -405.255323426 -224.702302806 -183.776830475 406.347869113 -29.0460873631 282.384379054 29.0468320292 -426.128769288 
-29.0468432328 306.444686321 84.5714621069 410.415529883 460.355447424 -450.754139419 -12.0058660527 -26.0189963548 -234.006035655 186.872711503 
-29.0468425171 188.831805205 29.0466620171 -170.630289455 37.7527752296 -459.122398147 -286.507220357 416.188011477 -240.96268628 454.185049022 
389.298817277 -227.578971477 26.5972673131 200.5666997 29.0468299354 -422.099267421 -314.547321983 -90.9325311029 -215.909172152 -451.706679497 
-17.2687218481 316.943597562 -224.846781541 450.897937989 95.5801370006 436.00469317 7.81619577397 -323.153547451 -103.880695389 -439.88914029 
-459.120209798 209.511151873 -418.830587417 425.133844644 -29.0430833431 -124.355947055 185.922555654 411.297483252 -12.4113780162 -326.497425094 
-94.6693301358 -320.754390228 -452.267942271 12.8551607694 460.511425124 -233.185454412 21.0604175368 -312.624737107 -22.9720650917 374.817058436 
460.341898058 -437.738069581 29.0468248111 -268.790251818 -223.185974815 410.506929886 -29.0468472772 -443.455450998 297.683700051 188.800270974 
3.62597778455 -318.009583769 -19.0917737328 -228.916175359 -29.0468425171 -450.521878368 461.25195282 288.3439451 64.3875938348 381.071403208 
-462.599175587 414.963150107 -95.6043992942 195.12795324 154.364549983 431.250213927 -244.291143455 1.52834575551 -58.1536204132 -316.25727681 
387.965773413 -29.0468425172 3.13010857016 -317.394749243 308.491574753 -91.4558930558 460.193476628 -387.833867873 162.486608017 -461.253117791 
-427.546818212 23.4031271698 188.257007278 -178.923838197 -397.812409565 414.936972815 454.347228539 316.627807663 -20.3362832696 -29.0468425171 
-169.331071978 -459.811707362 -28.886968969 -241.717742338 187.720301036 -399.519433716 -29.0468425173 444.812466107 304.048017509 416.901101825 
-19.2677087301 -29.0282400494 -460.072343467 -370.424751968 290.732709734 453.255455146 48.3391782416 -29.0468425591 302.910921896 -238.093514407 
416.344782566 -316.443686806 0.591128439577 -459.03378689 -9.46062440637 -29.0468425147 -241.826700986 -238.418229495 454.836749852 189.042484711 
190.13867523 453.339610771 314.494392148 -29.0468425172 285.408829693 -393.915071044 -460.885418267 -128.099142922 -174.303940364 -27.7352991491 
-242.807121102 185.858205711 188.490671834 417.022620114 -266.708796602 -29.0468425137 -459.35057122 413.661543215 258.671200338 -29.0412415496 
-459.842699856 53.5012335676 -29.046842756 -239.866995197 -317.275981456 452.257824562 296.550298586 -18.9063893402 304.092334642 28.5289052322 
384.429483243 -322.547822032 -246.173726187 292.384069174 -29.0468425172 -81.3955373833 442.411659653 28.1064199743 -453.27603925 244.779284585 
129.897013024 -122.340568208 426.139034543 -319.540399389 -98.9827640455 2.71070157579 -409.626948699 -7.20594812636 427.898886795 227.543831267 
-86.6824597982 -441.645464031 367.763310368 462.563940163 368.692710515 -86.6823348916 -439.658758317 -222.721523071 135.959622853 137.568382349 
310.031520807 -409.176399281 435.489459544 -29.0468425331 -78.3669806344 -29.0468613527 121.5129359 451.210004673 -392.285513311 255.876665292 
-202.446234919 188.022472864 -459.570843141 317.549478524 -29.0468425171 -241.759755654 416.831384404 447.321429825 -401.046137016 -11.892223111 
291.098475571 -454.065916344 -422.318487193 -27.6571931966 455.779193311 125.184096676 193.440931086 44.5587040936 -29.0174870057 414.290243328 
-213.482699397 -210.789456402 319.017707497 311.104570331 461.570397353 -3.13625750204 -17.9131493704 -332.147186208 -431.05487527 -9.18793586456 
-461.116303721 -310.391494383 313.873923261 -29.0468425172 452.822120798 -392.354355427 286.444537227 27.7817383721 2.31846488501 -172.604174493 
316.686262884 -18.6343017258 454.363761004 -397.894104567 -29.0253323983 188.260893555 414.938684885 -427.552816623 -178.963708907 23.3737674448 
-441.232613942 -221.686603641 -383.624792323 461.957614109 307.333072718 0.914244286411 315.802850797 -147.456208626 -15.4479880452 -29.0143398163 
-421.825053679 -319.480407574 324.999790632 1.99636052978 -121.128108373 -458.132816195 -50.8023551345 405.215343319 -201.11237632 -6.47102851594 
-142.501952366 309.204290163 -154.768317492 81.5246498815 -462.225721425 450.953088908 -29.0468425172 -378.091314474 304.053856953 -29.046764286 
-211.995632377 -29.0468668931 258.859093481 435.732380076 -29.0468425845 -410.019159651 185.813924792 450.521890635 -457.161009043 -173.550380835 
448.063873389 -29.0468425428 -21.1188964106 -30.9987964298 -374.357150445 -316.702505556 -458.466077234 5.04732349117 304.420820258 248.54318003 
-423.885159996 -227.390040428 29.046669264 -427.674785722 29.0468424842 -219.8891205 404.467847028 -29.2199692789 392.351377345 208.94493146 
311.0631509 326.721153275 -459.053464216 -344.344398794 -198.338087579 -83.3215334051 -29.0468425171 8.35238903813 -127.946656961 -419.290094684 
-82.311960586 -387.916559518 139.280749939 13.2953186506 309.26410517 449.54951296 312.509814795 -29.0468425363 -98.5168789201 -379.465505888 
309.509764908 -26.0355180451 -461.041510062 -391.760672658 454.208179912 278.369871295 -315.908625736 -169.339900868 3.91805098601 -3.99516854839 
-84.6913502946 24.4437344946 29.0468195412 -220.984662666 -423.117826419 404.700913329 -213.929411567 374.003027347 -424.377971787 144.011662725 
-7.15330618953 -134.772313357 -374.547830914 -427.382399704 461.800246241 3.66087975956 -207.72455361 321.71444795 -1.45304488877 -316.488174266 
-177.237037579 458.951442215 -11.9209308856 405.140684253 313.165102809 -398.720660578 -134.231513979 -13.1117896546 -322.113444855 -459.94879086 
-429.589614563 -29.046613674 209.990897362 410.825533875 -26.6448426042 29.0468423266 399.496643541 -213.485790608 -420.751143877 189.689478292 
-373.99534542 298.715728302 304.080526862 72.4104934852 -29.045846415 460.871981831 -448.309361492 -29.0468425172 -18.9894070754 -228.10468829 
-2.57280935132 -317.609615403 29.0467983998 118.845037062 -127.500344711 -417.375789086 431.556683638 -96.3893691436 -196.627673709 424.599415606 
454.489766015 -237.773345777 -122.79126624 -29.0468427111 -9.34138261819 278.45161246 -458.999020769 410.156424253 -325.492353816 15.425480519 
315.407167925 -400.268778917 446.9309131 -201.999945248 -17.8958958609 415.633315954 188.182641413 -29.046843121 -170.214851463 -459.512593986 
453.598921515 186.783081323 -29.0468425172 20.2797649374 -36.5242555002 -458.088087387 -239.966813945 419.367689487 -238.355807374 316.794870303 
-245.524423621 436.715668527 261.27234519 435.072611069 -454.862699961 -29.0468580267 -407.677596283 -29.0468457496 257.981324521 213.896874411 
0.66220142969 -134.769031128 -458.634377198 -316.551793103 248.719443407 379.713015602 449.755807752 -323.449676953 -16.5265236241 6.39704938455 
396.369891709 -402.606013491 28.5143073852 292.304029824 455.16038536 -29.0468425188 -428.922058016 -230.434277613 -183.670869514 21.4088619646 
271.984058185 27.7106131096 -396.97849462 -29.0468112056 449.751466166 437.90503481 -167.707808981 -29.0468425297 298.40831229 -459.656249746 
404.438563509 -12.3105127035 -132.897572569 -14.0956897113 -396.979550725 312.704237562 -321.728580873 460.225219378 -104.854383517 -459.920873408 
