46.0930713066
45.8003508642
45.7227940946
45.7511036737
45.7124623128
45.6827847889
45.7805363228
45.8393849278
45.7490000356
45.7800877743
45.7890144143
45.6764459782
46.1083835213
45.6738117385
45.6786945699
45.4668706379
45.6399883118
44.7975615043
46.0928326371
46.1749230998
45.9527031466
45.8806278009
45.8977974439
45.7075518365
43.9114797186
45.9360285823
45.8144656284
45.883728644
45.8978891144
45.9756263177
45.2004697054
45.6402679335
45.4605062348
45.8786465636
45.6651729178
45.7818837325
46.0328994573
45.6017618534
42.3428624338
43.6993015286
45.8978892521
44.0979572834
45.7407098294
45.6738048919
45.5288013704
43.8783759231
45.9976270021
46.1390290847
45.6010848603
46.13886634
43.9099770806
45.9211873456
46.0073812999
46.118386788
46.17629699
45.7736754776
45.6228675106
46.3197384356
45.7642415587
45.7090633955
45.7407069031
45.4431614034
45.8616267716
44.1989315022
45.1738045875
45.793968164
45.2143660059
45.9392281375
46.0928985989
45.7055817389
46.0410084741
45.2743967262
45.7584393196
45.5516552273
45.1854070441
45.4305199955
45.9976584728
45.6386536643
45.667437881
46.0352470353
45.8806723471
45.9461606227
45.7347260819
45.8932521347
45.6236566457
45.7965501189
45.8685818898
45.8490628068
45.813839485
45.9050158685
45.904170251
45.6866335777
45.8038398476
45.5358459886
45.6822903218
45.9695255952
45.8618705331
45.6308799493
46.0440778973
45.6151463694
45.8618716089
45.9321556991
45.395476448
45.4668681143
45.9139867409
45.6544875426
45.5761412241
45.7692169246
45.9951231425
45.8928750443
45.9915655668
45.631862722
45.720964445
45.3523336799
45.7584334949
46.0523810145
46.0398609476
45.9092193737
45.5292875322
45.7061761328
45.8978892458
45.6823117855
45.6787105967
45.9501048065
45.6745366224
45.208145947
45.895673242
46.0491472433
46.090967237
45.7939788179
45.7939787203
45.8103688185
45.8633368469
45.4999819944
45.6510152401
45.6807085818
45.1715111181
44.7615450002
45.8806760557
46.0291009461
45.8978892409
45.8609968689
45.5578260462
44.1989291045
45.8140757174
45.8902610072
45.8378794833
45.8738008786
45.6164575397
45.8684617969
45.2648206792
45.7489996771
45.7818803015
45.9283676575
45.9684476812
45.7508873806
45.9657975398
45.7440557076
45.6702369202
45.4188830663
45.6398599349
45.9741605679
45.5192696348
45.7724606536
45.7547727453
45.7636258907
44.5442263637
46.1209983617
46.1210329569
45.9396762715
45.8438051463
45.7940864172
45.9287037486
45.8110777594
46.201163318
45.8880365883
45.8723253689
46.1781405785
45.9275642412
46.1083834494
45.8927244439
45.9395889465
43.3226933475
45.785677895
45.8719937063
45.5409804656
45.91133251
45.7594594042
43.0216133731
45.9327531099
46.1430086294
45.9136468793
45.8082933384
45.6390697951
45.9592465139
45.4090783991
45.6422865558
45.7333640967
45.7474090505
45.6728359972
45.923892056
45.8124423923
45.6711181942
45.9027254149
46.1210238292
45.7493018168
45.4692763652
45.6786959283
45.8978724159
46.1430061237
45.8376417027
45.8384699563
42.7521680991
45.5734698449
46.035236941
45.6659065225
45.8216724896
43.7194496691
46.0290107724
45.9285290426
45.8961579454
45.5819687028
45.6679211193
45.789547415
45.7589442754
45.8806280752
46.0224692732
45.7336776169
45.7886638428
46.1210328218
45.7374203241
45.602365525
46.2073235069
45.7889374859
45.862088993
45.5022903513
46.106047612
45.6379957453
45.1629904681
45.6994995349
45.6381097304
45.5095623207
46.1174854048
45.9308916501
45.5164861778
45.6678420018
45.8734591
44.0275721705
45.443161422
45.9211774068
46.1430086589
45.8535012531
45.200452574
45.6666019993
43.8274033582
45.6610193706
45.8577390992
42.9734680925
46.1430086534
46.1387928005
46.143008595
45.86230325
45.6786682521
45.897889217
45.8837119317
45.8171830982
45.763027047
43.1081495625
46.0850601678
46.10777116
45.4546926867
45.8213383715
45.9737411838
45.2581673622
45.9975290439
45.9388857618
45.8836956134
45.7349220614
46.0926868796
45.8181703415
45.7223002406
45.9211917276
46.1083833455
46.0264496687
45.9184890236
45.9168836368
45.6536023878
45.8266030827
45.8247700951
46.1078028381
46.1499353866
45.9932705631
45.8414696033
44.1517345349
45.7931841898
45.7512035012
45.853501254
45.9126476957
45.9283443299
45.9798231002
43.5350860279
42.9963310706
45.7608932958
45.6474613252
45.6244551617
46.091139674
45.9092361713
45.6256280096
46.1430086593
45.9579837704
45.9254218081
45.6342789906
45.6362816457
45.8924732673
45.6331896896
46.1784941691
45.9031282363
45.4581341861
45.7800892091
45.824086783
45.8737660093
46.0264496624
45.7732451889
44.4197370944
45.8762457222
45.6891330749
45.7695307611
45.8260969758
43.8672221926
45.7819849796
45.8330366286
45.5296131725
45.7952981432
45.8445192294
46.0329797644
45.7488734966
45.5947214659
45.7049303253
43.4291051335
45.6293857512
45.7965886237
45.7512025424
46.0352470312
45.6393929713
45.4835679698
45.5644732419
45.3690774101
44.0421577916
45.7952981709
46.1210330322
45.6697356281
45.5640617245
46.0264487573
45.5088706492
