-212.582968701 -430.217893862 -8.69463144501 -3.52955275105 -280.542318193 -210.01300177 460.86358225 236.074153188 29.046707924 321.478663239 
-408.088476674 239.168303666 -29.0468419398 430.951730633 29.0467108249 72.9388518483 -202.699609619 -187.689985089 408.274239314 -425.563180122 
325.089738127 -86.6774049005 29.0467214639 -420.499582358 -199.026113802 -70.8346158454 -372.960177039 13.9642945863 449.419246514 -318.209886165 
-85.0489358366 -13.0777109727 -327.408809749 272.059037428 411.688883402 -399.697916799 -124.551592019 -382.15896051 -29.0468427372 438.278593404 
147.890172605 313.752595124 -71.1278157352 -391.765360939 377.94335145 -29.0468425131 -19.6238717476 451.778298983 -173.072284099 -326.11006755 
410.827096847 399.508261917 189.693155808 29.046834372 209.962385964 -429.551760688 -213.495229779 -420.755174396 -26.5714700688 -29.0468526704 
-151.177249575 -449.84630891 -255.039319562 459.921810542 293.528223484 -29.0468324686 57.9318424348 -434.455123181 29.0468421825 288.063983721 
-135.472702626 8.12941657647 321.912656362 -426.952695178 -97.8268399437 -7.27357716228 -314.057052691 121.770806125 -207.148464624 460.104575804 
-221.888631145 -29.0468443577 -443.821525543 -437.310928435 -29.0468425174 79.7772631404 79.05180231 462.257492424 304.633843737 308.287617507 
-87.7031246776 -400.462972704 -103.137483658 -379.350830582 -29.0468425172 438.940404421 -324.60068891 16.4169332271 441.128630867 274.56844595 
-358.286153822 311.283267092 -28.9106261282 -150.499310525 -461.548751164 308.183228892 444.131763919 -56.5728174885 -382.096944829 -29.0468425171 
-8.3285442514 -385.65033037 438.471405199 -330.90027175 42.6579706332 -164.20609882 68.5508251284 -315.376503511 -48.9705339864 449.411145848 
-0.18526478592 -459.096397538 -10.8317084852 -123.855362354 -316.577642467 -325.965486358 -11.0353869262 -237.50678851 454.648333249 410.139766121 
-414.633604433 -29.0468425172 29.0459554748 299.712933637 458.95181238 -199.098326454 308.662243299 -36.3124677768 -388.204196959 -224.883000264 
309.26651105 -29.0468431796 458.997503217 21.8622133774 -314.353620106 -96.5324294658 -390.19451809 -444.944577996 -70.5428784724 273.375997806 
442.696474137 -29.0468425173 -64.3631173897 430.194816141 -462.358981161 148.34697555 -380.14429466 -171.582724864 -243.678602884 306.640709961 
438.539287724 -406.137147711 -83.4495208842 39.2987773603 -29.0468425171 -420.145124161 -184.678219139 -365.395059806 -149.518935022 297.380983102 
235.989336881 364.006720842 24.4248567776 -315.68788578 28.8121080852 -141.594438843 171.440529674 -30.128847334 -196.344497708 459.317833315 
322.546284457 -6.13258954757 -412.61744381 -192.782169238 -425.414767567 29.0464783439 -195.082232196 -205.022537961 14.6099033861 458.565301853 
454.735092961 -127.7028279 -29.0468441451 21.2628463011 188.80146167 280.107919146 -458.963178974 413.947126574 -29.0468425172 -239.716598724 
436.630735882 188.409506627 -29.0468926706 450.519462514 -458.222857647 -248.242860714 -403.472798287 256.274063793 -29.0469254627 -166.530056157 
461.852038728 315.912131156 -5.61955971908 -231.858051549 -430.18714727 -330.847342116 -210.04726554 29.0468173891 386.194428736 -21.378757618 
461.164101725 400.392778699 -451.451925452 -121.190752513 -5.92298285821 -29.04687892 -319.898561207 311.250502648 -396.980661466 -74.2657221196 
-29.0468425623 -223.266718103 208.448911834 -425.422329091 405.379582372 448.121115055 276.350001421 29.0468344611 -322.159131898 -86.4850928817 
370.929578136 -185.084852369 -97.9208855361 236.454542792 188.161349536 -404.079530023 -82.6420102067 452.36990602 148.875513568 -29.0468425172 
462.077279836 -427.567414175 61.6968497306 -227.902473348 -251.560170525 -29.045021611 297.487157204 29.0463929427 -139.06289857 388.130172758 
-416.240346461 434.674881967 -29.0471042053 -392.928424137 137.093670114 310.332417457 451.704451773 29.0467188464 -202.808594357 -62.557919252 
-169.05417549 448.065771656 284.580666879 440.720700956 1.9233736178 -321.050871377 -29.0468643466 -459.75167284 -24.0875161196 -397.515762884 
-7.78377115145 -29.0468486234 -74.3225182127 461.146883806 -121.289684898 -451.201447405 -396.698711586 312.127032535 -320.181024131 400.556930993 
-429.055091443 -136.190083766 45.2791217456 -338.469472384 -209.277601815 285.08346625 -29.0468430039 320.646838524 461.978228851 -8.83698332504 
195.128028757 -316.260671327 1.60021729943 414.956665641 -95.608838309 -58.1551497785 -462.599174764 431.24989135 -244.291123284 154.363937272 
383.27465761 404.940617247 -459.32848865 -127.407703098 -323.546497114 -85.1178518536 11.0431231482 -9.88551624651 -320.779963796 272.715078782 
-29.0468425173 -28.8165855122 -151.800981651 -385.292964134 442.821824403 310.127913335 -385.389125745 307.414405791 443.969811301 -440.139184722 
455.737765636 -202.322649699 -376.556692459 -423.982564357 -153.190355991 -8.42204679044 323.356370906 1.96566530161 -0.571203913044 -321.806297122 
380.658297969 -104.469615119 -135.993859624 -394.323927554 -325.039735513 154.61143647 0.521460889665 315.151641759 -25.7247658314 453.344227639 
-0.585936103268 387.561493945 -459.258461199 -318.995471889 188.675854661 415.080377887 -45.3228149144 -170.658420017 290.276422936 -29.0468425172 
-433.845999878 -249.351899564 -384.424676073 -216.691735881 -22.2563106149 -14.5501534138 310.117955275 29.0468410345 396.351844345 462.158668551 
-170.986601654 449.749528507 -29.0468407616 75.5685462582 -380.989371141 -327.079413811 306.75742997 -390.528412281 313.272282138 -45.0369132751 
355.129111943 460.441056456 -317.282783542 374.220981477 -295.715224553 12.8160740119 -239.632490945 150.878604957 -48.9540189153 130.147683209 
-351.033090431 -69.4591535118 -21.575988905 142.950998702 1.29899521831 430.805065964 -199.815927915 -422.549336351 150.94681044 323.108931022 
-74.3261987193 -451.20316693 -7.72293917345 400.555496475 461.148116496 312.129766866 -121.296983182 -320.186233796 -396.698174857 -29.0468491338 
-201.596688442 -10.368529478 -393.649306918 314.00260548 449.512265766 -317.173151881 15.1212782001 2.81795552536 -2.04771406912 -448.399365997 
-95.8689397114 291.02970732 -404.257832965 -383.004344542 407.349312914 -115.885560176 -16.5460335816 -328.254092713 -29.0468425272 458.948505078 
-28.3380113256 -36.1069711001 308.735279193 -199.180503589 299.339011597 -224.894368936 -388.298209191 -414.688267408 458.962172662 29.0467730473 
29.0467524784 -215.268941527 196.268007512 -421.636155434 -127.435131325 393.668341546 -423.752893485 -229.233483134 445.36513552 86.6824414758 
83.6130317613 -29.0463084309 246.401443915 -412.521383211 -165.644571473 435.286642118 -412.987162785 29.0181105382 451.332991339 185.809818549 
461.903295447 -29.0403036375 307.240386984 -15.771454967 315.7040741 -441.753819915 -382.997532484 -2.99430710344 -222.128701917 -149.747174129 
-29.0468425172 404.26409781 -31.5308401195 -6.33685196635 -319.400111674 -238.618059836 -458.360176088 189.588950464 -122.363335481 454.268741479 
-430.261883052 -211.623477399 -20.045920742 -29.046842834 -83.7969017237 446.900864612 441.867214755 184.065098728 305.165729974 283.912012272 
-239.142307017 -29.0348119168 185.234747082 419.843072892 -199.795044405 -404.710509909 -459.460591293 449.975175586 285.525684722 -29.0468425169 
86.1281835791 -187.372666865 -88.481773708 -335.576633794 -29.0468425172 287.713953311 421.053395578 73.3646832375 458.477012569 -405.378752925 
-20.3444207291 -448.571858965 303.350638542 -29.0468425175 295.842290732 -228.553854297 460.722376738 -29.031145916 69.4838675865 -370.595686306 
-204.044885381 -133.12369271 -211.881610622 460.562123317 -29.0468425172 -421.496347779 28.8522138611 375.24288431 173.483174072 284.200272594 
454.556928453 -29.0468467723 410.154282889 -237.746938126 278.194569677 -9.82712243991 -325.522122009 -122.499114462 15.1923549283 -458.969097612 
-184.794974129 -403.817730134 -242.140770589 -459.683414301 312.822989732 -6.29785906827 457.223879397 187.841552468 -29.0468425173 417.072305797 
451.646196751 122.571320311 -29.0468966786 -7.46865258187 319.368248819 434.770741538 -412.238239552 -431.826354384 254.523191694 -212.220580531 
309.802848072 -367.235610575 88.075147571 105.099644943 -452.050622751 -23.6925194753 -29.0468425747 -159.703180821 309.354448179 458.943667684 
-9.51349526618 -241.820836826 -238.426124184 -29.0468425172 189.050370542 416.332111585 -316.359746024 454.894595584 2.14391745639 -459.03496265 
-29.0468453285 -168.708302225 -303.397419182 29.0467647479 -410.525703636 158.228475301 -459.554361181 -191.966523879 306.4334698 451.350590035 
-29.0468953442 -29.0468515625 310.530866565 -146.693014618 -240.265787066 81.6443318507 79.5563211351 449.519791945 -461.891393819 305.815858663 
291.406135709 -404.174709818 407.268264341 -95.8365278907 -328.251403071 -383.001654363 -115.853653671 -16.5795027247 -29.0468425172 458.938450164 
-29.0468425916 283.911976964 447.488107922 392.096644849 29.0468114607 -83.7969705163 107.760525994 -117.190234409 -419.108091507 -210.027386808 
460.289201775 187.534620749 -442.760937391 -20.7420877347 -377.595710063 410.86259144 -225.30318736 -29.0468489917 -20.4150457592 305.861587631 
461.343016022 381.845645221 182.342343041 29.0468420829 -221.032250177 21.5134887937 -208.261728796 -425.133603672 242.959508769 -361.376875798 
86.682440062 -237.914873912 -357.651665098 -460.913049219 310.070447474 -138.928793122 -138.512686061 -29.0469349963 451.982979883 81.4351140538 
440.292306108 -374.640996119 427.428434972 -98.8318006032 -319.680798068 -97.8773550611 20.7926275918 104.459818314 -9.45649525626 -319.890934525 
-438.400560935 -363.463656314 -59.6636573694 309.187809406 425.147576562 81.0372932215 29.0468425347 -29.0468528814 -82.2620133475 -308.707253658 
414.95917261 188.231154172 -397.850349017 316.557212884 23.4009762538 -427.559892929 -178.921360445 -20.9614159418 -29.0462463444 454.36163162 
-425.418259925 14.629610877 322.751558064 29.0468304173 -6.67896830878 -412.70769448 458.43015241 -195.228633639 -205.063579552 -192.905574093 
-285.293401516 -459.267977725 -325.04711022 -29.0462311102 29.0468281768 441.470883862 -82.8798760504 447.302770392 -39.3614172954 117.727092098 
208.28929405 313.775974848 1.33417142857 -425.946899547 -205.212162507 -83.7973748665 322.46241126 -208.864902297 459.980038729 -29.0468425546 
-192.427408916 404.033588515 238.885379248 -368.907316178 -125.863056548 29.0451204274 -314.157253467 447.355232595 29.0467562073 -410.706817619 
105.884925552 444.400455954 -72.1037422453 426.476423439 -29.0468425172 -319.112136007 -98.1339300856 -7.20368152195 -322.362480354 -377.112539195 
-81.7197056675 -132.474908042 124.700861194 450.747681449 310.231185848 -48.8233143132 316.067531611 -390.046021865 -442.91472205 9.53341280394 
308.217688308 -29.0468425172 30.699834409 303.303821834 126.589397802 -358.001822201 -28.6669996058 -224.820321034 -366.455508209 -458.634018543 
-216.446822173 175.393298531 -92.1710927196 -44.9584265039 461.35417004 -313.245971998 -433.448507245 403.233406841 137.428634946 35.2531092532 
-240.163316412 184.714783073 459.085264051 -29.0468425172 311.46770175 -459.868760993 419.071106989 -135.174005447 -20.6249731559 -356.606164024 
-29.0468426141 -386.089027871 -83.7969011722 -168.905608519 442.288063159 446.474975052 291.203451104 72.9516788409 300.99997417 -27.7270102442 
322.369892381 -139.062520177 -53.0003292468 -350.154518699 -270.978912655 -21.6275225435 -128.941937975 63.677383523 459.480812648 -453.416125599 
310.545570732 -21.4928790075 -11.8456994563 -235.655986589 391.884016329 -213.296842373 -339.322801893 462.511747209 29.0468423922 -430.341682396 
315.840761918 387.200487063 -210.414264982 -430.512311776 -335.064194405 -20.731516566 -233.084463057 461.969204872 29.0467742738 -6.10168889375 
408.947424121 -209.120790001 -4.90901593475 -211.109586232 460.193710768 -29.0468428744 187.424463765 322.3960953 9.6624012971 -429.039635173 
-7.7894737411 -29.0468427372 236.591297163 -446.687077472 -388.164471351 308.95914482 285.484650237 -29.0236842756 -236.053003884 440.228302487 
22.3702007134 430.86190866 -27.7967534749 207.91726109 -401.516812179 -27.8649023804 295.432712499 454.036563541 -413.187361616 -180.11268499 
-1.13070479462 419.697188858 287.341125938 -324.250444241 -29.0468436475 -458.919616051 -39.616191559 185.654507155 384.002405293 -170.974248379 
305.550793782 -53.6771421352 313.081532482 -28.6946085669 452.134669522 -379.175412879 -433.925471917 -29.0468425172 -170.221224991 -390.454423899 
-231.543939313 287.219285424 -22.7893663039 63.6510204904 -29.0468425173 461.028237678 379.174121906 -322.023016458 -450.279094242 12.8872213095 
437.638822736 -12.5352326138 -205.366839359 316.511051132 -417.911147526 -228.256713456 8.25948174518 29.046814653 449.911642599 -442.334973926 
137.690849356 -393.935929992 -203.304803391 -416.539005235 -29.047192164 28.8011982346 311.448295279 -62.7625145652 451.868238202 434.405529509 
31.3706685002 -163.445255533 -401.305070679 308.589165173 436.840740431 450.392676873 -29.0468425257 -456.043587529 269.036988457 -28.6870605802 
-317.590956928 302.227819711 -29.0468425173 308.492668268 -13.3132478693 -240.027092917 28.0656581983 67.2160511623 451.883084683 -460.011736509 
-422.723991145 313.283061641 -390.108518144 305.426938928 -101.10120811 -29.0468425178 455.438806758 -29.0457085654 -378.583294652 -51.2977155569 
414.746748642 -70.3723952423 -29.0468443023 -171.367255552 -29.0468425211 -299.761406895 -459.975275667 459.716598695 186.032304107 308.884326012 
-328.015403865 259.367226877 -265.158404507 413.853543318 185.732916254 411.756643735 -29.0468425532 -126.278011966 -459.457588025 -28.9523594567 
255.609801451 -100.717337565 3.15898750866 443.136848008 -459.061100801 -323.940330529 383.450012462 -139.780575477 -319.535393071 -8.36120049781 
-412.799618428 210.519011279 -194.058423346 29.0468227649 394.402840011 457.816119293 -227.033491344 29.0468252227 -195.396335984 -427.429840601 
-29.0468425188 436.424501564 -407.657790652 450.644056508 -100.436706387 -190.386634145 20.7585284842 -322.523849554 186.848243718 -425.786446521 
-29.04684339 -439.869453852 -217.924293979 29.0468190674 -23.5588450768 462.145903537 80.8438229544 308.755160549 -448.573773081 -318.550923299 
4.47198993824 451.026662882 -14.4180895736 21.3700483996 -320.947815337 -238.454084312 -98.2129272196 -458.962455345 435.792058423 -315.833492969 
188.298197012 -37.0072036352 -117.29250309 162.385816056 -29.0468425193 431.106478504 452.065289193 -456.187308075 -324.365339557 -4.00352864783 
430.113832791 -181.52660993 -407.104147992 -320.84937234 430.113812208 -100.377499378 -11.5507314301 238.654221142 100.02354397 -13.4217515596 
-108.072463215 1.64968818637 461.613778931 384.154443106 314.469706251 11.3060152018 -318.634028933 -448.319896503 -19.7366047225 -227.799764706 
-420.862732216 -366.112674017 -29.0468427926 302.136702961 220.194843631 -42.4064260433 201.441527412 -407.890540584 423.543653328 -29.0063348928 
-171.531848065 306.619480709 -64.5668997093 -243.672616557 430.126163439 148.174380236 -380.109383097 442.687169344 -29.0468425172 -462.353081639 
459.456554257 -29.0468425169 -240.699980711 -460.029946998 -28.6036410907 416.522587603 -67.2427508729 185.688660932 308.885663481 -358.258298803 
-318.499431787 2.64244289323 450.339774082 -458.951444337 243.267717423 -29.0468182388 -130.541783482 381.7859034 38.0344430188 299.409268852 
163.595915764 312.371666092 -29.046842517 -215.908975176 29.0214997515 317.488450512 -55.348358137 -385.122282147 447.062194969 -432.69285528 
397.110433138 -2.53693133395 -460.28005411 388.060421522 3.36756651768 -130.561882236 82.0408298609 462.06917788 -317.719740923 -323.838806334 
460.448276307 -202.783092899 -421.091829723 374.287139005 -210.869460864 -29.0468425172 190.262126483 7.78620164925 -210.898815047 29.0452031862 
-180.007027067 -412.916421079 22.8453355916 -401.311068979 -12.2370816683 1.74023715739 430.836162379 454.052410261 307.781784956 218.660600161 
-410.877106716 448.918951286 -97.9502859926 439.292262855 -167.511696697 -458.861112727 29.0467997954 -320.091049514 20.2005007252 -192.628315362 
-62.8430466658 -441.316672238 29.0468424624 308.509834042 -219.382833142 80.7345720961 -309.436723589 -29.0468561914 -447.459374744 462.393424446 
435.0084511 10.9917969037 -29.046843195 405.378716265 -323.579900656 -16.7459484843 259.419043864 -405.351496601 -444.379663011 -123.782849872 
193.000702392 29.0398846658 412.898026843 -66.8874622276 458.95144206 -377.330654442 194.945869185 -323.243043726 -23.7968418718 359.099571334 
-7.84698763705 -29.0468425144 444.425493757 -319.155339958 -322.372966162 -377.123024978 426.478662608 -72.1227275984 105.869150181 -98.1743269484 
460.863006081 2.10366261119 29.0467985269 14.4728200887 -191.621998605 322.979856049 -429.322560898 -410.531884009 -208.814155988 -212.003274368 
190.456611791 12.8689231021 -192.915979809 458.347981997 -418.598795018 413.952030231 29.0468338719 -411.049323781 -29.0464721416 -191.32885301 
-26.8892371136 303.917058681 -22.83911191 412.279289551 -180.627915899 455.516451622 -385.442994505 -400.056691917 -131.903044587 -330.693630037 
-435.834200891 440.189369799 -388.696970694 -28.7506511067 -169.106196933 -29.0468425172 312.426372647 448.382690788 -381.084142129 296.960461586 
-21.6619510011 435.558166936 447.106168687 -28.8488856162 -80.9217517011 -323.769700949 -12.2733253073 -401.40206881 -378.519845986 257.336207012 
-7.73131352972 -396.698556316 -451.203814562 -121.296840911 -74.3260622479 312.130014693 461.148014376 -29.0468605864 400.555900913 -320.186949934 
443.127682038 383.649789764 -323.996831376 -8.32469436884 -319.536896403 255.503780461 -459.056070588 -100.709732136 2.50564103563 -142.607598307 
307.786963305 -29.0468425245 459.386660927 -42.6633893014 -29.0468461234 -440.791106617 -72.3204437581 -386.041047818 -378.181441603 310.450418632 
-134.030796948 311.111077916 -19.2567374732 404.808758899 459.64535979 -459.979245743 -135.739934839 -356.716648771 -321.9910251 -12.8463499987 
-332.268725403 -50.2688618623 289.00466382 66.3342765143 -166.25244681 -395.918379333 -386.923434786 -29.0468425169 447.348206689 441.42612808 
-29.0468439584 -442.848269515 -410.461804798 192.134706936 -61.4035574474 190.747486306 414.119048406 304.863499358 -29.0468428574 79.149233914 
285.193770496 29.0467621161 63.4733470988 -28.1853740109 393.686161863 -228.075092809 462.474748058 -432.618255975 -427.453506435 -137.529538109 
-238.457535304 21.9466682036 27.8060702228 -29.0468425172 287.095361804 -320.839407685 -97.7100129975 433.862702042 -458.588686485 452.198757371 
-239.071377187 -459.671642542 448.606461019 -29.0468425279 420.558478968 184.216150408 -356.40904481 -153.582807129 -24.7837857837 295.758396064 
-319.59567596 -97.8732167399 -8.29663884019 -98.7468092827 104.523491805 -319.879710216 -374.629771964 20.804141876 427.403785153 440.302726893 
-374.63656551 -319.886503353 427.401057611 -98.7524752664 104.525814438 440.307966802 20.7762704091 -97.8853417427 -8.36369426388 -319.600389255 
241.196137258 -415.800812851 -202.197469132 -123.878917188 453.390992548 -452.042963363 431.912634458 29.0467872575 29.0421707952 -293.830061013 
84.318433359 -430.113795069 -136.316322563 -29.0468425172 460.322281354 410.639293583 189.645091164 -29.0468527332 308.595623932 -449.922458055 
426.324688857 3.3166880322 -29.0468544155 97.1527297019 -303.194455879 283.913019164 -315.500235735 -93.0858886548 446.304725469 -83.7969308135 
186.529656193 -37.3655131972 -324.511761811 433.404627122 419.955963138 -29.0468425881 -457.828131159 -6.29058441035 -236.979415778 156.001649968 
-315.604979812 309.190034598 -70.477273819 -389.976307921 2.75967159466 458.951442203 273.690657796 -97.7156617021 -444.726366882 -29.0468546216 
79.4470878779 -234.594617003 -384.667168901 29.0468407397 448.069714049 -156.032447094 -55.6709257282 -9.71519906939 -461.67374879 -317.467977506 
-176.546317576 50.9039655371 -29.0468425172 101.987924183 -461.697589932 -167.24810794 -358.434988738 -65.4748115974 297.111318412 -400.278694418 
29.0468423484 -430.529990037 -21.7788846517 -233.141063124 -335.013250743 -6.13605673778 -210.434997798 315.7682943 387.255387803 461.975592273 
-404.706342646 -14.3223559906 -322.027753838 -103.144636656 -171.357273853 -29.0468425172 -459.456402202 440.699073759 286.108591136 448.078660544 
312.127623562 -320.185547563 400.553226658 -396.694572499 -29.0468483232 -451.199421222 -7.69454234822 -74.3260368147 -121.296092481 461.147926743 
-101.037800409 -97.0345828907 -203.430957165 323.331280234 -3.52068716068 -2.37374815564 -317.375157255 -457.184107327 -423.963615835 439.43528801 
29.046797032 -29.0468420907 197.014118603 23.3402722723 -214.727154955 -195.052546073 -372.42900782 395.317877261 303.993154878 -421.341615768 
381.860817623 -361.349988106 29.0467808007 242.971681135 461.34479922 -425.168983606 182.388011062 -208.309690077 21.511792736 -221.143145661 
28.0637597823 451.689543533 137.112785217 -62.5696929358 -29.046868506 -202.821839412 434.699410816 310.300508237 -392.90644451 -416.286085587 
25.641618155 29.0468134359 -280.83171892 -160.027198649 -379.984965814 -121.741074343 56.7237401551 -325.234880645 410.805579399 454.319656245 
-121.812074894 404.665554506 -123.392417148 -319.335943194 -414.366343093 -5.96451994447 460.584686545 -194.614179597 27.7323971551 -458.593311838 
287.88961368 -241.999568749 189.052788008 -318.863313247 388.076305801 416.244560116 -0.485305336006 -51.9873715455 -29.0468425172 -459.070197472 
84.808434865 -70.8766786468 461.27420036 -316.717014669 -413.211651234 137.921269143 381.178254975 9.81609342654 -33.0964734482 308.152476308 
-432.550040527 462.442449984 -210.987492906 0.456428826918 319.194917741 -8.73195789237 393.957576229 63.5023985869 -141.843048218 -323.491227062 
-131.569898302 -4.77652529116 -319.066635998 383.058832785 300.238681254 11.6802739269 -320.789467109 87.7564689666 -171.939986526 459.796941292 
304.63853905 79.8109826458 -443.816627225 -29.0467630386 -437.294018423 -221.880421261 308.272353149 462.26082215 79.0537920783 -29.0468425172 
-0.22384134217 -29.04684254 415.094056899 -459.259662433 188.67539887 -170.537595392 -44.685236888 387.505469037 -318.968492625 290.320740587 
4.71918017139 460.290921535 2.30982715381 -407.276055307 324.168747763 -204.86147206 29.0467136555 -190.520127709 -424.913625388 -207.120822096 
-8.93135702241 462.281122497 -209.444231356 63.3354491778 -434.548209776 -29.0468425172 286.046714975 -429.296537636 -136.365864184 320.481950219 
413.431313588 -70.4128989387 308.399884864 459.909929918 -108.202843372 -460.227256432 -29.0470253806 185.965803111 -29.0469347337 -358.249259311 
-63.9672708192 -204.015436595 321.847648723 -1.07747722784 1.69681781064 -318.681805388 458.686944151 -444.80454874 -425.783479846 -221.246181209 
-9.89656099931 -320.134075977 -391.077845536 437.841729934 309.562759364 -26.8896429428 -171.413519376 260.542883913 -100.190829986 -444.913180551 
-29.0468425172 -36.8570175814 -93.9642508188 225.088709464 443.300841807 -161.516850754 -380.405792626 182.598113678 407.151277452 308.545416636 
29.0354163094 -43.8052040897 188.108752919 172.029946021 431.779580681 451.373336625 -461.739320176 -218.438655823 -244.927627669 -307.942464192 
72.3827463501 -386.175814945 -29.0468425242 -28.8976598948 -83.7969014261 -168.737572522 446.433358239 283.881141306 300.923881739 442.329261507 
-240.364835499 25.7068012271 436.693291672 8.44011601346 450.481686547 -18.077274304 -31.7618898178 -318.789209997 -458.449024393 -317.347917505 
-8.8796424904 -320.388505899 -458.951442099 -125.106978791 68.3418756008 -146.356010664 -355.691894974 405.376774501 379.827309503 -26.3033868344 
-341.532037097 29.0468284621 -216.667499019 -10.4064394174 400.531508014 -324.603728128 -119.365456827 -7.35486203056 410.76111853 -422.307487946 
29.0468336656 -20.7281258181 -277.947560545 112.20371433 -123.680858653 -329.643452132 -98.7131282559 -384.393529369 414.889949847 453.454058755 
388.057889848 -456.56533867 258.741404776 -33.7852440433 248.377514428 -83.2488387094 -1.45773457559 -245.870341817 -319.184494113 433.265917888 
100.870258146 436.918539251 -157.150093588 -461.681854926 -102.18488989 -235.750229024 -384.736512187 29.0468398914 -197.07807425 79.1174182831 
-434.24618627 -19.120420806 -215.608733993 -448.218235609 -145.954846036 2.6607426569 -228.469825077 460.497055951 316.238125447 318.619335962 
453.192632727 -9.45954937574 432.236214229 -319.99890991 -457.769802604 -319.195175239 9.29817597204 -99.1087319733 -239.524766565 -15.624751439 
-458.796642223 -32.9437940008 -70.1239200928 435.280018059 -293.382435306 -29.046843616 451.337009484 225.290316443 -238.228279007 8.24230365631 
-219.148163212 196.296174422 -423.52079538 405.378747028 -195.153086799 26.5530570027 -416.473104656 29.0460599045 -195.167492281 457.258571507 
-324.972589752 453.429296641 -11.6022965723 318.080906651 -102.929471833 110.618298321 431.850172262 -436.7613866 -218.112002041 28.2735432529 
-122.73424638 411.149350253 26.1841574832 -29.0468425177 -161.174785299 55.2641838386 -381.098145295 -326.348060597 453.399766174 301.504047394 
-326.029989805 187.596177806 -418.652515993 77.2964276381 362.047773578 -203.675751929 -200.548626573 25.519113243 -43.7396564867 459.246302935 
-29.0468425166 -126.026670397 -413.129608888 -241.345574673 189.145469673 459.528105034 416.033224846 29.0459717717 -195.859431307 -458.987132637 
28.9399261196 -424.151309206 385.884462338 -134.692828966 -6.83437809087 -318.627888753 -373.378193073 461.815895166 -219.752598142 29.0468414594 
-230.649975543 -19.2905678419 -55.7727301674 460.800524999 -452.47651315 10.2479424976 -317.089616756 377.249913922 10.0687728519 -316.826309547 
-28.745691591 457.093789854 -185.101797131 -404.329378429 293.994629606 -242.131609548 187.89078634 416.927494966 -29.0468425172 -459.694970865 
-5.85428636672 -377.110628396 378.618470476 -212.340182838 -322.360393054 -2.18180489671 -171.504788357 460.962566573 29.0468424857 -421.221907484 
-11.0367687311 -237.505552411 -123.846688493 -325.966409726 454.652662484 -0.120091127955 -316.580295107 -459.095730689 -10.8315813899 410.134869285 
-430.136333797 -8.16618410579 320.386484547 297.659862172 -29.0468425172 65.7409728846 -210.678150958 -140.325802517 461.067096368 -247.044260087 
-195.400202786 410.951868871 -341.994830665 -125.026805633 -412.820117495 458.951428913 -325.107445474 29.0468163306 -120.650252947 -8.36841656865 
-105.039000138 -118.869157707 -378.565186282 -61.376882638 346.483875004 -324.691806124 -407.112713551 133.901377313 14.4418960516 445.077520372 
29.0466731701 -449.066381338 -29.0468425372 -14.0218502066 461.144365525 -287.707105527 -226.502534312 309.22041405 98.8263850278 -373.399239 
-322.685079314 -14.2890303423 312.979339419 460.901027327 -392.861484623 -447.611543365 402.88457566 -34.7788548323 -134.573450029 8.13344031932 
182.245775845 -94.3734807956 -84.1965112553 -37.4160114773 -374.263237971 308.223092359 406.911521561 126.863067662 -29.0468425541 444.71453056 
410.50658444 -223.59666814 -378.665356963 -443.731900278 -29.0467117426 -16.488473163 310.517306896 -29.0468539872 188.789618106 460.341949262 
-387.471213301 -2.13284482283 -172.878691097 311.89996548 -461.76026461 311.433858143 231.142021461 -29.0468425166 444.520774469 -105.035894832 
-449.889241863 238.172419893 275.419272604 -437.676040356 188.216560844 -190.482375716 -29.0468437585 -23.4782375555 438.158481662 -236.544327318 
-29.046842517 -371.004664474 -228.35664716 -448.311248816 -314.480861165 303.673385944 460.759168385 0.0568461985836 -20.5031656716 73.3799221185 
-7.59589102098 453.624453922 -29.0468446351 33.1229720983 -458.866633351 -239.946168486 277.815400821 -124.195014591 -319.952051993 404.607756715 
387.108312999 -436.558154413 461.958479445 -18.2758757093 -219.736334999 1.97095036978 -261.137520117 398.051167984 29.0468266488 -323.755040451 
-167.872684052 452.692781642 -460.368893815 307.716484395 54.9292192532 -29.0468426016 300.329413947 206.629792174 -28.655114361 -131.12886238 
-29.0468425176 301.099324753 -386.282333995 72.6303749733 -83.79690142 446.366474836 283.532057219 -168.847954297 442.395454339 -26.425105137 
-216.781882673 -219.144110358 318.233083655 -18.9077158936 -324.458479183 -2.44711171879 -436.884660383 -12.7190705963 392.629317403 462.597644687 
447.582461171 67.3952642395 99.5012485128 -83.7969629075 -29.0468329556 283.988640438 -453.801947921 309.657067617 -29.0468443979 441.195552767 
243.591033347 -42.9605290163 452.32118863 42.076438235 -324.768523023 7.2223748729 -29.0468425169 370.984441517 302.358221941 -456.654658304 
-135.011002244 -106.779941956 29.0468130236 -64.6019470345 -384.398682605 451.349706401 -281.778131517 435.259087674 72.6218585123 -329.648626639 
283.912497955 -459.153992432 -83.7985742454 -117.091861268 137.66638043 382.353646531 19.1559131092 461.402692822 -29.0468425172 -313.667250253 
383.936875915 -452.108795119 157.53349306 460.733705033 -397.358736208 -74.7234510373 -29.046842571 7.55989620914 -316.971239085 219.433664192 
-398.380209634 296.190480722 -29.0468425167 14.672832594 -169.917102675 445.607652901 -102.804925435 443.14802974 -459.768150923 -322.605118535 
-231.557342449 212.533051973 29.0468354866 -210.545127925 27.0448638712 -212.397587615 320.799249582 -428.993836681 -430.396705537 405.345604991 
-29.0468432677 -63.3939408699 -71.134471259 262.599059763 306.429593006 -437.913171774 315.2663267 -10.8003547552 456.169004465 -383.163114287 
201.467383842 -15.3938064272 17.5135672947 -424.024700145 -404.913319803 414.159152894 189.304267742 456.080961172 -185.170624618 -29.0404678695 
453.183676882 -239.52893143 -457.780805642 432.25083221 9.75934055796 -319.1632145 -320.082778146 -10.4544149977 -15.5641783919 -99.1929026285 
-319.973256089 398.3647555 -460.189522787 -6.71158970041 386.791872284 -322.217032602 461.921645439 7.71446594795 -132.309729569 88.268398324 
314.668391516 -41.1460521352 242.059239115 1.59718274741 458.951442121 -329.776706598 359.099571413 -383.664325094 -12.1374767685 -85.858979042 
-29.046844597 307.873043355 -377.953516168 -43.067447409 459.426325748 310.37709596 -386.219635731 -72.4172803888 -440.969694658 -29.0468451867 
-74.3351812679 -29.0468545068 -6.21311916245 461.152845039 -451.221459887 400.465564478 -121.314501288 312.152189572 -396.722508089 -320.062324924 
-124.137734148 33.00111923 -29.0468425172 404.511154732 -7.37468837842 277.786187364 -458.856816548 -239.93763776 -319.885217779 453.643078696 
-9.09492435563 -457.344681874 274.414331386 427.720296679 103.286447927 449.648300509 -29.0468425172 -99.1853184689 -319.89570525 -94.2754965629 
-407.566138874 -238.803215617 416.818028566 435.522083939 256.887060736 203.730659909 -14.7852874497 -29.0468434797 152.335679323 -457.14516179 
-29.0468428227 -204.531468347 -453.737639016 460.192228407 190.884508167 -70.3624256142 189.358443136 409.048711401 260.682725564 142.95595834 
9.16940028653 301.816000763 -29.0468425172 136.960345309 -315.286878279 -361.963737457 -239.26429972 421.989585596 64.9366258803 -93.7912581814 
-213.070032171 462.465086054 29.0468419204 391.479590227 310.635425372 -234.846783039 -337.748484104 -21.24937461 -11.6723176785 -430.11526918 
-325.415569525 388.350384569 409.725574921 -0.38256291189 -122.746935511 -318.857812947 -9.48993523116 298.502117238 -31.4135068395 -459.153811912 
105.686082658 -97.9256077566 -317.308081789 27.8109471124 -456.385239316 -318.887343615 425.775157943 -9.34046277827 453.641425665 -6.58337146624 
399.748338692 -105.226724877 -89.9928333499 85.0011156276 -337.080233238 -396.70754955 -320.140529886 -7.37807255752 420.913038772 84.236718094 
383.421089585 14.537185833 -218.223833264 -412.503426666 -423.939737249 29.046748522 -192.653649607 29.0468096034 -194.899216866 458.306239034 
461.515548351 -9.9091126636 -427.409916562 -136.682753208 -3.37258840336 10.7423885745 320.831456204 -205.582020499 -428.492102316 -320.159756349 
-1.71271812478 -430.113835131 461.810051308 -317.868535488 65.5030791436 347.119330686 -141.317005929 -231.589876123 29.0466656291 385.834362503 
408.69871352 460.610501307 -459.419377587 23.3379135868 -309.899330307 136.236299878 -90.1230887215 -33.381890574 -242.295890402 187.026837449 
-18.7503372498 -461.45863613 457.660729216 305.635456968 -29.0468425174 -390.296738523 -29.0267120509 -358.196039213 313.263128088 -100.18911949 
-221.517890312 -66.0619280115 386.348387521 169.078772864 -220.166336033 29.0468412414 -425.334387218 403.775735997 29.046770076 -423.977554194 
-302.115276558 288.241978615 413.7077698 458.114911519 -82.0566135224 187.823613143 -405.37871797 -29.0472104594 -29.0468425173 -98.7715774943 
-430.377683237 -232.563318558 -5.93481053934 -335.213750788 386.674778641 461.908008274 -22.6033940707 -210.232779383 315.678448608 29.0468145661 
-14.4012377404 -322.004529278 431.35113024 453.73570541 92.4248152644 -399.457300377 300.758413395 -178.463667029 -25.4698763105 -101.904750726 
-25.633659007 -104.714908438 323.232403418 -4.24997229254 -203.743784595 231.441102838 -424.243800139 -407.813204074 117.286246942 428.33664676 
-29.0447736099 -14.3581082848 -227.049519673 -371.009745019 -29.0468425171 -449.724998436 309.408846167 460.960949036 66.4415780266 291.920522323 
-239.519899398 -457.769795416 9.21810144111 453.192191751 -9.44205660183 -320.006917277 -99.1149112366 432.23693369 -319.212769339 -15.5452886927 
452.819773835 -460.037770766 -29.0468503264 312.810319755 -122.097015596 -27.1518978174 309.082153311 -86.626201875 277.74728058 89.2533861766 
-138.16082737 -459.912730118 -123.988720447 -319.830701625 20.8303477143 388.017117434 309.464961293 194.35867765 462.064158732 -29.0468425171 
419.433286532 -318.034138866 -238.643909238 -12.7125273032 454.219471144 28.7040089696 -458.434254501 -29.0468425175 -240.372390456 186.531809394 
-449.70707238 460.917691719 309.199956163 289.118160829 57.8704867039 -29.0468425172 -14.3806795988 -227.002462962 -29.0464034665 -371.176304534 
-20.3899920036 -29.0468425172 460.278869343 -24.725122325 410.93236076 -377.20237579 -443.164975951 305.580187764 187.473355064 -225.632893621 
-202.778101254 -370.687129957 -10.5853936998 -29.0468446424 450.984950686 435.860944781 279.836101854 -313.137846756 -425.437189062 65.068923875 
-29.0468425176 -441.848502326 320.496711867 52.9473248232 280.037405771 459.755042238 -8.03796881657 -430.112533581 -221.628616662 -210.83113747 
5.31006342815 -29.0468425172 -320.709091151 -7.90435874529 459.554646232 -152.212080092 -375.459150001 -355.113787392 309.580607935 59.8368944393 
462.534142229 270.553458432 -458.380145999 -164.101172298 392.078229491 158.404991382 4.19650631065 228.373402809 -29.0468425173 -65.8137584064 
384.472714423 9.19918246642 239.56629781 -95.3147739133 -316.11512763 461.651011659 -460.019300352 -314.743985489 -124.972564301 29.046825532 
-425.809273089 22.9737625551 135.829937822 314.652931663 -315.123768828 -224.537264848 -205.435713071 -1.06279464373 72.7269614081 445.874626729 
246.898413451 367.655921803 -317.517484946 459.801219449 191.733592156 -405.690172702 -29.0468496052 14.6591964356 -460.440231618 -34.1502926841 
-457.676036519 -239.849647035 -8.49266902649 28.8622617489 278.30972859 453.060942251 -98.8210171774 -29.0468433525 432.45122838 -319.734319299 
-217.11785006 402.274398093 29.0468269498 -442.785555393 -255.92355792 309.997063024 -282.063684051 28.3360253823 461.356988004 -436.762893736 
-384.143976824 442.881250137 -29.0468425841 285.50978418 305.048285852 445.876307293 -83.7969013651 -95.9249006501 117.101990909 -28.9269900801 
-29.0468425172 -17.2504369279 -461.452647208 -390.255751701 -100.208966239 305.593874024 457.69996847 -27.1803049316 -358.190050307 313.460120529 
-191.341440075 426.361065994 140.933461041 -322.408919808 -191.853222914 456.12952947 -62.3516959502 29.0464700904 -29.0468805685 -410.528104934 
461.408310429 -271.251697905 83.4313211459 -334.009231033 -222.930577079 402.765911825 135.466307001 29.0468424642 -439.179497671 -86.8175844928 
-29.0468562798 -83.7969842128 447.48802144 29.0468348162 -419.10837606 107.760254189 283.898940367 -117.191146147 392.09939914 -210.028444564 
-228.495205713 -29.0173891166 -29.046842517 -370.666378222 303.364259153 -448.524211602 -20.343064736 460.73384205 71.1356490699 296.785928336 
-124.193898617 -458.865795551 -319.953413075 -29.04684607 -7.6523548768 453.623390242 33.1283776351 277.818194383 -239.945092556 404.611109739 
-321.02330007 -29.0468433823 -63.0627320789 -12.0128602639 452.695314501 136.225848626 -101.178913598 433.048995788 311.452139479 -395.625999577 
-316.111081096 2.89598772054 -462.599174788 195.012248429 414.899818104 -58.1566683078 -95.447945094 431.2709911 154.350352207 -244.267102143 
-29.0468433846 -136.106822623 383.9395434 -318.875913662 274.584941003 -458.455065892 250.101942 448.065777857 -91.8256411949 0.673887566744 
-92.1253586872 268.269018007 154.669579576 405.292219836 -190.769544712 373.89271451 -12.3880094413 -321.781523564 -132.036010988 -459.717145003 
-113.277038825 462.599193602 -357.668915041 301.973723112 -163.837394662 -29.0468425172 84.0169657582 -18.4819237616 310.333804238 -460.931511942 
-6.5198357874 306.659558787 158.795585372 -29.0468425313 -308.762756926 454.464656313 -313.77984972 -237.883679206 27.0182856864 -459.786315212 
142.950991254 -70.0218477408 439.603031983 287.860030793 415.881874937 -213.070725323 79.917765675 -29.0468447448 -378.327299585 -461.375137762 
-124.195955544 -239.945367879 277.822949671 -7.6405558395 -458.866368743 404.608583195 -29.0468429419 -319.953087668 33.1336266552 453.622682618 
288.628587156 449.956751253 -29.0468425172 419.8662982 185.11578011 -28.9985774374 -239.151685352 -199.680581649 -459.471495455 -404.721414414 
-239.946078705 -124.194959185 404.609729344 453.622491723 -7.64532140687 277.847879921 -29.0468822265 -319.957123774 33.1339606775 -458.86458882 
28.6965257915 -447.244528382 29.0468016562 396.740184688 460.561657966 -140.249244723 -238.675355498 284.015393513 -187.70030957 -431.919035282 
310.529311616 -378.502151641 -29.0470026913 459.336624509 -385.763093419 -72.3083410959 -440.513152322 -29.0468757185 307.679509663 -45.2853578651 
-121.291815061 400.55797748 -29.0468448851 -451.206187357 -396.699932415 -7.68336491799 -74.3230790841 -320.183492068 461.146642923 312.131134632 
448.05877737 -459.742007582 -169.13045951 -23.8496186506 -29.0468425172 284.537783591 -320.930567935 -397.581824126 440.727564486 3.48967467038 
-164.580004216 -7.28379302931 405.378782549 454.349691788 -284.03623453 -383.568076628 -328.818017728 52.3338812409 -70.7121975144 29.0468374218 
-40.7972708221 -317.345050492 179.063668877 460.902999738 9.8580954767 403.593298335 111.724967338 -84.4405496851 378.114969431 -442.150116439 
380.27672272 461.158346894 158.041612641 -41.7538799611 -331.890308621 64.3127691767 86.6824394575 -84.726669377 178.576588955 404.929888487 
-211.119387854 -5.36377080206 -9.42152493726 -431.378231546 -334.0220935 -213.799233838 319.520404108 -27.3027816938 461.646634534 310.443582421 
-406.646734429 -168.583303589 187.276633384 -29.0254784002 448.065608054 -29.0468425169 -459.354961634 416.359548488 -241.012054728 188.457911871 
-148.180795593 314.252349463 459.688894609 9.95247262729 -166.429179052 -29.0468425167 -385.920874802 -315.274905238 307.542922597 59.5484829335 
-29.0468425166 -379.151904808 305.945729616 -58.6508392491 -26.9957325465 163.158490304 448.911906944 -169.959641875 -388.749198181 312.612833064 
-428.286617165 28.4928952916 -314.913092497 320.964128628 462.599238761 -135.82924725 -208.366591333 -2.10832365453 -438.906019175 -8.82095294708 
90.2983611045 310.57441737 -82.6378403559 374.250435218 -36.6237398549 -315.138331218 -396.148984738 143.134326423 -341.398924809 19.3699766975 
-222.360037777 -442.046121561 307.030843419 -382.527241016 -28.4417218139 461.819111355 -149.82308578 315.413090605 -4.15265632674 -16.006759847 
306.765242736 23.1843040452 -29.0012943324 188.376111943 -29.0468081783 -179.065891936 -427.373952335 454.320990422 -398.047117562 414.914444169 
-23.7376189316 -320.902467763 4.20223067421 -459.753274095 284.659716772 -397.510755058 448.04680851 440.739309454 -29.046842988 -169.057612949 
447.272175938 -29.0468425173 -379.802569012 -19.7837108382 -399.99717237 -325.049698526 438.330062987 -83.7585400379 -31.1150837026 272.128724181 
-204.942009815 -194.985656041 -425.362372677 322.794542824 -2.53067449153 -192.727310964 458.493996983 29.0467867266 14.3956983185 -412.565117276 
312.709064532 -461.5681499 -389.31289388 452.939970801 243.077051739 -169.171033683 -98.1068386495 312.668456283 -29.0468425172 4.58132597735 
-204.098090341 29.0468388012 76.6622799706 179.620823275 -44.2499055645 -129.02784961 -326.152863302 362.825658636 459.323738913 -418.686070403 
460.722294217 -29.0426603566 70.28389767 -20.3104217444 -29.0468425173 -448.579335664 303.340268967 -228.53756939 296.245607035 -370.584888133 
-237.507326777 -123.858571029 -0.0247941372123 -10.8156963787 -325.966486139 -11.0727079434 410.144457404 -459.096726799 -316.566713412 454.646988427 
56.0084578082 -413.750455816 285.740487052 -212.406748487 322.717872732 -208.959958848 -3.68585115504 -29.0468431535 461.991673186 -429.594225331 
404.747404611 -458.075028756 459.677556809 -200.2781063 26.3842296023 -120.626047669 -415.058955049 -192.200914989 -5.112332188 -319.006341425 
-398.85207596 33.8933663309 437.467860049 -29.0468425171 -453.161266168 312.720224604 273.153995053 450.014583867 -29.0468446065 -196.798398253 
-458.898841558 199.458363645 419.403331787 185.564429156 -29.0420798671 411.955312557 -170.448050879 188.954297944 -29.0468456427 -355.636244667 
308.093969955 452.961196654 -459.508927865 -240.141145599 -29.035882716 47.9139657498 -364.692145121 -29.0468425592 283.767120855 -2.19606251681 
-459.022435733 29.0468053181 -58.0309403818 -17.1239417486 -1.30794296111 -241.866743685 315.313711177 -317.201370344 276.053991745 452.094218863 
-195.256792277 -192.479836443 -325.559599463 -121.853354603 -412.738699286 -458.943167061 410.943380757 -10.0711046071 458.951442099 29.046742469 
404.531265682 12.1708281918 -15.8720575535 -319.89690742 -458.829578381 -7.53540696651 -124.037198304 -318.99964795 453.942060346 -239.339615302 
-321.322102456 -29.1231611224 -6.67625925339 77.9260983176 -122.89448262 -458.510372568 -319.576594037 404.431091894 454.460859641 -239.237951966 
-410.09872056 -7.32899037491 220.53452647 -319.222915564 -98.6826902093 -83.1604250839 423.834215701 426.959489562 -29.0468425172 167.014197227 
374.262311604 155.419208431 -437.380729549 -91.3794779189 318.388561483 -219.84574532 461.682866515 70.8855159894 -217.079484785 -12.782652503 
-422.394471529 -29.0468425169 302.51436878 -11.744728265 -367.64441345 453.262433971 -40.6561729198 -199.106291477 -314.525805513 46.2264576909 
-399.667134587 -124.514708642 438.1218907 -84.9990761446 271.407638443 -29.0468425598 -327.682913298 -15.7000513291 -382.43306182 412.062994424 
311.451089738 -63.0634412403 433.048273611 -29.046862122 -12.0128394603 136.22533054 -395.627324352 -101.177521373 -321.021028374 452.695755792 
188.965060844 -209.019737756 -29.0468438554 -327.326533535 410.512000163 -6.64247343066 319.77715925 460.341146514 -430.589130263 -121.51308466 
-190.584649355 -424.910086816 2.31261655409 28.9809876831 -204.8585797 4.84575598723 -207.116616991 -407.340297107 460.289994712 324.177673461 
13.2383951459 -439.894373349 -272.811006591 29.0467483483 318.25404455 461.01643652 405.980710311 -440.864183979 -223.653038056 -152.63590147 
-162.979620173 368.768923259 -314.79673261 8.07346995421 144.735853799 -102.052213025 108.246810324 299.215562375 -156.715702792 459.565931283 
-42.8436884807 -83.7975755492 -28.655426713 -29.0468722214 300.647695215 439.940179314 443.299487638 -254.972410061 117.612989133 -349.018436245 
-167.084736689 -52.1703355116 460.824796474 43.1328924511 -451.133432406 317.875644343 377.454677896 11.7416562175 -317.078353376 27.6096105186 
377.656033788 11.0615773036 297.916287799 -29.0468425172 -130.15797342 -322.773186581 35.6785590326 244.230476734 -457.29865606 452.587397216 
-301.884140254 275.816987926 443.744771096 -29.0468425203 438.202655987 -403.98329935 269.451189635 -29.0468476319 -82.3445964683 -90.3847988124 
-459.665278081 -239.065375587 290.099774619 420.532128359 448.724181392 -356.402680358 -29.0468425279 -153.334451463 -28.9608785068 184.241331788 
-385.43882503 455.517896268 303.080410039 -400.071512172 -180.629753939 -131.902976935 412.253656132 -22.8157789451 -27.7527697471 -330.688747398 
381.672175947 -408.799419537 -318.819934076 421.818848591 -10.3937440058 185.729795399 -61.9779285353 -123.946787954 0.912490480535 217.729115474 
33.1119545921 -319.951519735 -124.190189323 -458.864819561 -7.64302452541 -239.943928985 453.624513128 404.608802964 277.810068089 -29.0468425409 
-6.28929578697 -203.363693787 -321.466700923 -167.558730348 6.515525171 1.27799630963 -376.217052157 460.531186735 -423.584574448 325.523027247 
-435.810603928 310.242365866 313.860979466 -226.16331818 -448.054408696 -122.184731413 1.33833125416 -260.099052384 29.0468243877 460.833640801 
-3.36215476593 395.066638924 -386.287182399 461.239683461 -93.9010293439 -325.104763326 -100.649018883 -8.11054197335 -318.998927575 321.150155063 
386.245093791 -320.200206939 -4.05706939099 152.900401377 -140.890194481 -29.0468477267 -62.2903908943 -391.595409023 452.658246275 309.786256179 
441.243886781 -318.537835656 -200.425272207 28.3310548498 -397.854282703 -14.5186379057 -459.545202704 286.860128818 -29.0468425172 447.533263546 
-321.772724982 321.763999847 -202.502242697 -1.10553870951 -1.81217283099 -425.035152587 422.348225788 212.832581878 -69.3373073043 -102.678087333 
417.091796443 -185.633774814 -242.090922009 -459.623100584 -404.798199822 457.355098876 -29.0361107681 288.481557655 -29.0468425171 187.936627644 
-284.631528638 49.8050706291 -163.373376738 -19.2565812522 -383.779788253 -121.992880668 454.064415438 29.0468290344 -329.029713156 414.412031505 
457.856589359 116.638663373 130.270932677 419.491093479 -423.427114461 -314.612543545 -85.6467716209 7.34617616275 -206.371092341 -92.4956533003 
438.960217591 441.103254839 -29.046842541 274.63891262 16.4897266156 -324.557137046 -87.6307511378 -103.079895007 -379.307278939 -400.496474741 
453.31633252 -240.00464398 279.988054073 308.435633966 -28.9418747707 -459.357472215 -29.0468425173 42.6732607626 31.8519641503 -363.164990515 
-52.2119654093 189.690052485 -0.274991112116 416.240764673 -318.869700995 287.900234476 -459.07365981 388.071926498 -28.4241511302 -242.02082991 
285.742237637 -413.748417738 -212.406446775 461.991647015 -429.593352763 -29.0468425193 -3.68824389773 -208.958541664 56.0024156433 322.713229101 
-0.905574310309 -243.640072591 426.49657268 -79.6197343627 -58.6047913948 -319.058171293 223.413914737 275.111251445 -458.951455491 387.600424355 
461.8735426 -333.862266861 17.0000994777 -20.0318815413 -318.52294492 208.538081612 398.774762228 75.6088581249 216.123267094 -86.6824418278 
2.00548852746 -322.463349445 461.291817729 311.492504906 403.305412054 -134.292304059 -13.5327323218 -460.246108705 -356.983511781 -30.6720546706 
187.998560485 -29.0468425171 453.362525703 -7.09443292888 -404.615905642 237.159762384 -325.356925562 -185.621581403 -57.8726074892 374.488871292 
-459.65622166 29.0468406111 -410.525601605 -191.969909567 302.251356173 451.235242222 -29.0376997137 15.610375189 -356.393624744 -168.696831019 
-29.0433225134 -44.1390004696 -370.155867342 303.038190975 63.7292474283 -424.90592527 -29.0468442752 -202.16105637 451.91994516 305.420209154 
1.0589982468 148.920608201 -462.454931523 388.945189217 76.5842290793 373.961578309 -91.9814306161 461.902499589 -318.258288621 154.817274902 
-36.1766581609 -29.0468425141 185.476171371 -116.067772473 -393.872044194 311.262665889 -79.2960073338 -448.622103112 414.430676088 459.762997325 
-128.798376632 412.667471405 -397.798751415 -29.0468425169 -22.4831802508 -165.00244409 443.552124431 298.667875795 -385.243538603 -330.493368402 
-418.448998791 28.9411020223 307.212450614 -459.1756923 -291.178979068 -195.782993458 327.419685666 -29.0468425172 -101.071251895 162.006795633 
-319.705754841 -6.99745842103 -4.10346713432 -347.271651722 -424.18897354 404.765734024 323.385901669 -25.9115300616 -203.692977697 -122.916338925 
278.741187576 451.768633014 -461.517499564 -169.315085494 -29.0468425175 -389.283089252 -3.15283714596 -25.3799068727 312.677914596 313.339689269 
-434.457277863 397.025959161 309.833670018 -389.623850408 462.079133282 -217.262679916 -251.897790062 -14.9450024005 29.0468418594 -25.3101229544 
16.6218291789 -314.635726882 -459.593337923 381.188391327 29.0468214894 -317.183005406 461.265720964 233.113703897 -9.01871093346 -120.130294932 
-144.517395016 -19.3859451372 -365.862836593 104.65647765 -314.292012761 29.0467171257 -450.997335558 441.575717685 303.689669304 -13.4932385524 
-239.257943163 -79.6459350699 -29.0468425172 -323.149941126 420.533429392 15.8360224575 -458.951222916 277.531521844 384.682655148 185.924946528 
134.626736084 -88.0759401545 29.0468387039 -146.377481258 -315.739992075 -393.456714886 363.387259293 210.089219466 26.2309214973 252.576899729 
89.1426843705 388.817399674 -317.737053853 -388.535935192 -97.761872703 394.887366791 -325.580623289 462.157048197 -3.49682337115 0.143620964682 
-305.461775692 -459.472545633 -240.585184887 47.5423391557 453.216609033 -29.0447845779 284.065768927 310.119537838 -29.0468425636 158.233744425 
-29.0468425171 -327.664987673 -84.9648635473 412.057481758 438.118009783 271.39215286 -399.679794586 -382.415136604 -15.4200330286 -124.496619247 
-21.5332728689 -339.332818019 -430.343412235 391.883079302 -213.298641334 310.543386194 29.0468371515 462.511639141 -235.66137431 -11.8451310102 
-376.10940359 309.307833808 -390.992913384 167.799360452 448.419236957 -26.8583819097 -169.691091999 -29.0468425173 -52.1150166349 309.956356553 
412.907260491 -29.0466386488 -82.0896646768 459.987118722 -387.752456984 369.552346956 185.960583492 -331.104625564 -124.633172595 -29.0468425943 
-29.0468447907 310.034634718 304.058548534 444.216498784 149.371093887 -29.0468482973 -376.5997552 -245.379343 70.8421292651 -60.4597541493 
-369.248863611 -147.905395737 -139.536282652 82.2856366466 -6.24826781852 445.085778151 -357.789536158 306.61544041 -461.050811602 -29.0468425171 
461.765751011 -207.259162547 -454.118457885 29.045141428 11.5925846872 -4.04514772543 227.404662632 229.718305769 3.24260731517 -292.04240758 
-122.914261398 -4.10539905788 -319.706620637 -424.189597854 -25.9360913142 -7.00606101036 323.374092444 -347.268087542 404.761083872 -203.692886488 
453.19153691 -320.00696961 -239.521865322 -15.5944087441 -99.1160099959 432.238003064 -457.769161268 -319.203504539 -9.48198429552 9.28205605084 
-24.0219231896 -29.0468425278 311.196407791 -72.5613847499 16.1094233405 459.715820299 -441.864036955 -387.113978062 307.676514267 -378.376672299 
382.145901991 -131.012718439 -24.4499678377 1.50438230675 446.762113956 2.21429102338 -318.750874794 242.698492935 -376.246703098 -321.496644294 
-3.71931860816 461.989128042 285.652277129 -212.38284147 -208.944139429 55.8476082101 322.680047249 -413.7236279 -29.046842523 -429.574457583 
143.889593451 -436.250074278 461.014035065 161.933485187 -206.648127859 -381.500014784 307.063325253 -28.870052463 310.435747321 -29.046842517 
