298.592979055 169.973854304 461.686340963 -100.044653162 -336.339765894 45.8060426729 27.5864530478 -220.747264349 -461.686340963 331.453293511 
217.100383461 334.568173196 461.686340963 167.715336953 -461.686340963 -52.0948910611 69.7122790581 -331.559308012 -216.705617757 -179.964748341 
-328.062268478 -42.1398413352 461.686340963 -190.725441335 -312.616159995 210.176173948 80.0103079158 -461.686340963 -107.948569606 334.522879501 
-74.6636904968 461.686340963 325.884515269 -335.635868465 209.449129697 -231.810408155 175.030894093 49.2133063609 -461.686340963 -145.165572025 
32.3921195722 -338.708554395 158.641716743 -244.310116075 266.09011795 -461.686340963 461.686340963 -95.5819834843 -117.498530871 327.104115374 
211.28051935 -232.10925643 334.955726267 -461.686346592 57.7839105562 171.48858318 -334.927419985 -190.182280605 -60.9567118588 461.686340963 
-9.67879770211 105.709830127 -335.027948345 -42.5554856834 -232.87367772 461.686340963 222.251112333 -156.933003385 -461.686341077 341.783492258 
58.7413648418 -461.686340963 331.045746842 177.011878539 -207.455725992 461.686340963 -338.42264971 -82.2170880364 301.88757822 39.6505150311 
-7.054000242 461.68634149 -128.106181032 125.23762461 -461.686340963 -233.508439048 233.163864267 5.43088527131 347.271631923 -343.84050997 
-72.7105975893 -230.604872951 206.612169794 48.7831016145 -461.686340963 -143.128727153 328.521516261 461.686340963 136.394058644 -335.195775379 
247.370914191 -341.027407765 -461.686340963 103.383176473 -16.6960050172 343.938537405 127.151365489 -133.593912488 -259.545102071 461.686340963 
-461.686340963 53.172820961 144.572158335 322.605814214 -214.081344841 -68.7709984064 456.695827394 -337.183602916 203.215015799 -107.991034784 
-461.686340963 55.6750496983 -206.565461908 175.386872435 -336.055658358 327.23988615 461.686340963 -66.0043865165 -80.5367369778 212.741171493 
-203.191278966 461.686340963 -461.686354842 -138.370468783 57.9731663815 -335.298750251 343.488712935 132.22087811 249.921612597 -36.1507198675 
342.921267747 461.686340963 57.2469299074 -461.686340963 -338.144154369 -209.8407216 246.785368333 -27.0269290117 127.811441467 -114.370837237 
-131.568733223 -461.686340963 301.211675155 170.044880224 -3.81776799223 437.821544344 -262.621986395 -119.758724476 123.015714031 -344.633675012 
144.363237407 -221.247168589 -92.950402247 -460.391220407 461.686340963 31.1644374361 -343.164301789 282.613474602 151.063695856 354.082521405 
-66.3022625528 -284.291688121 -461.686340963 -336.891195503 78.5612475976 440.306266988 317.631310863 -185.173956644 193.506204069 52.1554288082 
330.450730455 461.686340963 -207.475838385 -82.6547966463 180.280141075 -461.686340963 -336.263539666 304.115135491 61.9009927812 -60.0032684732 
-80.0819266441 179.403150668 461.686340955 -213.942972896 333.428960449 -334.459095468 57.7924981379 204.650118677 -461.686340963 -68.0597050551 
-150.23715599 332.765611758 461.686340956 102.181035354 -61.7984238701 -202.568595002 213.408862069 -327.379220164 -461.686365504 64.5488259663 
11.8753872261 -336.680615078 -102.932923524 326.827567349 170.068482582 -232.287817095 45.7854488137 461.686340963 253.088500573 -461.686340963 
22.8098327737 -230.715481003 -46.000443038 -169.960572174 -461.686340963 461.686336364 -332.937108085 340.207369897 236.092117432 111.654014205 
461.686340963 -332.056525582 -64.3447712955 -180.264072018 -222.857076884 114.753613028 337.987400226 -461.686340724 50.4837386002 215.498023573 
275.923391181 -98.6160622419 451.51972958 39.0046742473 -332.347865097 -224.906090495 159.075540501 -92.4806707887 396.753157784 -461.686340963 
-8.29528232958 -175.705534175 105.250583959 -330.759561548 229.622493549 461.686340963 341.866096741 -461.686340963 -48.8969405377 -250.038256074 
-199.776778351 -156.256655388 461.686332442 242.477421731 -30.6429299005 341.920315005 95.9691041152 -461.686341883 -335.256397935 124.428299191 
-78.6380955723 115.043734641 -336.466362604 -137.649537815 461.686340963 331.855016809 -461.686340805 45.2597470219 209.13497505 -235.248932517 
-461.686340963 461.686341083 112.069877964 23.0835037535 -169.488117129 -45.357396663 236.536399352 340.235059273 -332.671857744 -230.456818377 
172.544059052 55.4625701757 -218.137455057 -96.1648974716 297.4668154 -336.160911854 -461.686340963 332.234428912 9.86965265576 461.686340963 
-77.6720090762 -336.353314071 -461.686340963 -202.504738953 -212.981483463 298.532439573 -9.83687693909e-09 166.797692623 127.473270368 435.439260671 
257.689323676 -223.549234144 -51.9860671007 -169.275114985 329.511468251 146.747916564 461.686340963 -461.686340963 -332.109415961 30.3471034809 
-461.686340963 461.686340963 -109.814665913 -254.508981491 131.182944773 -342.112357159 254.357455037 344.660510353 -127.649804396 7.55739216424 
-74.8257324053 -304.87504387 84.3456366041 -183.323727821 -34.0406826813 208.516215114 -329.690008644 -461.686340963 461.686340963 331.145624816 
261.812046782 -116.469440001 160.271514061 -240.278460208 328.109224058 36.2115402975 461.686340963 -337.394762157 -461.686340963 -87.3730979968 
-461.686340963 -250.934350496 53.099121571 -333.785165403 333.215849668 202.241837049 -139.119589307 179.845845747 -17.6031374987 461.686340963 
-158.807692146 -331.636416942 246.187006483 -29.3786936915 461.686340963 122.432441251 342.1217084 -461.686341226 -237.082974665 7.00164574645 
-120.922754549 -106.217170764 -461.686313063 455.809283045 19.8134415146 326.193838645 102.256190304 -246.259235276 -339.159598312 199.455814017 
295.022873849 -34.3023082294 -335.393486814 -271.944768001 56.24952687 -461.686340963 395.115677994 -153.513256757 1.32460181228 179.735421254 
299.97411332 -60.5669161721 248.023832978 439.957963215 -461.686340963 168.166724391 -305.942352027 -186.369492371 63.2436288603 -329.922370162 
112.072809279 -45.3401987693 -461.686340963 -230.459078817 23.0639107073 340.232491566 -169.478166246 -332.666965542 236.537245101 461.686340127 
-60.1968418892 120.575956261 241.341492231 338.473779044 -107.460945608 -335.496437796 461.686340963 -208.933170341 -461.686340963 -5.45857060113 
171.348277188 -332.938146256 -224.625130015 47.6845414662 218.67118641 -100.919399791 461.686340963 325.090741731 -461.686340963 -57.9944468188 
461.686340963 132.044657112 343.420127666 -335.22746556 -138.222847892 -36.0837488573 249.773473023 -203.075114231 57.8084929989 -461.686351178 
-461.686342256 -334.325213904 -83.3844595653 -188.310100602 320.012171819 -241.311498458 183.81180327 22.3496115693 123.355438019 454.405271475 
-28.1813646125 -461.686340966 332.642447771 207.679977549 153.277038052 -154.373851242 -206.690145571 461.686340963 97.9163679042 -328.386176386 
11.060685012 461.686340963 344.82392489 136.74971882 -336.875993658 -134.469924603 258.126003001 -461.686340963 -9.27947907721 -255.843109182 
461.686340963 -224.615258199 208.898542662 -461.686340963 -333.405183353 63.9063930852 -61.0785753939 334.776018059 -175.024790491 82.5266267245 
-169.838469497 -296.744291167 -461.686340963 461.686340963 214.886278055 118.628949875 -134.120931172 -5.14315371988 -346.7721575 339.020810624 
-173.852857799 -461.686340963 -327.535693978 -192.120594966 75.8662503443 223.91182529 -49.8863557189 105.03428735 336.477364593 461.686340963 
454.475290626 -94.8698279363 264.810578061 318.214417955 -461.686340963 -332.458823274 189.548528334 70.6107726757 -60.4660971106 -222.858837034 
155.483921714 -112.3907307 348.476641808 -461.686340963 -339.281454671 12.1079369122 29.8308503823 461.686340963 -224.067396893 276.326997072 
-59.6781403583 218.912637891 -329.920753825 -32.378005578 461.686340963 -188.607206991 -461.686340963 -270.345373266 95.2530232325 339.89491639 
-81.0158977003 -461.686340963 212.710321791 -64.6477902391 -333.841564707 461.686340963 327.656232986 177.025895904 -212.787298965 57.6984240743 
-99.0772946388 -225.31862111 175.119831918 46.3446854367 -332.810742049 -461.686340963 -67.0352512481 331.812307213 461.686340963 198.008774766 
-96.2744876386 27.7571068832 461.686334121 -461.686340963 -333.435104565 155.961629963 208.281688452 -165.023521835 333.214728042 -290.247897624 
342.41761376 -280.388630912 220.98999404 -164.0610835 94.154412301 461.686340963 -461.686340963 -46.191818583 -342.838689286 58.0198053308 
-206.747423467 185.980039804 -66.7971664862 461.686340963 333.852671889 199.581767536 -336.260276738 -79.2457846075 -461.686340963 56.6515292724 
461.686340958 -67.6352702613 247.199471861 -461.686358132 -211.921012525 140.78147621 48.3959260348 -338.963229702 345.581670563 -97.8241123105 
461.686340963 -461.686340963 -341.733958889 -125.919160684 110.364001934 -234.408313176 233.403224263 107.421491998 -11.2498559596 346.161646024 
-332.991380108 -224.756111137 218.843423393 171.241727891 325.093267473 47.5766777507 -101.04700525 461.686340963 -461.686340963 -58.047156524 
461.686340325 339.012036038 116.821600806 -243.788096163 -461.686344838 214.886292732 49.920946277 -65.4263354167 -193.682509916 -335.784933972 
36.7159692533 -331.301088001 -131.370335728 461.686340963 266.63791312 -211.205089498 -2.45188303593 -461.686340963 145.631536335 346.118703665 
-19.9660714482 -259.94108689 424.361826185 -461.686340963 -330.043584271 229.318447314 -50.9760285754 -180.877644765 107.377887051 287.470624694 
454.405271936 -145.878549709 213.496332253 -26.800198078 -342.166321194 86.7361441922 339.535801743 -461.686340961 94.5090086348 -234.306577486 
138.968001587 57.8649620659 -176.000880014 -210.123064744 -333.141601284 212.040129895 461.686340963 -59.8554441993 -461.686340963 332.944270015 
-144.790194561 96.647789872 -24.0872840125 -342.99517351 180.847950863 -234.113669273 461.686341326 -461.686340692 231.061423526 343.446445395 
202.499411374 332.464162965 -234.721709134 -336.074843013 43.2523149709 175.721517636 -108.317840666 -461.686340963 461.686340963 -82.0396795537 
180.272719437 61.9455908048 330.257965707 -461.686340963 461.686340963 -207.284045949 -60.7117466681 -336.166543194 304.174514579 -82.4046326168 
-339.93787915 52.9478607186 328.102298747 461.686340963 -461.686340963 135.340712237 -67.6629684958 -117.392011071 209.096877406 -221.49627264 
90.5373544106 338.686599373 -461.686340963 -179.149303055 -302.372742341 214.886383078 -330.52949263 -49.5991329282 -41.6299751644 461.686340963 
-339.058436861 217.166401734 25.7665232833 91.5284929146 -83.5397678878 -461.686340963 338.328554917 -117.230549012 461.686340963 -211.53612572 
-61.6105664984 126.324416438 208.518016695 -178.024007505 461.686340963 -333.675610503 -210.889322506 -461.686340963 330.623333997 56.9683798126 
128.343441187 -252.541681126 -17.596236693 100.984669802 342.015377814 459.187991573 -336.534684337 247.019360943 -130.897035214 -461.686340963 
-343.90617786 461.686340963 -169.614597272 348.520605624 167.744793842 -291.550363664 -461.686340963 67.430287257 276.8277936 -59.6430429741 
-30.3463954714 -335.769133888 216.572161758 -459.676240448 19.788783421 339.184305178 -160.031048678 -226.239367288 110.780828275 460.902307144 
-168.448140841 -326.727786169 55.8520113995 -461.686340963 340.854212093 -43.3986841226 -193.761106017 112.478561908 461.686340963 234.444295844 
461.686340963 -253.254585761 214.886277938 -123.873952323 -132.825692966 119.939703162 339.285217618 16.5449124281 -342.457690668 -461.686340963 
330.616373639 32.1265541509 -205.573199406 171.223678279 -334.481283299 -461.686340963 293.587210942 457.311486243 49.5649464816 -86.9961956917 
341.720150757 461.686340963 112.745690572 -330.85452295 -244.123145099 -39.9804600808 237.61939951 -1.38962118707 -461.686340987 -169.592872371 
-336.747635253 251.503206318 44.7106231565 169.067729136 -233.139860234 -461.686340963 326.960365544 10.0130846994 461.686340963 -104.165873823 
-209.317568828 47.9031649192 461.686340963 300.695341799 38.2337553576 -461.686340963 -331.118299683 330.591767461 -98.4471761081 172.576905299 
127.869370063 -461.686340963 10.634248054 -104.72909123 249.984210138 343.20990385 -339.070567687 461.686340963 -244.518672576 -139.164984477 
-45.5379428775 -167.99178056 -461.686340963 -329.498211884 228.944287653 461.686340963 338.38797728 83.7437460988 -206.264701397 106.92767973 
461.686340963 -192.43061432 22.9521495184 328.850417898 -461.686340963 -58.1458884053 141.864611957 -328.227844759 256.542576823 -180.815699833 
346.410558516 141.72961389 -339.338724161 461.686340963 -93.7138236995 264.148699789 17.348636942 -461.686340963 -122.258224351 -246.375822311 
23.2979018599 -336.636871891 165.878997845 -218.632334108 -461.686340963 24.9693299501 264.150734037 330.942111813 -103.441089965 461.686340963 
-147.134583676 -27.0235592805 -333.101760813 336.118191784 -196.226145352 267.137072932 461.686340963 -461.686340963 105.367338934 132.68131647 
-31.3829913457 240.889846536 -334.932464321 -199.142096149 461.686296953 -461.686340963 340.872435982 122.650436545 95.1105055877 -157.085637012 
-216.123846939 79.2130876915 229.277938868 -337.073961088 149.590828447 -102.845668959 461.686340963 -51.1073179068 338.66684998 -461.686340963 
335.104092741 108.711556504 -461.686340963 -340.694598697 212.295826591 -83.431451092 461.686340963 -225.112829774 -95.0326776071 41.1261533675 
16.1651986295 -339.149475685 -246.920882564 346.526865965 -125.139830755 -461.686340963 -76.3929297287 461.686340963 265.081728818 142.317889522 
-202.950835283 114.827620671 461.686340378 -164.859659748 -461.686340963 236.770822677 -41.70568186 45.8172345856 -328.837552162 343.280163386 
325.314885479 -4.74446198526 -111.793068076 -204.848993217 -328.354067054 209.30513166 -461.686340963 172.967016914 49.9340913079 461.686340963 
39.3196316104 -206.682337408 461.686340963 -130.213401811 -56.2360752558 329.141634058 257.413008643 153.204291922 -333.278145664 -461.686340963 
-207.088697615 66.6762263382 -80.3601310872 -461.686340965 240.154114072 -63.9306209895 330.105463167 461.686341394 -336.098979308 175.9978929 
-461.686340963 150.871879956 -218.015637847 -101.527890767 209.702841787 -88.782961831 461.686340963 330.471798231 -330.167704493 50.2386358116 
-461.68635022 -140.269407012 -19.2397163961 461.686345203 214.420325485 -7.20453984469 -234.020187931 -343.40145783 112.380696554 334.202624316 
-461.686340963 -99.522197913 -209.593094505 461.686340963 331.951792872 -65.8240649327 212.381683811 57.803999882 152.818339799 -336.754461251 
-332.577960667 211.049956054 -216.025214676 54.2062790687 -461.686340963 167.239071978 -94.0775281193 -72.4691484152 328.742524014 461.686340963 
-170.294122174 69.4178140044 219.19218839 -332.044236999 170.294167324 -208.351095588 -461.686340963 335.373133243 -54.2496295795 461.686340963 
238.848483901 -461.686340963 -15.662418258 -256.303003563 338.035142224 461.686340963 -334.12458293 113.711564181 -153.483717923 -9.89552247345 
34.9459648437 281.746028033 461.686340963 349.616603197 -334.446691835 158.423784548 -63.5150556615 -217.521019064 -184.256461236 -461.685460121 
-119.837046243 -344.654696534 301.328582771 122.921794133 170.256171515 437.889879664 -262.676998217 -131.59737043 -461.686340963 -3.91153821287 
49.9505225765 -461.686340963 -166.543532182 -40.8367059353 461.686340963 -199.176985392 122.872950882 -328.282798571 343.27890742 244.054480502 
-334.250978063 -461.686340963 103.122995104 57.9790387116 -48.5628811969 461.686340963 -165.195476972 -260.035224936 217.948891259 341.306799084 
0.632290536158 -340.005333073 -461.686340963 292.405117769 461.686340963 335.200352673 -125.745100394 -254.777933266 118.13242609 162.35670629 
235.887629997 461.686340963 36.8613672247 -250.148166434 -461.686340963 166.289512261 -132.969335714 -8.42405924485 -334.98315652 329.236971622 
-34.1875519844 -61.9947549363 -189.466851618 -271.851386885 214.155867841 461.686340963 335.942884952 87.2797792772 -329.918766906 -461.686340963 
107.070446311 -206.840479348 -45.6954499833 229.268487061 461.686340963 -461.686340963 -168.071019465 83.6606746845 338.094031132 -329.429976126 
-211.174242969 -110.571209035 212.086042322 142.045818242 -61.5913512696 58.4525735669 -461.686340963 332.756349533 461.686340963 -338.748947481 
226.17819189 -135.815326811 461.686340977 -343.631834755 -14.7648783847 -233.967482993 342.761427534 -461.686340367 116.910032435 -3.27030764619 
155.230035157 63.7692142588 461.686340963 -222.8589121 -329.480100237 -461.686340963 337.09866925 222.901791882 -54.9304744933 -174.596342209 
-82.1678747679 461.686340963 -206.879569089 183.596415619 57.9790504103 43.9101754511 -334.960391127 329.79642995 -461.686340963 290.223412909 
-461.686340963 461.686340963 126.247358004 -333.635039294 330.613487167 56.9661370815 -178.019249028 208.492898027 -61.6087046548 -210.853803393 
27.5956109876 -91.0135901491 -461.686340963 461.686340963 -338.344831336 330.043579629 171.975657527 -211.907878564 48.3475473312 301.127482859 
336.282056791 63.2486700806 -338.580264106 -61.1424990552 194.764820047 204.639697874 -461.68634666 -210.808263075 461.686347562 -85.7852462976 
-461.686340963 -335.205663151 461.686340963 208.194452765 -105.710801775 -75.9859010977 42.4736224256 -231.245069031 166.626424415 322.799863699 
14.3409607966 139.284806971 -249.145125438 -461.686340963 -123.894447744 461.686340963 -339.953960197 -113.382385012 261.141023758 347.595482732 
-461.686340963 -153.53818378 117.997088902 207.742451236 -73.9324161081 329.301865898 461.686340963 -229.125094271 49.7010695686 -332.827821899 
-461.686340963 236.536644018 -45.3388605517 -169.477108961 112.073071514 340.232258841 23.0655338579 461.686338688 -230.458441524 -332.666293044 
-130.241611765 257.098209988 329.08857623 -461.686340963 -333.276733942 39.1843571924 -56.3160282152 -206.696649555 461.686340963 153.003892977 
344.31065556 461.686340963 51.0614452452 -138.791881213 -461.686340963 -17.6707132691 133.157527707 253.330190227 -265.7149479 -341.809504526 
-161.91951706 341.189104164 461.686340963 -223.757009654 46.9495445622 -41.6425793106 113.244155501 236.033128548 -330.972153698 -461.686340963 
321.320750697 197.081674514 -337.160229083 456.975842602 -82.8878948138 -237.766006229 40.4496997352 -461.686340963 117.252172529 -135.47845637 
-461.686340963 131.101551889 -212.056804468 -83.3269525494 20.1599745953 -336.793216716 -204.284766186 347.055970939 461.686340963 233.209976821 
339.720254948 -461.686340963 216.761060896 461.686340963 -241.283418131 -331.369989002 1.97770584985 94.5870882291 -175.947600444 -49.8272363328 
-64.41781618 461.686340963 -215.362190793 -461.686340963 -335.640358541 332.053594434 213.221302383 158.756288172 59.8806819404 -93.3778634256 
-169.995807131 -46.5317921798 112.209340381 -461.686340963 -190.600279667 -325.941219194 227.146701685 76.2514473526 461.686340963 338.458683993 
-333.221536264 212.037660908 -461.686340963 -210.202764968 -59.9063085566 332.954810343 57.8264398385 461.686340963 -176.053263546 138.935929709 
57.8237188096 332.948431163 -176.059059868 -210.196628347 -59.9109581771 138.919802926 461.686340963 212.021475299 -461.686340963 -333.217110185 
224.536766233 -200.710834817 -335.919753082 -48.5596296758 87.1279477556 94.1945642183 -164.757979072 461.686340963 -461.686340963 333.531734177 
-222.813391481 170.294232924 43.624300486 -461.686340963 -36.1901844115 211.679621601 334.872800397 461.686339486 -339.464931742 -105.310642326 
-178.346459904 -461.686340963 461.686339362 38.349994094 -76.3239164431 339.020551748 -337.067410624 -216.902115247 120.463677502 214.886280338 
-329.646144789 210.803381584 328.605024366 160.166097811 -191.880690983 -461.686340963 -63.867652586 461.686340963 -186.886698555 47.9630289861 
-336.969049388 342.993083916 128.193875423 247.129212541 -461.686340963 57.9790487611 -114.027584756 -208.781354727 -26.6758469906 461.686340959 
-455.319309293 96.3894158369 -255.495076989 461.68634159 115.023066537 -363.35611718 -131.331538424 211.875724605 -14.7092246478 335.219578106 
-348.588341831 -458.925144197 461.686340963 193.60380071 14.3302805359 125.631986769 291.026755267 -105.777139647 354.335753405 -230.895249066 
461.686340963 169.013321044 -461.686340963 326.95461262 -233.222266915 -104.244397998 44.6508090467 -336.815686876 251.416696593 9.91155986784 
223.918391845 -461.686340963 -330.937663117 -204.45437958 76.2795721423 461.686340963 -49.9529394106 -137.716099483 336.451645334 114.976167367 
340.234504262 -332.667609959 -230.462655476 236.542921508 461.68634023 -45.3355645565 -461.686340963 112.077701376 -169.474806152 23.0669267509 
61.2059507718 -211.379862279 306.948735705 329.713570353 461.686340963 -461.686340963 -335.306742123 -67.2437437406 183.36399548 -141.605632079 
-461.686340963 461.686340963 -81.9211087994 157.140414255 -334.601072347 29.8124239528 274.110892049 -238.712246085 347.873278808 -188.936029253 
-259.91717901 287.503126331 -461.686340963 107.424048095 -19.9377283293 -180.802458578 424.343744937 -50.8798370272 229.339421869 -330.071723843 
-461.686340963 96.0472558464 -30.5907975712 124.44064482 461.68633768 -335.107993447 -156.181163351 341.950279758 242.512056081 -199.67957776 
461.686340963 -461.686340963 -337.081376065 -71.9517404695 52.6533223619 177.932261552 -210.39029683 327.925970581 211.326246254 -82.2597221711 
-175.692942226 -223.98266367 87.2617436261 -333.465441566 203.759238226 -461.686340963 32.0193733291 335.198034744 461.686340963 -59.8564349936 
-18.0230140962 185.660705402 333.856799845 -333.909270628 -250.123136815 199.767823878 -461.686340963 -138.78059621 461.686340963 56.0914878188 
225.53903968 -5.86799133527 -21.0598650845 -335.924779149 110.477845585 -148.385560536 -260.992725642 -461.686340963 461.174753605 343.967416004 
-162.796244906 -2.49106903375 -284.524949631 461.686340963 -333.597873281 -461.686340963 240.855737524 123.127866338 -38.3210635356 329.563370284 
-164.458540181 -461.686340963 333.718337856 -258.029409182 240.624406122 461.686340963 -332.100491756 -38.7454343672 128.142090079 44.5402255799 
347.26722273 -233.524472954 -128.121256504 -461.686340963 125.230643652 -7.07514695014 -343.854844156 5.37796078816 233.164804114 461.686340963 
-461.686340963 461.686340963 202.212767668 53.0800285038 333.215076816 179.840852246 -139.198322046 -251.022631625 -333.810500618 -17.6496015524 
-461.686340963 -36.6886344567 88.592652945 206.298719292 -328.927135997 -305.783419663 461.686340962 336.393714782 -181.345122415 -52.9935160982 
461.686340963 -5.05529601277 296.821998829 -215.895193417 -96.4397135429 -461.686340963 -335.509289986 172.030959775 54.0388466928 332.389269338 
-205.746277068 123.016679482 343.735083905 42.7443228047 -159.648291755 -37.700562289 -461.686340962 -328.730244487 461.686379281 246.446343027 
209.014896379 -300.850513195 -331.106793078 -461.686340963 461.686340963 334.079717853 -59.3655972169 87.0943070891 -179.496587597 -30.9289812289 
-461.686340963 -332.715944995 245.393467002 -146.510099534 342.643072063 461.686340963 120.271827694 33.6924820339 -208.085255812 -58.4058334265 
-461.686340963 460.699686402 114.434599525 -2.07127505653 -129.708680795 -135.736699093 -262.209931535 335.211442518 219.092033188 -343.598420475 
-461.686340963 296.827818337 -233.954236025 428.444793003 165.16747649 -97.7048705077 13.6669973021 -107.73934516 143.669037267 -344.164630507 
16.1005322087 -253.117831214 461.686340963 -461.686340963 214.886278057 -124.166478821 120.067786541 339.018812756 -342.251671102 -132.698897489 
67.2430661176 461.686340963 -150.044629067 -461.686340963 102.379063907 212.706828226 -212.103308213 -333.978858212 -60.6128162651 335.332321951 
-461.686340963 -332.477019394 -57.979050417 -171.937413158 456.722223858 323.258155157 181.531913621 -222.861960403 263.121475079 60.7548521588 
60.2981635784 -461.686340912 -333.920975462 -59.5590831533 -230.496878582 328.518662246 180.920925158 461.686340963 211.42073041 -186.883446394 
-461.686340963 461.686340963 -337.401804153 -213.725834503 177.200746689 323.786046394 -74.3632659208 49.5343381418 202.646517233 -86.7973431205 
-250.152155713 70.4874426344 -22.2977818212 461.087741644 332.999851932 -143.116641267 -461.686340963 210.185183093 -333.60766172 160.593000937 
219.30392224 -149.351388301 -365.441532038 -14.5803812949 -118.689295205 98.8336408644 -255.385809456 461.686340455 348.658188189 -455.360956248 
157.576045074 -461.686340963 284.483510171 -114.244489252 -239.383545939 461.686340963 10.7294271335 33.4122217342 -336.374486061 334.138380549 
88.1677863564 -461.686340963 -163.762102935 -332.842874381 -64.1734215762 333.597631475 461.686340963 -209.898296054 63.4077067024 210.117881575 
58.7905397846 -212.263913639 211.887597339 154.394237997 330.477122125 461.686341088 -97.8953040517 -332.07924147 -64.7304590273 -461.686340963 
-333.099080729 -64.9917186803 -184.30503685 -222.858852079 332.883493276 461.686340963 199.282142009 -461.68634096 77.0869459767 66.8533888402 
328.172278125 -86.9271506679 -461.686340963 -334.643999327 207.322394862 37.7142450989 164.950217944 -149.835054427 -276.722015311 461.686340963 
177.049871126 210.595696001 461.686340963 -461.686340963 -72.8104208765 -217.406689749 51.8553594669 326.880625027 -87.0819547983 -337.267277914 
327.179313381 77.8925741654 -194.650657163 455.591000865 -286.659648589 -327.665059299 -66.8283840681 -461.686340963 198.23860843 -53.2923716453 
461.686340963 -84.4353506223 -206.387432191 186.019666773 334.015063872 -48.8132555434 200.216934188 -461.686341055 -335.621754257 57.4117655602 
461.686340963 -182.965126763 -253.576929462 -57.8873752143 211.430392525 334.130348944 87.3303404885 -12.4498726855 -331.72334329 -461.686341262 
-29.3251527699 -168.015615783 212.13069524 -28.5887193375 91.921816641 461.686340963 -335.5748825 -267.18280065 -461.686340963 335.822144427 
-461.683458192 -67.7172045186 -98.627028926 -224.512392403 -333.18682979 174.901140194 331.894560287 198.316513447 461.686340963 46.1609991092 
208.477623714 83.825270341 -265.026300589 -331.585173404 330.625294102 461.686340963 -63.2600060902 -26.0131422851 -461.686340963 -189.190422307 
461.686340963 -65.9927504832 175.398779479 327.239019049 -80.5140423335 -461.686340963 -336.053167363 55.6856489519 -206.557544515 212.751577798 
170.224870371 461.686340963 332.47891757 -336.0969499 -461.686340963 -95.1456272793 295.707720521 51.2931967457 24.3516887678 -224.360289293 
-336.027384504 211.015365301 57.243210091 -85.2067643632 -207.045134881 -57.9791195431 328.045640173 -461.686346649 179.367810151 461.686340963 
203.294086821 -446.141127461 38.1317911747 -88.6831575373 -305.473170129 328.435951502 -219.17398565 -442.281509467 461.686340963 124.240626425 
461.686340963 109.79835364 -461.686340963 -147.05623654 -23.1235306783 333.795225363 -10.0898194317 -342.964555711 218.707656775 -272.938084021 
-330.320393409 -461.686340963 339.434689836 26.9912805788 242.582901527 -36.2281802889 -226.789037275 121.966678861 -161.436241559 461.686340963 
335.502975869 115.333267159 -150.33869582 460.62906905 -271.889049516 -343.901103118 219.601540393 -6.98692597975 -461.686340963 -125.357794192 
211.961642885 4.09075013834 -264.952419307 128.382019236 -461.686348384 -140.871436567 -341.746692266 461.686339463 333.408861214 -35.8775719564 
-251.076610027 461.686340963 -104.954945335 340.448289431 13.3340950554 -340.885993355 100.894549121 -461.686340963 -125.954114125 218.536777284 
-105.484767703 9.10440810666 -338.987532706 147.02003962 422.036058827 94.0754254834 -461.686340963 283.858085434 -145.535237955 -244.171115141 
461.686340963 275.832627391 10.8537495419 -113.756896945 -338.024667062 348.173561825 29.2460639072 -461.686340963 154.745272172 -219.753352776 
-461.686340963 85.9041003738 461.686340963 216.650111137 -58.4236334451 67.9949967845 339.25173386 -172.927436109 -332.886876894 -224.073738415 
251.648449401 -150.460538784 10.1835604769 139.177699224 -20.475391067 461.686340963 -332.49196762 -234.405269077 -461.686340919 329.315633022 
-84.0509714888 -90.788097504 35.4493005529 344.376839662 -223.241658423 -461.686340963 -339.534475583 112.667278081 461.686340963 227.086586318 
461.686340963 -342.121615661 -252.949984049 16.2953737979 214.886278057 120.273632489 339.01850265 -123.992120652 -132.495176898 -461.686340963 
-273.804389117 -21.0154259858 -334.501095608 133.299927023 328.655060083 461.686340963 -149.455656736 -461.686340963 242.948738526 0.0243198717072 
-116.531211365 -228.005443119 40.7897497293 214.886291281 -461.686341005 339.097486562 -84.9736442487 -342.554510719 461.686340963 136.188094215 
49.8807850064 168.575931799 -92.7360562931 -219.097554876 328.363909539 461.686340963 -461.686340963 275.857072747 -337.989054341 -70.01921272 
-68.4604744243 204.460655078 -461.686340963 457.194686709 54.2676839252 -97.8287444842 -337.416457658 154.4586551 -212.670165965 323.781187208 
338.993585136 -54.7596050728 214.886649162 -179.836012095 92.9804808396 -259.140604913 -461.686340963 -19.0175358717 461.686340963 -338.788698564 
-256.645834599 -30.3374664697 -144.176513233 29.650792299 235.496366966 116.857215045 461.686340963 -461.686340963 -335.686046532 338.681845869 
-233.8867824 -335.876141214 -461.686340963 461.686340963 -77.8048547841 122.609046268 205.512675889 -130.178987978 44.997835385 330.395481578 
-330.556063633 -59.4144105095 -461.686340963 294.215859851 461.686340963 41.4226428982 332.091305402 -172.674232048 169.423528554 -222.911075573 
461.686340963 -214.416657324 140.470256467 -90.0341550257 345.585311114 -8.11942301226 -337.287065829 -461.686340963 72.5650992966 257.865087828 
-331.76688669 -461.686340963 52.4776414661 183.234184714 -223.592248033 204.19953981 334.275829211 -73.0266384025 -98.6082919912 461.686340963 
88.2147345395 63.4536884044 -64.1157416347 -163.717113415 461.686340963 333.627644606 -332.764116864 -461.686340963 210.157879958 -209.81899458 
-332.866964921 -233.911134219 -38.3003214065 -461.686340963 252.147080181 330.759918526 10.7690202373 461.686340963 -163.485022473 132.58677883 
-337.848564341 173.004412211 -95.7003635296 461.686340963 57.9790503015 323.660912121 290.223412814 17.9382021638 -461.686340963 -219.874471125 
-461.686340963 344.229821013 -266.074100917 -139.100345159 50.4309909609 -341.878359099 253.048780704 132.808245821 -17.9532829671 461.686340963 
112.014897132 461.686339449 -461.686340963 22.9887526669 -45.42256344 -230.600788968 -169.572069866 340.211435243 236.498902063 -332.783323718 
-172.978507409 216.619222368 461.686340963 -224.225958782 -461.686340963 339.233932439 -58.4750949278 67.9457623848 -332.949638398 85.8064658916 
-461.686340963 66.4019824862 337.393614606 -175.380642316 -58.3022565437 106.747826516 461.686340963 -209.672741819 -332.939790007 217.4465762 
-218.21040779 194.863108694 198.549141388 -153.649235825 -332.527319138 334.569777313 461.686340963 -461.686340842 -41.0478925532 67.4479033986 
-461.686340963 42.835774075 85.3107633351 38.2573168017 -337.03465007 304.298032823 -84.2392531365 -209.315340511 193.511314896 439.956097754 
-461.686340963 349.917762607 461.686340963 -69.3135750638 -337.267766611 286.761230809 48.6699496855 -187.559023275 173.009880267 -215.41732403 
-40.6779530687 -2.1312790135 -461.686341058 -244.760418664 341.635771633 -330.845168665 237.110292074 461.686340963 112.118645724 -170.289700613 
327.756292429 -249.691257782 213.621372598 -461.686340963 176.649491436 -333.914435754 461.686340963 -13.3966564967 -136.109994401 54.762474351 
-61.2371405418 -211.0707802 335.369730178 461.686340963 71.4315565105 -333.88670461 -179.514272541 211.631115137 85.8151313831 -461.686340963 
-231.730955966 -163.691064163 263.364097876 454.61767242 316.802444093 -43.6122702539 -332.709884371 -461.686340963 189.84680173 80.1922949875 
257.458583805 61.9214045305 330.34607996 -207.71813715 183.414740059 -461.686352759 -82.9226421527 461.686340963 -336.389221801 -61.3613233327 
-17.2237486116 209.730835164 -176.040233638 -54.05492136 -461.686340963 461.686340963 -332.061061372 -297.284716355 87.479168585 332.69182952 
-461.686340963 170.294114188 12.5427581624 -334.843429123 -110.868395347 -230.606361566 47.6557427499 326.80634314 461.686340963 253.65587417 
215.803564153 -31.6090594392 50.5414288217 -461.686340963 -342.32701091 -104.844215759 -217.402058595 461.138697037 180.022050973 337.333069931 
139.55077776 18.1283424673 -64.7452043034 346.331054492 461.686340963 -246.624294706 -461.686340963 259.203593142 -339.168194537 -124.173764074 
330.005883447 54.5856959687 252.845900346 -64.7455437994 -332.896493736 461.686340963 180.450958011 -225.384793281 -461.686342 -183.33437496 
48.6566916826 -332.373870789 205.158777712 -62.3642972876 173.08347676 331.78235537 -222.858913602 -461.686172449 461.686340963 -101.54044571 
169.482073174 326.890243364 -103.688616601 -232.794268042 252.331590238 10.9857767666 -461.686340963 45.2079279255 -336.887446844 461.686340963 
-461.686340963 -330.95947243 -166.486111359 85.3208996526 -44.9148017058 232.189558968 339.273998715 109.431039833 461.686340963 -206.605431559 
-461.686340963 60.1322505437 329.806421864 461.686340963 306.411539567 -332.626842068 182.768573527 -217.685367513 -60.7947189071 -174.07083172 
-461.685714089 -149.973932125 -13.3349438021 -275.826486067 461.686340963 106.345761898 -342.787606175 -26.038852292 222.139175639 342.031877598 
63.3993557631 -64.1734592574 461.686340963 88.1700980318 -461.686340963 -332.835354962 -209.894061262 -163.759888663 333.581109515 210.101584038 
-90.1223811176 40.7123507139 461.686339977 -339.593409864 -82.8632322455 -461.686340963 343.094391188 215.530986028 92.2439058287 -221.567406455 
-233.637935423 42.6998148875 173.144875858 333.000832474 461.686340963 250.216402758 -342.734910564 -110.603775069 8.50383631622 -461.686340963 
-192.991435311 334.6879172 -185.590379592 211.469078146 82.7849108643 461.686340963 -60.6902427531 -461.686340963 67.2037113401 -329.649660485 
106.439733578 -26.7264076599 -342.983766946 342.115079274 222.983215756 -461.686340963 -149.934031657 -13.1867557536 461.686340963 -275.625150199 
146.25765668 -461.686340963 36.8801985629 461.686340963 -211.056822146 267.25770876 -130.126832904 346.38295573 -331.199290345 -1.33375824358 
-90.294799338 276.216460686 -461.686340963 461.686340963 -99.7408609035 152.60632939 351.513569704 -339.285841538 29.4163978648 -220.472188491 
-461.686340963 -96.8208965675 332.375407227 -214.989420705 -334.657220809 45.2061919743 461.686340963 170.296880124 27.3203212417 296.088411321 
461.686340963 -461.686340963 332.175969805 209.231944918 -48.391395284 -33.2351624977 85.3759068806 -295.041398049 -342.626311139 -170.868997014 
-1.03366254282 343.493726522 -60.9738894545 -186.022378422 -243.817114125 -340.277768272 211.081632786 94.2374670058 461.686340963 -457.041599332 
-255.801488217 -461.686340963 105.70280272 212.24407096 -336.4899887 -15.0706209902 -41.0059295278 337.777576875 -171.044044404 461.686340963 
-179.441774166 461.686340963 224.481215761 -337.863082108 337.420936581 101.408383297 -303.309986759 -461.686340963 -20.316362645 -121.787385313 
91.8371216169 -279.880561914 -335.173087525 -44.4722262257 338.544809047 212.484644266 461.686340068 -461.686340963 -34.3154186487 -175.469928196 
-64.6649606094 63.6296476216 -461.686340963 215.60835302 338.945946323 88.8581320061 -210.188317177 461.686340963 -163.100357423 -333.091341503 
24.6749333043 227.750523271 461.686340963 -131.294569309 326.479732526 -222.223654577 -332.885059699 -461.686340963 -19.7439931655 149.830415941 
-256.319495785 -131.000051168 461.686340963 339.008321354 -342.919668135 121.782213068 214.886278017 -131.552647951 11.5732869313 -461.686340963 
461.686340963 139.558109373 18.2235336525 -246.688879603 -124.279063514 346.370103476 -64.5395049282 -461.686340963 259.125759288 -338.983206321 
-85.9593854665 178.269154554 60.8134238291 330.579724446 -338.758867425 -72.7720344666 211.089802085 -461.686348611 461.686348894 -211.915909506 
18.9282465732 -331.358728098 454.815983581 319.686307119 -11.4568423002 -226.976021559 146.325828312 -461.686340963 -142.392873793 266.732271585 
461.686341045 214.886293453 116.821866971 -461.68634304 -193.681905209 49.9206472673 339.010769722 -65.425386424 -243.783756096 -335.785466904 
11.8387145587 461.686340963 -461.686340963 276.241545225 348.463851203 -112.640506925 155.29786283 29.6486144722 -224.253360109 -339.419020971 
-172.929190582 -58.4280253437 -332.885598752 461.686340603 -461.686340963 85.9096763843 216.651482749 339.252225033 67.9901924914 -224.068454894 
-331.88090799 461.686340854 119.744497565 -461.686340963 90.7748197921 -35.7929628757 -207.075917151 -161.260618512 340.868826037 238.226723003 
-336.493788649 -461.686340963 -3.8111910645e-07 -77.8966490592 -202.625546118 298.519088584 -213.142175545 166.732754271 435.444639378 127.432123805 
461.686340963 -159.245500263 -256.641631316 -333.897438051 337.552659677 60.5811456182 -42.1763976443 115.043701876 216.805425934 -461.686340963 
453.00776796 42.6646790183 398.234613487 -222.995197117 155.261637312 272.341574599 -461.686340963 -331.168888735 -164.122473196 -45.8085512816 
158.074379554 0.000236855896416 283.991292182 349.769651463 -109.792090708 -461.686340963 -229.275641628 461.686340963 -341.919012732 26.5067415052 
-211.12077863 345.369358872 140.322813807 461.686340963 247.439803937 -81.4996051985 -338.682960626 -76.3985196312 -461.686340963 44.7091222835 
439.957964561 303.758075236 -141.089369215 -343.282103139 200.538569116 -66.9187469183 100.224411289 -461.686340152 -258.225058008 -19.4555110092 
-172.926580679 67.9926814378 339.253029644 -461.686340963 -58.4250205694 -224.072436091 461.686340578 -332.885904329 216.652813586 85.9133858784 
336.519306415 105.130871086 -461.686340963 -192.071238674 -327.36504198 461.686340963 -173.676829477 76.0227360266 -49.7130390384 223.89464254 
67.9876727985 -172.928948786 -224.07063005 85.914386586 -461.686340963 339.259615525 461.686340963 -332.882114174 216.652903604 -58.4343512523 
-461.686340963 -117.571261546 461.686340963 236.4710482 -32.3854021126 39.7928351676 327.725157686 -213.325389952 -330.994911842 164.738279359 
-341.735419084 -265.209589744 461.68633884 51.8567513373 253.768176275 133.645298897 -17.0456283023 -461.68633935 344.411561246 -138.201319394 
-169.473356969 -230.455169378 461.686341031 -45.33379115 236.534475633 -461.686340963 112.076375805 -332.669540196 23.0873324833 340.231207148 
115.065260841 45.4133719006 -78.4964042456 209.249381496 -461.686340963 -336.406163115 331.96798926 -235.144836656 -137.628414042 461.686340963 
-70.2597496055 461.686340963 222.858776594 -82.1022703413 -337.084812385 56.0417315582 324.561180894 -209.899281597 175.510489622 -461.686340963 
460.201916659 -335.335014255 335.426087533 -26.9599300161 -461.686340963 219.260803097 -147.667765522 11.7904891919 -265.819691282 133.250249315 
262.413313163 22.9013031948 132.767285415 -460.081068821 321.676107709 -102.015047621 454.405272091 268.591501319 -336.136224127 -223.566139965 
-290.474785196 -461.686340963 111.098080226 -166.402702116 236.294961222 -37.6889896074 -333.292221238 461.686340963 -15.1401934008 341.815924156 
-220.164241691 -67.1974700277 -330.873521004 461.686340963 -115.044238154 -461.686340963 51.5652910822 199.523461148 178.978849997 332.811147431 
-147.575557414 -253.032951619 -46.2575784291 -461.686340963 128.095328687 461.686340963 253.519552598 -337.279010045 344.539825039 14.7730611023 
-461.686340963 264.185742581 346.039689082 140.060412822 461.686340963 18.7819673831 -110.60813677 -122.417772709 -249.062828087 -339.778862212 
174.177150022 -461.686340963 -337.618774824 331.936473672 2.10102319842e-05 56.6790861478 298.848807725 -210.745292477 -92.3664824562 461.686340963 
185.41811182 341.693061961 -55.7417822108 -271.909164544 460.729156232 -337.407261586 64.8197565607 -169.472907457 311.619819026 -461.686340963 
-8.48687380199 -133.57031264 345.020699394 258.867063775 461.686340963 12.3987528305 -255.075591654 -337.149245348 -461.686340963 137.548239007 
-336.259082153 43.5681155837 461.686340963 332.632455331 -461.686340944 -108.098297185 176.116661511 -82.2527281746 -234.411651521 202.594464148 
209.270944044 331.994377079 461.686340963 45.2342957986 -336.456550105 -235.256823589 115.102097206 -137.592266746 -461.686340963 -78.6661462786 
117.48617112 -461.686340963 47.7937377765 461.686340963 -231.33885683 328.099868166 -145.007164936 -74.8549343574 206.446286016 -335.493374416 
304.176404765 -336.299968381 180.391485883 330.217600331 461.686340963 -82.7704564902 -60.3770616945 -461.686340963 62.1708991924 -207.58703793 
339.688494848 16.3876709406 -248.174585796 -89.4922865546 96.6674611921 -123.895056551 215.715727036 -339.726628532 -461.686340963 461.686340963 
-328.220058488 -461.686341591 455.671112345 75.0336425501 197.903110735 -69.8920147583 327.063927488 -285.719347082 -52.0615620098 -194.579350412 
29.8321620114 461.686340963 -224.022132569 155.455380519 -461.686340963 -112.351536475 348.486379488 12.1051271899 -339.293143821 276.340049821 
-66.0100046681 175.382993099 -461.686340963 -206.573989203 327.238947293 461.686340963 212.731202008 55.6698162326 -336.065921425 -80.5437867844 
-218.51347358 -100.223296191 -336.432536126 300.771599295 330.28959834 47.9950979289 461.686340963 -461.686340963 9.65596107891 171.398341222 
-223.853688542 -62.5733700555 46.4377876015 335.617880892 461.686340963 -177.080671646 202.287362896 82.9469506308 -461.686340963 -333.774958229 
233.143240047 -216.846862669 147.660752723 -461.686340963 -50.3310901357 -337.591778281 339.777368086 -104.827701908 461.68634095 81.2151276246 
-58.2547921084 50.2053729856 -193.055092383 -328.075389474 -461.686340963 208.882938922 -178.816759662 333.68891362 461.686340963 172.493287156 
-344.022357126 89.3810167383 -49.1180679133 76.5227538868 -461.686340963 220.885846712 -283.463152497 461.686340963 341.313121381 -161.153196781 
-56.8506389181 461.686340963 -215.326795722 212.922808411 -461.686340963 72.7873557825 -337.242568843 335.469938895 -87.5090871222 93.925873479 
-336.095851821 -83.1461082452 327.621039314 177.915976394 -207.218157383 58.0224296866 211.033403462 461.686340963 -57.9790504176 -461.686340954 
-224.194268997 461.686340963 210.446536903 -332.938661094 -58.6178824007 -461.686340963 -173.104951486 333.78124382 84.2391491939 66.809371907 
331.600313872 206.084860291 -461.686340963 455.511454959 -174.418836453 -60.2912178736 -333.239455382 -224.352117629 81.5195080486 65.5159596468 
212.828397749 -461.686340963 335.711937868 -333.571581576 -210.000351095 66.2377158036 183.638984763 -176.997439738 461.686340963 -57.0023321956 
271.890508608 398.443013833 -147.928912829 453.199277591 -334.35509221 -19.1408285959 14.5643025501 145.889754452 -271.925693265 -461.686340963 
33.0944098872 461.686340963 349.261951387 -461.686340963 279.894473124 -87.8018754219 157.04301492 -85.4393120065 -337.98246151 -215.619577259 
-231.858913161 175.192675299 -145.647853357 -74.4998455564 -335.685213272 -461.686340963 325.627114904 461.686340963 49.3309578 208.654103306 
340.869811811 119.741498304 -161.262841145 461.686338483 -461.686340963 -35.7957173165 238.224635493 -207.076501242 -331.883041254 90.772506463 
333.707243311 -290.547555182 461.686340963 101.087655061 211.950133888 -461.686340963 -333.051112111 -35.8903312791 -168.831306142 -45.7069779055 
336.391591089 -181.352642264 88.5860958593 461.686340963 -305.792082248 -461.686340963 -53.0021669518 206.296129235 -36.7033658918 -328.918754208 
461.686340963 -140.192712689 -329.905781818 -461.686340963 334.481412018 25.1569039954 -221.579614986 137.207942477 266.541472378 -12.5443224163 
-135.590292682 278.53517427 -337.728044031 -461.686340963 395.654878528 450.45898497 46.0411576297 -243.649245848 169.636795253 -48.2120245361 
-184.759923689 214.886417271 -461.686340963 461.686337211 -351.014874542 -140.051736423 129.712848498 -47.2490313324 62.1067566677 -302.409411889 
-22.0536713898 221.805076242 -28.2029353034 -162.468733501 98.9624924692 334.836753464 -266.860144256 -461.686340963 -335.585459517 461.686340963 
266.542858139 461.686340963 -337.023777387 -461.686340963 166.50852622 330.237655177 -217.312646699 51.8210271161 -66.6432582571 -91.340542011 
58.5762053862 337.981452345 128.342406929 461.686341011 -145.399283362 -225.057725772 -333.629947556 -461.686340161 -66.7642458607 216.440555893 
-46.6329523865 -170.097615458 338.397593047 -190.656277561 111.592228577 226.702460173 -461.686340963 76.1330927028 461.686340963 -325.980795899 
42.4825991498 -75.9783279997 -335.211239707 -231.221716046 -105.710143517 166.624851629 208.248926553 461.686340963 -461.686340963 322.804448802 
-260.214430728 215.589552974 -333.950006381 187.921857881 461.686340963 -49.3346292921 72.1722260062 -172.914926431 -461.686340963 337.103699098 
216.647315605 -332.887376717 -172.933190785 -58.4331416655 -461.686340963 67.9847513569 85.903790008 -224.072089791 339.249662446 461.686340963 
208.999049108 -308.30895228 331.464526874 -58.0573895788 -461.686340963 461.686340963 84.6645287905 -32.8697284578 -184.16949943 -327.655382911 
-152.761262603 -231.114343074 338.606774723 -6.05008474966 115.078706238 241.119133447 461.686340963 -334.511890713 -461.686340963 -28.062358753 
-461.686340963 -239.108134356 -39.3730384222 21.6084954704 -164.391666502 328.048158878 119.980639414 461.686340963 -333.781920297 232.043247557 
-253.008665221 -332.653843888 -461.686340963 -26.0366961659 -154.452386364 461.686340305 126.781451461 244.577917444 90.9691382372 342.433194584 
-136.039337415 334.21491443 -76.8242728187 461.686340963 -234.715510637 211.818555575 48.5414958559 -336.224128611 -461.686340963 116.682626086 
57.8390413362 -331.185344601 -301.032452954 -62.2263714698 -461.686340963 -181.086863971 186.796874072 328.257253174 456.596471589 183.955581737 
197.967355036 -97.7784303908 176.09616774 47.3033445175 -223.773648097 -66.3473746524 -461.686340963 -332.798508025 461.686340963 331.97121471 
-337.015645104 -209.740046263 -70.0919490952 461.686340963 53.7177991601 179.298296393 -83.5977413425 -461.686340963 324.362385654 203.662145407 
63.7184694769 -75.1632549158 443.213649218 -192.868589294 184.504118935 -337.901009076 311.732148354 -461.686340963 54.9104237079 -217.186768089 
-143.067748485 136.472158028 -461.686340963 -335.178000342 461.686340963 328.562414184 -72.6418314267 206.678570902 48.8663122265 -230.552082187 
87.5193293309 74.1415677999 340.392113095 -343.701513263 461.686340963 -51.5253865282 -461.686340963 219.242222435 -162.995020924 -285.309165302 
-138.79246802 333.881668762 -461.686340963 199.775889605 -333.903272133 -18.0234408193 56.0364555291 -250.130037493 461.686340963 185.635487476 
-336.434363835 -100.221326585 300.77441205 9.65637704431 171.400195523 -461.686340963 461.686340963 47.9979258366 -218.515243695 330.293958999 
-461.686340963 190.451046678 177.981188188 -143.431220191 457.952303653 -333.726286743 328.53109368 -24.4794858077 57.9789802122 -250.873005985 
11.5335929615 -319.824315662 461.686340963 211.613406831 334.228897762 103.615203398 -233.265066995 -111.414240076 -408.039983175 -454.405271711 
461.686340963 -330.528611615 20.7798450157 340.830920379 -226.125905227 -161.710571542 -461.686340963 -37.4009139892 242.007010101 119.78832059 
-332.074870335 -461.686340963 -87.2771761833 461.686340963 -224.060897761 43.735058168 327.811362775 -97.7702568768 164.001931387 271.533507665 
46.7769000865 -461.686340963 -211.921229352 -338.969446672 349.508936664 -98.4287867214 461.686340963 160.3187262 277.524979346 -68.1119796722 
461.686340963 153.892348787 276.858646871 348.770049604 -226.525873489 30.0585835743 -461.686340963 -89.4929306781 -94.8394482235 -341.032681803 
-461.686340963 145.556488969 -2.29268065626 -248.753995632 -139.193206886 272.258332566 453.044722407 11.073334812 -334.477426569 398.288545123 
460.785635784 -461.686340914 -327.941372674 -159.253857692 240.990514446 341.046753582 119.086661381 -37.0915949159 -203.622523651 45.0797494882 
170.583951099 207.369524334 -234.803013945 -461.686340963 461.686340963 -79.6101845271 -128.9353124 -336.098037082 44.4934024109 322.987921892 
-195.083153233 -461.686340963 344.850158888 54.4146955428 243.319286497 -314.781483249 -325.874302104 461.686340963 -67.5237031849 137.912588337 
-333.118165313 -461.686340963 461.686340963 -57.9293014034 182.88508598 -223.824806009 329.662277412 66.3194193862 306.535226571 -174.43052879 
88.6750860111 -95.632654271 17.192734971 -123.634561527 -461.686340963 -248.221550375 461.686340963 209.865377863 -339.717746585 339.096298802 
-156.926371956 -236.020739686 342.388670026 247.684596713 8.26582265952 -27.5650692516 -331.797393024 124.011305521 -461.686341095 461.686340963 
-461.686340963 -337.879238473 -47.7764084674 -260.976753307 461.686340963 335.48718472 -21.1946412145 97.4963585115 211.768644029 -176.400203145 
148.26062131 461.686340963 270.383655642 11.0003237093 -338.202007518 -461.686340963 -99.675937132 135.018066905 348.158270731 -212.491252369 
-183.051293678 143.472880348 -461.686340963 329.883859111 -190.653512726 461.686340963 -57.9805023972 26.5023915316 255.470674569 -328.663899457 
-177.446515527 -57.8164273535 461.686340963 188.168877706 -336.842264434 241.644968713 -285.040488504 75.8550262 -461.686340963 343.60945153 
127.357561658 248.955359731 -334.966898597 -46.5488530243 -170.905986909 -239.390622037 327.601296628 7.02740054414 461.686340963 -461.686340963 
-250.167147155 -49.696346926 76.7795941942 220.766605898 88.042098158 461.686340963 341.218908052 -342.120222274 -461.686340963 -140.034395789 
-461.686340963 325.643948186 -74.4802473141 208.665818318 -145.65979759 -335.686991293 -231.838964194 49.3333698774 461.686340963 175.209729319 
461.686340963 237.62239839 -169.587548472 -244.124621618 -39.9750204349 341.722202175 -461.686340963 -1.39133887984 -330.85361598 112.748007252 
-268.979957365 342.882463095 245.527298658 -15.8940979775 113.190803288 461.686340963 123.3252371 -461.686340963 -140.575719529 -342.2734597 
-206.859946588 -461.686340963 156.871117052 41.5174418991 -20.7424659275 277.588177696 -328.721178471 322.413913209 -149.198943405 461.686340963 
461.686343469 -342.19995161 347.811870078 126.890578391 10.8357216113 -461.686340963 268.207286865 -109.006597731 -229.457935802 151.828148047 
-277.955026042 -155.828399435 333.705272098 454.960717192 90.8483223312 -124.215211593 206.138142975 -345.410788785 -24.6105277042 -461.686340963 
-13.2468912125 28.8320739826 83.3144409123 -461.686383129 461.686340963 209.370444352 -228.029293616 333.901326965 -111.156657737 -338.772464591 
-174.433366489 461.686340963 -333.117352277 182.883759244 66.3217873665 -461.686340963 329.673367012 -57.9292836844 -223.832133476 306.532617994 
88.1735308294 -332.835305818 63.4004792099 210.113263025 -209.892132026 -163.756597469 -64.1767835768 333.589809741 -461.686340963 461.686340963 
-461.686340963 461.686340963 -341.108974078 130.860372976 -140.776309396 45.8296068393 -20.7091432857 251.639522691 344.414374111 -265.407313549 
-259.467957927 -164.715638132 210.222204882 461.686340963 119.055980483 -461.686340963 -334.014857363 -48.6071880533 54.2558679895 331.436408177 
461.686340963 9.69641497751 -336.449948151 300.806658941 48.0300473263 -218.510705635 330.325118833 -100.203556414 -461.686340963 171.440349823 
150.688379435 10.78290361 25.1950740221 -115.683159832 -236.989991169 260.485713311 344.990196923 -461.686340963 -341.823281805 461.686340963 
