45.8202420159
40.8435590412
45.9112693135
45.781883505
45.7489565681
46.2087309787
46.1210329911
45.758139391
45.8174491808
45.9184831478
45.8935233317
45.661013001
45.7289488298
41.5529069576
45.7547032528
45.9848882952
45.7713282301
45.551523921
45.6354890734
46.0463987384
45.7651374861
46.2088006293
45.6452357747
45.7853797654
45.9535022416
45.1217937823
45.2279150566
45.7789323871
45.9417613127
46.0842520694
45.390307416
45.7952979002
44.0624888818
44.7819990999
46.1701643651
45.9461597599
45.7228602272
45.883720273
45.6672979506
45.9225599833
46.0331033376
46.0439796056
45.8316576856
45.8685858492
46.1499353034
45.7492790711
45.9366235176
43.8869039251
46.1774802939
45.5690892801
45.7888424648
45.6864225827
45.868379692
45.9113323724
45.6857488017
45.6788742135
45.199517415
45.9782106299
45.7131649694
45.8782463584
45.8117925838
45.8653625041
44.9498739844
44.6745940819
45.8243380089
46.3197697304
45.83748845
45.2051440964
46.1499348933
46.0303084979
45.7926179082
45.8920044615
46.0116801491
46.1336345085
45.263127345
45.8788017966
45.9630828442
45.8896380417
46.0106057317
45.9466826106
45.9243444331
46.0330970539
45.8966360249
45.8633358589
44.3262098201
45.9450128637
45.9021608282
45.1578331035
45.843233872
45.6920266061
45.4943305894
45.9306382099
45.9549859784
45.7550879371
45.8806760564
45.8203419003
45.7581296469
41.2069886515
45.8404301473
45.7904985274
45.6369888274
45.8685591188
45.8668541488
45.4979869606
45.9351707525
45.8609970176
46.0329728681
