1.02528460841 0.926747787309 1.16784422243 0.983835605272 0.720492014071 1.29422110807 0.932070882001 1.07445239389 1.14238528562 1.31224218867 
1.10148974299 0.991675468911 1.14213244134 0.858391199685 1.29783166053 1.406746878 0.857601504372 0.825118908664 1.03276761197 0.925115456084 
1.18197928804 0.850198506386 1.37163381119 1.05275968805 1.14188626278 0.680003682722 0.990985855755 1.14213143477 1.38466509709 0.999299953622 
0.833119949564 0.98776069683 1.1421315699 1.03704850927 1.142130959 0.968829324816 1.00464363396 1.08574735697 0.843218163513 1.1937389054 
1.21851980725 1.52555348393 0.949484409927 1.3374423056 1.02473113106 0.962793133527 1.1421314348 1.19985476057 1.11568707131 1.35553874561 
0.972931256129 1.24438166395 0.963120346484 1.0157213892 1.14213143513 1.1856168076 1.02755524556 0.557821615246 1.0995229062 1.23151844722 
1.00632104565 1.00209573307 1.03333978181 1.23279756182 1.25447560762 1.00176578061 0.556763172131 0.972052773798 1.02886986382 1.14213143526 
1.0283605605 0.834787938177 0.962672375282 0.901793399909 1.14212871704 0.921606661514 0.903515846114 1.59648276274 1.33430943968 1.14074556283 
0.681176246673 1.32753459627 1.26301936804 1.0501156042 1.01355021552 1.0426608726 0.580129740296 0.832608377922 1.14213143477 1.14213044458 
0.965213507884 0.987108836282 0.954888890197 1.10029649663 1.38626806495 1.01026203589 1.37772676646 0.995217099752 0.939788935978 1.14260165969 
1.14176930642 0.805032051492 1.00951941586 0.966506955101 1.04711519288 0.986167435201 1.39237211907 1.06136594759 1.22284847236 1.14213143477 
1.13157997779 0.823812905304 1.47854620155 0.936133600811 1.14213143481 1.10084665234 0.763993675371 1.48935009405 0.996217969762 1.13406767102 
1.0942178607 0.986890004704 1.12187795327 1.24039991425 1.14243570238 0.775169429944 1.00210716992 0.939219381933 1.02088991172 0.854204165508 
1.39369389359 1.32409431824 0.791554184924 0.592120002779 1.14267895949 1.13695395631 1.14213142687 0.978437335373 0.892856500835 0.574156361405 
1.0641985163 1.0026555176 1.14730912215 1.00013867847 0.641466301326 1.14213143552 1.25224462821 1.21844431536 0.947682404027 1.35339925203 
1.14804708636 1.37018166332 0.748143616925 1.14213143479 0.997833156399 0.662483235699 0.9836639585 1.15904224873 1.53315361446 1.00258783725 
0.888764526275 1.22323453684 0.992772566003 1.14181177842 0.942387629328 1.15054066245 0.888290965885 0.921003560394 1.1409339455 1.03665349319 
1.24377973868 1.17834014656 1.00251386366 0.704687212571 1.23053389935 0.930614247824 0.815383330419 1.14213143512 1.13987043083 0.971867758296 
0.860383478442 1.39451928854 1.14213143477 0.925098871868 1.05373554475 1.06160658095 1.16133226665 0.574457417937 1.13636498978 0.88713478069 
1.02359872415 1.05099640219 0.804671638426 0.984608318445 1.6775878951 1.03654989476 1.24660549867 1.02605722505 1.14213006613 0.71034544569 
0.703254151153 1.14461207608 1.18634524906 1.02942098329 0.895709167039 0.739033919879 1.1421699928 1.03533273216 0.961562960047 1.16603126617 
1.09774901028 0.972297929585 1.01675304373 1.02735805869 0.964777070022 1.24105955164 1.14213143518 0.557478235536 1.18348073617 1.23108850018 
0.946255688303 0.865273844308 1.07011202085 1.13808515009 1.61029187531 0.877340457442 1.14212357139 1.25658332781 1.0166044665 1.58925277136 
1.14213143477 0.952162080317 1.04944936063 1.04365540988 0.988150659228 0.824317330041 0.641292174663 1.14247189274 1.06610195561 1.08300147461 
0.837235432562 0.992203680225 1.11666530856 1.14242686612 0.65122287859 1.03700699813 0.884498792789 0.890323418977 1.11171467273 0.935770229198 
0.811561662877 1.00273038342 0.866310690992 0.722282326291 0.983881211375 0.957647007709 0.986174721952 1.07509877577 0.883681486819 1.14249031 
0.9564806093 1.02012316324 1.4331550379 1.14213027478 0.890192623673 1.59795408339 0.878993439174 0.985408794718 0.985201405115 1.13003981096 
0.912425782949 1.14948324456 0.545993857805 0.974858747626 0.789079738171 1.14213143512 0.965336733584 1.19833814669 1.00911726999 1.21749389489 
1.03750946583 1.55843038535 0.930283539588 1.14213069792 1.40430959578 1.00848333217 0.982157807713 0.820438958597 1.14134984379 1.61164159213 
0.939021910176 1.14213126844 0.954991424881 1.00467208162 1.20202049135 1.14213157521 0.746555383569 0.953029585692 0.645723535021 1.026297582 
1.35473705619 0.751194552547 0.830242844335 1.10214159707 0.993300558173 1.14113197824 1.23680997642 1.11513034676 1.01326677216 0.951152816874 
0.986332249815 1.14241170195 1.09243487322 0.768257197735 0.929612380979 1.1668422594 0.876182796965 0.724204362413 1.03376396672 1.08865416607 
1.20025627094 1.56540246443 0.689830370767 1.14213142173 1.03728365228 1.08893102572 0.86322485778 0.757300537331 0.900751600897 0.47641898429 
1.32674737584 1.01877762847 0.969559782788 0.956675250083 1.14219385122 0.757877065584 1.23160972792 0.662635219842 1.21228131624 1.09031103705 
1.0129255726 1.18784709706 1.14249268954 0.756406108166 0.671891178079 0.958070136029 0.989196910531 1.14213053532 0.922118569459 1.14355150907 
0.985238313888 1.01466127035 0.95677136619 1.10282293418 1.09188275354 1.11823299336 0.899321522872 1.14248716501 0.983322509245 0.987463961164 
1.53148726049 0.92999359258 1.20975189202 1.45486206248 1.14213143482 1.11069467008 0.945957116449 0.966338715808 1.29543886522 1.02254542325 
0.980738344249 0.880816847007 1.23526237507 1.24003527645 1.11903326371 0.877882244887 1.14213117096 1.00308690168 1.02140755373 1.31859090502 
1.34318015336 0.963163921684 1.53588464951 1.20292451016 0.962256622 0.995419822504 1.14212795405 1.23470256468 0.999440595991 1.52632073953 
0.754131503426 1.27230341101 1.45706470686 0.964614079391 1.08955512313 0.929599719444 1.08983858332 1.14239185708 0.834780384921 0.986591214232 
1.53393926417 0.852102148163 1.04382466106 0.803861710444 1.01785602039 0.658425906593 0.990542480832 1.14156670187 1.14213043197 0.842848995762 
1.1419754473 1.01925948508 0.748969560674 1.05292359631 1.14212995923 0.999456603085 0.97666297666 0.880821425839 1.0673618604 0.940559512151 
0.935513425796 1.56723706667 0.944794033345 1.04988325572 1.23746060401 1.14213008396 1.02965616829 1.00516632045 0.900086819463 0.974308081871 
0.994905251399 1.01846700036 1.27223056116 0.609385923073 0.588008755401 1.30056973996 1.14213143497 0.986565077921 1.20560656926 1.24354858584 
1.00485343524 1.14213143509 0.54334575373 1.2756544082 1.01764072684 1.22333450687 1.34260553358 0.971273174809 1.06939772274 1.22819088497 
1.13123592282 0.646743966143 0.78222488897 1.14213143504 1.32258183281 1.37379752618 1.38200931623 0.994487307204 0.987676600059 1.10160217696 
1.08245341101 1.03504945611 0.721736246545 1.14213143477 1.16797327558 1.14184855835 1.09152008059 0.985414338916 1.05065148865 1.38967075578 
0.862767849408 0.944432757432 1.47199359703 0.861015313392 0.626250151165 1.0637779421 1.14213152811 1.45722073961 0.864020545459 1.25497718567 
1.0134133722 0.757620107266 1.14213068719 1.14249981222 0.990419852492 0.611053535346 1.00776616758 0.960263142199 1.18596751961 0.648592087267 
0.986137243032 1.12036391554 0.804175176694 0.941131236099 1.17397732426 1.33419172687 0.97963220812 1.14211915648 1.52341836076 0.956276084554 
0.86834452252 1.14213143477 0.551429979786 1.06614728722 1.36803677558 1.14213143212 1.02942857126 0.816132876342 0.893432549531 0.985423996811 
0.915941446444 0.894552819283 1.1301658191 0.958511753565 1.50819484297 1.50916498632 1.16337331244 0.850095605235 0.989644164539 1.14213143484 
0.997574687731 0.587066218628 1.14213143493 1.21096379115 0.611371619606 1.30021894835 1.01871696739 1.26206604815 1.27156643712 0.986325862251 
1.1421314016 0.608471820742 1.06085493399 0.790227787994 1.33278370689 1.28107363805 0.802858662087 1.14213143477 1.01487216778 1.02971270434 
1.14213143479 1.29612502083 1.03168312353 0.933768507477 1.13760848161 1.41153153014 1.05482899738 1.48534781425 1.01218172584 0.863598632638 
0.95299153794 0.916064659627 1.15181790567 0.705311929759 0.901100785512 1.26418185542 1.00625409043 1.14213143479 0.737866374969 1.1374625197 
0.515299104038 0.683970721942 1.65519714178 0.844884378088 0.98655881121 0.817355668284 1.14212911945 1.14213143478 1.35076893613 1.09043458477 
0.998058927182 1.27757316786 1.14213143412 1.00044824848 1.07661927411 0.837280186433 0.560707290745 1.14213143477 1.05726280992 0.834580577294 
0.967290071847 0.902673991048 0.930091816618 0.831620071731 0.995122280318 1.14239237789 1.08562232186 0.966216420429 1.00834308607 0.628446261703 
0.991569283945 0.902379497399 1.70277394787 1.14213143477 1.14357872701 1.36731350703 1.14177573201 1.0796330984 0.960873738128 1.05071842176 
0.636503769256 1.23773625425 0.990251778584 0.766480655465 1.14211238724 0.901687569804 1.1421258465 1.24459189672 1.19663467482 1.00089614912 
0.695830665761 1.14213143477 0.757297451933 1.14205805114 0.984971885418 0.9213613892 1.09250702872 0.998073366075 0.889634541966 1.03308671605 
1.06147379673 1.03730264311 1.03924309927 1.06310957373 1.36488045793 1.14211543973 0.994234822005 1.14213125897 0.544930599198 0.962858081427 
1.28811000321 1.23399399871 0.985825206596 0.967569036289 1.36108119988 1.14213143736 1.14878709717 0.912119275724 0.958506045354 1.08819284296 
1.14207231104 1.30235585567 0.787510001455 1.05588861352 1.06916323624 1.14213146316 1.4534926129 1.24460974655 0.985457606736 1.01608208109 
1.31852875269 0.834019256544 0.648290656186 0.963721132858 1.14212898172 1.11811792359 1.14251135845 1.05757626908 1.00983641662 1.17437553937 
1.37444680948 0.987634960577 0.995660026299 1.14213143526 0.651718994489 1.16498318313 1.09510421718 1.34583561876 1.09236162107 1.15902669138 
0.988054712078 0.868199584231 1.2361413298 1.04964249489 1.14211435465 1.07106569316 1.13731256499 1.37158152352 0.93245573962 1.5242486604 
1.14213143509 1.34258814607 1.00483582289 1.01763752434 1.22820323209 0.543370143974 1.22320477695 0.971312788992 1.27639546015 1.06951334292 
1.14246155578 0.790562120041 1.14212355016 1.0069547644 0.958914380879 0.947398664357 1.01723602489 1.1629385818 1.24372297359 1.03968250914 
0.988692265057 0.655297737029 1.00334140841 1.16141441502 0.720741200351 1.14211079267 1.14211965263 1.17263420193 1.30561263799 0.864320263889 
1.09013637554 1.29560723551 1.11228953739 0.966036717827 0.992968191417 0.898356933336 1.11666205757 1.14244097954 0.939823869389 0.71486551294 
0.851449066956 0.971785844031 1.54805425234 1.28819228319 0.962842745491 1.14213033945 1.14147687547 1.05181331073 0.920768026905 1.04126318019 
1.14212989065 0.960483125885 0.663373119918 0.917923243991 0.836036138935 0.975844405541 1.01143182859 1.14250052159 0.759164901994 1.18062563178 
1.16674496695 1.14210820767 1.23822140823 0.813283387193 0.642442207152 1.04277943194 1.38126990344 0.925437420581 1.14759026512 1.14213143379 
1.01521013772 0.821571125852 0.601587362947 1.14550178651 1.09558379083 1.11027598016 1.00381564007 0.979087981211 1.32260231178 1.10170672815 
1.27528967004 1.21784014695 1.13331711082 0.888076119082 0.635124642967 1.1421306431 1.00184411646 1.0117602908 0.933528915391 1.24134633986 
1.57866030395 1.14213143477 0.99628099483 0.815053444349 1.14213143428 1.37840849742 0.836399533341 1.07787862411 0.969697145725 0.560534303449 
0.954034037513 1.01013676221 0.949938790735 1.008832158 1.17306679952 1.3313903295 0.751512278201 1.1421287072 1.14246767221 1.22918815627 
1.127606801 0.999901217905 0.884819648117 1.27195951705 0.634021173183 1.14213016373 0.939932249821 1.00794429233 1.07530680954 1.2248235296 
1.14212982817 1.00025072652 0.895987499631 0.646136343649 1.07193578286 1.00514344146 1.29309379856 1.32016075467 0.951787810084 1.22064281806 
0.842696414197 0.803445360878 1.53419259213 1.04354275399 1.01718558131 0.99118589965 1.14156085592 1.14213043248 0.851701622685 0.657538095415 
1.06001268811 0.85904493353 0.977561084553 1.34228646748 0.880935785937 1.02252578792 1.06982095934 1.23352335136 1.13443138577 1.14213110612 
1.43428092572 1.02501728739 1.13210978934 1.14213035784 0.997737796678 0.616214860554 1.14212890714 1.22923068012 1.06455131085 1.23760956664 
0.986778698032 0.837817007361 1.14230212032 1.12666513058 0.857846015414 0.962370552237 1.16196980517 1.15780618483 0.924334133885 0.969526672101 
0.855158627215 0.896165244056 0.992317174224 0.939916360604 0.684529392651 1.15267718627 1.14243792287 1.11254515785 0.992931333896 1.16106083264 
1.35119486947 1.08441128662 1.04053921687 0.561951218558 1.07081715404 1.00366017425 1.3050967813 1.14213143477 1.14213143318 1.03290086078 
1.11390920817 1.14213143492 0.907913812917 1.04912117238 1.04001998634 0.910641217766 1.38048345642 1.70283767333 0.901070289406 1.28838386457 
0.887611332357 0.624833840418 1.00124265805 0.895519465217 1.01212796211 1.21858827846 1.25088798589 1.29700510649 1.1421306756 0.832316498766 
0.8388741453 0.939302108588 1.6052654991 0.834602896089 0.954637708253 0.920986358256 1.64758956167 1.14212949608 1.02271661741 1.14023290209 
1.14213143309 0.927826257784 1.14213143477 1.29012381344 0.632911028134 1.058189974 0.910354280214 1.18860685052 1.16283635121 0.644894246117 
1.14213143477 1.65422953774 1.12899468815 1.17075398604 1.12419374776 1.14211240229 0.99490131849 0.915265158243 0.636705191933 1.14541008283 
1.0023626225 1.01020197328 1.2790297349 1.14213047413 0.65623114573 1.20399623943 0.929950462309 1.37013855198 0.89450736733 1.36719112103 
1.34222294289 1.23355366785 1.02632930506 0.996110991915 0.589217656995 1.14213143477 1.1427699938 0.695789449562 1.17641807654 1.01763462275 
1.31746599303 1.00901495645 0.978420244715 0.604093065583 1.00485299518 1.08639842637 1.14423605043 1.09359959978 1.00609074494 1.08567878323 
0.848580403796 1.1095173156 1.21624747482 1.14199237091 1.14213143477 1.15086161288 1.02667898382 1.06926485562 0.996265483486 1.16513235624 
1.02804298393 0.921670346787 1.14212872487 0.83546610664 1.33584960892 1.14073135579 0.900973471135 0.962548557694 0.90333222332 1.59690542698 
1.14213084533 1.14930427752 0.923814161658 1.56886021897 0.948683221781 0.574587490714 1.38254292554 0.899339219421 1.25816624664 1.07350841754 
1.119155324 1.05246045124 1.08982288847 1.7051907576 1.14187804582 0.827247386511 1.30006677166 1.13229302525 0.986858459813 1.14213143477 
0.953946925867 1.72987926029 0.975606759724 1.06509495507 0.918477660993 1.07898131601 1.04559445291 1.00737041343 1.14213143477 1.14171677984 
0.942969458132 1.14213143476 1.05368922574 0.631806617305 1.14252899997 0.885279331856 0.983569659737 0.889943411398 0.606661232595 1.29964348697 
0.86629671064 1.14141288289 1.14213475643 0.998878198696 1.03640991113 1.38811103058 1.12879344101 0.978362531178 0.646767328301 1.02138436807 
0.862629618824 1.3310483336 1.14213143477 0.989485078122 1.14213143477 0.882562156165 1.46096731686 0.701162748935 1.11741137309 1.02940315342 
0.963491817185 0.784411479764 1.09661641965 1.12889135335 1.14203108605 1.46072212035 1.24973602786 0.987579327132 1.57571143444 0.812730063242 
0.94219306188 1.24717755221 0.999130765248 0.858609067593 1.13511524748 0.966150030857 1.00044632934 0.818426842776 1.1421314348 1.50311482584 
0.956888278915 0.797176165439 0.929177284668 0.77735170551 0.986181355255 0.911593417322 0.998906806467 1.14239091251 1.27814113828 1.08748524136 
0.953074253763 0.983992134325 1.03707026326 1.14212958919 1.03015674037 1.67990925092 0.689847285637 1.24808750724 1.08049866698 1.02585266079 
