1.02987282231 0.924903088978 1.15999999979 0.985315079642 0.720518160876 1.1599999998 0.924329300887 1.0823504243 1.14238403065 1.15999999998 
1.14004246603 0.985498712131 1.14259146914 0.979647576901 1.00433002438 0.898502814214 1.04138772414 1.00586186724 1.16000014418 1.09968491925 
1.11455301225 0.88779129554 1.09987362985 1.05696958546 1.14167074658 1.03625746462 1.00318655163 1.14213143477 1.16000000102 1.06600620138 
0.850956204438 0.987349861475 1.14213158756 1.03817090707 1.14213065479 0.969962905506 1.00314243086 1.0857761884 0.815216947735 1.15999975981 
1.16000000054 1.09099659289 1.09642773349 0.899323608749 0.999429886866 0.974695463589 1.14213143816 1.039287425 1.15999828476 1.07890718088 
0.973621910118 1.10269431565 0.928622820295 1.01937075169 1.14213143905 1.16000000332 1.02659966925 0.573782442795 1.15739808496 1.16000000011 
1.02606335462 1.10999712384 1.00505221787 1.16000000001 1.11181144037 1.01340632637 0.574894802798 0.973342987752 1.02965474055 1.14213143956 
1.0288503069 0.839465014259 0.982939551161 0.920960677095 1.14212475404 0.884131735807 1.02598143815 1.15999999985 1.16000001249 1.1409432913 
0.904207750285 1.16 1.08500424319 1.01257075666 1.03772704468 1.03684959242 0.620995516315 0.993822367753 1.14213143477 1.14190869962 
0.967328401983 0.988556952319 0.954080615728 1.09511213581 1.1600000012 1.00984611756 1.16000003356 1.01141023258 0.918496116779 1.14251791369 
1.14180590243 1.02398565341 1.1090495626 0.878933583654 1.06002679967 0.979822592772 1.16 1.00956992635 0.996919358024 1.14213143477 
1.16000000047 0.782178199687 1.16000000927 0.884101277518 1.14213143521 1.1354316539 0.689604948057 1.15999999998 0.975206921102 1.13446326293 
1.0992260965 0.999721124332 1.1219900979 1.15999853287 1.14243526917 0.831241893984 1.01983753892 0.939167286164 1.02443627379 0.841924643079 
1.15999998999 1.00794787313 0.817574904106 0.799107314975 0.960308262754 1.13416976117 1.14213143481 0.990486995713 0.99780475396 0.96665101194 
0.70354124943 1.00987381772 1.10343854194 1.00355023331 0.6343062366 1.14213143478 1.16000406556 1.15997887133 0.935347935699 1.16000030773 
1.10551461397 1.16 1.09942332063 1.14213146897 0.687679435794 0.613322385802 0.932442313927 1.1533703599 1.16 1.03016579134 
0.831597474017 1.16000000007 0.992291161976 1.14188545965 0.804843700709 1.15999933561 0.885851979069 0.919761700515 1.14083864391 1.03494223956 
1.06787921341 1.16000000021 1.00111227636 0.711228572752 1.15999974335 0.91374883546 0.847334771335 1.14213145368 1.13239130084 0.973971127228 
0.884464438091 1.15999999531 1.14213143477 0.897451790652 1.0481442561 1.06816792775 1.15135769581 0.548419563139 1.13000699462 0.964835775189 
0.999367465578 1.15398595907 0.834671885972 0.98358361343 1.1279005478 1.07041356418 1.16 1.00928128055 1.14213054693 0.625323981593 
0.703923762779 1.14457957504 1.15572985289 1.02926541001 0.894756388222 0.739752825511 1.1421817421 1.03508665 0.962854804431 1.15999305224 
1.15746634419 0.973716844157 1.01915937304 1.02655430864 0.929088623133 1.10359354219 1.14213143901 0.573736860769 1.15999998611 1.16000000001 
1.03048562112 0.836155853369 1.16000010553 1.13982959041 1.16000000004 0.87200956859 1.14212183912 1.15398721762 0.995035914423 0.986303972943 
1.14213143477 0.951287796102 1.05068835638 1.16000000003 0.990708380206 0.832427324171 0.642866740137 1.14246925142 1.06649029213 1.04731844415 
0.837191518309 0.992209095366 1.11635470039 1.14242689259 0.651250604446 1.03702847378 0.884500589476 0.890282563328 1.1117438409 0.935779506768 
0.811561662877 1.00273038342 0.866310690992 0.722282326291 0.983881211375 0.957647007709 0.986174721952 1.07509877577 0.883681486819 1.14249031 
1.12362267396 1.15999966868 0.991334608176 1.14215708049 0.904928053712 1.16000000002 1.1599999899 1.05823505737 1.0039194608 1.14208575296 
0.885436615042 1.15793048378 0.55821326529 1.13334319007 0.783752625468 1.14213143742 0.963603392032 1.1599965064 1.01261887081 1.16000000002 
1.05235324732 1.15999999969 0.985552068647 1.14212975684 0.982318077125 1.03560704669 1.0413247046 0.882305652825 1.14188171598 0.987322713627 
0.940988521319 1.14213113347 0.939670942189 1.00226601147 1.16000000003 1.14213159213 0.748446494639 0.959464646819 0.650221005995 1.03118479558 
1.1599999991 0.759296960535 0.846833264845 1.09227341399 1.0049896145 1.1390483809 1.1448379124 1.16000000355 1.0091425706 0.957601880772 
0.986346571318 1.1424101732 1.08464617175 0.767568844284 0.928910834448 1.15999884876 0.875482438298 0.724277464549 1.03487079655 1.08754768718 
1.14561938555 1.16 0.976908749107 1.14213143477 0.887614557515 1.05334737474 0.955035819612 0.937481723354 0.9297070314 0.812976143632 
0.755769725878 0.970788126189 1.03719505385 1.13871267285 1.14212585651 1.10307116249 1.14457783553 0.821298032134 1.05751667275 1.00639242663 
1.01141043938 1.15999988248 1.14249769346 0.756939336338 0.675162797313 0.959616907557 0.990894479528 1.14213026611 0.928661611674 1.15313995775 
0.985340417402 1.01465022775 0.956733717793 1.10278857696 1.09189217519 1.11823658985 0.899376212772 1.14248704644 0.9832900171 0.987471988959 
1.15999999997 0.887527565124 1.16 1.16000000107 1.14213143477 1.16000000039 0.873101503102 1.07321495336 1.14963629714 1.04482421361 
0.977011093912 0.820882470531 1.16000000199 1.07623946906 1.09953535068 0.892786395328 1.1421312063 1.05637249597 1.02619365468 1.16000027023 
0.95803596258 1.15093816145 1.16000000001 1.05794968574 0.976781794165 1.10236274012 1.14212953855 1.16 0.996218306593 0.980566980683 
0.75590791322 1.16000001002 1.16000164628 0.940613746076 1.09963710948 0.937871375133 1.10995399845 1.14241554486 1.15999907214 0.989036621608 
1.0832985408 0.875164786623 1.04938431645 0.834684240486 0.985639755314 0.702172958902 0.992432815272 1.14171954121 1.14213046113 0.865736536717 
1.14197356187 1.01912853471 0.749088274898 1.05347327439 1.14212998874 0.999251830802 0.976616984698 0.880780602953 1.06824043717 0.940681578537 
0.87634285378 1.1600007556 1.0523919865 1.05121088387 1.16000000042 1.14212806256 1.0874128889 1.00112316562 0.932102911908 0.961179855193 
1.00071857911 1.01929061484 1.16 0.586610759525 0.580288693235 1.15999999997 1.14213592633 0.985516456433 1.15999999995 0.878214936742 
1.10939993393 1.1421314384 0.549271939553 1.07220778496 1.01863886035 1.16000000907 1.1599999907 0.974803863187 1.08521266564 1.16 
1.15409264421 0.621079154668 0.805174755379 1.14213143896 1.15999999998 1.16 1.16000001106 0.888372750293 1.02311922193 0.83948321236 
1.02032856637 1.16000000157 0.84489066041 1.14213143477 1.12498350288 1.14185773214 1.03698527174 0.981377256717 1.06255738614 1.1600000009 
1.15999999989 0.973104988599 1.16000000005 0.889621496048 1.03430830233 1.15999999997 1.14252874594 1.16000000003 0.964554451217 1.00479996701 
1.01115157134 0.758844341333 1.14213035815 1.14251490619 0.999990773082 0.611070607458 0.936125245267 0.964731072081 1.16 0.650983722809 
1.11849367321 1.14181613246 0.977703262494 0.772100593635 1.10993932576 1.16000000012 1.0388738138 1.13675532713 1.14294843075 0.933716042529 
0.92866382021 1.14213143477 0.620616034224 1.06530234685 1.1600000007 1.1421314314 1.16000001381 1.01828389181 0.810487476375 0.946700129025 
0.971241951025 0.888480496495 1.13528623851 0.951604995094 1.16000000006 1.15999999376 1.15999998815 0.807580792385 0.989078842504 1.14213710491 
1.00083504769 0.580285611995 1.14213590002 1.15999977175 0.586687883337 1.15999997867 1.01932170596 0.879013322478 1.16000000199 0.985411809535 
1.14205291053 0.644985529058 0.946542849939 0.859385483346 1.16000000164 1.10282178318 1.03351472716 1.14213143477 1.01016193109 1.03388788254 
1.14212780831 1.1599999957 1.16000028082 0.880184767281 1.14090873735 1.11535907473 1.01503325063 0.987157627008 1.02743977727 0.861446085838 
0.95097894404 0.917968715651 1.12730286403 0.774843897 0.890910145053 1.15999986938 1.0114191122 1.14213143478 0.752091586099 1.13869258267 
0.553890438215 0.982586900626 1.16000008761 1.15999075413 1.16000000034 0.869100642935 1.14212502971 1.14213143477 1.16000001836 1.04276096429 
0.984857310509 1.16000000005 1.1421314344 1.0290614176 1.07834482089 0.848635665221 0.561225689239 1.14213143477 1.0997793005 0.899155884142 
0.967188351932 0.90271304871 0.930066264088 0.831584605007 0.995104010448 1.14239659653 1.08562459102 0.966495321148 1.00850772901 0.628580287066 
1.00251936199 0.78567411176 1.16000000014 1.14213143477 1.16000000021 1.06030814348 1.14176038768 1.13348656889 1.03403639326 1.05465597547 
0.637836150288 1.16000003052 0.984181765904 0.763161535825 1.14211402781 0.914161754262 1.14212303342 1.15999999916 1.15999999672 1.00065379116 
0.695830665761 1.14213143477 0.757297451933 1.14205805114 0.984971885418 0.9213613892 1.09250702872 0.998073366075 0.889634541966 1.03308671605 
1.08795245122 1.15999999997 1.03602894138 1.0661895919 1.15999999996 1.14211402781 0.940855756596 1.14213129074 0.540773059291 1.01461952301 
1.12310574544 1.15999999996 0.749133202043 0.950239307394 1.16 1.14213523238 1.15831408988 0.913824197147 0.954289483734 1.10502545035 
1.1421282607 0.930671899146 0.782755930725 1.16000000002 1.13853185524 1.14248254685 0.903373591876 0.954892434297 1.00878638992 0.785457293935 
1.15999873187 0.814489645729 0.646493244226 0.966554783257 1.14212930182 1.11992187692 1.14251472599 1.1073932082 1.00538270207 1.15999956017 
1.16 1.03015571485 0.932429462395 1.14213146899 0.613318638306 1.10551446121 1.09944078786 1.16 0.687680715586 1.15337303036 
0.965499268185 0.900418079822 1.15999998352 1.06878699528 1.14211531844 1.08573244787 1.0515089554 1.16000000479 0.792784974556 1.1600000482 
1.1421314384 1.15999999996 1.10939598245 1.0186234555 1.16 0.549280676324 1.16 0.974804360459 1.07220723214 1.08519603049 
1.14246127001 0.791023328787 1.14212258638 1.0061024062 0.958834612187 0.947290806244 1.03728991912 1.15999999999 1.15999995492 1.05233319522 
0.990361569506 0.660699987746 1.00391134463 1.15838247157 0.713964172158 1.14211402781 1.14211950602 1.1599999994 1.16000000028 0.854751447527 
1.10643560619 1.15999999862 1.11230945023 0.987262951509 0.992144881333 0.897059104709 1.0612868308 1.14243931939 0.940332366528 0.742755043091 
0.882309346386 0.982358651117 1.15999999952 0.987449869797 1.04240529 1.14212975373 1.14188218192 1.03557862477 0.985860661341 1.05233952378 
1.14212963478 0.961455944563 0.666436501779 0.923592090818 0.834703708153 0.976783385493 1.01044860852 1.1425037332 0.759485436984 1.15999993253 
1.15999999909 1.14213143477 1.16000000075 0.83401861211 0.71396695276 1.04849168661 1.09855661681 0.885523597078 1.13989012591 1.14213143467 
1.00794947358 0.966078235893 0.597527478493 1.14458136673 1.07381776573 1.09967009894 1.0034364919 0.996386340251 1.1599999982 1.11871434454 
1.16 1.09624303976 0.943123113105 0.813389593434 0.62776597409 1.14213105686 1.00032246668 0.992196435607 0.966195472179 1.15999999976 
1.10007597748 1.14213143477 0.986126453294 0.899286652691 1.14213143441 1.15999999946 0.846858624333 1.07788141673 1.02739205137 0.559271135071 
0.90652710823 1.00369955477 0.949604120142 1.00408259442 1.16000001763 1.15999984673 0.751163295647 1.1421255433 1.14246780844 1.15999999307 
0.909430818201 1.0011250136 0.812430204429 1.16000000814 0.625033643019 1.14213091257 0.972172184202 0.986608575832 1.01483339671 1.11041485161 
1.14213064388 1.00053156584 0.812723984711 0.63978939373 1.01672114777 0.985018373666 1.15999999964 1.05274939936 0.98969423975 1.1163833507 
0.865689171771 0.834003358471 1.08334673878 1.04935912703 0.985522103877 0.992783482966 1.14171730927 1.142130462 0.873594732652 0.701565361643 
1.11401775019 0.88044682333 0.977204317584 1.16000000029 0.822019581643 1.02863580936 0.943378680079 1.16000000042 1.10876943374 1.14213116701 
1.1599999456 1.09550906502 1.15999999837 1.14213082529 0.996300900932 0.61814851705 1.14212313601 1.1599999966 0.995310370114 1.14471805048 
1.15999999728 1.15999999893 1.14251184359 1.08238764511 1.16000025119 0.958165646506 0.900939619139 1.16000012583 0.968540870167 0.997965192031 
0.856626181338 0.896001302541 0.992319177909 0.939693792138 0.684506859666 1.15395357011 1.14243731619 1.11244621083 0.992741076091 1.15993356065 
1.16000004025 1.15999999192 1.05285905441 0.595290614759 1.05446798017 0.952051491508 1.16000007541 1.14213143477 1.14213143175 0.912803376013 
1.06937233237 1.14213143479 0.628224724838 0.963581556508 1.01439622912 0.975031786223 1.03388911674 1.16 0.817310641363 0.911175527504 
0.912862119094 0.61830410686 0.999869353128 0.813552103167 0.992419302049 1.09803033675 1.15999999903 1.16000000002 1.14213109604 0.968436196946 
0.886603296127 0.93896434251 1.16000000025 0.9534228673 0.950776627813 0.94532056507 1.15999999934 1.14212970174 1.01603147281 1.13940718344 
1.14212230314 0.978812526603 1.14211402781 1.15999999773 0.636941926999 1.00048877578 0.843577587231 1.15999999901 1.16000000084 0.763494776349 
1.14213143477 1.16000008422 1.11498790761 1.07741632683 1.16000005382 1.14168827072 0.96123678966 1.15999999842 0.657904196201 1.15308485516 
1.00035236744 0.990203255499 1.16000000002 1.14213095581 0.646968977152 1.09405396572 0.98151122604 1.16 0.814880535402 1.09061189906 
1.15999999353 1.15999999644 0.971378134672 0.991735280492 0.596252483575 1.14213143477 1.1427942891 0.656657132198 1.1290193036 1.02184341358 
1.15999999953 1.00794942387 0.965810663412 0.597537152192 0.996397615505 1.07381068734 1.14458071158 1.09966002757 1.00344650183 1.11871352885 
0.78566178585 1.13349283553 1.16000000001 1.14176040736 1.14213143477 1.16000000005 1.03404619815 1.05465044018 1.0025155656 1.06031519489 
1.02866654618 0.884012201923 1.14212474399 0.839726492185 1.16000037487 1.14093764663 1.0228612565 0.982963806755 0.920214537699 1.15999999841 
1.14212826233 1.1600000001 1.16000100749 1.00557514482 0.959596777809 0.981703474712 1.16000085719 1.00687929558 1.16000000308 0.975022288044 
1.16000003916 1.03633995434 1.01867654572 1.16000000068 1.14057973998 0.713005452266 1.15999999784 1.15999999977 0.989198933481 1.14213143477 
0.878934423139 1.16000000059 0.979776900907 1.01020043562 1.024935066 0.996152168804 1.05996579259 1.08416042557 1.14213143477 1.14180466868 
0.936073738442 1.14213143476 1.04219287102 0.585047237087 1.15018025887 0.88321617786 1.00234869528 0.885300403328 0.600190566226 1.16000000001 
0.864073307987 1.14143567739 1.14213480637 0.997602966716 1.03704530016 1.1600000008 1.13250913894 0.987289802879 0.64890277956 1.04582757014 
0.974831469656 1.16000000595 1.14213143237 1.04263546457 1.14213143477 0.788385898347 1.15999999988 0.580343541038 1.06292594765 0.991141929091 
0.817826379912 0.681680232548 1.1497049473 1.13891588855 1.14168555095 1.15999999929 1.01612027863 0.9956524439 1.16 0.788869727976 
1.16000001471 1.1599999999 1.02330999966 0.572595557212 0.974932179752 0.594997872532 1.11559302521 0.949144325 1.14213147768 1.16 
0.946621070204 0.791303486401 0.929308682072 0.775066274113 0.985921565384 0.915226045209 0.998531352524 1.14239371738 1.15999999994 1.08720676201 
0.957763634568 0.981595625697 1.01880285187 1.14213030142 1.00861764695 1.1400813473 0.626988702483 1.16 1.05460272896 0.998022110281 
