-6.49547099635 -201.109847176 -121.128212741 325.008496832 405.217578001 -50.8892854219 -319.490138213 2.00429394785 -421.82204521 -458.134154881 
75.8468110917 -134.779473236 -407.558591086 247.810493353 -247.07611402 68.5809764627 342.012828651 359.414065133 87.258561523 -164.2294804 
-429.062022693 320.235712908 -206.85300056 282.333203901 -29.0468425172 20.6600115788 456.678436289 -405.381496246 -184.005410575 -6.68074228005 
387.534466267 -0.565963879225 -459.258707746 -170.680571841 -29.0468425172 -45.2781769733 415.090086211 -318.983447259 290.292880136 188.671753182 
-459.567804845 -11.168058829 -314.603414445 381.504134003 461.302865243 29.0468422093 -316.991210048 229.280384304 16.2551425375 -120.040919727 
11.0065094836 -14.1282742694 186.698730561 454.541581813 -319.342642543 419.384091463 -238.489242561 -240.162936053 -29.0468425172 -458.252513478 
-9.41535935859 -320.010147927 -99.1206794966 -457.769840842 -15.6071830327 432.238339346 -239.522012091 9.26303225749 453.191330922 -319.203841551 
308.956933102 -378.220919956 310.379747063 -29.0468425172 -390.650565394 455.991519036 -43.9768277846 -461.220596103 -168.323087806 -28.7067051339 
-3.32285192641 -213.923459407 184.100495855 -188.632071459 407.729157434 33.6100257171 460.755002629 -408.593356873 -433.015242001 -35.5715624574 
27.2224796189 -200.246041031 -120.662076036 -4.63332539085 -458.083976644 459.674859222 404.758567827 -192.165887394 -318.998203155 -415.025326953 
-29.0454368942 21.3410944817 -18.3596881494 430.644971752 289.132506394 454.170129331 -180.733109535 -413.020492932 216.748028835 -402.161529294 
-29.4113248864 -304.662699339 193.447361737 453.811446274 -373.97530686 24.7284690853 251.133462808 -443.788523775 304.4131366 -29.0468425173 
-5.56639600089 323.021259103 -207.671700941 244.719832406 -425.912097032 432.373267693 14.9433369965 -206.296527425 -8.49222375788 -403.805904613 
-424.145421045 186.364293802 -326.840344085 110.07534901 295.55347031 29.2367283241 -382.644062761 -168.793519993 338.838660955 -66.7512189082 
-175.043701999 380.677490486 158.318223193 0.530058994481 452.597940138 -325.033422763 -136.090651236 314.490258923 -28.9488726838 -393.603620128 
-192.097923513 -410.704760545 106.136418439 -321.307979153 -191.450588142 457.036186677 28.9135587114 29.0468211999 -98.1321098059 424.298600281 
-394.88682143 -460.846542925 -26.3148125753 -23.7403577001 -175.075805946 176.55910654 314.998576905 455.305861322 -318.653341689 309.914743604 
13.8993846311 -460.117093192 459.980487141 309.718377048 -29.0468393679 -357.974185356 122.240112299 -301.614133649 245.084573751 29.0468034431 
-242.558652338 239.252919827 -29.046719733 260.524572191 -29.0468448785 298.375880198 -453.426810818 62.699327188 -286.412043923 435.938663305 
435.741226336 -315.80466454 -14.453120513 -0.553058456187 -98.9294321989 4.68156884075 -458.98599706 -238.421674911 -321.878688796 451.057448919 
-241.356182758 -458.50055044 -31.2287590834 451.388005773 31.543926956 313.512694976 -252.109604248 280.151414219 -11.5567123082 -29.0468425173 
-29.0468425343 10.3012707583 454.385019824 -238.522092589 186.659025748 -14.5885449957 -319.231250086 -240.153021952 419.410528902 -458.264223194 
-72.7720824573 441.613140352 -168.921932784 -29.0469324578 -462.426496724 426.952294616 -380.775541489 142.951002135 304.56839931 -241.247512755 
-29.0469329595 -241.122754846 -29.0427394706 -250.041554068 452.993939223 311.786447573 49.8755746907 -459.525524926 286.117296747 180.260330611 
-404.071570623 320.5766254 290.29797943 -429.529361694 -185.205285414 -29.0468425171 455.888297758 19.4641016346 -9.10514819383 -209.597221777 
412.184890184 -25.3764057766 133.658365745 194.374506224 320.045180522 -206.477150774 192.149780052 1.04455524979 -119.238011566 -424.309449781 
435.849459817 172.055768463 -209.562562956 -378.447310781 -38.8977017193 -465.772678211 -91.7045675281 182.514190406 446.298275943 -86.2287125156 
-374.288431261 238.715897696 -241.646027787 -23.0175869173 309.850177327 -317.81137959 12.8284403729 -33.3146767079 452.535639935 -460.547692842 
312.732597149 -459.91836707 460.22269637 -397.007126654 -132.86372381 -12.0910344377 404.420642286 -321.707623519 -13.6966400683 -104.893080738 
-29.0468174695 -29.031341769 290.585997109 415.928831565 187.639844001 -459.720061724 -404.036559173 -184.839424147 457.187909793 -171.430944604 
-29.0438080396 308.890087326 232.258910463 241.996586779 -444.424709321 -305.209829768 -444.327091534 77.5236754339 451.225792759 29.0466043157 
323.361698518 -424.183764664 -25.9152269182 -347.267894699 -203.687154901 -122.918094706 -319.712987959 404.783952388 -6.87957987045 -4.08989777017 
-335.913073998 -186.179431372 190.343716857 -120.898495596 453.234656137 302.190348801 55.6569193325 -113.647208443 -62.5751579442 141.320057605 
115.667460999 -87.0157270916 -102.37854847 -337.341919445 -322.886679835 431.900773103 -461.819271585 167.616298586 88.910666397 417.524853917 
416.721369904 188.153463295 -459.557481117 -401.108046209 447.480480886 -241.796566161 -8.35914696635 -29.0468425172 -202.645753993 317.726451841 
408.966207482 187.428346402 -211.144659281 -5.10399600995 -29.0468425172 -209.151314682 460.195600973 -429.072403036 9.63827982436 322.376956437 
-93.0847575117 131.121836469 -459.255887753 388.014023822 -313.651005517 10.5203572777 29.0456076733 -315.233942056 -120.134834729 462.063787963 
1.37041869689 -397.499217624 -459.759276416 -169.014453406 284.550591068 440.716905519 -321.07372784 -29.0468425176 448.06915267 -24.5167944603 
377.421950386 -315.084485127 -94.7789133805 17.5515140485 15.3635686482 67.8511557087 -317.157451134 -456.731266514 442.414017484 -156.469248416 
419.020502374 -457.021819715 -235.759449565 -29.0468425172 -4.48288545228 -203.830128348 187.191520022 -424.331162268 -108.833825793 323.077925711 
-459.719013442 446.867667767 314.850904444 441.899937186 -172.123843141 -104.28199402 -15.9918288048 -5.75467847729 -400.589851126 -322.673081727 
-29.0468425172 450.756026309 -101.791428973 189.075797 -408.026811464 -202.49851223 -13.6313308022 -321.628779349 -421.747944619 436.239281609 
104.643825579 -99.3938646191 -319.519888291 -8.16809661424 -458.688309643 -319.706290794 427.097731551 448.065770926 -98.710864715 6.36030180994 
63.366543178 379.194062653 -450.277854845 461.030593122 -231.548075953 286.943075716 -322.075152772 12.2907162155 -29.0468425238 -22.7580270832 
-319.89137852 -318.991399046 -239.33741497 -15.8560899768 453.942650076 -124.033550644 404.520795092 12.2217125145 -7.44457202473 -458.827675737 
29.0468415916 457.158743587 -119.190629961 -323.766344991 -122.14174365 -410.533437662 -191.755939233 8.42938414028 374.560324942 149.665498471 
410.512337562 29.040083717 23.2715210574 -404.206387739 -426.609402267 -29.0468425171 -187.139057606 455.246451041 284.457850419 -182.668121331 
177.37676183 -117.152001945 -181.273598693 -54.6868072409 251.299237973 159.335651501 -407.912286845 -456.379600799 146.152509841 447.31592342 
417.213136949 -404.232097157 -29.0468425172 -459.673146263 -19.9567466138 -185.075049548 299.73904188 -242.124595067 187.726664489 457.24301797 
-32.5430739725 -29.0468435988 100.876234966 -409.694016802 31.0288079081 -190.310087309 301.207110577 -360.186724309 -460.462509875 459.68655058 
309.193561361 -449.741829288 58.7661942945 289.083820278 -227.035190255 -29.0468425687 -28.5988024757 -371.015422351 -14.4230327077 460.908502113 
451.306490948 51.1681755963 -29.0468425172 2.71646047473 -455.978572079 241.912309267 -28.9374873899 310.794863643 303.335318089 -368.640639139 
59.2526696367 -231.623595872 -322.010603159 -29.0468425171 460.930705622 285.621299965 378.349091273 -23.0387957383 -450.382453845 13.5834338948 
-29.0468500964 460.341945971 310.519159866 -378.666303112 -223.597009731 188.790257271 -16.4865751775 -443.732734465 -29.0468425172 410.506606643 
-379.71186102 -244.848276438 152.951621738 309.73843646 -29.0471586171 71.8332150283 -29.0468425179 -157.831199557 304.090006206 441.409493198 
313.915353646 452.709983094 -391.886319146 14.1213714153 -29.0468425171 -103.739866593 306.031480502 -379.414421248 -312.759263354 -28.9320898026 
462.2043252 230.480945783 -133.559221148 195.272147985 -116.532539035 -29.0468435841 -71.1800153045 -428.960649141 155.044240225 389.225125296 
459.139557858 -225.397630089 -29.0468425173 0.545422550852 278.805207365 321.054348028 56.6189956692 -448.557020355 -207.035939872 -428.609340424 
29.0468156677 424.592819129 118.786570707 -128.516766531 432.521504979 -417.206780414 -2.78494260299 -317.583669263 -195.945399674 -96.3602135887 
454.05187527 89.5830781532 -114.316756986 -402.898505989 29.0413884947 -202.845900445 -23.0218545315 -415.91943952 430.837026253 279.909098276 
453.596004212 -28.9930437467 38.5743524351 210.027299992 -426.100445005 295.86500025 -29.046842699 -456.243713929 189.043700011 413.465351682 
453.006549486 -412.194906006 21.7862221858 -36.4148509298 -21.7104778619 316.139353019 245.908458164 432.540081527 -396.816899909 -178.164083405 
460.347449976 -449.28576183 305.664432648 -29.0465506368 -227.181237265 -438.680333105 410.469474988 -29.0468607647 79.4912543821 193.569711924 
-242.996529237 196.965108629 -166.773372837 296.113603156 -460.087594868 -346.177455222 -23.6142277496 97.3372749894 456.209644579 -29.0466282514 
-29.046842517 -217.67563422 -423.268828611 279.395499549 29.0358909356 -457.491494905 210.957875478 -157.354487612 448.100735905 416.273478916 
-316.446904829 -9.42154788825 454.836535475 -241.825472167 -29.046842517 -238.427218269 -459.037786013 -0.00587918270575 416.331498987 189.038298367 
-410.690395267 374.722872769 4.39848299848 -324.053071752 456.389222756 -192.171925924 149.961227968 -122.436387262 -191.348688018 29.0465789451 
424.056197361 -65.4601392728 308.833244794 -29.0468426101 -311.039964878 80.8786687575 -331.329884138 -440.341370363 29.0466466502 -84.4644042719 
-318.997709228 404.52150156 -319.894234818 453.941086836 -458.830207087 -239.342004342 -124.041650274 12.3002136115 -15.8445848139 -7.4999584384 
-457.487457469 -423.229741541 -16.9090086054 416.03078474 400.389081972 -238.749194543 -218.592344778 202.012315781 -94.087710792 29.0466635502 
-1.87074378872 448.489817073 415.759869568 -99.0649364571 209.48918898 -422.235963425 -29.0468425172 189.196431949 -457.949937682 -317.029260795 
295.670659741 -249.295015023 13.1723977356 -141.630491611 320.335089897 461.149790558 -29.0468425177 -430.741118504 -211.308602583 64.5810974817 
-322.116408955 -134.234716182 -459.948989027 -177.239596625 405.141836033 -398.723381328 -11.9482643092 -13.1541431206 458.951442233 313.162220697 
-29.0468425172 -241.747713486 448.531209062 -205.144566781 243.556982821 27.5142314074 416.486191729 -459.275326825 -405.422449758 188.598731691 
-29.0476742958 -398.362074065 234.317983884 308.425922282 79.2620302161 305.128786143 -440.957487844 451.735516621 80.6971669704 -29.0476359738 
392.637243114 -380.93714071 462.598934337 -432.763938328 -9.2910909192 -241.31393562 29.0468275472 -212.927678691 315.371311543 -27.3525651777 
-459.605375955 -129.003523892 -185.790600542 -404.983314781 457.462167096 -327.701355615 410.827308896 -16.3809423966 -29.0468425172 288.103937778 
-206.074456096 -452.364584782 457.700060825 -427.531929035 -29.0468425172 -162.198810049 321.270835235 277.164837874 -2.67297137888 53.130440624 
-100.922888403 416.521368518 -240.19093504 -12.3787776665 189.001321214 99.8943189081 430.113743678 -29.0468425177 -458.730106278 -321.267603596 
-188.736546725 410.891704862 -408.465474793 -459.31650187 458.137451813 -326.851637148 -29.0468425172 -13.4388473196 186.485218913 -125.863888934 
-326.251325908 410.151097578 -407.344403395 449.508565755 186.935375795 -12.4198597431 -455.30844763 -206.728664217 -29.0468426571 -124.751665566 
-322.693863663 441.940270897 -459.722008084 314.885135057 -172.106158244 -16.1322524474 -5.14042363294 -400.557040689 446.82687029 -104.317507381 
-29.0468425182 441.720645668 3.98025963018 -23.9208387836 -397.703182355 447.04939842 -199.944514262 -459.612878222 289.32143025 -320.394858261 
-136.319628914 -29.0340431316 -449.922076304 -430.11383566 410.638170365 460.322447793 -29.0468460269 189.648133209 308.606807651 84.3264351155 
179.822239805 -210.25710908 -306.889233461 -38.3628675057 304.166374972 143.377023401 -321.48312555 41.4479425278 -81.1642235104 460.958921078 
-410.328002992 460.925958668 320.302744247 -210.569454731 65.0238737595 -191.499216652 -430.107053217 -8.5265010964 -143.056390966 29.0468379484 
-228.965899511 -19.0574041378 4.82412986611 61.1433564857 286.168976995 461.265149622 -318.003447141 -450.545892179 -29.0468434432 381.183536138 
17.3037622907 -306.867123916 -90.0395062184 460.872440367 -311.919645852 29.0468424393 235.917149538 -81.3985379263 123.197243353 406.942839678 
-29.0468425172 459.405465198 410.97965154 -404.302867494 -15.7213580466 -128.796044015 290.811546066 -456.230852424 -327.768759599 -116.731383316 
-377.607460309 459.373493278 -461.326461512 -41.4225629297 310.279535745 -29.0466478404 -93.6050733577 -387.796950716 308.291200177 -29.0468425172 
-29.0468425176 12.9092109136 -450.458799056 188.556885433 450.449639769 411.19375947 297.829243785 -248.814258901 -29.0406249725 217.095414057 
-419.700523717 -192.293744459 29.0470372906 190.256761498 81.5298245284 -29.0468406452 413.925479434 -410.881802716 458.405953342 -121.425543024 
410.339300327 -14.6271180654 -458.63013493 -327.344615111 447.83817339 -128.333691818 -8.30115668467 319.34723135 -401.725836245 -203.933616295 
-311.155090096 188.884213256 13.6326053982 410.509567706 460.341507065 -29.0468446229 -453.789741005 -21.0955680154 -94.6465157433 -242.340296984 
315.766941714 387.26161216 -335.017593866 461.976316398 -210.43756412 -6.13906495235 -430.531983398 -233.149060827 29.0468204718 -21.7829838436 
70.6343005681 -424.770191858 -203.771360574 -29.026509448 -408.69194169 29.0468273748 405.378743049 237.683365513 430.96134663 -221.782797408 
308.92260539 455.960005026 -390.5392448 -378.451150984 -168.211132509 -28.9588533461 -42.8647468443 310.402902499 -29.0468425172 -461.23011013 
-229.942855157 -251.260260155 337.220181492 6.74113090448 249.093054519 150.055154389 96.5249399834 -142.054683658 -383.200501802 449.891006963 
29.0463745018 283.360228242 413.458650095 -117.574315164 -29.046902028 84.9533351928 -219.017325511 -423.799636419 456.384077469 -405.11085387 
430.886933255 -113.232626914 454.021162303 -412.414496138 87.6180629622 222.006098526 293.543663987 -28.1683044114 -401.072165197 -28.6105474616 
168.082494876 -29.0468425172 305.983127972 -158.22903262 -254.020175322 443.267942785 -28.9778060964 308.46768927 73.5870384467 -377.407839109 
-433.698942754 -184.423140887 -447.183626292 29.0467730523 297.515353377 -247.234559632 29.0468418494 461.343415773 -145.519837936 403.326391053 
-13.0237911744 -239.446976253 -29.0468412227 29.0466157025 -459.644639874 451.811338997 -313.29812208 28.326710714 308.607811134 282.274763804 
-414.398938944 -16.6404092293 29.046685344 -27.9451749436 -367.31450305 205.650550774 -200.460269955 302.506730233 -459.767658171 423.925809091 
-18.6964304415 16.5861802952 304.6259938 -227.132172858 -29.046842517 461.070256961 -299.28335905 96.4698742744 -375.431266052 -447.060492317 
-317.387470032 439.434466584 -203.43046439 -97.0481521203 323.336237606 -100.977882248 -2.49719982692 -423.961910886 -457.184860615 -3.51572285203 
-28.9604040675 -0.215874400353 -31.2549006721 -321.750048456 -237.718223946 -98.325314948 452.485294602 -458.564969674 210.138484045 433.392889399 
