-461.686340963 311.178870094 -176.603104828 328.138559132 -223.112813828 66.2432555899 -333.320642805 461.686340963 187.915064719 -62.2634200515 
-161.058585026 358.265240355 224.114095463 390.962429474 -40.8128828066 139.649733338 -291.340209249 58.6426126536 -457.425398528 -425.923887612 
-172.529329397 -332.620501563 -293.073891999 336.409137302 461.686340963 -47.6032177517 69.8945641528 222.855383901 100.787905961 -461.686340963 
-250.976939301 -461.686340963 53.0952028185 179.845958956 461.686340963 -139.145196265 202.22120581 -333.796457282 -17.6275998816 333.20889899 
-48.1822451201 212.105488778 -337.909581872 -260.479222462 -20.6042498142 461.686340963 335.66729255 97.6391750247 -461.686340963 -176.499310591 
461.686340963 210.138182578 -329.922573846 81.096347604 333.459150458 -193.095980152 -186.590731411 66.2037284549 -461.686340963 -61.6429625568 
-461.686340963 -332.83232118 -209.886468305 -64.1732211273 210.112606093 -163.755562498 63.403130608 461.686340963 88.1746106533 333.589493265 
343.21198079 -265.652739969 -341.875869547 -461.686340963 246.066752771 73.4955105 -139.61434275 -21.9118803406 125.740798893 461.686340963 
-104.596985517 35.2430092363 335.754016658 -340.626306398 217.863975715 -461.109876866 -29.3122766891 -216.027458424 161.364501988 460.862077149 
461.686340963 335.691862544 -177.032356246 -461.686340963 -62.5264635829 46.480664522 -223.836098129 83.02102659 -333.782600573 202.358826238 
461.686340963 -46.2527547212 -461.686340963 -168.659443712 338.017150318 83.043569706 105.955858946 -206.619315402 -329.499383611 227.928376039 
150.182266244 -339.280836283 30.8430350497 -84.9238521396 272.241737599 -461.686340963 -236.018130583 -128.207750029 347.47888972 461.686340963 
461.686340963 330.004699574 51.6341971306 -332.894343166 179.223262164 -163.340295746 -68.1588948569 304.430456795 -461.686340963 -225.33725515 
-51.8260482311 -404.75894457 -294.213065232 170.427192034 -156.962249952 463.044983166 260.600641263 78.7051176757 318.190745337 -253.800699047 
-114.372532974 261.781804213 37.0941106723 461.686340963 -91.2852740797 328.115152125 160.161380327 -338.01584198 -461.686340963 -241.413483093 
-338.500691953 -211.540497224 63.9316205275 331.613576536 -85.7015202795 -68.0191709442 461.686340963 -461.686340963 212.86854993 182.652117297 
-239.391481388 27.8572853627 -461.686340963 461.686340963 -114.527725204 127.547281506 -337.538499621 -77.0898541116 236.87626441 342.312536861 
209.340555495 -39.4515568473 -41.622847858 -342.49693733 -461.686340962 -291.583770871 -172.909967764 333.666392674 91.5221348086 461.68634148 
-226.376402855 6.44897843301 461.686340963 -334.404870477 -461.686340963 343.589959063 -86.94018181 225.860615028 102.833124465 -152.367136369 
152.974784876 -336.781532947 -209.611444874 461.686340963 211.907727961 -461.686340963 57.4298150439 -66.0983997143 331.077644509 -99.3608118534 
69.1028936319 -60.3427072699 209.652905474 97.6279721447 -216.254886846 -338.933835629 332.614249979 -88.3447982923 461.686340963 -461.686340963 
-461.686340963 461.686340963 81.9170742927 -186.566521324 -329.857594518 210.114606678 333.563754938 66.2282176833 -193.039797735 -61.5815780801 
-308.157386629 134.902891778 123.692913605 461.686340966 2.74463885351 -177.012729775 261.627300555 -439.957961354 347.33308833 -119.6796142 
461.686340963 78.4566535282 -461.686340963 -235.46346997 89.2093741771 -340.554889841 221.52165208 -48.8542651753 341.61081029 -124.664360737 
-224.918632502 332.300363424 -333.176850824 171.536183465 -98.4062252059 -461.686340963 -74.0366153869 49.9793604738 461.686340963 296.186469575 
-208.395061631 -461.686340963 162.013601351 -336.716837949 332.799423383 310.913625612 -83.9266240554 461.686340963 36.015618108 182.629060936 
-173.930804942 -307.1739897 -134.970253922 274.958065714 -461.145293552 0.528424500678 127.59283892 345.737930358 136.539535302 454.796611501 
-271.849350615 226.478313235 93.8438165065 -461.686340963 -342.373168631 334.897102084 461.686340963 -147.380115086 91.6118631823 -32.607371403 
339.66639625 -42.610218111 37.7730423971 236.050414968 -163.173352087 -461.686340963 -224.368583577 -331.238285496 461.686340963 114.090663194 
-461.685942841 461.686340963 -333.255641666 200.438781203 331.45021049 45.7621913244 -224.97380172 -99.0354973994 -67.2238105147 171.712804364 
-461.686340963 -343.274753153 -27.8599186084 240.362005857 -126.249772248 337.628941133 126.550208905 -232.445779888 98.4783225401 461.686340963 
329.685005683 182.896155405 66.3290233048 -57.9186883152 306.545195421 -174.430523051 -333.111372964 -223.796098461 -461.686340963 461.686340963 
-310.508669647 143.663818408 -367.723797327 452.579040317 45.2217248175 365.285345001 259.089125545 -169.539215053 -471.641753908 -76.7930855243 
208.3833707 456.177977396 -176.522902631 -316.819386615 317.076126651 -171.001613093 19.2306068397 -60.8481307354 -457.23110602 112.736874642 
198.7545515 332.334621802 48.3463360743 -229.588399755 -116.845074409 176.752036638 -461.686340963 461.686340963 -72.9979504472 -333.805398261 
-209.351109301 -331.124736406 300.629627649 461.686340963 -461.686340963 47.8374865692 38.2037114004 172.507270045 -98.4803029198 330.60974005 
215.279177545 98.4920069386 -53.1400253133 -250.22127751 338.803953386 -461.686340963 461.686461315 -337.317477034 -176.556230688 -8.50972951007 
461.686340963 -235.275003675 45.1388916435 -78.7481192074 -336.457447201 -137.661218969 331.833553162 -461.686340963 115.031845539 209.080711424 
-266.91171456 -337.457826432 215.279630256 -461.686340963 461.686340963 -172.436284268 335.511181778 69.6176184147 132.438045414 -55.8678625267 
-193.868646298 -68.0944851951 -190.367963877 -461.686340963 461.686340963 306.224069902 -330.732873077 182.582919552 58.8760212107 329.951486086 
-45.7788532947 118.731119258 337.677173293 -134.020221884 81.0958339205 -203.000504579 -461.686340963 461.686340963 230.404944548 -330.331659893 
461.686340963 100.940924513 -206.494940914 333.896066889 217.231428704 70.0378205906 -461.686340963 -331.3123251 -55.8094139154 -151.441928364 
-60.0201776816 209.140749342 -333.292705622 -461.686340963 59.3584390567 333.11766202 -176.703660557 115.043736545 -210.202433431 461.686340963 
-218.646935456 264.119312447 -103.447587113 24.9318912475 23.3006824161 -336.635808241 330.893152555 461.686340963 -461.686340963 165.829821544 
-332.943853077 333.788990057 66.7988771858 210.450419294 84.2360577224 -173.107839192 -224.210768006 461.686340963 -461.686340963 -58.6278564104 
-461.686340963 -67.3767051253 -89.8514720569 329.305017353 176.807934972 -211.904576882 -338.570460927 461.686340963 271.420914729 56.5882809571 
-211.949416878 -461.686340963 -43.6842366543 224.706194721 -177.741413109 461.686340963 -330.635133847 77.4012937129 337.000975641 102.933305591 
-347.848597237 349.073780219 -219.469454706 -465.205025486 -103.164394766 164.853459707 224.220277129 -86.8688785927 449.811173453 68.1253308747 
197.709493335 -224.66568316 461.686340963 46.5078912154 -461.686340963 -98.6576292893 -332.88029977 175.273060261 331.620604508 -66.9349233383 
168.309711985 461.686340963 -96.8167632059 -213.688437013 -461.435960507 -339.301061804 350.489548551 288.909270709 33.9613158868 46.2948357107 
-342.989772065 106.257531484 222.765881547 342.05418248 -13.365179376 461.686340963 -461.686340963 -275.819623352 -150.127424828 -26.8724722615 
-98.055287819 -221.913669238 461.686340963 157.889719561 -73.5633808282 43.5848084605 -461.686340963 -339.564111725 348.491028671 278.690243132 
-218.51842042 23.7988157469 330.953768677 -461.686340963 26.5195575945 -336.384050493 265.450774291 166.62820676 -102.899259952 461.686340963 
461.68633981 -35.8776242671 -341.744952211 -264.950928415 4.08905522498 333.409940366 -140.869931731 128.379451871 -461.686340963 211.9615957 
263.303392779 -109.583962999 9.54517776755 -342.478100289 461.686340946 -229.886742155 -461.686340963 142.155498338 347.782329357 135.529653272 
-338.55571397 -90.6979243355 -244.119516441 145.260363244 -461.686340963 -122.274860802 345.959163639 263.772082863 19.9177301832 461.686340963 
6.27595410056 -94.7790677218 50.9821924808 -345.115203626 -220.278732153 -461.686340963 456.363683433 172.74475916 343.534491935 248.312886955 
-54.9890360538 -23.1156240453 461.686340963 -461.686340963 338.893461035 -331.851752016 215.784885504 95.6603396137 -295.200295414 -173.491328186 
461.686340963 -182.026870417 -65.3167668532 56.1453093416 162.884068293 197.723001659 -461.686340963 -335.110936314 334.828692003 -212.767065752 
83.663479204 -41.5255877109 107.916692753 226.767086588 -461.687549359 -336.501051716 461.686340963 -200.458740315 -168.068360736 337.607400117 
-86.0532389814 -461.686340963 -218.083203342 55.6045244099 178.823002346 -337.224954574 461.686340963 -72.173458572 333.841290276 205.673942436 
-89.143268864 208.373776926 45.2167068538 460.75554504 -461.686340963 -336.467239546 333.345159923 162.826895555 -236.350164355 -109.469173171 
35.7901406089 -108.648320827 346.303844517 -461.686377836 -229.385318513 143.92914436 -212.040504484 461.686338658 233.372261921 -341.895554937 
-169.455392285 -418.572262566 78.4500822234 355.272670393 -39.9204192902 305.843568017 -295.070860262 199.0810849 72.3520563583 461.686340963 
461.686340963 -331.943460841 -184.840493489 337.97002232 -461.686340963 65.6323616296 -52.216052547 221.336486568 114.86044427 -199.706368299 
-336.178429173 -206.799086822 -79.5501463618 185.938206689 461.686340963 -66.8389518562 56.6066532108 -461.686340963 199.583069373 333.832082631 
-211.571024994 271.164780338 461.686340963 329.035763002 -71.4106745865 -338.683314844 56.7718327492 176.527766273 -85.8846257598 -461.686340963 
183.167249724 -27.8991992139 -343.328131843 -461.686340963 341.255883752 -234.037001077 89.271441418 -138.816997335 461.686364673 229.133828234 
333.783064401 -224.209654791 -332.941170835 84.2442525142 -58.6145866063 66.8157480707 -173.098729984 461.686340963 210.456908093 -461.686340963 
65.6535266065 -184.923557741 461.686340963 200.222119678 -230.721306113 192.387155005 -333.353257777 334.772984924 -54.5494701186 -461.686354666 
-461.686340963 -112.820809363 200.797843723 -207.571440568 54.6463880104 187.035443738 461.686340963 334.102197379 -63.229120428 -335.63156052 
-336.728656863 -226.036793689 461.686340963 49.3329352054 332.527180359 23.0373022491 -461.686340963 168.363534437 293.891264391 -96.901877787 
-330.854410421 -161.714499333 -42.1234960353 111.474076543 -223.232164072 233.346030339 461.686340963 -461.686340963 57.9790496859 339.262952884 
461.686340963 181.631583641 -112.603824954 -68.5044789694 -330.41041147 -461.686340963 199.254330562 52.8310501247 -222.765979051 333.085234931 
-461.686230506 112.264832296 -33.1800081322 -343.710633142 233.263692778 346.806850067 -136.920782708 95.8062564793 -233.949738447 461.686231529 
242.936249605 -240.092537372 0.00991939610753 162.137935165 -112.481183061 327.228035215 461.686340963 37.3186291572 -337.188478498 -461.686340963 
47.5850694189 169.318361289 -97.5359565683 -223.481953597 -65.7861033887 325.609796416 211.280068723 461.686340963 -461.686340963 -332.688926855 
-297.700703216 92.508565698 -64.5390207843 -175.780943935 461.686340963 -25.1488119698 -331.648456998 337.921139943 -461.686340963 213.987165283 
-207.73197554 199.179576081 186.215966354 -461.686340963 333.769030444 -54.1732269254 -170.294310814 461.686340963 59.139333423 -331.651491708 
-91.2910692573 211.143220329 -216.299221679 52.1765915198 -62.2461369283 326.407735168 -461.686340963 461.686340963 -329.573621879 173.072269334 
326.971464946 212.717090921 -218.681619668 -107.480341749 -330.310842518 461.686340963 54.6507836055 -64.8597514386 -461.686340963 174.309331197 
-330.312144356 -133.896087486 -45.7312548153 337.645028608 81.1540656164 -461.686340963 461.686340963 230.456645524 118.856680981 -202.955915492 
-461.686340963 -134.572024436 461.686340963 210.430741845 -234.953606688 118.17180982 -77.4755151042 47.4658243057 -336.270631491 332.471054129 
43.6086712632 -461.686340963 -105.312643534 170.294112519 211.68200856 -36.1875389372 461.686340492 334.878036113 -339.467845461 -222.822423369 
101.914397624 -64.1459107234 193.706507973 -460.883853418 -318.386246252 441.269104531 -315.382295 -182.573880843 316.76453702 -4.83901900794 
-211.548256406 26.5950082755 332.557554946 295.65238501 -91.7919225825 -338.125514518 170.308526489 461.686340963 51.7714556272 -461.686340963 
-19.6544605741 -160.531228563 -461.686340963 219.880124596 340.858288388 -21.2037224364 -334.716738648 102.042486198 461.686340963 -260.984403861 
-461.686340963 345.174442241 -219.280959228 27.4456573046 -340.429808332 461.686340963 142.784103315 230.842658683 -83.4946246953 -219.534986005 
-461.686340963 -50.7625599121 210.956324123 -224.554166953 461.686340963 169.60515689 -332.866613845 47.1822909995 325.546499862 -100.620101963 
-266.619397696 51.2707390247 -20.2291978549 -140.033521731 -341.969974239 -461.686340963 130.174311714 250.563329993 343.837145619 461.686340963 
461.686340963 -212.391231534 102.499044338 333.014441171 -102.547059002 210.501321612 -335.003521851 -49.9716758475 -461.686340963 48.5331996471 
192.423527383 -338.156788224 -461.686342849 335.933526156 61.2969953812 461.686340963 204.69612119 -211.16426346 -60.8386026234 -89.4244777538 
212.31713972 461.686340963 49.4560388918 325.944798047 -115.744210079 170.052231104 -461.686340963 -333.454841281 -228.614918428 -71.1789692522 
-339.60510388 333.56962083 -461.686340963 211.955303122 -35.8846004845 461.686341124 -85.0376351412 175.820900989 -209.098869558 53.5155049308 
-336.816957039 251.406888577 -233.227783244 9.90005022191 44.6436600927 -104.252153274 169.007186107 326.955981228 461.686340964 -461.686340963 
-54.4455110621 -181.649934183 67.7794619318 461.686340963 215.817955023 -461.686341598 -222.858860535 334.269084032 167.685741957 -332.328259414 
343.244216658 73.6607127245 246.242165957 -265.289953919 125.917395252 461.686340963 -139.416091245 -341.854125145 -461.686340963 -21.7606592164 
271.565723323 -8.87233215016 -165.850143363 -126.451492103 392.507847591 -399.344157609 158.949512169 -440.221893653 -262.249487128 93.3627352583 
-461.686468565 336.438460839 -205.688184033 103.481767784 461.686340963 -47.8139438824 -331.942175054 -183.712469478 71.4376471286 223.28098415 
-167.914762778 110.173891853 83.8244822163 -207.907124142 -43.3410599882 -329.69101862 338.44476911 -461.686340963 229.644939184 461.686340963 
-3.8169481479 461.686340963 346.004569688 -140.963751815 108.049929189 -129.809933572 -461.686340963 -343.67141133 230.657928044 -266.933950374 
-159.260287436 326.266861129 117.758698907 461.68634217 212.490769577 -329.961411706 -461.686341333 19.959717588 -31.4686409881 -226.092847614 
-212.411523968 -77.2196642071 461.686340963 -461.686340963 46.9609873063 -95.4087816668 -339.135332991 215.482924736 343.539828141 92.1150665353 
-203.689968515 161.285610766 -461.686340963 461.686340963 280.293266292 -55.9144079717 -338.367684445 349.26912446 45.005667457 -183.4443389 
149.566146974 -461.686340963 347.279003505 6.51936562928 461.686340963 24.3014525737 -338.447043792 -221.839636829 270.048531139 -118.137666316 
-335.295179656 -141.608160167 306.954516642 -211.366065956 329.708915072 61.2078967784 -461.686340963 183.367618681 -67.2397948685 461.686340963 
-461.686340963 461.686340963 -208.89675393 331.198445829 -63.0175705453 212.9223739 -91.8757826577 60.0050098181 -330.986842325 160.202222808 
