45.8259314758
45.5471000322
44.4733084504
43.4982422663
45.5257266037
45.4539047079
45.3713747433
45.0061173902
45.5296265021
45.6314944684
45.7876334713
45.4534808302
46.0302995388
45.9447717789
45.703591129
45.6515352614
45.7349297637
45.6361802303
45.319478212
45.5450975526
45.896553078
45.6072611222
45.4274517551
45.6544156588
45.717441443
45.4556787072
45.6727794036
45.5140930008
45.588990512
45.9705587925
45.7218055838
44.7136024051
43.443586377
45.4587952828
44.7704483174
45.5689553474
45.6361805962
45.7903734108
45.5670363537
45.4983791187
45.346737377
43.1125075645
45.837533095
43.0171323006
46.0103101698
46.0073819756
45.9535020728
45.1279497812
44.3560999271
44.7480145384
45.7165951237
45.6644387081
45.804554072
40.0490619813
44.4056203618
43.509142915
45.8591917961
45.6024960294
46.0684181579
45.6283607903
45.9342644807
45.6314945026
45.6043714744
45.534207043
45.2648205876
45.6883436784
45.3390342785
45.3321339475
45.642078913
44.8274309088
45.9858523538
43.1157073182
45.4707257469
44.6172228225
45.7413256956
46.0499043794
45.2943333544
45.8281286934
45.4259947717
43.0204149896
44.5228152284
45.7132191084
45.7233539943
43.9440927318
45.8433361028
45.645998608
45.7165948088
45.5532055033
43.5136342365
45.6341787613
45.8107762352
45.2875028902
45.4900007612
45.8279181906
43.3298910804
45.7199175992
43.1054942507
45.808435498
44.5927911831
46.105100788
45.6914101665
45.6288951918
45.605574238
44.8014554054
45.0469541209
45.6825183048
45.7925941402
45.8727604104
44.3404547741
43.8444870406
45.3300564483
44.9926870528
45.7101285419
45.5351962085
45.3669890224
45.6255938551
45.4052550965
45.7128501022
44.9442830233
45.4176842307
45.5464990037
45.8137790567
43.2413007013
44.1940809142
45.501351153
45.2943323788
45.5688811877
45.9390119079
45.3384638385
46.3310693407
43.1772354391
45.551069333
45.7640759666
45.9245104084
45.4187630216
44.7021352617
44.8666356679
45.6574205309
44.4544198007
45.5686274904
44.8843401915
45.35611908
45.1246056644
44.5172334006
46.0789814566
43.3291837347
45.4666421191
46.1048334684
45.3005389894
45.2836953976
45.8955670689
45.8851783174
45.8277150813
45.5932575532
45.5529026207
45.5291964112
41.9019386884
45.4435051537
43.860669727
45.9405037719
44.7292509847
45.6588767683
43.5505235513
45.8561892206
45.6170160483
45.8231608102
46.0678198608
45.8174135441
43.5830009997
45.6049194241
45.6422883333
45.7192546422
45.3795949935
45.7506647048
44.7967899434
45.4715318229
45.1546153609
45.5418614867
45.1522775703
43.1755129948
45.8154818262
43.0212292088
45.5392051503
46.1210321022
45.2278350149
45.2898029368
45.1765374819
45.9858522779
45.6349805137
46.0928986337
41.398764036
45.9929269605
45.7010164881
45.5604748887
45.5620413349
45.1676953197
45.4886173439
45.4932951069
45.7030449172
45.9929264077
45.6515448542
43.7726995842
45.4911747708
45.5775106748
45.6597600982
45.5804725839
45.995822185
43.3563400898
45.8032519175
45.7472209853
45.6442847105
45.6552891895
44.968453858
44.3933974245
44.8401993352
43.2628904245
45.6558969655
45.7815494641
45.3429234609
43.5406621269
46.0261741288
45.6260750626
45.8253700123
44.1669497197
45.7178881177
45.646455845
45.9660439127
45.6834308066
44.5120070767
45.9397385051
45.158369854
46.0227236135
45.7266714565
44.0458775848
44.448954961
45.7925904066
42.8348264761
44.2775855866
44.8017448284
45.2816825483
45.8671935171
45.7690919448
44.5228152267
45.5588685584
46.3310688222
45.739630435
43.5375641941
46.0796428933
45.5571760962
45.5638456637
45.1765375732
45.7336802032
45.3788011229
45.7268256953
44.7698729834
45.4970463106
45.3952006145
40.577334476
45.1594853705
46.02627216
43.8237437314
46.0227236317
45.1335633048
45.8643001786
44.6177489055
45.5693701589
45.7028386976
45.8930710935
45.2952943797
45.7962597206
45.4104021066
45.9006828444
45.2264116412
43.6465952475
45.4092573898
45.6339901691
45.6497804285
45.8032519354
45.525728195
45.68835656
45.4715313952
45.3677207126
45.3467375414
45.4156945237
44.2785126793
45.352654583
45.5392903044
45.7867921796
45.7965437706
45.7529566019
43.9405793636
45.5885201102
45.6071209957
45.5301014056
45.5257281566
45.9851599566
45.1667627284
45.7849620837
45.4259635591
45.8054147744
46.1378840069
44.5307301831
45.8679314188
45.6165343181
44.0630891256
45.7102380458
45.6559126173
45.7279111898
45.5597916725
44.2355061303
45.8075117293
45.9058203265
43.6344487043
45.7898365202
45.4426151036
44.1438813515
45.8575738412
43.689436377
45.7586406597
45.6349806407
45.4817552653
45.5138647046
43.8055304378
45.1939709604
45.3939985274
42.8622838254
39.1951413342
45.5974454904
45.9787255582
45.6140990191
46.0227234303
45.9482228243
45.7876264748
45.2927660012
45.7489716875
45.5950400228
45.8586952687
46.0227236097
45.9011358928
44.7217380207
45.2913042192
45.7050092816
45.0202195048
45.8075324865
45.8194663335
42.808505541
45.7217329872
45.6316638167
45.8032518827
43.1955463127
45.4475572797
45.7571533838
45.454079885
44.0246187872
45.500236412
45.6818771679
