-259.435909001 12.3834975135 -341.52940017 -461.686340963 -36.9200761746 -136.10328718 149.83849913 332.422252713 461.686340963 211.020919774 
461.686340963 331.022881319 254.413978939 23.6284952099 -338.787867972 -52.1030564065 139.969132025 -244.47784971 -461.686340963 -120.916889495 
-154.363236661 222.381289285 -275.500834514 -352.224317729 -10.2987944393 331.391834982 100.506915188 -461.686340963 438.899112387 -125.190718779 
-212.918425759 -305.543563334 -85.8419939033 -392.198758702 116.101229291 23.6859621779 -461.686340963 439.957959665 311.51516602 178.219893222 
-225.858829684 -461.686340963 57.797356363 -62.8932865111 -177.242405347 221.667447121 109.301594423 461.686340963 -334.269738613 336.122989895 
-461.686340963 461.686340963 -339.817280103 15.3569115419 -124.478899882 266.292837158 -247.492682129 -104.444025153 137.876363922 348.571391299 
35.8805822766 322.199093766 -461.686340963 183.693260093 -92.046060722 150.261552408 -236.730092931 -340.439202036 458.388269633 -126.532452047 
57.9801558727 296.102733988 -191.800079404 424.452167942 44.737472557 -219.47868049 -338.782500149 -461.686340963 -83.7451063301 175.79063055 
-95.3372355262 332.276413023 -208.923012575 461.686340963 56.7047210897 -331.01403675 -461.686340963 170.201747215 38.5867384839 296.191993261 
-458.72546148 324.92081033 -144.221383206 -199.651351107 207.430012412 461.686340963 180.504134901 -52.3574489211 61.6806260681 -336.020893021 
461.686340963 177.792349855 -207.717383179 58.7818697743 -331.640995791 215.193815732 -170.29416739 -54.1798553606 -461.686340963 330.629103039 
-137.918968085 454.405265972 342.027601667 114.770204389 -41.186008775 -461.686340963 -334.478912155 -257.508691737 -0.247780276259 226.258689236 
-333.339175576 461.686340963 334.782609003 -461.68632437 192.373686581 65.6020538146 200.235986261 -54.5784383963 -184.930537452 -230.659142727 
-222.07254945 331.486305573 45.1754035786 169.057511406 -461.686340963 461.686340963 24.2233858462 -333.106459647 -95.4939716337 297.958805108 
-332.641497788 -57.4241935684 -173.678313475 62.6546980108 -209.324414004 137.641903868 200.999169737 -461.686340963 461.686340963 330.956762424 
255.427156309 -15.9981087052 -266.021296056 -341.782967974 461.686257543 344.683756325 -138.530441144 -461.686340516 51.7071882144 136.0309269 
-135.829647128 461.686340963 -461.686340963 220.718257074 341.584241719 -48.0164594761 -341.516077151 74.9348874682 91.7727840394 -246.091471126 
-140.720025851 -266.646616473 461.686340963 -129.781551707 -461.686340963 -343.650950848 -3.77027936061 346.435477041 231.424593147 108.532534032 
-306.250210213 -334.686909539 -182.11914294 174.546138724 456.901016203 62.0070023535 211.00542335 331.101985376 -59.0794802208 -461.686340963 
-31.8054789543 -461.686340963 342.080495104 -333.819257355 -156.435166386 -259.099516408 88.2992253578 127.69825705 461.686339417 244.233136627 
-461.686340963 172.850344153 329.340832851 235.982442341 -226.683771349 46.9206736916 -78.1003379972 -333.995785802 461.686340963 -100.442735472 
-334.029361641 -56.0310952619 -177.689851082 461.686340963 211.527059824 -263.194775408 -461.686340963 104.061757359 56.4982642059 335.996528561 
-461.686340963 -88.8991192028 157.601801344 451.643763107 -211.491930139 212.16331712 -333.322092548 322.172166405 49.4806994961 -62.6122502781 
220.228895649 79.2313796061 -461.686340963 -152.736107698 335.015019292 -35.6427044851 147.403280517 -326.458936114 -198.023857292 461.686344112 
326.494238153 461.686340963 204.745748246 57.359660174 -458.933025684 -170.294114301 -196.835342282 -327.272797179 81.3271775545 -68.2645090549 
47.0173139386 -461.686340963 461.686340963 -238.772310031 -334.572335577 -66.3715276239 334.903592061 -189.380454148 159.74338798 262.906908063 
227.959043989 -267.625738008 461.686340963 -142.380270529 -26.5421274216 -342.22842547 334.673558147 99.0005873097 92.3845500269 -461.686340963 
-125.885335872 -29.457155782 -343.361082166 329.779127717 209.932313536 461.686340963 -234.029441722 -0.87161669213 -461.686340963 105.908289811 
44.3963272662 461.686362977 -341.560679419 -10.2568093056 -232.226339879 259.940048656 347.133827631 -114.205720761 139.525907477 -461.686340963 
-17.9517228904 461.686340963 333.562477277 -237.98778773 -461.686340963 44.389372458 -110.53833854 289.83695414 164.41193828 -336.640353845 
-47.6685070064 1.93190407659 232.416311044 -461.686340963 102.960386656 334.434031228 460.908876805 -241.321560424 -330.296515102 -170.283352571 
-232.07021889 -118.625108329 115.254117099 -347.92726747 -10.4875470008 -461.686340963 246.633744298 461.68581931 -251.907381182 367.275944048 
320.62202955 -8.85534960856 461.686341 -194.794119558 -70.360828715 230.326828874 -291.29789432 -407.90518525 114.510146103 -461.478807259 
-128.263112151 461.686340963 331.629150793 -64.8784407452 221.058568048 -212.402810017 124.53398408 -333.936815155 73.843536419 -461.686340963 
211.010204188 441.396036064 96.359370717 -461.686340963 -231.582035418 -7.14415661804 -346.44555757 -190.878273253 319.617647595 -100.397854271 
210.805766546 461.686340963 94.5852835129 -41.1878666371 -174.421940866 -32.0964807278 331.60437947 -336.934320851 -270.110853627 -461.686340963 
231.421995932 461.686340963 108.529324808 -3.80201003525 -461.686340963 -343.667899985 -129.805062866 -266.691414065 346.425829447 -140.775263798 
-74.9560806089 -333.982925155 345.470428204 461.686340963 45.3579847026 -77.3614781056 247.486933838 -211.001686467 140.425137705 -461.686340963 
-332.770839862 247.496463422 -259.462343784 130.180565533 342.887214832 -29.327033719 88.7264674478 -157.410448556 461.686306427 -461.686340963 
215.538150673 -56.128095343 338.839336035 -461.686340963 -183.419594044 -238.260662849 6.58032498607 -332.84595318 461.686340963 98.8009904009 
333.949631184 83.4007588145 -21.2113488853 211.245132783 -226.215153871 -461.686340963 455.049942925 -334.914939685 -62.8808306868 -180.26524801 
87.8545157099 -200.524788892 -320.49761942 -330.056743006 -461.686340963 26.7747678941 -79.2439825014 338.790449375 461.686340963 -110.838718758 
260.457307105 331.573865459 461.686340963 160.922701738 -334.239289151 16.728966814 -233.935495993 -461.686340963 20.57825214 -110.204199286 
307.401368805 -461.686340963 277.460727727 -209.125987946 80.5907043063 -82.464179464 454.405271557 192.959249475 -39.195276537 -330.673915628 
-461.686340963 -170.294185578 198.951025118 -54.014657199 -207.625900299 186.654329626 59.5337703203 333.721932858 -331.563066611 461.686340963 
-340.084140555 173.268888939 -461.686340963 -85.1798292498 461.686340963 -217.99098394 -68.4222915966 230.629149255 330.364399942 53.8675548729 
461.686340963 -98.3885208047 296.176387335 -224.90018764 171.515007375 49.9664192741 -74.0518510942 -333.176920878 332.304821743 -461.686340963 
344.466884888 267.81589156 158.412615304 38.9436572552 -92.9870964477 -461.157675381 -215.958903475 -76.4456269771 448.359132753 -345.756378913 
-145.841148481 -274.151782828 -10.0299416162 431.699262903 -355.130839316 106.692583372 327.192588342 210.477350071 -148.711234753 -461.686340963 
-34.6148602245 -168.433884235 -420.784458366 446.075770195 76.1087256455 202.793847167 -155.357456584 328.908511557 84.362676294 -297.954163602 
461.686340963 -461.686340963 -152.059199426 -213.285081449 65.23552901 -335.83195025 -59.8913697779 81.1490003998 209.856295303 330.053347534 
-54.2519208553 327.74376687 216.324640837 -331.711915462 61.2836629385 -170.294154842 -461.686340963 461.686337758 177.758424719 -207.872724115 
207.337498062 461.686340963 178.629462092 329.655329092 -83.2626897334 -61.0041515791 -461.686340963 -212.189587386 59.2361768787 -335.194906504 
-241.817850181 -340.561920649 366.51675246 397.199134048 -461.686340963 -113.125727653 154.876205867 146.263208679 343.526180142 10.8866134113 
443.495569348 -351.636669833 -40.2184804932 67.0385366445 132.027282982 -146.57032586 340.519568414 222.947953878 -461.686340963 -269.182271987 
-459.548570378 335.799206702 -415.294495244 239.864400136 112.87549192 -146.280171788 -278.612226151 106.842699305 461.686340963 -30.2465591543 
76.6318683608 461.686340963 -338.232031412 -217.905134964 -54.6234509931 336.85293196 225.512779484 -106.009494291 146.508059812 -461.686340963 
170.228315851 335.046550296 -335.816630157 -461.686340963 461.686337037 -251.133015299 59.2019930762 211.777805422 -173.224489614 -51.5661693853 
232.570693647 -40.5802674469 -169.614193463 107.678624191 -293.361843407 -332.786761838 -18.4411223196 -461.686340963 461.686340963 338.116356855 
-459.823784456 184.580251426 325.158966714 -224.868947999 -332.667868551 65.8070040687 -186.049943295 461.686340963 206.149225812 -55.2070611282 
461.686340963 -18.6398064504 -258.821635392 -461.686340963 224.405567452 -54.7683976693 -181.578139918 340.714980545 99.0463345635 -330.368393662 
-199.655346081 324.926500493 -52.3652412688 461.686340963 180.501606886 61.6726153337 -144.215153826 -458.724365549 207.42953195 -336.022370643 
-263.710384507 332.533465821 -14.8667347024 207.748452721 454.489585045 -164.730245274 -335.059522955 -461.686340963 -29.4260923543 92.9251759302 
250.638977826 461.686340963 -461.686340963 -47.5406413261 -333.845790155 141.314721374 327.518980464 -241.405488566 -167.119503981 25.4162749388 
-38.7417826955 -332.112297683 333.71031737 128.130908591 461.686340963 240.607273258 -258.034010881 44.5407986732 -461.686340963 -164.463083125 
-30.9171008076 -269.127517002 337.676906263 -461.686340963 -52.5224474192 88.5779695491 461.686340963 -181.532387909 210.750852232 -338.684475684 
52.2212975175 -174.899284374 -56.438593691 234.268918814 461.686340963 -331.22539405 115.686877205 -257.048209823 345.172907268 -461.686340963 
84.3755591077 -95.3820183855 461.686340963 -461.686340983 231.94138873 -38.331112861 -338.41701258 335.558873203 -211.416128494 128.60824449 
461.686340963 337.698122094 121.560539571 -332.454056617 93.5385834355 -131.219977135 -461.686340963 -37.4192096795 230.456010321 -214.674765091 
266.995275451 -343.174812208 351.566771122 140.825969452 -121.690980348 -461.686338989 -234.072249824 461.686340963 -10.0898669013 16.0593498145 
59.2917077003 334.474744028 208.938207974 -335.010678949 -234.751791304 80.3627489011 -66.1650680947 -461.686343541 -180.816123929 461.686340927 
176.014701907 72.1865343339 -461.686340963 -335.333501622 -170.046570409 439.95797719 291.391200204 -48.5417035211 -248.416342669 263.655818676 
-14.9000342638 -138.994261187 254.333569435 -342.162158427 94.8848961169 461.686311627 -267.468524137 -461.686340963 137.906950354 344.676577176 
-461.686340966 336.833375295 -215.059516595 12.2914450135 -210.341694158 -86.2302349192 441.448988865 -336.963713946 127.723985222 226.908882616 
-111.145651855 115.046182951 -28.5934947088 -338.398536699 237.774059752 95.2426854373 461.686340963 -210.061970016 -461.686340963 338.328464517 
-51.4879404519 -461.686340963 -169.077510364 -331.633990649 72.8324991513 104.850766375 334.691086897 219.598980799 461.686340963 -222.858948455 
328.505043353 447.889065421 -72.9028418462 -215.19624134 92.6302642733 -86.9930655414 50.74213827 211.117483773 -461.686340963 -335.717333627 
-30.0876093497 -85.4390409378 -208.917550361 -461.686340963 300.277211544 -339.464409998 461.686340963 60.9017240865 176.493166158 331.602755919 
-24.5860817292 -342.397197286 461.686286443 -461.686340963 -146.930535568 342.884635373 247.488393512 -272.283245027 93.5324665377 131.297249309 
-6.91593741569 -461.686341285 214.811495947 347.659860133 -125.845190797 -341.355485292 98.7352860359 244.019987961 -234.498050959 461.686341607 
85.5758714342 443.490794918 208.607393155 -21.6337066915 -461.686340555 -337.836958861 -261.346567379 -49.0263245218 -173.252826622 328.451126681 
-333.639057654 216.592251955 68.7757639167 -158.953870107 328.978921575 81.5672239463 -210.623023165 461.686340963 -461.686340963 -58.5694704264 
-248.646242578 -81.370719453 -339.546428942 -461.686340963 210.846727587 339.625379105 461.686340963 -126.936617119 90.6088393781 15.1857728898 
-26.6998616159 291.539704234 -211.963591267 90.2265223129 92.2449702173 -114.059533843 -461.686339913 420.256111988 -340.289049255 202.585734438 
-177.971604385 -60.0674898246 -333.445695848 219.476563039 -210.446654906 341.540824696 -461.686340963 461.686340963 92.0075798272 70.6947322853 
59.4490702175 -338.579903636 331.677309559 -461.686340963 -64.8585321711 234.860497777 -85.7999859848 181.043429983 461.686340963 -209.430366268 
209.870357683 -152.063544344 330.067483877 461.686340963 -461.686340963 -213.262835405 -59.8753322281 65.248795381 81.186312705 -335.812166975 
-11.9625563362 -133.558118114 461.686321 108.241393749 -273.764173322 325.535705044 -346.368151355 -148.676847576 210.972664889 -461.686340963 
-206.641226913 -461.686340963 41.7585159948 1.345221376 -126.526069946 418.116583346 -329.295606919 448.76261371 289.348577415 163.770683441 
461.686340963 -461.686340963 303.74939915 -25.3988954612 86.6540873804 178.617591135 328.950164226 -254.369199232 -148.049512822 -335.415661472 
-337.815752201 -49.3326072347 -95.6101015715 202.281897982 334.444951049 -214.78464503 461.686340963 187.72212943 -461.686340963 54.1201823483 
331.837803724 124.019657925 -91.1723501446 -339.292933217 26.5225337255 244.447105454 454.405271972 -461.68535449 -211.936723873 -102.685352739 
343.36921621 461.686340963 93.186650448 217.770937393 -35.914313645 -336.23746441 -174.528898605 -37.6841342972 -274.598036818 -461.686340963 
461.686340963 237.524337264 -41.4936682788 -461.686340963 343.800993107 -236.481212849 7.71812011498 115.002516668 -165.972529352 -333.315873762 
322.015799114 -396.004005712 59.4627856933 461.686340963 -154.908523772 -461.686340971 -222.854990841 268.087775233 -61.3989030762 181.406584782 
35.7434219147 332.952927494 -341.275703279 17.2631117104 165.201158235 -220.304775586 -106.016221962 273.077213377 -461.686340963 461.686340963 
-330.805462133 -454.405273143 33.4289235474 -112.078965953 -236.714224279 398.742691314 329.688848112 128.28629213 246.048539426 -6.55898880812 
461.686340963 231.759205031 110.667202487 -5.30364879367 -247.480874184 -44.1335839307 344.550314324 -170.196080766 -336.285257003 -461.686340963 
-223.869686251 -454.405271719 -344.506056401 -97.8701051739 461.686340963 87.0442556383 27.418886427 344.287551203 170.447142008 289.016500883 
330.409445242 -335.82355358 -79.9580545982 -65.046663111 216.890820287 56.6953143698 -206.041356541 -461.686340963 461.686340963 176.596300041 
-340.881225003 461.686340963 43.2914695823 334.60140998 211.185820565 93.9652452949 -226.426326608 -461.686340963 -94.2082430123 -80.8784749693 
-214.484521808 71.2696397947 93.9570781652 -337.739662932 461.686340963 -53.7259108759 -131.822487232 -461.686340963 332.400647311 214.749357268 
-63.2922394963 -156.828150409 -333.906587915 264.746282407 47.2299022578 -461.686340963 328.604969168 164.40228658 -210.793673141 461.686340963 
-341.394456429 325.408299087 -40.7431673266 461.686339611 -450.336838969 -276.98568802 207.562062047 -198.611527969 73.0341900373 -72.0172529401 
-71.7912549236 339.036910053 92.7819607783 -238.447474618 5.37401361405 -331.139159226 -191.81147862 221.247701545 -456.111806456 451.314637431 
-461.686340963 -61.7225897336 334.949357723 211.182884202 -190.283257344 -335.005773999 171.864403851 461.686340963 -232.670218796 57.8057473771 
53.6815704922 -334.682415851 103.995398731 -227.939705273 461.686343951 -461.686340963 -70.8826957404 335.827394256 211.434051305 -148.471718405 
-461.686340963 461.686340963 -208.786487642 -49.0546797306 131.433321241 -334.264770483 233.170050794 76.1328396749 -121.3454286 341.276956291 
-202.525577595 172.988151561 228.068715879 446.269856909 -271.889947153 -461.686345475 324.113527804 -78.8178107871 47.9286024731 -334.877331389 
461.686340963 -27.1887644269 -40.9283600033 343.092899146 -153.869053157 -269.521029033 93.1115194749 217.169489657 -402.530192253 -420.77968815 
-461.686340963 461.686340963 48.8836111341 243.824663267 -222.858840737 -167.28748759 329.204858385 -332.766824215 169.721042687 -75.0360286418 
-340.948166992 -253.634040706 283.559652764 -96.0911065347 30.8787720009 -461.686340963 323.378842514 156.138802956 -129.93129178 461.686340963 
42.4534045237 -112.736463471 328.457536658 -461.686340963 -92.309810216 -337.632029377 461.686338855 -240.314760856 159.78464575 208.818651682 
345.144096855 -461.686340963 461.686340963 142.569680419 -336.775170376 -197.573065553 258.458796558 -93.1791672294 -251.509903395 15.9319086686 
-461.686340963 -220.191515992 341.79400662 250.85641118 132.50075159 457.998906078 -335.635807936 131.705660471 -5.63913011695 -121.070721993 
461.686340963 -306.106445649 -461.686340963 -186.380965364 213.356285042 108.618389536 339.435224911 -73.0556278259 -329.672127993 47.2773141516 
451.359051486 -122.128816004 -70.1250379883 344.205366265 -218.83602343 226.859937242 -338.226654913 130.656004689 -461.686340963 57.4597839254 
-461.686340963 204.263912631 120.399332071 -39.2340467549 -330.166938729 -223.420804261 461.686340963 20.3828310266 -160.440487761 327.235843838 
255.06881756 328.142313179 -271.933878242 -71.2617953256 146.10135078 20.0031467932 461.686340963 -461.686340963 -342.026560037 -158.27432427 
-242.733125679 248.552570468 -14.8187624361 -461.686340963 134.788939362 -130.440689276 -338.649346851 84.4681298703 457.380934155 340.074841838 
202.87568937 -224.848363548 -55.6363584543 -460.007116056 -186.222094711 -333.240046617 154.251698146 65.638032781 323.817459409 460.813563492 
-194.581784841 -461.686340963 78.6896584082 326.573046161 -65.1289037075 206.408445554 461.686340963 62.6763221712 -330.220754235 -190.118474074 
209.200088349 461.686340963 10.5217936575 -332.028152287 113.851945217 335.175334239 -122.58010097 179.131053675 -232.220014639 -461.686340963 
132.107124154 199.406560147 -159.190668521 323.389237088 3.9571860134 -277.911603721 -49.699583539 -461.686340963 -396.086842016 456.606831871 
52.2313154213 461.686340963 -461.686340963 -105.100616825 -227.315453054 322.133307337 194.020998687 -51.9283695356 -333.472467525 174.768486533 
-72.8920488834 447.891592935 211.127293037 -86.9843287779 -461.686340963 -335.715751615 -215.193329224 328.509121013 50.7541022649 92.6327742018 
338.631865121 -266.846012073 -343.406982315 216.736047576 100.072630955 -4.65326862919 -461.686340963 -126.303416148 -142.331876783 461.686340963 
-108.767833156 461.686340963 -235.180842137 -336.421826366 202.674540526 -83.2328451656 -461.686340963 174.514607717 332.151991626 42.4708783554 
215.980697167 -48.018698672 -158.17762425 -263.881866734 461.686340963 94.3174663018 -461.686340963 72.8659494951 -341.16849227 331.956074769 
-80.7867674745 461.686340963 -65.8468346573 57.9790733477 186.935808876 -334.070135683 334.048446743 -213.204245951 -461.686340963 199.832327056 
136.321194095 -404.68186551 461.686340963 89.4496698426 -274.190243877 -30.7791243436 -152.981723268 344.984008296 244.618015018 -454.073123607 
-24.3887846233 -249.873050798 81.5742768849 457.216514781 -461.686341087 -333.287315729 -62.2128981476 -181.289008624 334.179263626 206.721259662 
461.686340963 253.779545135 -65.7789684888 -215.061466929 -335.477631181 182.779861003 60.4620741451 -461.686340963 -79.3254409572 330.668956108 
95.5167113445 336.633386863 -331.655398111 232.281603504 -49.6298086082 461.686340963 -169.761905977 85.761707541 -461.686340963 -207.694276488 
128.157863375 209.551399098 -461.686340963 -145.722281096 -342.859276547 51.240152152 330.003421609 -271.954195839 461.686340963 -45.2267850957 
51.6597757555 -75.725624556 297.741327665 178.906446512 51.9039237928 -288.027643855 -461.686340963 -329.783136221 -179.777924683 423.871698451 
176.47431326 35.8141011948 461.686340963 -461.683659069 62.1602944722 326.278424106 -91.1310472241 -332.576683046 -212.018891747 273.132652473 
461.686340963 93.6832796042 -461.686340963 -25.9726249298 120.552415644 -337.812090321 -208.259343813 239.009385012 341.411894085 -105.198619383 
189.022122959 48.9619384538 439.957943857 85.7350638482 -325.457765503 -461.686342318 -69.2510253079 -188.097813825 316.187381837 -298.985468628 
175.007055497 -69.5356662851 -332.848656594 -152.866801955 455.331647519 199.301944675 -228.180072685 -461.686340963 319.638329101 53.0479391763 
447.773613129 -343.911912709 -7.28324992556 313.399275606 -132.012656148 87.0152085509 312.359837563 189.472950274 -233.903704913 -461.686340963 
-211.120404241 46.0243561597 328.986785176 251.402685619 -461.686340963 -117.245870085 -13.4672647655 142.308796939 461.686340963 -338.148953425 
-290.293633024 222.857961807 -461.686340963 322.425326357 -58.0670346543 -344.089752151 455.004558621 -168.558577535 42.0651949276 154.757849074 
-335.265444388 328.18975315 -449.509512698 -149.967094113 163.04931271 461.68633373 -30.2477899974 287.538965872 -271.908965754 77.2538275167 
-332.645038254 -18.9080105749 341.652149174 -170.294114297 108.072738476 -294.136066442 232.916756365 -461.686340963 -41.3532079343 461.686340963 
328.661736805 77.7259937061 -229.458098442 57.6920340328 209.743727244 -174.745214015 461.686340978 -331.47129099 -460.401950677 -58.2601831157 
46.9890415668 -337.868432355 -201.882540913 -461.686340963 348.693098644 -59.3089331616 461.686340963 153.964632888 266.182593608 -191.100501962 
-57.979050411 58.0714633549 215.443516583 -207.18655928 178.2548215 -336.09082102 330.501843835 461.686340963 -83.1173716444 -461.686340972 
-212.034166387 -331.94276958 -40.1443569246 -461.686345242 122.54204509 35.7971657935 461.686340963 331.677296523 -164.855514031 235.881613983 
154.648389741 15.2934807205 -82.0334404363 -461.686340963 -334.830792721 346.680823965 266.22940635 88.3228129088 461.686340963 -207.43011092 
331.999618605 173.228628869 -83.192039271 201.935881895 461.686340963 45.7993357905 -109.563154179 -461.686340963 -237.033787412 -336.868018915 
-461.686340963 66.4597175399 74.9311971933 -186.321851986 200.597942041 -62.574665472 449.460546159 329.001233419 -329.961797005 -193.61920829 
24.2738863265 207.905766835 -338.12124134 -461.686340963 -117.696227491 336.446748891 -97.0850352204 -243.035509033 461.686340963 93.1724134828 
-45.0716038543 80.4571590704 460.625611126 -171.110230013 340.291458945 -461.686340963 -331.164945949 227.360519674 107.634186373 -212.901289997 
-340.286279233 -461.686340963 -23.2391559852 -212.231841527 227.450151671 92.3533076274 121.314699336 -93.2623699012 461.686340963 337.519304193 
461.686340963 114.119405308 -335.851864767 -461.686340963 -3.4559705183 -42.7140282625 208.814649698 338.411925836 -170.353003461 -251.800336098 
399.021772528 -461.686340963 0.112327492224 236.724232325 -262.677088043 267.397915391 -342.64714677 -98.088346039 92.6218787887 -141.909428095 
47.5062637188 223.26895829 336.369852881 -219.894592158 460.124864199 -23.2463692381 171.904068682 -344.76776302 -106.49621535 -461.686340963 
-219.952478283 211.536079043 333.844260581 461.065699143 -393.793925677 -26.1339839074 -104.888410091 -461.686340963 80.798315284 -287.585452606 
-48.9981531523 333.70256526 -332.736531373 -18.8635854972 461.68634961 91.6885267344 -244.125939144 -461.686341238 -175.745110634 211.165313542 
203.467970747 41.499147053 454.403890391 -461.686340963 -342.120898012 -225.880616362 134.868549387 330.832132038 -77.7879338519 -125.426734497 
332.47907906 -461.686340963 -101.069222218 -332.86795076 -87.469133654 -226.604108139 461.681543907 212.039203878 41.5952417088 160.163350149 
-461.686340963 448.752338075 418.105772218 -236.158366391 -108.70622347 289.37231461 -86.9155425328 43.3482834427 -336.333126037 167.191445712 
266.386536488 24.6887245921 -461.686340963 -116.107168095 -341.238288754 346.533907778 149.621769146 461.686340963 7.50534803517 -228.470312298 
-335.009586445 461.686340963 347.389690749 -210.692636203 143.839146347 -461.686340963 264.996345986 -128.50184505 -59.4050608448 38.7390026639 
39.7883561047 281.860086856 161.778279625 -341.585115678 -461.686340963 -99.3672630631 23.8368396769 461.686340963 -215.307029658 352.37841335 
206.150756085 63.2870694758 330.976878939 83.9304567756 -174.989244118 -332.568539646 -221.688818254 -461.686340963 -61.3083687145 461.686340963 
461.686340963 -178.362939765 309.106142663 62.6985480499 185.859229351 -333.840653118 -461.686340963 -223.193251453 328.903296502 -65.0767720633 
-208.680258966 57.7435063727 417.605953834 185.079588528 448.438286006 290.044933864 -84.9867534227 -331.090893095 38.4115401637 -461.686340963 
447.903385378 46.7023968295 -194.821142348 -461.686340963 -331.431695857 -193.265623431 185.566802436 318.96611811 67.8104099246 -70.2014456841 
-48.007243543 -180.463890959 330.311272689 -461.686340963 176.287882449 461.686340963 -193.159563503 -328.234146282 56.5053010759 215.208010551 
185.163182833 -155.517909168 -461.686340358 -55.2181681759 329.207120959 461.686340963 63.1276794006 308.603515741 -334.525320281 -224.389592628 
103.974294219 343.522978266 -231.189698628 7.57208548271 -96.119346798 -333.977185929 -461.686340963 225.071983083 -160.425709664 461.686340963 
461.686343341 -84.8884702894 -461.686352439 257.339436434 38.8651722323 -338.066265743 152.696685656 334.850841632 -210.318462704 -92.4511275484 
-461.686341007 352.638584309 292.262663698 461.686340963 41.326738051 -201.358615998 -94.5223852714 -342.38678538 156.020563645 -279.135260261 
-171.397310044 -52.8309579034 324.236928061 -335.418882384 161.055735615 45.7767849652 -244.603277838 268.951190865 461.686340963 -461.686340963 
132.970306431 -119.79343583 228.49761931 -232.700742266 -461.686340999 461.686340963 337.430394042 -349.487641885 -115.043739128 19.708992721 
444.292864242 -169.439516969 -330.812123056 232.449548388 311.719339309 -4.25598309763 -246.583412628 -35.6090142764 102.31068629 -461.686347997 
-214.897929534 94.5139766813 -58.9813561021 210.264853951 332.745719157 -184.450262466 459.96497651 66.0586461497 -454.405274541 -327.930820753 
-461.686340963 307.663292556 -337.151796592 454.250488765 58.1867250342 -208.607166266 -10.9795953933 277.703207503 159.772530021 -111.555071954 
227.831795504 337.837867067 461.686340684 -49.6197023589 -206.984032338 73.5354213997 -112.296261455 -461.686340963 -334.098132008 140.352354984 
349.028447755 225.640874237 100.669566591 -439.956685922 -261.767853739 -59.4710991374 -316.014222366 -7.08707579722 -148.708366025 454.40527156 
461.686340963 -259.157015613 119.233532739 53.9193562858 -50.1037887271 -333.09580293 209.720174696 -165.574948657 -461.686340963 331.523653622 
461.686340963 -64.1892331917 63.382938812 333.561238328 88.1450708087 210.073321153 -332.835623174 -163.783868362 -209.894676322 -461.686340963 
52.5507890433 -94.0246420335 -217.815048189 -44.1152314663 206.820801461 336.905412662 99.0974305732 461.686340963 -461.686340963 -339.771900535 
455.00854879 -183.747497059 75.2437211748 202.303412897 -55.8533728168 -330.810978331 -306.053127446 326.179747324 -461.686340963 -45.1968356682 
344.35599658 -181.426785602 -305.243493698 -461.686340963 257.150986571 460.882549882 -76.9837005438 146.849103202 19.5801149197 -328.728404703 
-234.75375284 -335.007253377 334.473347853 461.686338863 80.3462822311 59.2957049757 -66.1611015418 -461.686340963 -180.810132918 208.93816108 
-208.876690616 461.686340963 250.35995949 132.094025868 343.622027108 -461.686340963 -24.3400547465 57.9651649234 -336.878159857 -115.095709661 
61.9410398435 304.171667747 -336.166983103 -207.285263278 -60.7222860976 461.686340963 180.270486733 -461.686342472 330.270981394 -82.4082526617 
186.434375143 -407.121375107 -92.748129649 -197.493868692 27.077719002 305.327909547 438.290109921 54.3921786591 -461.686341015 -290.788682869 
461.686340963 226.695785908 336.814031003 -461.686340963 -331.903547628 58.2366900308 -166.088639235 -46.4554838724 103.926633439 -224.892304869 
-57.5988584083 252.989124186 -182.394291219 329.523894594 -328.57324605 -190.741052721 29.484640364 144.417698616 461.686340963 -461.686340963 
-211.233777876 59.1750634714 137.474639835 255.461385041 -110.885625162 -13.4412680243 461.686340963 343.571163229 -339.356295474 -461.686340963 
-100.847752319 -338.460954469 461.686340963 -461.686340963 179.735985451 -58.6434392431 241.168273679 56.736667446 330.534500576 -221.11703148 
357.425193751 451.231264832 -339.463410299 149.255934585 -84.6025493853 38.5527480139 289.488661156 -212.010435235 155.528403846 -454.405271571 
-347.747643156 342.837390689 -158.443890946 -282.119114233 461.686340963 -20.5506382826 91.9014649585 -461.686340963 221.70100831 -135.481243816 
-208.1705598 -199.096233204 -332.169466546 -461.686340963 50.0387749597 -66.3602113827 240.859054048 461.686340963 122.393133905 346.28331795 
341.260560599 -56.6967468912 -329.654083501 217.756511478 461.686340963 -189.255580124 60.3114088211 -461.686340963 96.7918543501 -193.834241005 
-166.066918715 103.942084818 -331.873520399 336.830113823 58.3057507231 -224.808516567 -46.4332315254 -461.686340963 461.686340963 226.710965854 
135.862526158 -16.2549929476 -341.801667306 51.4645190734 344.611729726 -461.686340963 -138.752969185 461.686344575 255.341813105 -266.248460155 
-334.07308883 420.214445768 304.65531742 69.3770556291 12.9524138292 -461.686340963 160.840574913 -237.108720407 -119.787126508 195.884830948 
348.021212436 -128.320789943 10.3321637639 -461.686340963 -340.727510935 -252.991743187 138.413691855 263.123393218 461.686340963 -114.267751182 
142.184704679 -461.686340963 -4.31345897405 260.518646689 -106.740146926 -224.296299614 61.3934725827 461.481396951 343.228777504 -338.528382482 
-210.463871566 240.292847707 -35.9497805004 341.312779656 89.1975984266 -461.686340963 122.758254414 -162.774785321 461.686327765 -329.864899423 
-460.001059135 -61.2729244061 -19.2043780499 -244.615610697 461.686340963 -180.703628258 76.71410418 204.215574185 327.64992502 -333.757688351 
-80.3785995841 223.068220268 -333.585092067 -212.269854404 328.634155931 58.7953889674 -461.686340963 175.66242462 -63.5158089766 461.683762613 
-346.898971487 416.647341006 87.0403004493 261.463045195 148.191588575 -461.686340963 -5.41251179805 314.81248434 -233.243672842 -112.341051929 
-34.914260121 244.161816764 32.1673984769 -242.666715368 461.68633908 -333.239302611 342.019895326 122.078467738 -159.500753729 -461.686340963 
-461.686340963 231.032020611 -335.387740972 329.42805358 -89.3221986132 461.686340963 172.428887187 -79.0487843643 -223.511575639 55.7741300757 
-339.020543336 106.558488559 461.686340963 225.656768194 -211.434659551 -115.043894594 20.1487739277 341.936544629 -461.686340963 -83.4498948103 
-332.455956285 222.858823857 461.686340963 -57.0405542721 59.736969051 327.593930709 -209.067114732 -172.734972396 179.334700878 -461.686340963 
-336.930206683 -461.686342563 437.907316929 76.4178747322 323.029343771 -201.995861597 203.096392868 -20.1005890213 -264.985783359 -87.2400016827 
303.679920885 439.957959592 -169.379819203 196.999452547 -461.686340963 -122.364702629 -354.101472747 -284.564133207 -29.4752452087 82.3980654759 
-180.674012307 115.990887561 -340.780991632 -64.5214942531 334.883018761 51.9993377298 -307.927200835 209.169395799 -461.686340963 454.400700389 
-124.722295731 204.53776005 111.839491198 -332.14131178 8.15073833778 -233.91720309 461.686340963 333.115043306 174.376627389 -461.686340963 
461.686338569 -332.523708072 211.95402377 162.417719974 333.603514564 -212.792725208 -461.686340963 48.9205956317 -65.5869239811 -96.5128171547 
167.98882593 -344.518517012 349.855489347 292.681846483 461.686340963 -73.6551563027 -461.344227253 -214.573594114 -92.4315990613 41.7460394817 
-213.041077332 461.686340963 -340.863171743 244.826948292 329.792757601 -461.686340963 179.484935806 2.20873716017 55.4873600917 -94.6260436867 
-218.82927129 255.477089146 -461.686340963 -336.681824643 -26.9769936085 418.44010968 300.140869798 73.4807982038 -123.093773765 138.1188167 
-170.667475834 -330.717156521 -5.03532159193 235.693450025 110.1984736 461.686340963 -461.68634098 342.818663954 -41.1929927739 -247.251094336 
-49.3269142375 342.520922979 -266.946803637 101.825064028 -169.861200749 219.88158167 63.3017049276 -461.686340963 -334.332291184 461.686340963 
-338.199131282 53.7533883921 -57.9615307002 334.266385131 201.44614442 -92.7117702062 461.686386474 -219.465801565 187.962945208 -461.686340963 
-341.08286179 -36.7435646365 -255.123794751 324.749534231 115.181988527 452.981522938 235.113754032 -129.52273275 101.959975057 -461.686340963 
461.686340963 -336.325841364 -2.75957485429 174.932144105 -101.334849089 61.3566714742 -220.766013619 334.336492048 299.009205377 -461.686340963 
-337.184738427 -217.526468151 166.668442642 -91.4571049265 266.919238572 51.920400946 331.016336967 -66.5869825853 -461.686340963 461.686340963 
-110.172091104 -461.686340963 461.686340963 47.4727833211 326.035061419 -334.459522628 -228.809238514 17.7452157667 258.065676354 172.507296074 
346.820079336 -461.686340963 143.334788322 -246.342387926 266.960009153 -79.5712868998 -337.965304408 461.686340963 -124.803507138 16.0240835039 
-39.3654253099 -225.07937777 -459.825873314 -147.107417617 131.873382791 461.686340963 210.75065169 -345.620755744 68.5817048388 337.585423774 
461.686340963 -58.511277027 81.0896724987 207.978618942 66.0946974518 -337.429975141 330.509998073 -174.488011397 -258.991062703 -461.686340963 
-461.686340963 -106.273406705 29.0593855092 11.3304556724 -346.773896258 -222.711015445 350.293535938 457.527451696 139.935266553 243.047524136 
-245.238708241 -330.871708157 -42.3874594949 111.331244531 -461.686340979 338.796202123 -172.290172887 -2.68828098832 461.686340963 234.7814647 
71.0172366399 -332.806548913 -50.355362553 302.166080652 -227.707040835 -183.181153759 177.763265649 330.725791188 -461.686341222 461.686340963 
439.957951932 348.63987833 -208.089409983 283.76893319 -458.388710191 -329.582473543 -75.5730280002 -162.898872214 176.267258851 51.6116936209 
-457.505704324 348.442526905 2.9148754586 76.7626989722 -123.852264126 297.96890502 195.02061445 -341.03671999 -240.502391892 453.293148802 
211.431828347 53.6204771196 -148.479770914 335.816650718 -334.674298225 -70.9012304277 461.686058616 -461.686340963 103.987131566 -227.944183842 
-461.420210935 -118.289773237 -398.146923926 -17.9603000681 -216.423123108 197.498229498 306.151106897 -314.769560207 439.957949058 98.8465969388 
320.208344684 -324.552028947 -294.422193562 69.2724159591 454.562979899 -454.405273247 -59.3043729825 161.067132422 -180.632741431 284.161911459 
-0.341823907804 206.091236746 81.408425559 -321.388947393 445.354001736 -312.417310386 314.063187441 -190.370501579 -76.561267426 -458.848487814 
51.9305859888 -163.420888061 -40.7386825274 326.148490056 275.946267205 166.909732648 461.686340963 -461.686340963 -342.866793819 -293.538414539 
210.365891151 -338.154856117 461.686340963 70.4655265619 333.616513795 -56.4269488434 -125.099450852 -214.390297236 -461.686340963 101.068368882 
-332.2122588 54.5855710652 100.371684092 461.686340271 -155.292392717 -461.686340963 211.462875351 335.786489064 -226.007916599 -71.2169224706 
208.606873171 328.451913475 -261.346146086 -21.6332063966 -337.836394207 -461.686340927 85.5752632623 -173.252763499 443.490851425 -49.0273434908 
-461.686340963 197.935886957 -340.271579747 50.5091088956 328.281989501 454.405268775 -226.936770056 -5.64409373611 174.083887824 -106.82000466 
-80.7993926887 -461.686340963 199.832119455 57.9790553936 334.048692263 -334.096622792 -213.242115124 186.930021156 -65.8527008936 461.686340599 
97.0081757589 81.5050334424 226.144983066 461.686340963 -222.214580695 -339.348017779 -43.6488947858 -103.259737757 -461.686340963 344.462348482 
168.768044729 -212.104299642 288.636754013 418.422565492 -461.686340963 -96.5286879415 -331.964950022 25.0856340133 40.1663765508 449.069343968 
105.686939956 224.308669196 -48.1219363608 -332.295845362 -461.686340963 461.686340963 -166.619313744 76.3394376412 -225.503681915 336.65069298 
-51.3470290194 179.976659102 333.376463939 -170.275359748 206.874905379 -461.686340963 57.1111995942 -328.231307872 461.686433562 -198.304466376 
-461.686340963 334.555022458 -217.80778852 461.686340963 -331.288107848 -66.3848804785 207.766863097 61.4181987871 -164.720668198 186.409908646 
257.137151882 -76.9708649999 19.5832815666 -305.233447529 146.854110481 -461.686340963 -181.413280048 -328.724912728 344.354750267 460.881837423 
182.78413466 -174.019888815 306.427360598 -217.699223921 461.686340963 329.802598591 -60.7762484012 -461.686340963 60.1471243146 -332.621223584 
-461.686340963 461.686340963 27.451506148 -333.875661277 67.4983855223 297.783750387 -209.323712499 -85.2947433061 323.784425915 178.93663799 
461.686340963 70.9683754532 -332.78723165 301.695953302 -183.061463862 -461.686340963 -50.220822552 -227.247347949 330.839424563 177.24399744 
-461.686340963 455.270600845 -199.669620164 -316.670963006 342.195197332 35.7155375606 127.764458162 -79.7980302731 218.9297029 -332.666509651 
327.481740967 -103.079363262 -212.903390694 164.639835965 -64.5515839812 -332.720630284 264.933982679 461.686340963 50.6260615892 -461.686340963 
461.686340963 245.649875388 344.977806185 -265.860691656 67.1856214621 -461.686340963 142.279276431 -55.2982204931 -337.233897202 -172.000802992 
-115.653917011 65.7350004873 -237.769941913 -342.290712263 14.6586288246 449.176884825 -460.271467657 -90.6729618466 286.259056761 316.670925858 
64.091040537 461.686340963 -290.341935498 -461.686340963 -56.5345091381 223.28070102 -176.213552485 340.063365667 170.468972075 -344.063869734 
342.416957882 461.686340963 109.588607824 -461.686340937 -330.678270705 -171.282439669 -247.838301616 -5.72124009802 235.113956935 -41.8181721437 
295.779854394 -271.906773446 -461.686340963 -19.2524897511 -124.332467752 423.251040791 -195.693923618 103.514352443 -347.294052178 196.591092074 
461.686340963 111.331177969 -172.289942154 -330.871641874 338.796279074 -2.68784233021 -461.686341343 -42.3871774593 -245.238331679 234.781258703 
-461.686340963 -170.312921199 15.3363955847 -248.293035384 182.673620032 120.639071971 -338.99459732 314.412045063 446.285298663 -101.240095339 
247.215997871 -461.686340963 345.472016282 -336.682693917 140.282818318 -218.343965361 -76.4678475906 461.686340963 -83.8579737118 45.7044713029 
-19.940008226 -461.686340963 -232.68296091 -109.702950653 332.942024315 115.043735567 451.811675198 258.02476193 112.914642557 -335.829424821 
-149.594220317 -271.913823123 -115.863852267 72.9819599071 325.40881112 200.399718657 -461.686340963 -343.672404655 -16.321191098 461.686340963 
65.4546237262 326.700795429 449.170475042 -461.686340963 -337.002502293 -61.576538109 74.1503232765 -243.817223732 -175.805681305 197.528621741 
-81.46951847 181.717136371 328.078143323 192.357150873 54.5864801036 454.405271362 -336.428492454 -461.686340963 -71.069511416 -214.896528266 
-158.159243965 61.6419232434 271.022905108 -343.202163667 -287.757283135 -35.0937060719 171.700412401 461.686340963 -461.686340963 329.725042379 
170.24399791 294.803298545 461.686340963 332.823014918 -339.192126157 -461.686340963 3.08477556796 56.9624103192 -96.0627998193 -217.475850726 
184.14388171 -461.686340963 -24.5541568084 222.867043773 -137.46577592 330.277942782 65.1790419022 -243.381247005 -333.274183752 461.686340963 
461.686340963 243.727041885 131.378736583 -237.249816066 -157.346696721 -331.923371314 331.836281429 -27.2534981174 6.80285540668 -461.686341414 
238.522478104 -84.4549126277 -337.253454424 -210.110507439 -12.0231186062 115.043370624 455.275291963 -461.686340963 347.228756851 102.704786987 
421.488357909 -461.686340963 -285.820240769 176.913220075 297.588909215 -89.0975497194 -192.526150343 66.3499275478 27.858677478 -338.719927878 
63.1316783859 459.165257829 -43.1060932482 -206.965581697 -336.891951703 183.827611358 318.878648769 -84.3246365609 181.976386983 -458.996522395 
113.296042094 54.0137336193 -265.31378989 -45.6765346698 461.686340963 -334.215415717 332.143470373 209.806678716 -461.686340963 -164.552518875 
336.639854534 45.5483077658 -225.567496336 118.980586406 -461.686340822 -331.450808458 218.080103949 -66.2772114925 -177.018341808 461.686340963 
-461.686340963 461.686341635 -159.50710653 32.167256284 244.166294887 122.07980402 -333.240332452 -34.9226319757 342.021040888 -242.673257667 
-225.81443338 221.697686366 461.686340963 57.8248837227 -177.226455153 -62.8732076316 336.151713489 -461.686340963 109.333732516 -334.252619283 
-269.196212291 -338.770575441 88.5033732027 -52.5554423466 461.686340963 210.750850894 -30.9994489755 -461.686340963 337.661904246 -181.501877242 
-52.8015211922 -335.432312295 -171.39095501 269.034502475 -461.686340963 324.246953131 -244.593461139 45.7971982499 161.09009963 461.686340963 
170.24194347 459.688545141 -189.892384492 -334.754928071 -461.686342585 -56.6363430417 -235.986703658 333.597437436 269.031756294 49.2757643599 
-461.686340963 -180.247452442 -334.910144136 83.4045830505 -21.2228982086 211.235499718 333.947741692 455.050560291 -226.192423685 -62.8606298259 
58.5171074293 -213.181502421 -461.686340963 237.166396177 -6.90226121866 -95.9780795075 182.962427739 332.691429675 461.686340963 -340.610080321 
440.48417648 -202.848599299 -328.61141561 65.8598681796 192.663807242 -461.686340963 -54.2689441733 -73.7453337514 445.915295927 316.79589583 
68.492137298 330.693413495 -155.855180499 -55.8224950102 79.7574884622 461.686340963 211.082458076 -457.700249641 -219.991930334 -331.06631171 
73.103930836 -461.686340963 -338.282369432 330.842282053 204.491696435 -214.27044798 -123.624341171 449.655131458 102.676896006 -56.5471130862 
209.938408261 -113.632968886 -461.686340963 461.686340963 -210.921500534 65.7426015895 184.005928649 331.705755224 -52.3980946818 -338.306732461 
-461.686352925 -73.3487936794 450.274226155 179.44516424 326.132880025 -331.968227957 54.5496398495 -205.394789102 -62.2113801959 193.733595594 
339.57675677 -332.315739684 461.686340162 60.6733116606 -223.003267347 93.3634453189 -68.4199007318 215.489321403 -461.686340963 -163.150482306 
262.575726125 381.652069153 -459.645068166 -119.498940271 -19.635093918 -343.756779683 439.957959591 9.79837805589 128.874721085 -239.055491532 
-110.410130053 -227.833163559 330.512916271 457.465598561 174.051530942 -4.74041696089 52.2411879688 208.564316649 -340.855245894 -461.686340963 
-461.686340963 -137.228492708 115.472656194 10.5639184101 -343.630109641 461.686340963 -257.663565208 -128.857277225 210.750415329 337.540637114 
267.36740563 -461.686340963 461.686340963 -90.4797071406 328.607452456 -78.8470148323 -338.771746513 168.705931429 49.8724240642 -220.71223853 
-225.830194412 109.333983546 -461.686340963 461.686340963 336.15092225 57.822431306 -177.228163796 221.693903515 -334.25211256 -62.8719946541 
223.759919614 -64.4796853873 -335.647606204 -79.2273420263 461.686341654 328.446179144 -205.657898912 -461.686340963 174.384126742 57.2508787224 
-233.806474734 -461.686340963 94.775829719 459.722973013 -119.09850114 221.197693036 347.494500727 -344.341733405 7.62601624813 -107.597776715 
341.983256928 221.865858725 461.686340963 -30.2075627719 -253.985174783 -1.70867324095e-07 -331.125553313 -461.686340963 -160.35838873 106.378312035 
-461.686340963 461.672829342 247.529220175 -272.293123268 93.5188081449 342.897059742 -24.6290782986 131.321926219 -146.956403338 -342.382807313 
344.171796839 -87.3296731415 -218.887536525 135.297289429 -461.686340665 -75.7360789835 241.757239465 43.7005253659 -337.362136216 461.686340963 
-461.686340963 -58.2421282536 461.686343074 67.982691135 216.661722533 339.274028504 -331.405788018 86.2037595713 -222.858912714 -172.66542788 
98.0753356979 332.395780879 -351.047817135 -264.79597298 -461.686340963 -101.499873082 -8.48059978564 215.83574083 443.561754882 -150.335697789 
-73.9885712737 322.052305392 -336.113724824 -231.840004826 42.7713751132 166.488655271 -461.686340963 461.686340963 206.3481665 -107.246563121 
-174.072925306 -250.07080688 185.115307839 204.745554587 -56.3642183896 58.2400451624 334.734623965 -337.314030886 -461.686340963 461.686340963 
335.599225711 -188.840314794 459.324549626 60.1343169221 165.911304112 -295.38656789 -58.8550634986 -393.016441115 217.196414355 -461.686340963 
-461.686340963 199.015050047 -335.476217613 330.745478556 140.961410348 59.4315197189 461.686340769 -92.1305098359 -61.2292748723 -211.619914019 
196.134942651 -335.842089749 460.568253302 -461.686340963 49.3780657889 323.399795524 -231.180653749 -144.990700235 133.39588883 -72.0987716732 
331.783439132 65.2257878721 461.686340963 -336.27191714 -174.832773577 -246.026322948 182.997008854 216.537771889 -461.686340963 -59.8060682018 
-143.944970653 347.826925849 -339.730744717 461.686339477 149.953400425 18.6719245234 271.908798497 -461.686340963 -102.199246368 -245.897611757 
338.073340197 102.302312185 461.021494175 -16.9387223782 222.214232208 -43.5775833661 -461.686340963 -395.547619838 -279.679484605 -164.496392847 
-98.3249904088 337.641854664 -214.849128622 153.978285222 -336.019500614 461.686337935 225.141113408 -461.686340963 71.7951127779 -56.0326450778 
-139.940994764 -461.686340963 329.640545534 -334.12439468 -264.038301396 21.7662034817 461.686340963 131.787163487 224.391472775 -15.9353096272 
147.149478189 -119.097269186 265.775862453 -461.686340963 431.650967574 -246.177140895 -104.591911802 403.129410702 25.6861493756 -339.063135523 
57.8192220537 335.628676297 -148.391050103 210.73385372 104.078221521 -461.686340961 -226.323929756 -334.199404667 -68.0405990034 461.686338045 
281.816152293 -230.909956643 334.676512423 30.8802267023 -30.797232389 -118.378910412 154.529958611 -342.382994661 456.941256946 -461.686340963 
-331.922145107 -190.16767217 -210.03140836 41.8546428449 292.790373712 -77.2719653291 457.732379297 160.868976507 356.405317481 -445.582000314 
44.5007669469 -82.0294368341 -461.686340963 -339.191506705 247.422369174 -76.4621398025 -211.41911508 140.239727809 345.348876097 461.686340963 
26.9048431133 137.441867439 461.686340942 -115.255327983 330.732868732 204.645166266 -273.320560947 -410.829210357 -131.838918298 -460.709349569 
-254.053425635 -173.710350329 201.003631209 83.3733570166 333.758284761 61.5176833271 -461.686340963 461.686340963 -59.7190032577 -335.033026379 
-208.873402699 461.686340926 57.9761013357 -115.090454025 343.623400845 -461.686340963 250.365397153 -24.3338082763 132.10052313 -336.876565212 
337.550321213 -136.851472432 -461.686340963 -259.337144792 6.79541402806 210.750415328 -134.242090111 -344.004290246 115.85648369 461.686340963 
-164.390566374 461.686340963 54.0235013568 -46.6979197426 125.556136882 330.196168277 -334.319685379 207.869015284 -461.686340963 -264.047112814 
-19.4171398386 -323.484864175 16.4426122747 -461.686340963 435.122713963 -208.359846127 304.442855139 226.557599647 -123.43572956 137.301924459 
454.311324857 335.224950979 115.841306279 52.5626244683 -461.686340963 -67.3731702755 -214.914821973 209.641357261 -188.471292048 -337.116538077 
-348.497715124 -230.952854323 343.439801592 461.477179103 -128.796991274 8.47961743108 -10.9085173249 -461.686340963 123.998206335 227.5148116 
-454.405271615 60.0182356617 187.40397558 -326.236213554 37.8548290564 -80.2965482318 441.710873242 -187.904156005 316.737724332 -267.44150399 
115.438523254 251.412635079 -388.478485195 246.724733947 4.40447874685 -137.145518817 387.690677108 -207.463724633 -239.260194078 -458.796691011 
79.7560470421 457.090413706 -329.977814728 -171.805452351 334.334895339 108.968184417 -461.686340963 226.77864798 -206.444728536 -45.7830771478 
-461.686340963 -333.307291705 201.096580846 -167.668042894 -210.749092379 84.0830685678 461.686340963 334.07454662 58.0378072197 -66.678042245 
-332.003495379 -50.4340118879 -461.686340963 -163.353111314 332.606646952 -210.09513252 460.790276499 59.8734012913 178.459007783 206.218027709 
-42.3939242172 -172.288536754 234.780019692 -461.686340963 461.686340963 338.788474767 -245.24046906 111.333030727 -2.69033198186 -330.854473945 
247.401247287 -231.92963951 -15.2813788767 7.44882008113 -336.402293916 -461.686340963 342.592098625 -143.437147712 461.686340222 127.950324241 
-170.294114844 461.686340963 58.7953015102 215.239327272 -207.623397425 330.631509159 -54.0744848061 -331.610490567 177.82498172 -461.686340963 
335.782761598 161.028648966 461.686340963 -206.852462244 242.641085973 -461.686340963 -57.3894329192 -183.767237686 41.5256918342 -332.145419359 
-117.883729729 38.8375256312 331.023911731 -461.686340963 11.727745324 166.033772496 -330.507231878 461.686340963 275.499661775 -208.636907177 
-211.817541666 -461.686340963 -338.723442922 256.62663009 461.686340121 -15.0017166877 344.50156332 79.2949017362 140.064838255 -122.219873996 
141.353075858 -461.686340963 248.352395947 -337.745639816 -209.596375282 345.693756437 -80.5034464917 -74.8539071264 46.0563425093 461.686340963 
461.686340963 -330.872075932 -42.3874281456 338.795708951 234.781720196 111.334196333 -172.290459778 -2.68264624051 -461.686340963 -245.233871145 
212.634414173 -329.845368784 -61.7283468477 -34.2560383219 461.686340963 -271.90833818 -189.182225968 88.9541529351 -461.686340963 329.061593396 
-164.349531674 86.0932132621 -331.532467301 185.829584236 -41.871702592 -256.08317054 333.066766591 227.923401108 444.059620457 -454.405273049 
-461.686340963 220.102296805 93.2325244901 -158.938232062 -283.487029733 451.608462047 336.304919692 -19.8532970346 -139.629599603 -350.713768445 
57.9790141039 -201.101872971 -53.5144000337 340.509357025 461.686339101 118.406608056 -461.686340963 -327.9866355 -191.801112312 237.260829185 
93.1508624397 -341.633323795 -461.686340963 -24.3163966752 341.280302331 -115.043823464 -312.74229954 213.03257944 458.222800242 -194.196108816 
-215.086945518 337.645215288 -56.3006648783 225.15961654 -461.686340963 153.973491647 461.686296428 -98.3299320707 -336.201454476 71.5929214539 
336.29941343 -170.740971643 -333.245237415 15.2286709564 -48.0253491081 226.589984899 461.686341018 -230.131736453 94.722933697 -461.686340963 
290.774477133 435.718729053 -112.080012069 64.2006612339 -209.661592215 -461.686340963 262.668266654 -336.852341615 172.184817723 -53.4329736945 
-333.302796599 -209.908604383 -461.686340963 -63.1056607129 136.061024725 345.941459203 -156.717426346 30.0099682951 461.686340963 258.508195886 
461.686340963 269.008323813 -341.313928661 35.4292784588 -216.871518715 -70.3666725593 346.828388287 -102.927042818 -460.520728004 156.355172251 
-159.50337266 -34.9164964457 -242.670427143 461.686340981 122.079770572 -461.686340963 244.16257517 342.020563506 -333.244335079 32.1692671774 
454.40527209 84.38422486 -461.686340963 -163.845720975 -233.180381596 190.882314272 307.401368092 -41.1982183038 277.46072681 -332.604875904 
72.9321636611 461.686340963 192.390846782 -111.748414735 -232.472195351 -343.701385177 215.345959846 -8.69110793035 -461.686340963 332.258356519 
461.686390607 -27.3937724762 -289.327804061 -343.929789657 -461.686340963 -41.27403506 91.703313597 -162.986145535 336.935165527 213.072020734 
232.836544427 -461.686340963 -126.500370337 97.7228109297 346.902405272 461.686340963 -18.0992882978 -154.192722663 -276.581655239 -345.140830273 
-461.683179294 77.6905509565 326.003355468 204.148215889 -227.626250348 -96.7376849431 -397.978065192 -279.831648356 32.6064918527 461.686345806 
171.735118275 217.530735376 -56.8481119267 -195.026929663 454.547817927 -189.367340276 333.803005689 68.9277124368 -454.548694572 -326.742216803 
-461.686340928 81.5255043492 332.46140317 -332.003412751 208.508259772 -261.154778652 -187.569323437 -66.615476585 -21.4059792668 461.686341039 
