-382.166240858 -224.595320244 310.748699476 -29.0468425171 460.276360456 -19.9993270168 -436.760267348 189.183155705 -28.069336499 410.949255134 
10.0420132692 -321.93700567 385.353254587 -461.11259585 313.668134743 459.321128307 132.065948057 -391.658913938 -29.046842517 -100.388553681 
11.8514768361 93.4552207198 -210.034816419 299.359769035 219.585144739 321.544109925 -174.329608322 -29.0468425606 -145.625349349 444.768816653 
-66.7070304844 346.42564068 221.369411723 -244.93834744 447.722170816 -226.316497642 -1.87597702183 142.951006438 -81.843754795 -426.384246617 
403.474903348 -3.2002430845 -213.444098266 -435.573809832 -120.362675467 -405.939379646 204.882043422 1.57193731706 -318.479453831 316.505941663 
-29.0468425171 -13.4152894172 312.571922164 -408.4578288 445.000100632 -377.814701928 -389.745643106 -181.311186374 440.647000686 300.949213907 
112.545557593 -331.333385037 -29.0468425171 -119.852950886 -363.0851697 436.622809006 -146.696420194 309.604453647 55.1537653125 444.332861087 
458.951232539 -354.235773944 419.993896067 182.114165811 -166.619579788 -90.7962194116 -313.673850895 9.49164093361 -384.335144058 49.5583788129 
-242.156606041 320.602129987 408.724665515 -19.8758598983 -40.1885278831 187.361565373 -29.0468425339 -430.143846966 460.171502952 -210.976530635 
52.4846170033 -328.435051275 438.585378948 -381.403225098 412.639007876 -12.3896312633 -120.94610016 -1.68894806894 -359.07901674 -168.538976716 
-0.411306832613 -120.989093146 -100.936369268 -458.798296116 -321.278780613 408.985639348 430.113809709 99.8970630882 -12.6032837166 -322.356336948 
-440.633157754 -86.6824766276 295.44888741 -448.117950083 460.007970726 29.0468399938 318.256706633 -120.014649203 -113.768149229 69.4674505776 
-218.573785198 -29.0094056424 202.003124429 29.0468879686 -238.781037579 -457.49727643 416.024259621 -94.0727557756 -423.226457138 400.428532057 
-314.143879117 321.443508964 -210.149870219 -430.515631718 -29.0468425171 20.3240911783 461.075168504 188.611339735 5.37810379671 -213.04769829 
-320.213354199 102.543727366 428.521351826 -352.650656429 -99.5309198125 440.723181376 -105.169078811 -9.92586506488 29.0468258263 -322.007415142 
-384.710272675 -415.353399563 -377.987027152 310.47867719 -29.0475092577 307.389651344 -43.3146683018 -29.0468424886 459.346034223 -48.7746124862 
163.79032947 -29.0468425241 -29.0451190978 47.3875928789 287.952566493 -459.578235193 310.762887049 -166.799967195 452.50494264 -302.498224268 
-158.386323125 -377.590186747 -29.0463867603 443.277164612 -29.0468436072 308.48947747 167.985004926 305.524258248 75.2961622799 -243.59484379 
-345.841051541 318.035211916 116.463889021 -428.112984262 -66.9265884579 206.732647424 410.956547198 152.350509124 -104.373339555 -29.0468425172 
230.720487035 1.26366137736 278.401969151 -318.959167647 -77.6710581221 382.379722089 453.167559396 -38.9068214095 -29.0468547586 -391.814213583 
-29.0468425172 -428.910964615 -230.369868241 397.050263395 -402.951379448 21.4781303161 455.113101211 282.512838158 28.3319670954 -183.928456304 
-318.735429308 172.765228972 -105.321030268 -29.0468427207 -65.4909651518 379.7807917 2.36029085582 450.160695604 -459.044605271 283.82153057 
-7.24660088371 453.053123525 -321.626189306 -97.4378068407 97.9818190299 410.411683748 319.488594394 119.69106467 216.911786088 -458.067611957 
-406.616310585 -196.788904203 -29.0468456904 -435.818777252 260.686576105 223.312269905 437.55151784 184.544795012 417.065208499 -29.0468451842 
-326.759520825 -14.5139563727 67.2419788638 -138.148335035 -50.8415771498 430.113835081 -139.862196311 231.958509325 454.497548645 -357.525654095 
248.435813412 29.0467719265 29.0463734731 395.279759521 -214.184567743 7.4719341724 -287.858835271 -421.132485287 -105.576547687 379.963477872 
239.016743021 -376.968817327 28.9657562714 -41.871588684 -460.929285649 310.004313138 -296.064757952 -173.710887381 452.388242036 -29.0468425172 
-357.084405929 460.74588761 308.798156264 -323.261468732 2.69608502237 -20.2767179551 80.8630065981 -137.358644384 -29.0468485662 247.241704241 
459.805994607 -29.0433192496 310.715390459 -461.953871019 -157.357687654 -325.511911946 304.780590403 200.182299346 -24.3645179213 -29.046842517 
461.469748092 -5.7030494073 319.232610656 -144.45601062 -20.3326874933 -141.138175686 -448.925221668 -212.533827598 -432.025069927 315.955005014 
-90.6519345923 462.477629662 -76.5378700572 29.0465982874 -293.676083651 318.304499967 35.2011050315 393.661956028 -234.404167346 -430.117331779 
-79.2469836647 146.669047252 242.629349365 -303.935662793 461.939354234 29.0467886138 -165.492930984 -29.0509718233 386.943989894 262.449548509 
-333.012787852 286.51085475 -29.0468431214 -370.41594645 -150.360962113 400.639424841 241.754103996 -216.368463611 22.0645663243 30.6896409421 
443.770535531 29.0468424069 -321.291394255 -140.595804734 106.545970811 64.6952093796 444.982202692 -287.609861538 -351.934521139 22.6766277844 
19.433510362 137.35006852 -205.873006153 29.0468222644 -80.3153635482 246.791221983 -305.513523574 420.427665116 -334.082346 -364.600553908 
17.3104396878 -13.7855572678 241.811314827 -351.143626789 -42.7023160158 460.579835359 -321.317773034 -315.641961948 375.391714998 16.3326194215 
75.2899748196 -29.0468426199 -243.566539064 167.904806355 -29.0468352533 308.471428472 443.269525374 -377.561757331 305.534531892 -158.351896459 
455.712900387 -236.591277327 306.551930879 -28.8675167859 -459.745492249 -238.730168228 -307.917384941 109.817969786 158.686199909 -18.4177736794 
-320.075618881 -389.743243424 382.149464835 -39.3528845155 309.302773721 203.64156333 453.086058609 -78.3835136973 -29.0471158953 -2.59458276416 
92.9220090322 -205.523363942 313.613326823 29.0468423759 -423.937453137 395.604460696 235.20506173 -220.026680234 -14.1901021248 -451.164240573 
318.82033362 -120.294234897 245.911798986 97.7967011529 403.248773142 -1.42164351088 -81.5793422393 -317.792384475 -458.016377504 -117.814102064 
-285.913616207 -415.888359418 -193.37013535 322.965838476 16.3286688162 236.805457625 -96.213929544 -255.270554932 -16.0017310891 448.867921077 
381.518041911 -315.089943056 12.5625204839 -22.7224873019 270.521733111 -230.366429968 -139.373347115 12.9920193292 461.304500878 -448.98896214 
-344.888730333 -25.8441433401 -93.868018013 -36.8585949684 64.7198008475 -375.442736518 86.6824414915 419.448432036 307.065312054 190.358503442 
-12.8041214257 430.113827389 416.628916437 99.7500766932 -101.026978752 -240.141240495 -458.654863416 197.73916676 -321.36176676 -20.2813603892 
312.287744647 -124.575498678 -29.046842517 453.762616029 -0.158637283742 38.1871739295 -237.956791313 363.560322074 -322.638217115 -459.210115473 
-9.02129580649 -185.216562869 -209.613474423 -404.083276089 -429.539326406 19.4750390797 455.885391392 290.183362451 320.571877773 -29.046842517 
307.620595969 66.7213114627 -161.179465667 -460.149047526 -187.750595731 33.2316615109 -408.625616383 455.42875422 -110.230597444 -191.691397218 
438.059085307 -218.677367866 212.170414203 -163.810093353 296.264637913 449.658838702 326.015853407 2.43690742719 0.804998206929 -29.0468425175 
-460.421392351 430.718260469 191.37774276 119.12370745 -105.213846198 -323.980206074 -238.319913347 -104.884492617 453.918496292 -29.5760051687 
-4.14687609318 -0.847828175248 339.601804848 -95.7047981509 -133.85230162 -316.815867406 -353.513630032 454.531537755 73.4944465016 -322.969454287 
99.9563516764 -281.190393083 408.453513445 -321.203258834 -417.632328763 430.113821908 -12.4171724802 -29.0468678872 -77.6904246505 -100.813389087 
412.682541825 -3.08437254922 -119.540722229 -322.26967325 295.977331897 -236.337840296 -29.0468425375 11.6865591963 -458.711632401 275.048895733 
-295.897930322 311.778960523 15.0884304649 -235.842698451 -29.0468425175 7.04537525159 435.123417205 -266.485827502 266.840835783 227.337861119 
-129.172926263 299.985550483 257.509007724 -159.071006808 442.547482289 28.1683765954 299.583124877 39.9267166283 -29.0468425171 -192.906612319 
45.969039167 316.850735743 -202.927358629 -107.269595858 448.479385817 437.916437987 222.518973955 -449.630202556 13.9857816211 175.377319906 
-199.385150513 -27.4751909571 314.244864347 37.8752286654 -434.338076107 195.299379991 -403.694513483 449.789144913 437.84239268 -29.0468426881 
-430.135214293 189.745734206 -316.832181648 5.31311495898 -29.0468735966 387.435417427 209.028046882 410.593091784 -46.1518901629 -267.753093052 
-399.215424954 -212.94550482 -430.334754753 -8.18431852325 -209.893471906 320.058663698 461.438957689 -4.15093198974 -7.70872660268 314.383221452 
43.7904954202 -118.073217154 -328.181440486 404.103101368 -174.702554951 -358.826389877 -380.64193692 -8.11166798877 413.241700302 -25.3306678696 
-29.0468425169 461.426457543 382.556070745 28.9055729412 -210.529099328 -134.778975796 -424.803975674 287.405480041 94.9003812324 -220.428568251 
-381.397591958 -328.428991868 -1.6691398988 -12.3879070268 -120.945761796 -359.072957734 438.587402996 52.4932921957 412.639233964 -168.531730878 
379.453576215 -315.843152985 424.003300759 -33.4568202077 86.0150316049 -17.5227147861 -317.63841893 6.06093080513 -231.065747177 -452.28511213 
387.748943141 -29.0468428103 -2.89770523707 -459.608171134 -318.930913085 -57.9914554572 -325.668281101 393.608693609 -66.8403216447 271.261945852 
87.7578317129 -320.776895074 -319.075176948 -171.952959666 11.4433998241 300.216901423 383.055912459 459.796905236 -4.74929765819 -131.563837827 
460.654035654 376.015759397 304.999050694 22.4038027874 -459.294742461 161.624386094 -29.0468425172 -76.4235394744 -59.6935470231 -313.778236347 
459.313689207 -123.050786257 218.099839551 -190.313030198 -29.0468427632 -321.721351516 32.9494609044 383.681520833 306.868758497 -2.5417484554 
-56.7465159172 326.456850195 -1.62837918288 -29.0468428124 148.514704269 -346.976357134 256.873579105 -317.106664925 -64.7212391726 443.658395237 
10.4703072955 314.828596237 445.948333378 188.224546961 -188.045189505 442.809791859 -29.0468425173 46.9433845693 -400.557443802 -217.872415467 
-377.368921032 308.996513623 300.05998505 439.688615754 -195.957318415 -29.0468579326 80.9516257552 -18.2751312304 198.168229288 -408.012047918 
-237.916785317 266.01570006 -34.1675154825 -269.029632159 397.831258292 454.68152325 -457.389875712 29.0468179917 -59.6354612366 -29.0468428016 
427.421930883 126.840878297 3.12578959253 -317.346661283 -50.8014286969 142.950937958 -358.133493666 -272.486807834 389.159470303 -38.2268446399 
162.602320299 -57.6440795094 -385.40428401 310.074880371 451.91127551 -29.047074736 -377.068588283 -28.7604692682 -38.7880991639 307.397296362 
29.0468425069 224.223549435 -26.4783726422 -137.01967844 411.268874448 191.032216066 -137.143830979 -315.610661481 -443.945708489 -3.42628234835 
215.844436505 448.064976152 -426.556667761 -314.082730439 -395.913268412 -187.124707511 -1.29272682901 -96.2810642601 7.51249858963 314.157349734 
-437.556220762 -11.2976335022 -127.68037595 -321.286240331 -201.079199924 445.58512264 189.539630002 -406.912726014 -29.0468425173 405.378688552 
324.618230775 -112.061388828 -114.234609659 94.7161712571 211.754571242 453.416722707 -459.406750019 -23.4777664552 -16.4552334873 316.937921713 
460.706222833 -453.713168755 -94.4045719577 13.4420992988 -206.775935057 -310.888653631 -12.2124676506 -37.5118045383 -427.196782697 321.31950194 
228.661214882 309.824589408 -29.0472741312 -29.0468425121 7.43808104712 275.924314083 -389.748364745 -373.940968929 452.16926525 -38.6798095189 
-422.592610839 -29.0468454721 -140.842524561 254.669973454 -146.431089568 310.93390001 210.574662931 -391.94948184 81.8284030688 29.046832965 
185.125520307 -129.191521442 -35.7162435521 461.238097306 29.0468408216 -191.337302562 380.95370018 -157.661288934 62.5104989567 324.6756462 
-319.151060839 240.73212366 -136.165471481 376.622178271 -324.113601724 454.451757347 -98.3006691507 -7.01192315907 -7.23814078643 -354.54823488 
-389.013571384 454.489242584 312.860349356 -29.0468425166 -38.5913602059 312.776275971 -7.16957817764 -100.647687752 269.203313581 -461.643766915 
-386.364704619 -358.010640448 410.505667601 439.878749697 -163.295282732 79.8788126705 -29.0468508302 192.712193383 192.697456475 64.1530756956 
426.501082475 104.712010421 -319.356970248 43.3567129339 -98.4971143782 294.92818956 -7.58806855783 -29.0468425171 452.460152948 -456.525796055 
15.7164715386 -194.377125965 -222.035211213 29.0466230428 286.688013256 397.762271066 -191.190639128 -425.055591071 29.0374220072 -411.697712802 
73.5106079822 339.597700144 -322.954400611 -4.12637688191 -0.919022361078 -95.7272301557 -353.498491939 -133.83558498 454.524420052 -316.836934455 
164.21712665 442.050083802 -29.0470193765 -58.1763445989 -372.715838497 183.957322774 305.595952821 -153.031972111 410.97196216 -29.0468430728 
413.010182158 -29.0468425172 459.971951625 -152.602254751 -444.334934757 142.27642819 186.314559807 -108.659142869 359.823298196 107.413894971 
-9.14616364495 22.9689207648 -206.53857216 -235.351288559 203.955545446 -426.197104184 324.14422519 385.381672653 80.2805817947 -317.259169929 
-283.279497824 459.495430195 -451.772935171 415.061526642 189.396437638 83.3300694279 -29.046847313 -421.912833666 29.0401757418 -58.6683594135 
321.069201451 -276.39280061 -143.726905497 -192.141947345 220.202722833 -54.120287917 86.6824405558 29.0546512562 -410.518310437 450.423258828 
280.223809683 -29.0468477377 243.939876752 -407.772937945 -438.416064831 -316.384038687 -66.8169987238 460.228289994 372.02600662 16.0569315182 
-19.0923058367 -262.004477867 -459.988614431 -5.10205492919 308.329698692 396.733734006 462.113591805 45.1147269665 -130.011586061 -319.495216728 
-214.796889005 -238.016628825 -97.6756308815 -4.08386134143 435.112916482 29.0468424563 -53.8230929712 376.675599588 200.243183024 -424.884703394 
460.350389268 -315.957058879 311.018859224 -161.609367601 43.3837410937 89.0416627057 -449.787861541 373.284141187 -29.0468425172 29.0223100775 
322.168533588 86.6824360486 460.496005162 -261.782331984 -41.8416754818 -233.034978209 323.357606748 -138.901028586 84.7949550871 74.9320610164 
-29.0468425175 -173.575652041 144.199923178 462.265497465 389.753136656 -459.822525016 301.157281436 -125.749203345 -316.333144743 21.7116445814 
-363.138786481 86.6824403029 -140.979595338 371.858649665 29.0464902529 199.479651038 -390.741200347 307.811566946 -136.82879011 -360.098015794 
-322.590248744 -316.824808952 454.758722817 -237.476952854 408.187089619 -459.032207925 -11.3868876537 -0.540591792427 -1.07926026685 -121.9678255 
304.924246377 -11.8735003 -459.87550636 318.126259698 -45.8930430477 205.010437418 63.476486486 -29.0468425173 -247.739538088 454.583143241 
-23.8596869869 -131.106904165 452.088266251 -314.784359737 3.68426863658 -350.843001138 338.371830107 29.0468400868 -320.469833907 77.0310565123 
-355.14715654 434.489191978 -318.866170046 378.796175418 189.985611675 -6.51820351873 -324.51182059 -132.300133684 -98.0697699424 6.39373350484 
125.593512648 183.875987089 460.035831949 -29.046852623 -102.527940288 370.050769764 412.576870035 -416.78867167 198.543948144 -197.969729321 
63.890137141 313.402931863 -128.004357354 395.485906343 462.261070485 -148.645489511 -419.988532004 89.7211433202 73.1738268786 -98.7196667172 
29.0460274179 -18.2269784558 189.689476002 410.87304046 -420.70765835 -213.431915691 -429.374912905 -29.0468426713 399.152264375 209.917089945 
-459.221816619 266.226537237 450.173354189 -402.154339543 -29.0468188635 -29.0468465505 -73.4835413307 270.362537091 -64.8466795515 437.204361326 
-5.41851935293 -23.3129263571 -24.5665684889 -459.512915911 442.740472157 -318.484744353 -323.397287682 -125.288342067 446.01822717 301.767109862 
49.0547012287 -149.012597107 402.072466923 -118.367789608 374.262667914 29.0468427976 102.959278911 -171.40896569 214.36408587 -203.510805434 
-29.0468425414 -216.681503031 460.024180613 276.55761192 -435.450660958 -11.1655346746 238.91256029 -405.707109067 -226.145539577 191.389790949 
-18.6847628388 -29.0468454019 -274.520819758 392.07343866 -405.378751671 431.090747318 -244.352434679 239.977092259 18.5272483518 -44.7326602486 
311.367649944 -372.101703808 216.37452211 451.681178567 174.493836891 -29.0468434232 -330.077080221 434.713174543 -82.5962616732 28.3047690057 
152.933209271 -176.054199682 -261.597705776 -26.8539146853 452.402499418 314.898977832 -29.0468592036 -394.300890462 433.52856841 -38.8997551733 
306.89943847 29.0468407493 -28.9221110011 1.41384173813 -205.510379739 -416.533160532 -382.78633527 190.1195565 387.196236968 -217.37993049 
-29.0132246582 -110.267239933 241.890833691 -387.610955739 -68.2870817543 -58.2358952212 241.807663592 442.651983777 221.199975769 446.107484757 
-29.0468425351 -199.892529821 1.76200768171 -422.54393757 18.2820424906 449.291471529 298.856823233 80.4745554117 323.375411865 -286.10212258 
-98.546685391 445.763689172 -112.998453136 307.698790869 91.4346242064 39.5022555696 314.26576595 442.993037615 -28.838486125 -458.984111578 
-14.9384863351 414.128861344 -264.107757519 -460.130777767 -322.84849195 405.022121329 -29.0468425172 240.648061639 -135.496491914 185.034692939 
384.937681361 -242.328536471 -374.229990269 456.417622994 156.828208475 -62.2769805735 -27.6803758368 -29.0468425171 310.21927799 116.957462166 
-392.766149477 -389.073017513 -283.391182675 -29.0468425169 -79.6134207297 170.438536805 313.815644755 453.898379946 -63.127646693 219.50853402 
-107.616919053 404.116164658 -12.0342240028 42.339276374 -382.033593672 -176.379607984 435.326332064 -360.254792659 -329.610000668 35.95558759 
418.684924848 -28.8184862718 455.000682331 -326.675598821 -357.298192726 68.7795175144 -20.9975202698 -139.18428697 187.108912065 -137.558667421 
-411.806073365 22.452388076 35.6165922897 -320.866500819 448.293117389 317.515092438 -179.306036747 -160.800708601 399.437972621 -8.42110976321 
-113.69913653 416.414557924 -56.0069306502 196.105369935 -462.350209723 217.84737033 459.472342003 6.27447240269 -237.865950147 -69.2552972302 
-362.04698936 -16.5568753088 -29.0468425171 -164.172021027 -385.466787793 -331.403440468 418.948810781 303.194702779 188.827072254 -125.997865528 
-114.226871928 -112.051544809 -23.4482389204 453.418389334 -16.35781789 316.939606384 94.7185646786 324.613888509 -459.405997308 211.751594916 
-313.834260906 -377.463646452 308.74927757 -92.3636089774 -450.921662164 54.5655103661 -29.0468474053 444.407279362 -157.454396381 29.0468168746 
-178.63526353 -29.045605093 -397.558974354 316.18520578 414.876763086 454.134023106 -24.5702232391 -428.127821627 188.045832652 23.9752316787 
186.986975812 -243.426302595 136.713467422 -379.344750284 4.0388929003 452.019518537 -29.0468426397 -21.402105908 311.133027353 -213.262009896 
454.600637381 -29.0468434827 -238.554105008 -458.951438269 -241.516389659 278.942165703 189.164998455 17.4772208159 -29.0468425171 416.214207224 
164.354565113 -222.231660452 -28.7689298903 -452.948100374 372.36336228 -70.7857128006 150.51581335 307.06991547 -158.342008742 25.6964413833 
461.064762495 346.763906259 -285.353877953 64.4291600539 29.0468419169 -222.939152613 -77.4281981903 -424.940030534 -275.426057293 -57.1090919989 
28.5960359831 385.755878521 457.463528151 26.4870346862 274.352195155 -424.238488656 -1.66666271018 -29.0468425173 -454.879400323 -219.210062319 
-186.788435086 315.962424096 -321.2634437 -399.398887138 96.3481765928 15.4211958387 430.286760048 453.651616808 -12.6687100531 -100.942132106 
443.804732932 -28.2259067104 -29.0468425172 -62.1383849877 309.332524973 -353.665747054 -323.022619997 -374.213182091 -9.90070454942 259.832743079 
-164.359630538 -382.718966938 -352.880211364 54.0805781804 459.333656669 360.916069472 -29.0468425172 -323.25720011 112.128611597 183.580264389 
-123.355922047 460.345942504 25.3577691641 -29.0680718939 102.121674323 -326.989339444 -98.8997313584 188.277801993 410.47964517 373.238277978 
-14.7702178359 -117.670157771 5.0495701724 -460.965115709 446.275892698 -314.707232402 -97.6267708435 -324.523156553 310.873830747 209.973183339 
-173.595032758 36.8592015429 -142.951048187 453.656699364 -227.241823561 29.0468415696 -195.2877828 124.668733195 77.4773709825 351.850968449 
-126.720889153 -62.6373574434 258.253433642 435.776312114 -79.3494207621 416.463786228 -388.055489384 -19.9670942348 -334.060322433 -364.703695732 
112.511045816 308.211581313 -222.664956372 339.926830302 -442.552234835 11.8891753974 -200.16668152 -421.088959914 80.602191738 -29.0468425261 
-95.7813828126 459.70356771 -324.105227839 312.300775709 6.31766321139 266.699229144 -352.912581151 -54.3159397384 -21.6346728736 -314.348509631 
-359.041480203 405.379165922 -29.0468425172 -133.306815928 -458.934658208 308.022201542 81.9385959942 24.6609421576 228.682206496 -322.503690807 
317.419134876 -324.953980741 -105.750163371 46.8895749863 432.467813813 29.0469213769 269.544303728 212.4447099 -374.250598343 -355.597107627 
320.209583987 461.40958357 310.617985063 -430.113835079 9.80050073044 -209.725516675 -296.143453882 -3.71466874681 -212.669399265 -20.1621974407 
-324.451369197 -355.095990811 401.190737937 -103.091069312 98.8696263468 -376.591851511 29.0468423714 -178.236673073 39.2138385238 121.548471606 
-459.642874849 -202.139900165 -415.249449814 29.0391674412 303.120135424 202.167664301 -29.0468425173 66.439162997 -323.200915786 420.323092224 
458.9514421 -458.933813388 408.868139046 -412.753568224 -120.678365534 -195.287406906 -322.491854236 -0.786556707557 -192.493093603 29.0462874326 
410.47245747 187.919616795 14.2787147539 -29.0468427871 -179.217989987 460.347007989 3.57880560392 -321.240124259 -356.374955006 305.834699111 
-50.1750698551 -408.498083225 193.131524198 -28.6556008598 194.288540672 204.102718516 -377.854956343 447.390418564 -29.046842841 412.638961522 
187.953275696 -428.732957339 454.141807247 415.224349454 -29.0471714098 160.58664606 -178.073468203 -27.4123717471 -396.383059525 315.712566339 
-29.0468430217 -240.685802983 455.717647152 -237.633238665 -26.4084669704 -458.074781642 105.940875452 -324.089842023 186.722674105 419.137878991 
-461.071991283 -61.0960535784 314.378020004 -21.7008974539 -173.033996417 216.286565983 451.49157653 -392.574251165 -29.0468425182 285.028405835 
156.353878885 454.663513547 -37.4433837689 429.729800175 284.03519172 -6.56817618471 231.31166373 -267.763662829 -45.1127050338 -410.064420072 
-312.072488818 13.7893882946 217.264223137 -74.3269810105 -402.465019706 -188.790775281 446.028211713 -430.848005479 11.1616011084 315.01901796 
29.046663478 210.471403806 -316.7946606 5.36560513801 434.265664268 -442.629813652 -411.987447027 -193.794090159 -125.697913095 387.01192277 
232.527331365 -29.0468425875 -462.592107717 -75.217956246 -380.109326091 -326.150148562 309.558420242 451.300184755 132.48941419 -127.795487378 
-56.3640365386 405.118485713 179.029946324 -85.1065217173 -41.407203844 461.136637178 -429.356248052 -307.300193301 144.113085562 29.0468424458 
-44.9300546009 6.57184814035 318.932541916 -33.9597284031 -242.036749485 213.00103347 -450.003003162 29.0468312512 -278.456274733 361.281881887 
-208.818251727 -313.421978358 -229.403556292 461.412378559 29.0462737765 -449.86393764 346.674799563 29.0468349391 -427.548790907 -4.82193234564 
-117.33099678 173.038921276 -86.6878208152 -29.04684256 310.11881825 64.9088065452 441.624298871 279.414584709 -139.972624299 444.692130497 
188.204308115 -29.0468425172 -183.573513142 188.470197056 453.325907857 -403.001935258 -29.0848151236 410.470087007 161.331829843 -269.023441524 
-20.3268625126 -108.699163826 142.236341856 -396.938618598 -178.618231626 359.80366108 453.431511012 236.777000082 316.2821694 -70.290253205 
-377.755238525 461.045891871 -29.0468425236 -407.970809308 304.239370666 305.419440159 21.6174769442 -28.9225302979 -187.453720383 68.5140967067 
-317.691595912 -29.0468425172 290.633857044 -25.9877459775 -41.959296219 4.18012269752 -378.637480245 443.692966511 -407.068213147 254.11886424 
460.095903579 -317.074737371 -3.6864444894 -310.689368486 17.2134723466 -451.056218285 -230.310688138 -29.0468425172 -91.687804458 299.195673864 
-29.7918442896 -238.353123774 -249.624232932 445.226106685 -122.613000943 -320.29104673 405.929323154 -8.81376021459 -458.316340668 -29.0453854056 
-0.506106426773 -119.601180268 -202.067816831 -43.4618387873 -422.789447903 -318.936383474 -4.98429428125 405.166530733 324.194134247 -453.431954296 
24.6390540358 458.966261274 140.99043249 -423.156319026 -109.922315876 359.247222041 -453.799447212 269.628515697 -161.805782915 -29.0468425173 
112.005616278 -108.933948711 418.572291755 -29.0468434158 187.613186028 -235.796327538 -320.17910878 -105.440982269 457.076009971 -456.619895506 
210.001225515 425.328301435 -322.602203377 -29.0331037567 -122.141146619 -1.32646588967 -419.354171409 185.672163429 -459.044162549 408.978959773 
-423.116982532 434.914915164 -29.0468473046 106.357057352 323.870594062 -1.32321642547 -117.030723334 -202.50346462 256.409486828 -404.407309536 
-265.959203163 283.287929386 -400.091831043 244.416642466 -111.458797835 248.374335384 -3.93593493372 59.9558856794 433.320274118 -29.046845661 
29.0468235431 -191.791406839 29.0467953654 383.496702806 236.357325507 -193.13229004 -102.910181938 -278.203374875 -411.279806341 452.375541695 
29.046842355 275.851639616 -357.412556366 15.467124336 -388.05568326 55.7020429911 -174.858929591 -309.835676962 434.751592824 368.272488953 
-60.2407705338 -359.162242074 -329.163311924 -317.255740006 -55.4513382939 257.171110314 391.579314828 376.127659366 -29.034081484 2.65907260718 
-442.241075396 -446.522500189 91.6431300457 -78.0672976781 29.0468263813 -5.98299420859 -293.567229068 -302.27403281 448.06577676 234.174352756 
126.067667675 -430.391510586 -235.797774806 -399.292306074 341.316594471 462.331411003 390.322683078 -215.921847115 -4.05869270562 29.0467868363 
409.124872824 207.364867221 -113.291205137 -82.1404115975 320.102369715 -423.452457392 -42.6728452281 -457.410176783 86.6824299132 -132.205789377 
3.34580272639 -344.672048161 -315.410373806 87.2852807087 458.911826047 -97.7314375531 -373.035175159 -93.6536558143 129.953578652 271.573729313 
-402.222821165 282.02199511 -29.0468425169 -432.86594805 -22.6785534794 -78.5806496061 448.589879938 -6.02525494223 -318.662196304 439.842502423 
280.221921085 -345.759034344 233.044522551 142.954223509 -380.686343727 458.666818584 -77.3775849383 -195.969138694 112.139249858 -86.682441559 
6.1918699123 382.343231984 446.704423731 -352.046864155 240.200135406 -319.729568362 -14.3237596413 -130.402540402 -1.3593345739 -321.403737331 
8.90383197552 -457.766786377 -239.516515049 -319.233930004 453.196965949 -15.5651015991 -320.006631661 432.229142213 -99.1144326083 -9.55468590597 
459.292959357 253.32329214 -79.1235034382 -443.567929044 -412.925680789 -196.163520775 2.31780075084 23.6945244484 -12.5304578521 312.620246497 
-81.9070105548 124.759493106 -330.060187645 68.2885843016 459.085178398 -322.162659433 346.004092585 -299.417883667 14.9008513227 -86.6915780274 
307.738680023 84.8280893125 346.673879871 8.64321655204 -383.616296726 -35.4095040826 455.326111198 149.944928235 -68.4822787151 -324.380375097 
397.830013463 -269.030416275 266.022110443 -29.046859097 454.684664435 -237.91755954 -457.390632372 29.0468393822 -59.6305323139 -34.1653193716 
-97.7029969868 -29.0468488018 -387.926013561 -46.8748727531 308.520278124 2.44298095928 -418.569140447 458.9523157 -315.701767333 274.675964292 
14.6321962948 -205.064284873 -195.227600095 -412.707121648 458.428141906 -6.68192989364 -425.419310555 29.0468317479 322.737697765 -192.903636186 
168.993054977 -217.794208968 377.741354282 -398.725711255 -27.2549925127 -346.604045008 147.163513996 -377.24876664 29.0468421059 220.617901912 
2.78401593429 -402.943754777 315.770057626 -10.2371710628 -320.999191304 458.902294714 -130.176609766 -433.586955993 -181.956026631 404.088278647 
-458.975361753 386.257494909 -239.125549145 -323.533264403 185.868824585 420.492236197 268.13219713 -123.895283256 10.3097243252 -29.0468425172 
-95.1351670886 458.723290407 -48.4784479058 -384.688550462 212.344291888 -415.331677319 -29.0468439977 308.574442654 -313.062820935 11.3381136489 
-450.773799855 299.562955328 23.2112102837 -29.0468425171 -425.670827767 282.300177831 393.759234754 -0.0351987797412 -222.772703517 75.6472486193 
293.514143691 -99.0443815488 -138.475745171 436.949554043 38.9687177569 -390.350640821 -359.707410846 -356.795671878 -145.3181917 86.6824414837 
304.126943259 -306.82895224 -145.32210424 -365.804030271 29.0164444462 66.558277759 -337.472079282 -29.0468425174 138.821658462 441.425222383 
-100.415968361 416.560586699 -320.716016418 -10.5820933895 459.451001887 201.411827 -190.078930561 -29.0468425173 33.2451971992 305.686291222 
311.034984541 205.933271204 186.534517972 59.3289109165 -20.1282206962 421.191246542 -458.506520938 -29.0468425173 451.547503772 -419.036692276 
-130.201329444 -181.946244146 -321.031167055 315.752931162 458.889120683 404.14145232 -433.577322495 -10.3967468604 2.72916103772 -402.934121291 
-48.7854527944 -415.407560007 310.458764424 459.361301671 307.466351883 -29.0468503232 -41.9613219527 -29.0468428612 -384.76443312 -377.84286443 
-318.68886458 -192.817430242 122.49223645 4.703706241 -461.784277958 -1.78471011401 -230.970359402 396.3355056 172.408096688 418.071757893 
299.148217233 -166.335403445 -377.71942504 -28.6717246261 311.602624779 -386.25583284 440.472412258 -379.826092215 -29.0468425172 448.213798159 
-51.8121642755 -1.91828186906 -412.122241521 -381.479114627 205.920977833 -88.8309345078 458.300106236 -30.669141423 308.939046419 313.944458724 
-411.211382124 -394.31479697 157.244990877 310.979376894 452.996185568 -24.4173115148 -39.5279833524 432.557013169 -29.0469469905 215.822139626 
42.3872218407 -73.3743682347 461.390937709 346.946120357 -12.6706976641 -377.836480709 -356.172824333 -8.89829383627 -325.528839311 -176.634355639 
454.67849957 405.245877935 277.615552121 12.1758037527 -322.353758279 -458.795717192 -29.0468426147 -76.7115750154 -237.554195325 -29.0672522628 
305.030686794 -200.466541324 229.086977436 -0.902831286388 -231.110358012 -29.0468665141 -30.3278376435 338.757722362 79.2203391111 417.136467847 
-422.502601431 -391.859474544 460.575373592 392.808294742 -29.0468580718 -319.576756722 310.226375187 -48.7369362364 -63.4435046912 -4.41340595865 
-29.046844722 400.191896556 285.076161789 -230.970190095 452.972416811 28.0320921336 -429.109287209 -454.932175391 -134.200330016 198.409890994 
-192.512308059 -449.684418656 -29.0468470099 61.495376527 -410.754563974 448.065719685 208.717355907 310.315134664 28.5328052082 -192.745986148 
-320.410935832 405.378760308 -19.4680167344 102.211000189 -356.231594699 -325.588467196 -99.7686149137 428.965254443 -67.7680731431 -10.4164881932 
-193.658389535 29.0468358827 -148.130338731 -177.531230544 330.44925858 -415.196125148 107.909537878 461.334552894 378.644183491 15.1445061289 
69.9718353307 -142.951006586 33.0134295754 417.547256782 -26.8436566219 445.687044962 297.360801973 -207.221233664 -177.54431772 192.215533317 
-0.558445111936 447.758023017 311.545673621 227.989701747 317.826376805 -117.750969755 -344.453724246 80.2526707349 -29.0468425173 -86.70024506 
-176.228305271 -413.99999853 448.677013524 -320.745998199 38.835894679 398.360904078 22.6820922696 240.345275891 -163.005683674 -8.45010787002 
-29.0468614351 196.148753282 410.510169723 -321.05820371 188.90411974 -65.433768707 -21.1640495267 217.305766798 -457.5001626 451.600732964 
-33.5352191519 -192.431563706 301.88231505 -357.065778208 -22.1975327732 455.96106497 31.7549513869 -409.277493487 -173.457217494 -387.709876866 
-93.3541667202 -14.4631145603 -311.458160692 391.437369241 -323.24695438 17.1388621876 -59.9368738152 462.4602128 -353.890081599 129.996953325 
128.217594041 -3.94171356791 -20.0233760777 -239.754372805 -36.404833539 -197.205507211 350.895137475 237.429319368 445.45015539 -227.849899852 
-429.938144476 -234.254880658 462.282379181 -295.969562527 7.19459088621 -29.0221254637 29.0468424699 309.375772992 -212.810996838 389.898959382 
218.689434913 309.692834927 377.399682181 450.587367676 -73.305771704 63.3569305886 -457.936091448 5.13332637227 -318.412842109 -29.0468425411 
306.064387479 -60.3275179006 458.952544346 189.293238508 415.454802416 -452.325821449 -29.0459129273 82.8823170895 -421.799514362 -28.9579840845 
311.224214553 406.023792646 -384.902791774 328.617441796 -102.050129914 -92.2275762997 -397.601549759 -165.512241788 194.672974957 -29.046842517 
-14.1708093586 -316.289926788 462.42555703 -427.931343917 -223.085454806 -29.5930517487 257.138249643 318.408368643 -207.675304312 1.25028211861 
298.837035011 36.4805097617 -129.856452138 452.565161651 377.417175502 244.356768993 -321.943974698 -457.309391218 -29.0468425172 27.8826258024 
26.8719378908 -1.42361380353 26.6664590297 -209.358457176 -228.231469531 -318.277354382 340.353169154 461.482740419 383.035816938 -429.072390788 
305.114698402 -9.1811891736 -51.59588448 -390.475642005 -377.391301705 454.832502701 314.544075971 -29.0468425173 -101.168660926 -408.034428602 
-211.20341897 -403.969558574 43.7739604051 17.4874271864 442.597487492 -29.0468432464 -59.6919056472 -181.758811318 149.34357114 284.041349723 
-29.0468425163 -458.849914443 454.542855158 -22.8534919858 -238.892666037 -315.11414374 -322.483170854 -52.6934523085 346.301437673 11.5085220444 
29.0466692487 151.417750159 -62.1071325065 461.886322915 -305.163878385 -84.8998512952 301.415842809 -61.9678409297 -439.978022669 72.4919648554 
391.176058432 -232.299634737 -212.303343534 -11.6085502948 29.0468300355 313.659259774 -429.174561204 462.43004246 -10.3191881279 -397.812426982 
134.083408844 -220.284876239 -93.9512462073 -206.52690458 402.301992886 -424.049654618 -426.599119242 322.253374526 29.0468412435 -5.18404275948 
-142.951025933 303.176809302 19.6805681032 55.8273190264 55.1502779408 -227.422370966 -195.603543029 432.516694893 -173.596500547 155.881584968 
-62.139989108 303.386967225 462.415786344 -120.969147086 32.8537269817 -352.691943003 102.465195737 162.23206059 394.181816186 -91.0138736915 
-64.8354263141 -459.225660288 437.201744907 270.258217477 266.206286972 -73.4578613611 -29.0490775266 -29.0468437379 450.174931236 -402.151497357 
31.1534786117 447.011069782 -213.600134543 214.972631552 -31.1704090074 417.312550164 189.053065603 287.940224887 -142.951033191 -9.22368603352 
-333.45331749 328.827763561 -355.626037893 -364.09641908 -85.4340515046 86.6824318167 -101.472530207 393.669715201 120.309495716 172.863204031 
462.577669026 133.755859477 -152.065233161 332.196103298 -121.93481 -154.561441461 -339.377594666 -375.948921879 83.4435731449 51.5107632907 
253.7576997 -20.290526226 -356.725434058 -327.127705153 370.910653444 -41.0533896524 -14.9011078177 -29.0468425238 309.324519891 -356.357163485 
-19.0477090186 -314.342223903 8.26293985197 -240.402940281 -319.17506761 -459.049092053 337.789440708 -23.417500775 29.0468375358 450.731714995 
254.413548565 -459.164941723 450.864614727 -29.0468538575 434.988189901 -25.0032714743 -65.0476539134 270.19581143 -403.380289915 -75.4111708004 
-35.7174720843 324.674808349 380.953967541 461.238128782 -191.336998785 29.0468270676 185.124242642 62.5114868544 -129.19130136 -157.660911561 
11.6781867291 417.106604197 -311.088755578 -459.421410984 200.501586822 -86.6824523723 111.867019755 267.229883208 -135.447852391 -149.641828167 
454.598228993 -29.0468425691 416.214304914 -458.95144115 189.165145715 279.083707368 17.679024439 -241.512970702 -238.557393733 -29.0468400423 
451.506238257 -166.865341446 62.7578996857 -29.0468425172 -109.889672324 313.071635784 -459.853019072 222.682674226 -28.888951428 307.62542675 
103.715969311 11.1606760814 360.412169727 143.470972304 -29.0468437406 -451.59770545 269.332039056 -154.651757022 460.072120548 -107.46450739 
449.850675443 -404.458665108 -435.102193589 -320.581436648 -10.7657305601 -29.0468425172 -129.638703123 -199.488053251 403.700286975 286.513251961 
211.235854617 -72.7441486577 188.771415728 -430.119928806 412.900221418 -29.0468425366 -293.678348987 185.656682214 -29.0459510458 416.933163887 
-13.5253356317 189.460521045 -407.755597121 -29.046842526 238.185122108 -53.1988413956 412.480497976 -271.313978277 431.924757495 -51.5756965097 
-383.625076486 455.328559709 -68.4877081676 346.682190785 149.938427002 8.46289259666 84.8362063853 -324.384093673 307.740007211 -35.4151437764 
-424.236477625 428.360618672 -203.736607341 -407.806683744 -4.2309228061 323.23647479 117.317043109 -26.4522760533 -104.686075047 231.501641839 
-29.0468427032 8.76048755867 -358.176393669 189.063840713 457.13553181 352.845116236 -140.552888155 235.056963766 -329.645177766 -22.0491007289 
-7.60106280597 141.337161586 -220.414949416 -206.799039395 -424.105976409 29.0468419614 -88.6826462559 402.593722862 322.132367273 -426.843468314 
29.0241003096 -79.8326549437 112.447657056 337.2202551 310.039697511 204.652144672 443.932558034 -110.125121913 9.89370661275 -320.186719271 
-325.707937137 450.348097301 -86.9106538501 -132.34207541 -356.350648725 188.463809868 378.677057202 6.96241453995 244.587658131 -28.9659155353 
-27.0107219248 -278.146714544 307.076520049 378.088949803 -457.195194745 16.4761506699 156.009816912 -158.872825899 -315.322945537 65.3778214026 
-191.778490451 -367.863414872 79.7570804346 309.93798444 93.4558682817 107.045663406 -40.2467179841 452.714744944 -86.25622821 -337.22028583 
179.231637269 -20.6399857996 -359.001520921 -29.0468425172 -203.607185696 -217.855071479 100.736143062 227.023911177 430.031553255 308.049763517 
309.80354651 -23.5238589045 7.47560203144 29.0468298242 -233.432534123 -429.648764462 389.52630631 462.239224847 -295.680198782 -212.515525564 
-354.502883175 -374.25199214 -29.0468425171 -382.834120759 60.9625341362 185.147866695 418.161592064 -161.845110836 215.861713095 73.1965037083 
-10.3194970054 -11.6084225753 -429.174669779 -232.299875774 313.659177829 462.430070058 29.0468416371 -212.303482838 391.176297405 -397.812557711 
-23.354534427 430.104985224 -234.79915826 -389.237723486 -424.288481862 446.247736351 241.811700646 -97.3710174979 118.307647949 -10.4829481096 
-307.077223628 -29.0468425185 306.550239749 286.200945193 158.8842889 39.4537304786 -238.405450582 -29.0468412413 454.014773458 -459.72369316 
234.320052936 -29.0434144429 -399.144177983 -178.273724573 319.893325954 448.065771385 96.7838324237 -265.489955671 -58.485380401 303.392612682 
-153.009706562 -374.246581362 447.799299286 197.606756925 183.876324008 415.947213004 -19.3307726179 308.466631486 -461.572332457 -29.0468425569 
-239.699162752 -241.450339738 107.070627859 6.1302397499 -315.569356087 -458.26518462 455.866606818 345.681414802 -120.829904569 -24.1432037596 
454.470395663 -133.48602085 206.453413679 419.731758132 -459.164884532 -86.6824422973 316.180614481 -19.5925530009 -130.887809805 79.4091967204 
-23.4014648672 233.15304258 374.812909528 308.967387276 -361.139731311 -352.835679525 -125.996844833 15.7141936564 -29.046842517 -323.319063767 
-430.130118883 -210.146431308 -20.257274066 320.020058089 -310.512652553 13.0335038855 462.405097135 -40.0351030084 -241.259177346 78.6064397889 
-58.9400093815 -3.79890509118 265.774648799 405.373551906 -159.643059804 -322.73028464 -353.373411801 392.354839176 -319.53961208 -10.7059591746 
28.9158918572 373.996519921 -3.59162790378 396.245963572 -434.320706068 -251.479723851 -300.621866193 -217.563700005 462.17117538 29.0468389475 
76.4454431797 192.018341834 192.877065002 411.37766266 -461.842744257 448.065891069 -79.7955209282 -27.1781495719 304.679501051 -136.77133567 
189.599895457 10.8693453295 362.742192119 -130.868465649 -353.006302872 -102.886975666 127.786750392 96.4718043147 -383.649495303 -313.740483595 
-365.512626457 -49.0032704277 309.526535688 -387.873726778 -171.016680796 -94.4196570898 -334.869299819 -160.172724573 424.61657483 50.3389489266 
448.399161581 -459.200918686 378.436024218 251.839661519 -3.07099067661 -318.53730184 -320.74369953 -24.6228114441 4.36489872785 -61.9999843712 
315.955536727 -290.522684222 403.659789113 446.786610977 29.0468361496 -226.803574032 -105.750880892 207.357865649 -426.949653795 27.079731702 
-4.40583886806 -29.0468488138 -63.44234899 460.575382538 -391.856632641 -48.7354676348 -319.575660053 -422.499759531 310.225155287 392.804142872 
403.503078099 -405.925150137 1.26587705131 -213.432177147 -120.379982115 -435.557842736 316.475354143 -3.50394068615 204.844518276 -318.497684066 
375.972164041 -313.686549418 161.583200644 -459.292666596 -29.0468425172 -59.6935360416 460.648854746 23.7296902115 304.790666721 -76.3034832261 
-359.150766148 -317.241438604 -60.2410259816 376.07478821 2.72693559807 -329.152636309 391.585544694 257.129866292 -55.4366879428 -29.021893598 
-94.5563052551 44.8610248311 -420.891589153 -213.71368621 29.0468296751 -206.064525175 397.047559081 -287.488476215 376.07653099 228.70231215 
-1.54854384681 -117.829258156 -317.797491215 -120.295816364 245.924834832 97.803007788 318.822345725 -81.5744552828 403.263198157 -458.020231024 
-350.80375293 -93.3935335608 15.8910705501 396.298903443 462.164921296 130.595747022 -116.471532373 -320.160182141 9.72131223727 -311.727675681 
140.901527119 105.20708981 324.504955827 -367.729497863 293.042828354 8.37927313993 -127.254448783 455.943862702 -119.748713461 -337.08720643 
456.94596352 -322.287853267 340.429342304 -43.7627037931 -352.930984402 -21.0741528511 12.1765746602 -60.6000043507 -376.517558702 158.195987158 
-242.019766123 29.0468341063 -314.206436014 -322.129324355 -26.0450098456 -22.8493809207 337.750163008 105.183015749 450.424872036 -459.04153196 
411.458646386 300.442523048 29.0468342566 5.83384152387 -410.996038278 -457.470465508 -115.863691467 -321.028506332 -214.074302587 -192.63660316 
29.0468624957 -149.376341707 -102.771801099 -151.124188135 200.947417772 -187.934815498 -459.167202324 142.936977555 458.144082015 419.084052411 
287.35776773 243.510708716 -29.0468482252 -458.43748428 -405.287098312 452.201507772 -49.7775311807 28.3541026609 -29.0459308583 432.434941818 
37.1694622133 260.168710399 -45.2051805256 -183.4473663 461.363839363 308.376781207 -142.951006591 33.7853281232 256.784576306 78.2779321974 
-127.246443649 157.515003278 156.153796901 -62.4574589043 -111.296783603 276.417025458 -459.312437806 412.105244818 -299.778005915 29.0465075137 
-29.0468287172 440.857506804 447.926406596 94.6900861877 294.891029355 -29.046858489 -383.291004431 -165.76679847 -59.6899853866 283.995615291 
377.132760039 -29.0468425609 12.2195708691 452.75161025 -324.509176158 -355.899542188 305.788332579 -128.704825602 189.211028009 47.3686171975 
403.493075844 204.843243164 -3.65643285426 1.24455717618 316.476196726 -213.43282482 -120.378762491 -405.926930212 -318.498223672 -435.560480865 
404.806912182 -237.435728865 -317.012173877 454.898113695 -29.04685028 -322.555295757 -11.5977490933 -1.42929161832 -76.5894578599 -458.997254779 
80.3999671215 -29.046853607 -297.984465345 44.5885001587 446.748298157 -79.0658675284 -304.396512565 307.753868761 228.004757219 -449.486163837 
310.265391117 87.0101721324 -8.76146384034 -231.43763233 385.625381979 462.599174775 -321.827671101 -8.5799555602 -0.346946143138 -444.163133382 
-29.0468425173 -29.153798014 -389.722455357 -373.932796937 452.171870728 275.967570176 228.679327381 -38.7928258771 7.44672227194 309.839913173 
307.934832824 453.352511373 41.3561437643 165.529495304 -29.0468441755 -170.561959324 -301.278389268 -459.849770752 292.34636837 -25.4401809069 
-11.8157276912 -455.116230279 -29.046842818 -236.083960991 33.1687145414 277.969675109 -321.529251451 453.567290873 405.378709903 -124.78236308 
204.54838515 320.475016131 300.612614917 -187.609205737 -29.0468426225 450.649401167 -158.26151631 -19.1485683988 -128.915150628 50.9870707128 
455.897462663 -331.489698778 295.038229953 -378.62200723 -362.133600855 -132.221560141 -29.0468425179 -24.9461928399 413.14808592 -158.657659538 
-44.4584578789 388.109515387 -423.139510794 413.902217843 -348.336570612 193.552338354 189.564917411 -315.23761183 29.0290575512 -29.0468426128 
244.150829353 -31.079235895 -47.7423460174 -74.891892412 431.537896436 354.828238066 265.605503775 -243.450988653 -408.043287966 28.9452024558 
-13.1359566867 -106.46648504 317.194684188 -322.232409609 354.579680842 -458.674368761 29.0468363544 452.436702794 -115.816365379 87.3842636979 
-111.625151222 272.553665671 37.8974176985 -29.0468425173 -360.698045585 -330.054767531 -384.401164373 438.335412693 442.102795292 -68.5428232812 
-321.127093861 -457.569052997 3.61200312086 -316.347350255 -12.7387585559 390.67622294 -116.748915771 408.353221584 5.6941976036 -237.853612071 
438.675190831 304.042515766 278.750918665 -29.0468895916 -58.9531928249 -397.451829106 -374.250737051 -29.0468425172 -77.0330911034 -390.757905545 
314.429029541 187.895047492 -34.3096467543 -461.533480682 -182.92851379 459.857505607 20.1584381669 -223.836466523 219.634792325 -44.941997393 
451.255042428 261.704043512 25.5475794619 435.415169309 298.669055397 -29.0468664883 -403.930379947 -29.0349365057 -75.0865769555 -434.302760693 
-439.97616146 -13.1816717358 -285.266421802 318.634229399 -219.731528156 461.229761314 29.0467300335 -442.625501842 310.064816025 -151.404260138 
-79.3505226159 -172.043222929 378.142784052 -29.0468425172 -163.932073429 -390.58051096 450.059563235 165.912118023 233.413607497 313.375004574 
-458.961497647 190.081648993 437.230572046 -66.0307333715 450.157554897 -29.0468577103 -403.179741867 265.815592012 -74.495691872 -29.0468656151 
-366.054662184 150.178108602 318.04628372 -396.697789035 460.661577136 -192.664575829 -52.9207270675 -309.839713668 66.6080501748 22.582042969 
-104.761252096 129.319526562 -409.097617904 -387.620718481 -356.975996675 -96.8715977639 -60.345671932 433.176247989 272.947043792 121.046814167 
-459.799423819 454.363585523 29.020478749 -313.23830315 -309.03249823 -237.81785759 -6.67484053101 158.904250072 306.681370727 -29.0468425175 
-164.648848948 440.788177152 -29.0468426825 447.997020812 277.723972295 -413.949457001 219.282943448 -211.049681687 -442.608685685 36.7805257387 
385.582068671 -3.88061628931 -415.663033328 426.51809748 -200.52576967 -204.827763531 2.91824016712 17.5160901109 -426.659921297 -317.666634917 
-97.7056893516 -29.0468431528 458.95162764 274.680611423 308.518815243 2.44896030975 -387.922562716 -418.565689602 -46.8741469012 -315.703465457 
301.385488345 440.980008118 -29.0468427476 -382.228918531 130.891413951 -40.719101568 -95.2920805311 296.081573446 447.801693482 -10.0759746773 
-87.1606263198 -29.0468425172 -353.460492727 250.13848681 444.650085114 -322.817365643 -318.426265928 -48.5137887613 4.18127681783 379.239881933 
461.377551872 -329.964178619 -196.738246424 -29.044855577 155.163442993 -81.1022023002 -61.2403798064 403.031450445 230.96927729 128.421818094 
-87.0483397744 317.462255977 447.806624922 -118.067912781 3.82744652178 194.518362602 -94.145908095 80.0081172618 421.560304497 -315.447920311 
-303.32819774 -74.2487999603 -308.714328589 30.7025291272 -443.597067689 -220.293436383 461.912869026 29.0466927635 -445.156287434 -84.0607309039 
86.6824411262 -234.432920476 13.4213212987 -131.217840103 460.21755079 69.5236617629 136.123858671 346.460262388 -203.789685416 -377.08573579 
174.182798352 -38.9344408353 190.907047846 390.232997842 462.322068449 163.71176255 -251.857279584 -79.1160625017 394.97013889 -51.9207772054 
454.797257819 -65.4273528406 217.178509577 429.402653375 228.962354764 -75.1677831336 0.99212803098 -402.891168907 -413.102647275 195.797900027 
-8.14622815865 -319.50435569 -415.619294549 430.967097404 -98.3995665433 453.971834318 29.0466034591 -191.98843619 -207.191783663 -427.086751539 
-320.892757759 162.69931855 -8.9161017982 432.369103663 181.751786913 -33.6177388715 -36.1399231229 -411.845708393 -87.4560394432 413.209324587 
-212.299261271 -429.17533111 -397.813344012 29.0468425063 -10.2606862008 313.667488573 391.174940982 -11.6107867941 462.429913422 -232.287841401 
-389.803669421 380.854466043 -202.477706283 462.130534727 -257.069263336 29.0468425168 309.617040562 -420.385803691 -29.046880722 5.83100506976 
430.113834904 -0.445757808325 -458.795733876 408.964223242 -101.004564982 -322.35377469 99.8201632362 -321.311265377 -120.963592357 -12.9969061516 
-316.868248 -134.196848712 29.0465512136 -412.910782356 231.785898921 -29.0046421389 204.82982935 423.773864456 -459.98659968 207.837721893 
-447.143001315 460.155724762 -313.252843139 -29.0468425196 -230.097601242 -23.5792359329 187.054710875 8.19060201382 371.280117587 408.539394102 
-410.574393326 29.0468323198 -191.936033868 -383.949063467 -29.0468525654 -251.919512851 307.583667189 454.885225991 -45.8616284075 209.229588623 
157.476190725 10.4840341824 -308.096321354 -314.777995002 -8.44994294101 306.314110467 454.654683749 -237.691304296 -459.7015553 -29.0468425171 
-10.3580924663 -232.299564886 -212.303399156 313.659784949 -397.812264839 -11.6108427542 -429.174426203 462.430396968 29.0468425151 391.179128146 
235.105721352 -211.174055768 -202.906391189 460.443967511 29.0363088054 374.251019005 -421.225764388 0.0779047390017 29.0468321758 -186.181061298 
89.9492471296 55.5069541955 -195.731837138 422.803397835 -162.513274984 384.293953385 217.306311742 -402.164686481 -126.976092237 86.682429771 
-29.0468425278 91.8020939818 -126.857232119 -144.682762854 -364.672392153 -97.5752953914 316.312206107 207.471889157 440.077339881 300.968340641 
458.951444462 -106.519651265 -311.765303688 311.834935097 -29.0468569652 -42.9081428192 -21.3443983564 -325.170279069 419.993410018 -396.238974434 
304.66835006 310.638032055 -29.0468425167 -81.9286282956 256.2987059 448.065744719 -340.47032817 5.09610122645 -56.4635904137 105.284414703 
26.6001083818 261.714285324 -434.212188521 -403.918637502 -29.0468425184 435.416726836 -29.0471950645 451.254099755 299.54083175 -75.1077526263 
292.781288058 -123.292431793 -319.570436798 461.641067998 -459.577675905 -323.135716753 29.0468420859 400.763234256 -107.453263082 -6.10022124018 
-325.175725193 153.658080711 322.764875294 125.955817355 -97.2564841065 1.47090046902 -30.6280501719 -315.729260967 429.224137581 -459.237457003 
-319.509142492 -98.8698138667 -8.5735410608 -411.149158329 -42.8089930565 302.117322648 434.525168407 264.111781842 -29.0468425179 -382.754985504 
-29.0468425168 -376.091401694 -184.655919873 -279.402873519 -404.705747558 456.588376794 305.105850268 -67.8245907551 38.273619168 75.8293479317 
-63.4425124615 -422.502120127 392.805939178 -29.0468429403 -48.7355845634 -4.3343724289 -391.858993245 310.225663647 -319.571397687 460.575256024 
86.6824394593 69.3168708906 -7.50413659732 -106.444773146 398.828505216 420.425763557 -344.888730923 -327.500038833 -93.868018627 -320.252352545 
-351.264697477 0.727379123359 -110.039021936 -178.635256197 77.5773452727 308.435770365 408.914045762 291.801995739 -29.0468425172 -320.621358211 
29.04561494 -229.530024307 -359.840483409 308.192544298 -29.0468425171 460.002432582 -452.518194835 -16.169883651 -315.641062459 -95.2646531403 
-331.583479454 -29.0467826786 444.343285066 239.015751853 281.646371672 -29.0468461347 -362.227367268 -149.186485853 -370.385014748 306.902917027 
29.0718697046 455.19127227 -242.349373833 236.293353166 -402.353264088 -38.1853445512 -215.569701657 367.696386619 -460.547748179 -29.04685126 
429.435750079 -407.885968435 108.998689882 418.475455595 -85.5540708722 -421.138656206 235.420699448 -110.291715754 85.5471315187 -132.566015271 
29.0467981004 -291.892148019 -261.248801551 -214.507911453 243.597170247 381.075413007 -421.984738708 -87.0456450668 461.252424701 29.0468418969 
