46.099281212
46.0713727119
45.9869092693
45.6281369487
45.9571551169
46.1332240199
45.7031447816
45.5734187612
45.8051315729
44.9775540342
45.9653218612
45.7924634611
46.1036955538
45.9349796402
45.9836543303
45.9419813845
46.0622698266
45.7973010907
45.9653267184
45.7396355601
45.9094525419
45.951636406
45.7104604763
45.7938317037
45.8132565202
45.6611530892
46.0906113658
45.8958133563
45.4692729328
46.038861867
45.6615783618
45.5363740707
45.781253019
45.7480129821
45.9836543124
46.1625874795
45.8251103498
45.6413819252
45.4604519291
45.6303816044
45.8469151703
43.8600685805
46.1923851057
45.7368302392
45.8334303639
45.7178209844
45.8868948196
45.7496846943
45.8677286595
45.4775521494
46.0694220003
44.1539516814
45.6413876812
45.6402897632
45.884701732
43.1246519989
45.9938453524
45.893142088
45.8262975403
46.0054432407
45.0476834419
45.8928771015
45.8958087812
45.6826792939
45.6614047207
45.6366234778
45.4679025471
45.9171214151
45.7971620473
40.650106583
45.8337485353
45.5275450357
45.8500827152
40.1689906671
45.9653566738
45.4743671746
45.9280955117
45.8472503252
45.9007351842
46.0084023476
45.5966847016
45.8571550623
45.7130876901
45.840731
45.9534963723
46.0616918052
45.7954981004
45.7360969054
45.6019839919
45.8936506469
45.8800790807
45.9452412178
45.7997363087
45.9535022912
45.6407569564
45.6164552465
46.0727987499
46.1585552423
45.6619967878
46.0370314976
46.1058441575
45.9452395516
45.5917323333
45.704863362
45.9682974176
45.4755174911
45.7123820688
46.0722559151
45.7803524108
46.0602567802
45.699481584
45.5800719744
45.9470130365
45.7195163825
45.8981604611
45.9863404819
45.725397397
45.7237153719
46.036225624
45.5187025329
45.6000911321
45.7333854473
45.8870867406
45.6919466739
45.5945582223
45.8764061021
45.7555938839
45.7633546961
45.9346564533
45.6815089186
46.0391820598
46.003844886
45.8273673065
45.5937200905
45.895801306
46.0629584894
45.9171281566
45.4860295701
46.1037734438
45.8299190883
45.9573234341
45.9836541951
45.6591175323
46.0536309019
45.8828680496
46.0111948552
46.0128520205
45.6202380686
46.0749405107
46.0366192396
45.5830483915
46.2390617731
45.4572012826
46.017308625
45.7215453176
45.8694954207
45.7750167552
45.9653859233
45.8231608082
45.779058796
45.9535362901
45.7920527863
45.9850294804
45.7035223258
45.7979440308
45.7042188681
45.7996204413
45.6741938097
45.488864038
42.5548013349
45.8290193172
45.3300704438
45.8958134614
45.9190747808
45.640943606
45.7516931569
46.0005388918
35.3761720166
45.6415998391
46.0168973322
46.2734500274
45.7608182939
45.7928796363
45.8957507003
45.7466120705
45.7831717204
45.8291996845
45.7123421264
41.0880608244
45.9646963498
45.9631648412
45.7657681907
45.646329416
45.7280108214
45.8336968878
45.9229864522
46.0697887587
45.700969048
45.9808418979
45.8349745095
45.5121446882
45.8207692687
45.6462835425
45.8599118774
45.8912884309
45.8958190052
45.7490539596
45.636526952
44.0557521282
45.9784584258
46.019562188
45.3678096327
45.6592826614
45.7253115849
45.888138959
45.5726952143
39.0665144956
45.8372080309
46.062274294
