46.1455234546
46.1174910444
46.0329431453
45.6738108652
46.001175682
46.1794047741
45.7488940888
45.619037871
45.8501760534
45.0216754388
46.0113475326
45.8383271293
46.1499297263
45.9809749067
46.0296840215
45.9879699274
46.1083789496
45.8431444317
46.0113514655
45.7854214276
45.9554489416
45.9976363525
45.7562218103
45.8392454658
45.8132565202
45.7068599708
46.1367481146
45.9417600549
45.5147878024
46.084973214
45.7072859509
45.5819688518
45.8184056967
45.7936813829
46.029684012
46.2085810893
45.8709815487
45.6870690264
45.4861326001
45.6760643113
45.8928098303
43.9039749201
46.2386639922
45.7826865818
45.873801508
45.7381582156
45.9328279857
45.7954889427
45.9136423018
45.5137148384
46.1155376234
44.198183959
45.6870748607
45.6859766817
45.9306323902
43.1673128093
46.0398979079
45.9390860632
45.8721713015
46.0515056279
45.0927877232
45.938827139
45.9417610754
45.728408317
45.7071155626
45.6823112087
45.5134198864
45.9630865682
45.8430057181
40.6492490886
45.8796282033
45.5731305457
45.8959790407
39.0091468167
46.0113730946
45.5198890096
45.9741604632
45.8931761978
45.9466824065
46.054459937
45.6423271114
45.9030625064
45.7588470356
45.8866207712
45.9534963723
46.1078008718
45.8414144723
45.7818836632
45.6476316648
45.9395902808
45.9260062191
45.9912324527
45.8439057557
45.9535022912
45.686443764
45.6621178837
46.1189179356
46.178204891
45.7077684796
46.0774008405
46.1430082816
45.9912307837
45.6373782057
45.7506220204
45.9682974176
45.4755174911
45.7581408875
46.1183868007
45.8261886192
46.0660728238
45.7452276595
45.6256976946
45.9930100274
45.765304538
45.944117074
46.0323922241
45.7711692285
45.7695771756
46.0823230917
45.5642669971
45.6457368691
45.7791679007
45.9330198912
45.7376848844
45.6402025053
45.9223298622
45.8014089843
45.8091664288
45.9346564533
45.7272801438
46.0852678061
46.0498979157
45.860996864
45.6393596929
45.9417469009
46.0629584894
45.9630920021
45.5315611312
46.149935146
45.8737974923
46.0033718012
46.0296840345
45.7048245632
46.0536309019
45.928437101
46.0572521114
46.058959905
45.6659048782
46.1210329665
46.0827167586
45.6286775709
46.2747761643
45.5027071518
46.0633720229
45.7673206838
45.9082325602
45.820241787
46.0114011293
45.8638614524
45.8248921792
45.9996128403
45.8378920524
46.0311033257
45.7492989089
45.8437962183
45.7499872789
45.8454768598
45.6741938097
45.533309006
42.5967046995
45.8748942213
45.366359181
45.9417613634
45.9650409011
45.6866320234
45.7516931569
46.0463987881
35.4113668465
45.687288254
46.0629736548
46.3197700651
45.8027414275
45.8387183582
45.941761119
45.7466120705
45.829000852
45.8751204474
45.7581394168
39.3374938149
46.0107072215
46.0091744797
45.8115843117
45.6920295666
45.7737904095
45.8795764758
45.9642289037
46.1159046959
45.7467162614
46.0268647996
45.8808555072
45.5577868466
45.8666704055
45.6919783378
45.9058205033
45.9371344877
45.9417610002
45.7948490771
45.6822091872
44.0998632393
45.9844235895
46.0656278477
45.410544658
45.7049885731
45.771173128
45.9340730355
45.6183136054
39.0370991187
45.8445387835
46.108383408
