198.398768188 -231.876497945 44.2438501874 -461.686340963 171.95477179 -75.495175666 331.541271471 461.686340963 -125.105196573 -335.092812767 
63.7064354536 -333.042240698 -163.070163091 -64.6476125933 88.8896182644 338.898281269 215.566158583 461.686340963 -210.161345059 -461.686340963 
-461.686340963 -235.901548517 342.611342833 247.913777803 -331.818628974 124.212309358 -156.69798683 -27.3370676384 461.686340963 8.40751684596 
-203.096446888 343.443848078 -138.294746907 -36.0721041932 132.07521218 461.686340963 -335.244665199 57.9789169455 -461.686340963 249.765035518 
51.235472933 29.605840889 461.686340963 297.262220285 -461.686340963 -333.4666002 -212.329573939 -93.3260742034 331.989315073 171.461290201 
-187.486001655 -193.103819762 215.362638388 -461.686340963 -330.03378234 461.686340963 86.0143988368 -62.4950224825 65.3087820556 335.862230486 
-260.53411829 -176.526385302 335.700629661 97.5848186208 -337.991681025 -461.686340963 -48.1959043929 -20.6693460908 212.142135834 461.686340963 
461.686340963 -121.048722016 -461.686340963 163.779621582 41.0639989765 -231.086983247 -77.2660501751 329.321398052 264.29204697 -337.325786727 
40.7543882296 -123.316823842 -329.709694398 234.83188736 -461.686340963 5.73777470615 331.240657641 152.540586843 461.68634114 -207.551890809 
-150.710896424 207.772078538 325.436702381 -51.8220701575 -334.945473861 110.119242787 -461.751782092 451.077831408 -283.061962679 56.5810107361 
-330.899249734 -461.686340963 -162.037790025 110.826566871 339.468631909 232.421858098 461.686340963 57.9790504153 -223.24399359 -42.5697204553 
97.6069716413 -461.687704023 -339.080131166 461.686340963 -59.4864179049 335.326129076 213.11250296 -216.706327874 70.782188819 -88.4563697217 
84.2391399016 210.414882453 461.686340963 -461.686340963 -173.123628278 333.752835788 -332.938281536 66.7980517581 -58.6298027067 -224.209445035 
461.686340963 -251.196054357 339.461334068 94.6467459106 -178.479928949 -50.532273882 217.144247644 -461.686341385 -331.033459183 -9.65266929145 
-175.847284992 -35.8839887647 461.686339111 211.955854898 101.658185227 -331.383456258 -299.489625372 333.555570469 -461.686340963 -46.709536171 
341.124551174 102.761765717 -461.686340963 227.43359629 461.686340963 -332.91578299 -47.6602740604 -170.987532907 -20.3314087632 -292.189218913 
55.7109266759 327.244183856 -80.7331675652 175.418273514 212.745275066 -65.9594563294 -336.075105981 -206.577200168 461.686340963 -461.686340963 
-100.694935153 47.5064418318 -333.011943522 211.37389429 325.773946377 -461.686340963 -224.807387672 461.686340963 169.907000765 -49.5841269548 
57.979044851 339.468244539 -42.5544019669 461.686340963 -461.686340963 232.448521167 -330.898875061 -162.027133902 110.846036461 -223.249420752 
-100.858971959 461.686340963 333.6276099 -461.686340963 -223.983310057 51.4456208733 -71.6995302641 185.870347437 200.001617784 -330.83099321 
-208.655549274 461.686340963 73.770243629 337.895526309 -329.382091191 -461.686340963 129.962099782 228.547698004 -122.827325855 -56.5864981794 
461.686340963 -255.567656372 -134.150605427 258.419611076 -336.894067988 137.066552767 -8.94651414828 11.3924352251 344.918052352 -461.686340963 
343.730854877 -335.338113814 128.825137167 -249.959713941 -135.567521706 250.740364998 -461.686340963 -21.173001963 39.0066145851 461.686340963 
-77.3801716968 230.792076717 -100.652560489 -228.514712813 -461.686340963 328.736840035 461.699724174 169.164695051 -333.864584877 52.562841486 
51.7553337232 170.859923621 -224.252672879 -69.1239983901 295.626247081 332.41094158 -332.814142289 -100.041845983 461.686340963 -461.686340963 
-52.0153891808 -461.686340963 212.893402345 -342.175875528 85.686712029 333.286297753 -138.87166903 461.686340963 70.6129620875 -248.704713002 
461.686340963 -66.524053495 -219.688111348 183.694983727 333.410114787 -109.135033308 54.6410703709 -461.686340963 -330.705352324 199.546873294 
-163.203855231 -224.336573611 -331.247891303 114.032978477 37.7707400865 235.979437914 461.686340963 -461.686340963 339.619402067 -42.6536431305 
-47.7985010783 218.627154701 341.732263691 -343.683798191 -163.426961863 57.986538244 461.686340963 -289.334501768 -461.686340963 105.327868864 
111.166750197 461.686340963 -166.339624759 -37.630648411 -333.386376795 236.377640756 341.901434451 -290.416502274 -461.686340963 -15.0272998523 
-225.447161909 -461.686340963 -81.5790083908 47.3357337979 168.688442183 -99.5074785814 -332.499153408 461.686340963 328.584115764 267.328549205 
-217.387615834 50.5621265331 337.34032523 -31.602338667 -461.686340963 -342.305020287 -104.828240523 180.041421942 461.137848142 215.80960029 
-335.058295635 -212.217595908 335.39289036 461.686340963 -179.920210481 83.84374387 -461.686340963 -61.7111897203 72.1183971294 211.67314537 
-334.682486325 324.513283834 -219.532438819 179.395258942 271.914007593 34.2632089891 461.686340963 -461.686340963 58.2195198145 -88.899338938 
-461.686340963 -35.8839917046 -299.487105439 -46.7070586556 101.658770669 461.686339812 333.555511554 -331.381044343 211.955852246 -175.847719559 
-329.950503031 333.134627127 -62.0010531727 -187.008542236 -461.686340963 461.686340963 65.7863630536 209.578987151 81.5018300836 -193.123749439 
-86.0989847038 461.686340963 280.917097689 44.3012542396 160.47909898 -86.6160860477 -461.686340963 -338.898100527 -211.919467068 348.860812213 
-55.120787399 -188.717577685 -329.106332754 461.686340963 333.552388804 102.459152093 210.241407608 -192.121953359 57.9795491326 -461.686340963 
84.3715353449 -343.155640382 461.686340963 335.887765318 -169.075045444 204.359280406 82.7904650162 -295.24948798 -48.3732041723 -461.686340963 
-461.686346802 -183.541040858 -332.842653927 175.505509871 69.4184064689 461.686374708 -51.3318795545 -224.260974873 243.41758537 329.714580065 
-329.492109449 461.686340963 84.0189169153 -461.686340963 -167.729259014 229.668038604 107.458532084 -206.721089097 -45.4040945899 338.070969953 
-109.662714707 173.399455774 284.169693135 -213.395845937 154.783390144 -368.84637223 420.293201001 25.8745857318 -317.867625437 -463.531264917 
-208.730483506 461.686340963 -59.5939496043 333.970405006 200.514538758 185.26430206 -99.328255612 -337.389999973 -461.686340963 57.9813485989 
45.3176496495 160.788772593 283.483138012 -336.923597251 38.3463113339 461.686341044 -210.72690401 -461.686340963 -89.8206429233 337.524699812 
199.769745645 -250.10338296 -138.775824019 185.679454266 461.686340963 -333.921574292 -461.686340963 -18.014146852 333.860460548 56.0925297497 
280.257043161 103.347614271 -461.686340404 -24.7758231313 -207.516463982 -149.102414388 461.686340963 -328.468369338 335.149953383 148.675803255 
-116.793478868 229.344223913 75.053971793 -215.5482855 -55.1652955416 -332.750312585 -461.686340923 135.930042762 338.252043493 461.686340963 
-26.666165351 -461.686340963 342.485686404 242.973834907 461.686340963 85.3034059966 122.74902149 -210.003720696 -95.3913504441 -332.014496403 
251.68016477 461.686340963 139.149298272 -234.373859388 -150.586650885 10.220789486 -20.5925555227 -332.459299719 -461.686340963 329.401563357 
184.663042955 -178.570602764 -461.686340963 -57.619987126 308.089150638 -333.887243617 329.240122886 -310.273550612 461.686340963 67.884843173 
-52.5064594719 334.047091593 219.317410896 461.686340963 -176.751200224 -192.293823591 73.1258730633 -328.0478201 99.8171808358 -461.686340963 
-461.697029752 76.7524769146 -130.142931555 108.57109791 453.821088666 194.053061761 299.044274915 -47.1395949669 -317.189780234 -236.010059248 
102.465131534 57.9850648344 461.686340963 -461.686342793 210.21147056 -192.075831852 333.523130101 -55.1225423179 -329.187864648 -188.820743726 
-110.172532359 134.891806229 140.348122151 8.1231654331 -342.384787258 461.686340963 261.630916153 347.325126483 -461.686340963 -229.93163856 
61.2658481559 461.686378239 204.720831735 -338.15830778 335.96054888 -211.202465033 -461.686340963 -60.7639863029 192.446118811 -89.4983132873 
-307.377142364 165.425331225 45.9502211719 -213.665769639 -448.494128 461.686340963 327.929737772 -81.9914339058 230.458389273 -439.957988531 
461.686340963 -85.6592534723 204.550444847 336.303582614 -461.686340963 -210.683840539 194.953767173 -338.454282626 63.5785499775 -60.582954986 
-108.371541594 -336.260470293 175.657468911 -461.686340963 43.1969020131 461.686340963 -234.755581063 202.503381342 332.441014446 -82.1325296132 
-330.48850641 -461.686340963 -172.542512689 99.4673534988 334.957475977 -208.632025902 220.543507279 461.686340963 -51.0482071261 78.9272748867 
-215.531039722 461.686340963 -461.686340963 331.166296957 212.727300295 59.436315746 -335.706597599 158.790739462 -93.3420986437 -64.8317194138 
-292.956948851 -158.181589972 329.248989793 43.0287239831 -425.824271773 461.686340963 -19.9663972705 -146.621481639 255.872290431 154.020076123 
-80.8575465296 -106.947248528 203.024424789 -461.686340963 -335.823320051 461.686340963 176.583438753 44.4523373202 332.824697339 -233.24553619 
-224.324114321 -331.22924569 114.069805273 -163.177147096 -461.686340963 236.039398489 -42.6310116934 339.647974363 461.686340963 37.6919491952 
-57.5832285334 55.7563098826 -222.858881889 334.311911545 192.166144693 461.686340963 197.863358373 -332.551083737 -171.896068166 -461.686340963 
-53.091288979 207.874173981 -193.834798044 -185.433188943 332.278585678 461.686340963 -461.686340963 115.043734987 -328.816016152 55.7719475185 
-130.178786458 -461.686340963 -56.3068446968 -333.29660304 257.159120167 39.2232207889 329.101499518 -206.711352252 153.025270968 461.686340963 
-9.2661359419 111.748936694 345.564337261 250.551554392 -338.042231215 138.128682453 461.686340963 -116.140837165 -209.893894321 -461.686340963 
325.561013413 -65.739246022 169.431982359 -223.295051243 -461.686340963 211.146024249 -332.670575667 47.7552549049 -97.344498574 461.686340963 
46.5435601487 -333.111074903 325.38588481 -224.681988318 -100.872427282 168.851677786 461.686340963 210.902908243 -461.686340963 -52.0734169414 
-363.173928445 -94.0778097779 27.930551193 -357.599809954 425.456625635 302.145775868 94.5627617398 -246.153783293 224.873891856 318.782501695 
106.661833114 -235.972630822 461.691673553 -78.6617910423 47.1258743203 215.411195391 -461.686340963 -145.871180595 -336.963613745 340.260919233 
339.855159212 -461.686340963 100.234529618 -130.04325691 219.052153732 -344.204261286 -271.534798304 -147.19293955 461.686340963 -9.41653452217 
-50.2767551866 461.686340963 -461.686340963 94.6389557881 2.30834534131 216.670441806 -331.427763655 -176.350846952 -241.00799833 339.51245033 
-18.9950854385 -260.358310319 427.519263494 282.901527954 68.4688464393 -389.877052047 360.225955407 -212.516677703 172.398494581 7.75426715971 
-42.4239201966 232.671958007 -330.843524203 -161.924766299 57.9790474656 111.02012154 339.48620576 -461.686340963 -223.190116637 461.686340963 
51.4995176152 -69.3203596242 -328.064067471 -461.686340963 170.65957518 -311.23058838 461.686340963 268.771777648 -191.966080184 329.341915123 
-333.993615365 461.686340963 67.2603687712 335.349829426 -150.03389524 -60.6037578508 212.742971974 -461.686340963 102.390102855 -212.111635142 
-96.4740648124 -336.559340824 49.8667339061 168.882662414 294.263581549 -461.686340963 23.6924774194 461.686340963 -225.68315453 332.935921507 
326.417474351 -329.564021172 -91.282187097 211.117949607 -62.1863728139 -216.289370668 461.686340963 173.087781042 -461.686340963 52.1879228248 
-330.50505656 -193.079947829 60.5475539676 -461.686340963 -64.9885089909 -190.161629487 76.6986531246 461.686340963 201.307971312 334.086496588 
-223.865206335 329.094903751 -461.686340963 -170.474956939 461.686340963 258.779108865 144.437701535 -332.381663189 25.7491092426 -53.1123663201 
54.5186073615 461.686340963 -461.686340963 -223.739259058 -331.880176486 334.183430818 187.765243292 202.210444938 -98.2922453147 -70.3056487697 
-305.806695424 -329.880605131 461.686340963 -186.207821143 56.4918827762 -64.7213038846 177.499403253 -461.686340963 211.025587945 327.442365575 
152.425577865 -214.475954003 -461.686340963 -49.2473004847 -99.927256818 337.254148629 461.686340963 81.5530262673 -336.258160992 232.463141465 
-98.4027485095 -461.686340963 332.362239665 296.169387634 49.9679460152 461.686340963 -333.196427143 -224.909378171 -74.2116971746 171.477866159 
58.090574191 -57.9220820862 -83.1249831315 177.841928424 461.686340963 -207.197686083 211.080541065 -461.686340963 327.622844811 -336.001213208 
-87.8831925223 98.2543262035 -461.68648717 342.390101347 222.291539252 -56.3323770729 -338.40461786 461.686855534 75.2050055616 -215.111132209 
-461.686340963 -17.6144768794 -333.78918207 333.216915001 -139.137838759 461.686340963 202.233452047 -250.95495647 179.867536602 53.1196459408 
-220.901282252 52.0219783858 209.504268859 461.686340963 -331.774068554 -66.3752959973 165.293727222 333.7608518 -461.686340963 -162.669910176 
179.373045559 328.049467434 57.2381508747 -207.053049095 -336.02174288 -57.9790562616 461.686340963 211.031189701 -461.686340963 -85.2096089152 
-234.119318924 329.563066533 205.167307375 -461.686340963 -336.075404051 122.876583386 -78.1129307767 -129.913098211 461.686340963 44.5927031007 
-43.3202840518 461.686340963 -278.988145599 -62.1417012867 209.401091366 -190.634888366 333.834995056 86.5116986022 -328.223732735 -461.686340963 
66.9412840491 199.227485855 332.801835263 461.686340963 77.0108442195 -222.858855531 -64.9647030675 -461.686341611 -333.08319265 -184.231604716 
-333.17724848 -98.408539423 49.9681284595 296.169045007 171.516882134 -74.0488652862 461.686340963 -461.686340963 332.30479948 -224.918780913 
-73.5456347693 348.545051842 -461.686350923 43.623963502 -339.668948987 -97.998676753 -222.017367359 157.997527648 278.700102823 461.686340963 
-149.343842175 460.586488093 -211.94680229 -27.0435038008 -339.833781553 -4.58267176096 219.894585971 -461.686340963 121.625429228 335.959888758 
334.077056517 -177.844621845 72.0934581153 -192.275725892 98.1275666528 217.853297687 -461.686340963 -53.5160533455 -328.154987049 461.686340963 
-224.181503612 332.172533699 46.5482304275 -332.828983251 461.686340963 175.261617469 199.206098938 -461.686340963 -66.3201373138 -98.339822956 
-461.686340963 -89.7065034792 461.686340963 -337.060240536 -12.4570770075 137.17549301 345.005244086 74.0839468705 255.228556792 -213.769944581 
-333.064182119 -98.5690088785 -68.4767628822 457.16180933 -224.575717479 326.555725043 176.715554136 46.4233672621 182.231595368 -461.686340963 
-58.4372250652 339.265978024 -172.942094923 461.686340963 85.9419671144 -332.893467499 -224.092507819 -461.686340963 67.9913870141 216.674216337 
-43.4568737141 -461.686340963 -328.109735625 -62.0394416805 461.686340963 86.5680725338 -190.537791415 -279.094048331 333.471646276 209.153217248 
348.219699604 132.357409019 11.4327300531 461.686340963 136.14023468 -461.686340963 -81.0229425511 -333.815363478 -205.723001443 268.204131515 
-330.841810511 346.183641388 266.862509712 148.07103669 -210.060688745 -461.686340963 -130.26084458 -3.26903231268 37.9828170883 461.686340963 
-90.5744994992 300.963706923 -336.009175988 58.8930983843 331.266368652 11.7439426592 175.870009392 461.686340963 -461.686340963 -209.11480244 
-136.680832347 461.686340963 -277.305950962 104.465622678 345.277021424 -348.606701871 -13.2373827108 -461.686340963 -155.667058067 218.636041919 
246.058970677 -265.544778741 73.5288197071 -139.548043194 -21.8996572915 461.686340963 343.230363774 -461.686371121 125.722782223 -341.863040803 
-81.0160237105 327.658530169 212.720000692 57.7068902827 -333.842874991 -212.789683885 -461.686340963 461.686340963 177.031959474 -64.6422839728 
-181.946500159 -332.501015936 -222.847200673 209.459268511 -461.686340963 177.518892618 461.686340963 -61.4414160306 59.9020107011 333.926925967 
-333.060501397 30.2283157237 334.447638675 461.686340963 -461.686340963 -125.206774132 283.018867289 -237.982606087 5.22675470711 154.730771456 
461.686340963 -333.941682069 -193.153292064 175.876551852 326.891665779 209.92832476 -461.686340963 -184.341024582 -50.1162004385 56.5121097347 
-260.165472324 337.136782736 215.931816401 -333.912103694 461.686340963 -173.089915299 -461.686340963 -49.1641438262 72.5788773849 187.718967295 
60.4029592273 461.686340963 79.321737004 -177.491478933 -225.33294211 -334.18833003 201.703580048 334.347311183 -461.686340963 -62.9768385308 
-253.652050061 -154.820699593 -333.468080815 240.774046212 -22.5740287081 461.686340963 119.036923157 102.941963375 -461.686340963 341.524157719 
-233.034602476 206.565252005 330.046351044 -125.640734166 127.158785168 -76.1212368962 -335.49879875 47.4684019595 -461.686340963 461.686340963 
-461.686404507 199.987241753 -126.445603061 -234.361592087 44.325686307 461.686340963 -335.876825144 -79.2684880513 173.526644967 331.520949397 
-124.88228033 21.9039421439 -94.7734048121 347.713089084 147.657712447 -339.02154036 -461.686340963 -244.254599134 271.84628118 461.686340963 
136.219859646 461.686340963 -127.00338261 15.2069657523 -248.840521768 257.285326407 345.200157666 -101.479458242 -340.451867949 -461.686340963 
200.468638273 -461.686340963 461.686340963 -100.808536752 -226.958852896 331.180918652 -333.440310806 170.054148648 -69.5370987777 44.1900337761 
0.708368778678 -110.499339261 -336.729232769 346.413955042 463.717039805 122.740320513 142.508614621 262.914893609 -457.008498823 -225.098263713 
-57.25982534 332.73714808 66.0420803254 -461.686340989 174.432636799 -232.753920298 461.686340963 -189.27409937 214.24440866 -334.616331673 
181.039237299 -191.125296499 -64.8826873369 461.686340963 60.6079636842 328.132338437 -461.686340963 -328.355382277 209.608540371 -310.430526042 
-140.774108383 -461.68634096 332.536776106 209.979574882 135.267935782 461.686340963 -227.72971168 12.8053463258 -40.6339226033 -334.866472694 
-333.160448191 -62.4268199961 -461.686340963 206.417311372 335.487546722 -175.481150667 -222.871582509 461.686340963 57.7647322968 187.875569515 
-238.095902523 -115.067000552 102.123475245 20.606292944 -461.686340963 340.80031844 -337.130579579 220.024517475 -108.882244052 461.686340963 
329.668625681 182.709266177 461.686340963 -67.9569488323 -330.683213728 58.9969372465 -190.239379559 306.453101167 -461.686340963 -193.83987389 
-245.192256591 17.4549572871 -338.843913475 138.391732908 -121.159393312 -90.9562668674 345.293239731 -461.686340963 461.686340963 258.497068731 
224.469334183 34.6594877708 -84.8754448278 343.880083625 -339.718429172 -223.599102995 461.686340963 -461.686340963 -90.9781190677 109.038246408 
331.531812259 -461.686340963 175.309959898 -217.206531549 -329.851197237 -91.5646373089 -69.0906967835 54.944190037 461.686340963 299.631631274 
-235.701910816 139.947170845 -126.622620789 -91.0006619366 -461.686340963 23.451583282 262.160740086 345.513361772 461.686340963 -339.126461058 
-291.006300705 -166.959658751 235.680564914 341.341664606 -333.22216257 461.686340963 -38.2208156378 110.521622438 -15.6311435445 -461.686340963 
461.686340963 -159.312484543 -36.9427632061 -224.880569658 115.043721419 90.3353785852 235.338225893 339.200902584 -461.686340963 -330.90593114 
-335.295386734 61.2134751345 -461.686340963 306.952068972 -67.2446728299 -211.37103188 183.363143062 329.706456544 -141.645281058 461.686340963 
123.807675827 -461.686340963 -342.196941242 114.220435679 246.031619188 -15.1302958858 461.686340963 -139.830034698 343.067467535 -268.317094061 
461.686340963 -42.5221836802 -331.18740615 114.193707839 339.77603643 -163.086093392 -461.686340963 236.147686229 -224.217376169 37.853581026 
224.211066771 74.9628253864 -51.4302143166 336.565064745 107.204519919 -204.790898611 -461.686340963 -145.341027546 -330.602804652 461.686340963 
211.313187162 -223.354901883 -97.3637730851 -461.686340963 -65.7184167565 47.7408092855 461.686340963 169.424199923 325.622815511 -332.671578462 
-332.932759743 -77.2602065199 -461.686484666 -8.69713381129 461.686340963 -242.048551493 343.139175245 -183.497443626 110.405299142 225.183222755 
210.440678945 84.2227377435 66.8178278337 333.782753383 -58.6111918133 -461.686340963 -332.928706062 -173.097194121 461.686340963 -224.172847785 
-138.797321845 -250.188663363 -461.686340963 333.911660807 185.605567614 56.0359195733 199.927840138 -333.911384861 -18.0015737649 461.686340963 
333.262940809 290.84111397 19.3365750065 46.5519721825 164.370165189 -232.601428604 -335.229044981 -105.190959834 -461.686340963 461.686340963 
333.555659298 -299.489870325 -46.7097779305 -461.686340963 -331.383614938 211.955838434 -175.847307833 -35.8840070167 461.686340974 101.658036919 
-461.686340963 110.036647031 461.686340963 208.396291763 333.887596414 -337.088612145 -239.131799669 -69.3030092397 28.7142647623 -116.365980126 
330.125607103 27.908579016 48.4998462749 -211.907712998 -338.332366346 301.280425491 -90.8459958883 -461.686341389 461.686340963 172.176452111 
-184.943893626 458.000191482 66.7670958243 -229.796924227 178.433801909 -54.0152476049 197.395653418 -333.334168919 330.054970182 -461.686358926 
-9.05042439157 115.043730021 461.686340963 206.138057237 -461.686340963 -331.591651639 -42.4398382962 -284.021491245 -161.246781643 330.892844815 
-225.071077991 461.686340963 197.917431322 331.952859031 46.6603004358 176.051963164 -461.686340963 -333.068187671 -101.134818849 -51.3261823444 
-136.074983977 -13.3806161273 -249.656783158 461.686340963 54.8119348576 -333.920214238 327.765187621 -461.686340963 213.625243154 176.702975951 
63.3989535746 -64.1776612948 -332.841510348 210.113413435 -461.686340963 333.591216554 461.686340963 88.1760171797 -163.754217417 -209.898734244 
-331.472101508 -224.09652953 -45.8554040231 79.6013698262 228.199430636 -164.482168327 -461.686340963 109.294081755 337.156724692 461.686340963 
47.0932234102 -59.6491180197 -209.470566142 -461.686340963 329.619140685 263.309669235 161.367617759 -106.174452027 -336.076689636 461.686340963 
62.6447591378 -91.3586358288 -58.2643219051 -336.773165048 -461.686340963 334.682611882 461.686340963 199.504567966 192.438282527 -207.776072702 
-158.087408617 337.177004666 -38.7405456067 74.9511093603 461.686340963 -343.820059323 220.666477863 180.964998054 -461.686340963 -283.906890597 
-283.380053004 115.454581392 461.686340963 -8.57233696804 -41.9215455168 330.879333568 -333.762761192 206.493284608 -461.686340963 -160.581404886 
-73.3145546976 -102.781098014 -226.81423548 233.450853217 171.915736081 329.259465917 -333.646797899 48.2686975497 461.686340963 -461.686340963 
333.494282229 -205.739163992 -164.705365883 -47.9945926679 -330.384625106 461.686340863 156.163867984 72.3120512139 212.893174079 -461.686340963 
328.138060132 -62.2675607034 187.911295404 -461.686340963 311.172794876 -176.591083076 -223.037031892 66.2302980536 -333.313331168 461.686340963 
232.724281279 -330.889156175 111.046555857 461.686340963 -461.686340963 -161.929641659 -223.234030381 57.9790504082 339.460668462 -42.4199847688 
461.686340963 330.811556486 -461.686340963 178.644545359 -184.023087481 302.650326797 -333.114293731 -63.9607646963 55.6645615648 -227.208936519 
-13.8602331472 -340.684699918 249.535760012 -131.303757284 126.89442934 -257.677261856 108.535411982 461.686340963 -461.686340963 343.396995331 
-334.668856682 -215.559683441 322.95773828 178.755738984 -461.686340963 -92.56379426 55.5842607062 36.2319303048 461.686340963 273.46047113 
32.0974042135 -59.8434032746 87.2636229281 461.686340963 203.755572324 335.177579402 -224.022161768 -461.686340963 -175.686218603 -333.479807631 
-94.9918838346 304.322228535 16.7681609787 -335.627014441 461.686340963 328.438728749 -461.686340963 51.5495616389 -210.59897708 174.71655368 
-332.881619102 330.731507508 132.466261866 461.686340963 -38.3815222315 252.085514496 -163.551711559 10.6967326971 -461.686340963 -233.972147296 
-175.759330157 461.686340963 203.429075966 -61.0822770491 -461.686340963 -336.433321436 334.775252175 64.0283438561 -246.200096973 187.519094779 
-461.686340963 332.75409099 -215.893873324 93.8407029369 -337.309148343 461.686340963 -87.5666161974 -58.0643533823 70.8249837749 210.000279761 
124.347447875 -0.114638293785 -461.686340963 454.405272646 -232.147549948 -151.926381301 -335.595733708 326.215429608 202.292524699 -46.539496223 
-159.681103793 331.778564197 298.379104089 -461.686340963 173.670061892 -214.525376706 -330.007104557 64.5219769055 461.686340963 -59.9063287399 
55.462935405 -327.320789748 344.86017819 -313.355094734 -461.686340963 -194.119169724 243.617199418 138.301958676 -66.5324785004 461.686340963 
164.093323739 -119.881537703 15.8690921294 -282.19968585 -430.392746054 -106.466089181 319.557946026 208.349075658 29.3378342528 420.18653065 
113.064213417 339.899792912 235.420354924 -331.119588516 -153.794484992 461.686340963 -461.686340087 98.5147859085 -38.2308081526 -212.858063118 
-78.8817584466 209.426215594 -243.897226671 -336.264640562 339.326822567 -170.950471332 461.68634102 -22.8239632776 -461.686341007 86.5594423038 
461.686340963 114.079410042 37.7496086815 -224.355402491 -461.686340963 -331.24179432 -163.176310239 339.66452085 236.041847495 -42.6231605645 
-18.4903473276 326.498394303 -334.273896442 23.23902475 -131.491371096 -461.686340963 -257.84423474 148.113713043 461.686340963 227.350522445 
-339.137443927 142.581208943 346.594227609 -124.918954746 265.340234649 461.686340963 -246.72581493 16.4265325133 -76.1535854093 -461.686340963 
168.559048148 -115.19045688 205.439823492 459.793179956 332.571260038 -336.977450159 -461.686340963 -83.1488871339 44.3494003863 -238.869819781 
-461.686340963 331.068023172 461.686340963 -66.1058727909 -336.786979245 -99.370003714 -209.618870207 152.965875702 211.90140032 57.4319590554 
-131.415406613 441.463335986 -124.937884152 302.756841022 15.8645174591 144.472539325 -67.0416022381 194.385193459 270.961876123 -318.140436551 
90.7725262179 461.686340963 -247.493910639 -339.203007088 -461.686340963 212.445654052 17.1444453563 339.856346776 -81.3546208308 -125.523969579 
-63.3969987521 -93.0672341267 -218.08574877 201.309863247 332.3178503 461.686340963 -329.94437228 175.927024552 50.3141284455 -461.686340963 
-336.214299962 -461.686340963 333.840684424 -79.6060709426 56.6348899085 185.974915734 -206.799277626 -66.8021100524 461.686340963 199.548998932 
-33.5692657094 461.686340963 -207.515488482 340.882184968 -112.364559955 -461.686340963 74.9616756502 -336.263549889 238.372814709 117.620923002 
-461.686340983 -330.954633441 -42.2759797563 -241.727759858 -170.294137473 330.166059235 244.169799324 124.343788048 461.686340963 1.44389823034 
-42.625696649 -461.686340963 236.029590349 461.686340963 -163.177420419 114.069082579 -331.235243022 -224.349852901 37.7477157817 339.645332392 
-460.181327402 -56.3441057668 461.686340963 205.595625356 336.947623719 -219.043671465 -333.214239958 84.1612328515 86.4398055352 -165.416446092 
-113.749298266 -87.1077516494 333.034225002 -239.163709107 -461.686340963 109.261686036 -337.542807417 461.686340963 207.142488795 29.4909232987 
-77.772617758 349.089097175 461.686340963 158.809152524 -339.088353444 41.633385004 -211.637399587 -84.949865316 -461.686340963 277.678332438 
-461.686340963 343.222209345 461.686340963 73.4070967132 -265.63652557 246.029941894 -139.633716376 -21.9732898752 -341.88603036 125.694617197 
24.1156008767 -110.526328138 289.453769715 -174.321951309 170.450216931 -335.388559018 -429.463193516 -70.2341589412 -422.422352642 414.608396861 
-271.995275409 93.8646227494 339.830145155 216.837087427 461.686350249 -330.012618383 -189.248401157 -461.686340963 -60.326745183 -34.3474487361 
232.943969983 338.328608727 461.686340963 -325.140778052 -166.124774156 -461.686340963 -192.501519208 115.075596342 -41.4297256424 86.6751771104 
347.203326605 11.4903056983 154.663261367 -338.793944278 -110.697055447 -461.686340963 271.962112359 -222.872467908 28.5627556026 461.686340963 
343.802452295 130.05545214 -341.91739181 461.686340963 -266.814548784 250.441842951 -140.240450701 51.1825898736 -20.3996059678 -461.686340963 
-118.414696815 328.070271852 -336.376611084 52.4827013818 208.488163635 -228.619059166 -72.3270749051 -461.686340963 178.680916075 461.686340963 
-79.3024174156 -461.686338166 215.428517261 46.3929005323 -236.15309935 -337.142816157 340.270513267 105.972855981 -146.543817072 461.686340963 
-210.910044922 461.686340963 331.195768508 151.348083405 -461.686340963 -64.0360930236 57.3853616309 -336.542266009 -101.037578611 211.878340942 
176.270846995 -461.686340963 -213.034566001 326.366436309 56.9597843379 210.972547291 -333.948861862 461.686340963 -65.303949261 -81.2591183469 
211.316141861 63.7936863362 329.925345651 461.686340963 -63.0787174585 187.17252907 -92.145436107 -338.331653603 -461.686340963 -215.599467885 
461.686340963 -335.114808579 332.326042775 -179.346062199 -227.187671438 79.4594000757 208.9276067 -461.686340963 -60.6977572334 66.9289734439 
-461.686340963 210.274298628 461.686340963 -137.589038845 -336.378887567 333.181976465 45.8486397998 -78.2033350928 115.105384993 -235.11526064 
348.498999137 461.686340963 138.347868383 9.89380611556 -461.413891765 260.193785526 -95.2748046674 -213.844924287 -339.333259494 137.642103491 
343.467376711 461.686340963 215.486256928 -94.0968331057 -77.0130368473 47.192522573 92.1717455993 -461.686340963 -338.907889163 -212.078548445 
-20.619064206 343.687025932 -267.016581811 51.4755764355 -140.441622865 461.686340963 129.951795751 250.348907456 -461.686340963 -341.996398747 
-264.05004219 461.686340963 -139.956414532 -461.686340963 329.645364122 21.8141319671 -334.12398266 -15.9440345975 131.78349163 224.395197815 
68.1253770714 335.122667781 -182.554536563 -48.7884944097 -323.621850768 461.686340963 -456.754828753 -173.906893696 101.004257418 220.807695519 
-461.686340963 -224.36967139 236.070235396 -331.224075379 -42.6129743091 461.686340963 114.111001321 -163.181139307 37.7548966086 339.666655565 
86.8309410668 -20.1404190002 247.847524465 -87.5377569787 127.952907818 -211.856827979 461.686340963 -336.093488453 -461.686340963 343.67974548 
-333.708057708 -155.447202907 461.686340963 126.734905615 208.584029675 -254.92146576 53.0948427928 -39.0720562137 -461.686340963 331.504450959 
98.2627965949 152.843827073 -371.737571088 238.331877167 370.541808527 -295.969507971 456.70921476 -468.221841134 -32.8941277076 -151.827301376 
-337.876374276 159.713342698 -238.06306423 333.942746847 10.5097995446 461.686340963 -109.44963214 -461.686340963 35.7056432805 288.490647153 
179.804262837 328.53580219 -461.686340963 -91.3007156943 -57.357090053 -336.608384145 -207.442941314 213.384234802 61.1159925164 461.686340963 
-115.049577708 -270.429743798 211.158938832 -461.686340963 -343.737664815 107.059966496 461.686340963 -9.42655336937 -150.561387194 339.38387972 
-461.686340963 461.686340963 -194.206330677 340.979615204 -56.5494549105 -189.1455227 97.881903106 59.9582471866 217.501439441 -329.684988718 
-96.6484233825 20.1256267442 270.393621867 -461.686340963 146.08269985 347.769017959 461.686340963 -339.868700736 -245.607830705 -125.765852067 
461.686340963 -209.592560542 -461.686340963 -336.924131163 301.342504903 330.437978878 -86.0018916333 173.642025592 49.1284053617 48.5469798085 
340.741745278 -284.292506515 -461.686340963 59.1547398541 -52.4979994723 -169.039800692 218.71805287 -343.036593627 88.4525882138 461.686340963 
-258.585533654 -8.17043261733 154.022189277 393.592316035 234.142108487 -136.801236927 -237.001212045 -374.348693236 344.517834321 -14.5772705483 
-95.5999045431 -123.368953308 461.686340963 -461.686340963 88.601516183 209.762085656 17.495628305 -339.674247115 -247.998959554 338.992601851 
175.394449106 461.686340963 55.6802254915 -80.5359504351 212.749707721 327.242715327 -461.686340963 -66.0010611973 -206.566287841 -336.064257458 
