416.888788823 -399.655974943 -459.815587651 -28.2522481661 -241.64647777 -169.518177699 187.67902324 -29.0468425166 444.796604502 304.037799943 
-239.887981558 -319.786606345 432.461039113 -457.67934583 453.054935926 277.953786197 28.682664779 -29.0468425173 -98.8609955881 -8.88139139886 
29.0468420731 397.101600177 309.596547562 -389.477448229 -252.211353313 -14.9987559989 -434.531484688 -217.336657797 -28.8552044515 462.070218639 
-414.678229022 308.71001952 299.626275888 -224.913338934 -36.1427884952 -28.5331388068 -199.167931305 458.951450496 29.0467213867 -388.303563795 
459.375712033 -164.374698445 -8.08384908379 -210.288599634 -29.0468447522 277.875313663 54.0691984258 -452.208636694 320.907858252 -429.56460379 
-238.351276976 419.380402423 -36.525808784 -29.0468425172 186.766604257 20.3290375871 453.603413365 -458.089974355 -239.975262459 316.78362223 
381.46929605 -119.999053365 -316.95570963 229.902127946 -314.515987726 19.5165823932 -459.566945476 461.298769732 -11.3974412739 29.0462533043 
5.33008214314 -446.114632983 4.85633564003 -132.689321075 170.386586251 254.655795873 455.272250125 -323.748901318 379.084441992 -315.225093131 
460.035125989 -445.377682026 186.568566864 298.042026348 -29.0468425172 -228.000703956 -257.069205926 -435.882305829 29.0468300669 412.581656256 
-123.445126936 -126.419273295 234.691566594 220.328530953 245.178174513 434.717062239 -29.0509597239 -10.0218423905 -364.160532293 -429.786776261 
-322.068659937 -13.0431574878 -133.936665178 -177.674084931 297.336143408 -399.309878866 -28.968821614 458.951442082 405.134328793 -459.920914966 
451.392011833 -29.0345692834 313.356906053 29.0468083755 -458.663896372 -317.354512247 -17.0236772671 33.3511466063 -242.012259553 280.252488175 
453.942062119 -16.0366167697 11.8135030581 -7.76685034367 -124.021961122 -319.029899432 -319.897311609 -239.33768341 -458.827304461 404.521634675 
-29.0468427888 387.395411624 281.333427046 -415.187780597 -426.261883092 -208.231523823 55.2709469528 29.0468202012 -224.679987996 461.991880287 
-427.500711303 460.341545551 -29.0468570494 410.50930806 -5.49078284295 321.55303236 -207.000344713 188.875941499 -0.379059804152 -210.173120257 
292.702404875 63.2181553326 -6.64599438417 -248.067215413 -29.0468440649 319.921270126 -139.979791237 -429.78753705 461.320030947 -207.936254986 
-459.09414035 -325.960909766 454.610862111 -123.830413366 410.137835126 -237.499560126 -316.556932852 -11.1552138313 -10.914760965 0.0753019591336 
-116.526696881 -456.489977134 293.685789521 410.783157935 -327.52655366 -29.0468425173 -404.142168739 -13.9061125024 -128.495289674 459.479605915 
458.951443161 297.772945068 -459.921878724 -28.583775639 -13.0456369042 -399.292957968 -322.069058922 -133.946292892 -177.66111072 405.130884611 
-116.872921626 -29.0443236399 188.948425557 22.9542966156 -404.665144296 84.8971232331 456.334120589 -422.784216128 416.134545055 239.252049643 
-174.0483984 -26.5761977382 -201.88905313 295.578638224 186.367706336 -29.0468425172 443.218500986 -401.768495623 445.536729564 -459.03905406 
-29.0445970881 -149.854653759 -441.857573005 -382.811203133 315.684826894 -15.8715729492 -222.240234143 461.882423492 307.140151417 -3.48892053513 
308.404388322 -317.341749798 -90.7933898206 388.180017111 162.742073656 -387.684600885 3.69859493817 -461.267082391 460.145086587 -29.0468425169 
455.250480281 400.344169581 -183.708906501 -401.789428662 -9.23608542327 -234.407922315 28.7404172154 -430.48080564 318.910514714 188.750305152 
84.0050028666 -429.847585422 -404.494201451 456.82542957 -209.981252095 320.458871625 290.491120175 -118.147059317 -9.02010439643 -29.0468425164 
-459.326643861 -29.0468425171 39.9846437386 310.060273142 453.665922967 -317.70808736 159.809681127 -4.84833937579 -168.974964114 -300.514956155 
-29.0369524584 -205.752382768 -406.870784361 -241.784032574 188.800345428 449.192916458 -459.161450003 -29.0468427459 187.174851499 416.348531569 
-132.8347894 404.440956428 -321.697394374 -104.944420809 460.222841219 -397.052170062 -13.2362344081 -12.1618624651 312.782640871 -459.915634999 
248.772074065 40.4527778071 302.337800691 308.454498603 4.42109368103 -458.95001372 -29.0459501049 -359.834942584 -29.0468425173 449.919171917 
-9.44673808978 -28.7726683463 -431.398726621 -213.816927208 319.420138623 -334.152831103 310.352523206 -211.142583707 -5.22951318406 461.653737194 
-403.736155662 -29.0468425167 454.449509344 158.024224857 -128.724901861 -184.539814078 188.251364037 4.15906902271 -324.534027211 377.157419076 
-90.1422043895 -459.418075397 187.024668592 460.610924142 22.9419646705 -309.922747941 136.216420418 -242.293797477 -33.3886102682 408.695873129 
-317.639725893 -96.6917624839 -316.9247394 28.970681047 425.584138048 454.017487946 16.4667088999 106.423140179 -456.254217461 -8.46315706712 
283.945581311 -218.832130452 -219.635897523 -425.831161492 374.2464287 460.443516371 28.8914103947 -29.0468425951 -136.706290322 87.1286463149 
-0.387705757534 460.341545366 -206.99848342 -210.174646032 -5.49093689822 -29.0468516269 188.875911873 321.555600788 410.509309308 -427.500506811 
186.715780841 -319.68822479 -458.18420404 -238.454898263 -29.0468425172 3.54687661733 -240.059889964 -15.1541691224 454.464231893 419.371024229 
-191.261645086 -29.0241438581 -366.798424837 237.228398583 8.27193639129 453.488635391 29.0468172033 -191.930303939 -410.526430873 302.941538613 
206.829086355 421.444411273 186.198091491 9.34711966578 -319.243353789 450.466408909 -16.7926445888 -419.842433681 -458.951367632 -29.0468425172 
453.916806337 309.016929543 29.0379057155 -192.336326347 16.6497950412 -414.083984675 -192.433666742 -354.94164043 238.773421764 -29.0468407222 
29.046796302 -423.880304604 -219.878176248 -427.661538467 208.941141136 29.0465449132 -29.2324732468 404.488932845 392.331778149 -227.34328374 
214.689274982 -7.42812968251 453.9840719 -22.173695505 430.947207081 -401.057505859 -179.759794715 -412.972601866 22.4959609789 313.921173834 
-166.09724481 -78.5344098019 -361.039559517 408.68997589 437.883567755 205.753082356 197.774968028 159.224704951 -332.086616521 -46.8120391083 
-412.02705263 -29.0168038258 -168.442302114 189.149370722 415.893182765 -240.531934569 451.063659355 -194.416003197 29.0468420744 -458.951003698 
459.748029915 -433.202307821 -150.261435339 -315.653381423 -212.03340476 29.046842299 24.0875740583 -6.36240269731 246.099997205 315.013272209 
416.243655801 388.088841979 -52.38477241 -242.010073388 -29.042834098 -318.850211176 -0.231199522181 287.876915062 189.058941193 -459.070131919 
-221.281113005 450.296925684 -29.0468668524 121.810927872 -412.598326855 436.999435779 7.93687677968 185.803807505 317.542120305 -437.138050139 
447.497245294 -401.263004911 -169.59006116 -171.479346538 -459.128468551 277.385815128 -29.0468443077 441.279398766 289.708794684 -29.0468435121 
-460.921481844 -29.0468431638 309.730358068 -392.613390756 -28.6744410586 453.739042503 -170.231210169 -130.71065447 276.941856407 187.962494722 
387.088185814 2.10788845598 -18.3170104602 398.071101178 -436.517178107 461.956137194 -219.700722642 -260.931700233 29.0467566762 -323.663533939 
-423.352330494 18.9277748076 -28.9888595265 -351.190264129 -202.730843512 318.886769631 323.835450578 -342.5126549 -1.94274237925 -37.3566947601 
-459.295748337 215.836239351 -407.045222753 -2.37480991427 -239.134252008 419.761557689 -200.802950197 185.542499589 450.97039188 -29.0468426384 
-28.7208427658 -406.858240236 95.0423476813 353.352646669 -26.0281745614 88.0973858045 -239.032123087 -168.425721378 337.772808806 -381.918239426 
450.465268269 -458.950294788 8.85221620617 -29.0468426323 -16.998087237 -419.864136815 -319.274511143 206.84370121 186.248288088 421.395865019 
-247.756997767 441.616742265 -158.966295099 157.011296773 309.837804745 -29.0468425202 -380.773246961 304.576877816 -29.0468316279 71.9363277652 
81.6445851093 -29.0424822938 413.913851534 -192.254462501 190.280515754 -410.86382642 29.0326032869 458.420187166 -419.689892998 -121.279065805 
319.451902908 -431.695798599 128.467169106 -409.704683259 109.704825668 29.0276944031 -238.046222746 -89.5667110477 400.555934072 -142.95101599 
-29.046796523 -191.388295316 413.994029518 190.46858771 29.0468273628 -411.107872582 -418.509883249 -192.973615453 12.6605175823 458.454720737 
-178.888417119 314.41315995 -427.590031971 -25.8674296516 23.4352021499 -29.0464069334 -397.828853237 414.957304484 188.217224672 454.343919523 
228.62536425 12.5313886108 429.055819107 -184.548447533 190.928297633 -412.073383262 -406.46826559 -27.8127245512 18.5790503238 454.955354563 
28.532734291 -0.307273629775 -29.0468435747 -321.784283528 -98.4458764437 -458.67345387 287.228329328 433.851508139 452.205579868 -238.525105157 
-36.4190711625 434.049432806 -323.826008282 248.025760612 178.648627124 2.75774887377 -461.342995523 -242.559244495 384.427781972 -141.610003977 
454.587135554 -179.797241231 414.712120049 -28.2810835191 306.969433005 -28.9552027127 -427.154303638 22.6533537867 188.536233912 -398.787156854 
404.448863334 -321.717249935 -104.884962935 -132.861929022 -12.0960887213 -397.014117924 -459.917058848 312.752214466 -13.5143673452 460.227798322 
-458.976345101 176.54323324 405.378728111 199.650764205 -419.821638818 -18.7149728474 417.140733558 -320.309635385 -125.122948714 -7.28291701379 
207.598512594 -100.528504385 -419.036430153 422.989927301 -320.599816344 3.38212034193 -28.8986022953 448.06577138 186.167240614 -459.090301244 
443.148095218 -8.27012386377 -459.056648366 -319.515737962 383.611134988 255.502650085 -323.983069472 -100.691574489 -142.585667598 2.5041073483 
-257.673354614 -35.7202240099 296.071795282 -368.933029643 -193.567111375 440.565017426 -29.0468431036 318.500695281 -411.479593057 28.9520764243 
-327.753304237 457.471105616 -128.927815074 -405.101926621 -29.0468427057 410.890385437 288.072998252 -459.594668792 -185.911828814 -16.2705270393 
-459.503982569 289.383041014 -327.939797256 -404.221749589 -116.670786453 -129.433165397 -15.8787389078 411.004787146 -29.0468425172 459.322993064 
-25.0565933559 13.2846149852 350.77732069 293.934931378 -181.359458655 43.5747335451 -167.567593225 -390.166476861 -390.59102394 339.468884893 
449.664704627 -397.056489974 -28.949498733 -168.705537194 -459.634266062 28.092381002 -29.046842519 438.049327282 272.545484442 299.027625006 
-312.53158501 -29.0468407897 -393.535868944 443.192131437 -50.6373073154 307.900261699 -374.488052227 -154.381391312 29.0251761309 57.5749773646 
-137.067651195 -29.0468425171 29.0468240635 -431.991019994 462.453945985 62.5448267118 -227.616589439 -427.263753032 393.860948584 283.498477944 
25.3504300092 -377.128559155 -187.071872277 26.6801985593 336.091673963 165.277440491 289.67749232 386.523336509 -435.428893006 -231.569652442 
-459.930087941 -399.151160637 -322.1280016 -134.047451287 458.951442662 -177.546398234 300.314824182 -13.7206085811 405.168520147 -26.4897534184 
174.608613574 -47.4508324239 325.087822394 6.13532483087 -126.93335954 -197.017108851 7.73502355995 376.241518455 -419.91578203 -323.727052856 
-318.773495225 25.9795677917 -240.371397223 -317.329273937 436.696779303 -458.450752378 -18.0110446537 8.49862669895 450.479580755 -31.7544714947 
64.7355340947 294.518376745 -141.401020901 -430.572443599 -211.056006411 -29.0468425171 461.108570431 -8.2229603538 -249.368721967 319.899824784 
-326.841265972 186.47933365 -188.740631059 410.903596361 458.148852428 -408.470110326 -13.3229319561 -125.849114008 -29.0468425172 -459.315788965 
187.053390337 419.391635702 -205.533286679 -29.0468424807 -457.614316364 -237.979323921 455.380486901 29.0458951416 -415.519821746 -192.073126724 
404.740095197 -323.990093251 -9.06911614974 -126.340471227 3.6308082912 382.583058899 -41.4284521271 -320.490049944 284.578610439 -459.25762791 
16.0455495284 -28.9958730016 -27.9672519415 -404.82002377 188.961767934 189.310786594 -421.892545822 415.095149893 -185.341353307 456.600017705 
-199.905971974 323.153406262 -10.4585339907 -422.625413056 -344.175918515 -28.0987800606 -122.218670297 1.24446234001 410.94705846 -325.749867671 
435.919674512 23.8269084989 -29.0468425172 -459.500797241 450.949393763 263.448669154 -0.91184674442 -167.116689697 300.910364853 -399.283679644 
-185.207818814 -29.0468425171 320.510733896 -209.648039413 19.4723634851 -8.63161595773 290.004726472 -404.0774436 455.854899121 -429.556803736 
-458.926588288 458.965412827 -192.489835576 -121.90718704 -10.1436299941 -412.748332348 410.921199485 29.0468049059 -325.557676805 -195.20668091 
280.210956038 451.268522346 -29.0468526331 291.145811156 52.1807431563 -459.055042005 314.076254661 -29.0460376939 -243.171372264 26.7068546911 
-0.5313074711 290.285572912 -318.991194573 188.6764828 -45.2194081488 -29.0468429967 415.084323569 387.548416996 -170.651787194 -459.257169915 
-406.299909467 213.907603535 411.662936882 -29.0468425224 242.153074053 -116.101310006 -431.738559331 188.996523863 -12.0682069482 432.591089169 
-120.645155025 -325.103369855 -341.984052452 -412.816393348 -195.388437399 458.951440984 -8.8102000329 410.944422473 29.0459728979 -125.038206882 
-398.232637469 -323.491550524 -103.415343694 -29.0468425172 296.930133765 445.520724822 -169.88643718 443.234422562 -6.49825448534 -459.793639686 
459.873693507 22.6876500539 368.394192786 -202.832889716 5.93741772963 -420.54219335 -308.561158725 226.858302135 -208.464023532 29.0467970857 
457.241804599 -416.49882389 -191.901978126 29.0272060356 -195.20505419 405.378745404 197.011696412 29.046831669 -219.224625921 -423.555349919 
290.286609632 -185.203939334 19.4719127543 -209.607367983 -429.538444211 455.885960965 -9.0717052405 -29.0468425172 320.57190148 -404.071476439 
-455.98195732 303.277789256 -29.0463766228 241.911302001 311.461865748 451.317290087 51.3689199259 3.40911825453 -368.632482493 -29.0468425275 
239.650207649 -37.753074464 -410.513567894 460.897741721 -192.447613 -226.885346356 406.773624779 29.0468425165 -445.927249451 182.192488651 
189.181733628 -239.118061572 -201.186586621 419.77007382 451.292703023 -407.734182133 -28.8622293268 -459.232230075 185.793821361 -29.0468425536 
-404.539366841 188.057030654 -459.670608335 288.675695649 -29.0468425172 -242.091308867 416.508887809 -28.9746530316 457.360294676 -185.286642997 
-9.81534355684 263.316215066 -29.0468425172 315.507871103 -461.815441909 -93.2177753282 307.047301651 455.879268795 -384.836307762 -59.2653258515 
289.21430578 -185.131372602 456.948896347 -64.8621982895 -404.289191114 216.943150831 -243.041011058 -459.67846406 424.49648288 -29.0468431797 
-458.864040611 277.913465469 -124.181404763 -29.0468425173 453.617230455 -319.94503371 404.595845289 -7.59738654047 -239.949339658 33.2179728725 
459.865100014 28.8886338237 -208.498750929 -202.881617856 28.4041762479 237.876728032 -420.587883708 368.306582426 -299.6321062 16.7868679309 
303.624254199 -163.403466665 -461.879888357 -29.0468425171 441.211103272 -22.5784588721 193.538334307 195.49688147 413.442266266 -376.601757646 
187.257453252 305.79243598 -377.453176732 46.306814441 411.401105559 -29.0468436569 -443.121432918 -156.18768839 460.209498465 -28.7739792489 
-377.205036467 -207.809779704 -316.627141164 -134.942354026 321.677717996 461.860308519 -427.490018012 -7.37957729609 -3.56104938312 7.18911918883 
441.035452442 -29.0468428147 -369.785825216 365.165646986 288.238992042 303.212138643 141.193204212 -29.0382247315 -79.9940935707 40.4829514107 
-390.655504061 -378.289434235 455.985164965 -43.4683269397 -461.221365112 -29.0468423109 308.937357213 -29.0459805638 -168.333571253 310.393408288 
454.556904415 -325.519675758 410.149728343 -458.968564963 278.197592382 15.2057757409 -29.0468429021 -9.77644102301 -122.493873613 -237.7480425 
-424.630638502 -221.551398354 405.384229764 -411.684112439 29.046656699 426.714112462 -29.0412397347 160.471192767 -113.111392921 227.954343109 
-319.767160676 -215.154812048 318.290009507 4.41584240723 -5.1619314159 1.92896053608 -217.340452398 393.29898314 462.270335231 -435.17067171 
-12.1657413588 -209.38934109 -419.357122525 -123.599342362 -326.33630339 411.463391322 29.0468424976 423.503860838 204.260851545 -459.043734184 
381.703245895 217.997282412 -408.638362593 -318.860296338 -22.387177148 -123.811418852 0.991949798423 183.079523797 -64.1900264101 421.914321653 
-205.710251119 29.0468422291 454.88010689 -120.187878062 403.80864175 -318.566145167 -415.333662405 -192.110016787 -3.77687933385 -448.713054579 
385.836789356 -140.467371401 -319.333132679 -394.009419112 74.982528501 -21.0337632902 -172.451496375 450.374307731 -1.6613788588 310.754282119 
-398.92101946 -102.386201938 -322.976904792 444.62259779 444.129353119 -200.713966772 303.670708527 -459.612716049 -28.5828548591 -3.95515982231 
-29.0453840626 416.141309901 444.361080033 -398.078886244 -459.810438959 -29.0468426687 302.77575197 -172.380795143 -173.952937632 187.666822705 
444.86903438 -412.193780831 -187.930014891 304.163739608 -51.6796374757 310.510494155 -27.9058230181 -391.800593061 -374.290379184 -29.0468425172 
-56.9020097678 -29.0468005242 444.179846471 -461.642433574 -388.890278061 -383.531042073 306.83973977 -172.290711083 308.726590744 -29.0468425185 
415.914781894 -5.45101927624 -29.0468425173 -183.701619973 -402.77680739 187.462230107 316.534299629 -171.17189484 456.746626457 -459.818973493 
171.665754111 -334.351409336 307.05846114 295.874117671 -29.174603259 445.954771855 -149.724741954 -382.955628729 -71.0228631676 48.3958819621 
-109.661878834 -320.111496985 111.029036391 29.0468423748 428.166394213 399.099145786 29.0304159791 -421.182532046 -96.801598623 -214.340864311 
-119.414878933 -420.3114248 -60.8465647375 -8.62574761535 -443.511288574 -325.0151212 5.12290430318 324.777603634 411.613870433 -197.434546906 
-439.705466436 29.0459193985 188.273726951 411.439274845 -441.494530365 -29.0468425174 290.033864653 -149.848728178 460.042705044 -277.730177834 
-319.66072815 -457.303780878 -6.67568915422 413.115548813 190.000430412 -122.062446735 405.370667991 -29.0468425172 23.0296271167 -421.840630242 
-395.709020779 448.058212104 -450.530442692 234.749508627 -28.1393551737 285.04133219 315.43296763 58.5067609772 -178.42655244 -29.0468425186 
323.379141449 -424.271708059 0.296431297535 -457.04805618 187.161441032 -109.091264919 -235.790632096 -203.828282837 -29.0468425172 419.034041642 
-391.205537545 -461.501001934 313.608452345 -48.4180842122 -170.924605551 452.660701621 306.740617438 -26.9794214724 -29.0468425171 -382.762047011 
-115.557459294 -460.418584624 -167.615247764 308.245475845 300.077411401 55.9375334283 -28.172651882 -29.0468425171 452.65653309 214.664469153 
321.395049265 -29.0468430207 -427.7535573 -408.038527176 186.655115905 -188.671359055 456.831782191 17.3456448412 -8.62367162138 -207.635493428 
-164.25055077 -2.13054156775 444.303563487 -452.652232808 -29.0280526018 240.869117435 -380.437010469 306.506211273 -29.0468425169 307.373076106 
-210.924091793 -431.197265365 -334.087346169 310.948617546 319.595009011 -19.8987991562 -213.633135369 -9.22294192495 461.615746569 -5.50270760869 
-11.8286794187 -136.417991105 -460.274933109 404.095726038 448.065773919 -176.214780377 -397.459095584 313.228297556 -12.8956330786 -322.061544962 
-317.387249516 -101.006961798 -2.43907552279 -203.433707372 -457.183930094 -97.0452555946 -423.964016953 323.338855671 439.422405275 -3.52086368517 
-169.38312371 -29.0468425172 310.037840435 448.222824074 -390.672861843 166.508736256 -28.7245711491 -53.3953870852 309.110824089 -376.530069434 
-15.2885182315 -459.923905727 -321.76180452 -104.773085799 312.615842216 -132.950276774 -12.5662388455 -396.945396435 404.516601425 460.217629309 
-404.52060549 -200.479427186 -419.414667645 286.240201137 449.561181583 -103.114635133 -15.3529878485 438.221584449 -322.384341885 -29.0468425143 
410.811724541 -405.06394425 -185.897168781 -29.0468425251 457.475079011 -459.595577633 -15.6535781299 -128.916687658 -327.687491686 288.023077363 
-219.996599885 201.490782225 29.0467315039 -225.96528212 -29.047200938 393.200593466 293.811749203 -423.900819904 -448.950600291 60.2516616603 
-15.8538888616 453.945190998 -239.341900001 -318.998040429 -458.830854679 -7.60537441617 -319.907508452 -124.045999477 12.1367601103 404.544859996 
-51.3821111648 388.034721389 -0.0774779975193 189.084932186 -242.003321705 -459.07369353 416.16926218 -318.861061817 288.049743588 -29.0468425394 
319.551584597 -213.148397836 -163.025818577 459.670372924 -432.038642827 -142.16692734 317.457896307 -449.945288712 -14.7263591817 -3.26361221919 
188.876007015 -207.000458514 -210.172979427 -0.367863606201 321.552863383 410.509315807 -427.500700555 460.341544403 -29.0468426658 -5.49070975486 
-24.0862399972 278.619653684 9.15227380562 -99.4330447042 -318.886393941 315.477658408 -395.05162046 456.791281424 -460.792626351 -107.05127533 
322.892505662 460.843315802 -208.746924898 -410.531961918 -191.614975309 -211.88041701 2.18096865221 29.0468402391 -3.74713641158 -429.228074139 
-423.2201722 -58.2257201968 -457.27503278 400.975712555 426.283588829 -92.451817616 -240.840239028 -218.554185214 223.99947839 29.0468407931 
-227.819362701 -448.065773157 -26.8043067103 413.246955834 28.8018852349 321.331326798 459.929086459 -212.068850989 -433.053491659 189.530856308 
-403.974825774 -29.0468427523 417.115288759 187.925652438 -459.663557488 -242.487044903 -29.0462845003 291.420092007 -116.424987415 459.37000508 
-31.5175718256 298.475459638 388.372262832 -9.10438934612 -459.150700121 -318.851659486 -325.406097107 -0.560443773 409.723753575 -122.704213224 
-239.521318502 -457.768993835 -320.000362457 -15.617347478 -9.44051157291 -319.202006435 9.26366546175 453.191062613 432.23877639 -99.1091782377 
-321.458634756 404.593293034 -452.901748458 -197.474327134 -401.989512816 -131.663474848 -11.4905778113 449.162576344 315.405125913 -4.42030155313 
248.718226793 -458.632859666 -16.5404141248 0.637195712612 -323.431837618 379.707877859 -134.754146059 449.757677542 -316.555246431 6.57619173091 
-458.06141056 452.583945636 -208.627994353 -195.065055611 29.046840411 202.00681855 -29.0401463093 416.368438945 -241.124826987 -412.476164265 
-16.5861475656 226.332217127 206.268438627 -114.570321096 -28.0938516312 308.309395235 -406.410400025 425.092498335 -29.0468425172 -364.325053039 
-212.298348096 -447.932279455 -29.0468425173 -227.64800051 459.961694677 187.280148187 319.01932995 413.079798522 -8.69287335663 -433.269685673 
456.026038202 -115.833884566 -402.868584393 398.656858706 -429.35075779 -231.485170375 294.831438488 86.8772381207 29.0467289464 -29.0468424982 
254.53354336 -102.681804996 431.929729519 94.8643675657 -322.616679503 -29.0468433069 434.705030422 -456.217275969 -246.110664969 -15.8054405503 
325.009028213 -458.13336501 -421.823818915 -6.49721799558 -201.11033217 -121.139719042 405.265670681 -50.8146376778 -319.497924315 1.99929020879 
-399.117955279 -322.079408485 -177.527406861 -24.8607294823 -12.9802800452 -134.035470919 405.140651638 458.9514421 301.868334078 -459.930335537 
-7.77064018125 322.162043761 29.0468405942 -426.184420489 -423.653470682 -205.88824209 -219.497519121 138.108702604 -90.32605692 402.618099496 
-461.727162807 311.648213881 -388.449066455 -59.7077143626 444.215247535 -383.282312274 -173.443276476 -28.7141648384 -29.0468425172 308.759912628 
-276.16760738 238.569616362 -218.493885696 -426.132096741 29.0467851952 -0.526820476711 -205.368359817 460.319654925 18.2796457197 372.9670828 
460.579777258 -458.595797771 -123.454924605 28.7352243927 -414.368068135 -193.398835841 404.64048825 -5.97511790572 -121.813622152 -319.320644889 
-413.260352411 -210.983929781 461.544211495 -317.034101877 -1.79204225699 324.688848657 -9.39028006926 -207.266554528 19.9862890153 -428.03279307 
-319.957650972 -322.247287264 89.8156845577 6.5269773453 -460.184414064 386.830943056 -132.247175835 461.926193385 -6.86041044582 398.326035424 
-12.8337047335 -29.0468425172 414.521705659 -238.12687749 6.41178071266 -316.175472137 189.58850736 -457.797477659 390.56594259 -168.774860051 
-1.63194190897 -251.41594752 -60.741187092 452.110466013 315.242811211 14.7713707556 276.044499496 -458.935169688 -241.460162381 -30.4196986063 
-445.042811979 -225.004112869 29.04684159 -86.6824329593 288.039312338 -436.081873307 -262.376925094 194.713716709 415.056526089 459.671157845 
433.562211231 321.13228514 -208.626405502 -24.6398989627 -428.525234726 -409.300182877 234.801289628 138.53207761 -8.42617495214 -123.919722486 
-459.109742638 325.879332776 307.20178114 -195.988652865 8.72012030852 -418.902614998 -290.273067096 161.456942254 -101.252605768 -29.046842517 
412.586127769 447.129199865 -460.504213689 -367.401248605 -153.432823092 -146.612834255 -49.5804125563 -282.04669612 169.942188059 197.724772751 
-176.19030589 312.484054947 -397.406974917 255.298173689 435.474889624 -14.7214422719 -29.0468494507 451.218837 28.2250385122 -410.084761097 
454.964037289 -411.699665961 263.449713643 -238.548431304 -194.8271863 -429.804976903 29.0447058025 37.1441121986 29.0468421732 -190.766200521 
-13.5834828731 -104.903738128 460.224170695 404.429007257 -12.0598217804 -321.703887002 -132.860469532 312.734594246 -397.012563738 -459.9175528 
461.435860714 -258.192948284 318.475026193 -217.515879505 -442.721610616 -13.5542049329 -223.763181116 -437.32068432 29.0468157616 402.528246336 
313.295874162 -51.3100520102 305.355206063 -101.18088383 -378.419241863 -29.0468436345 -390.23231183 -422.575882389 455.484464129 -29.046297974 
430.677592248 -106.680700131 -413.575519694 -44.0327549849 238.303379065 315.5960339 -23.5495173537 454.150038957 89.4184434025 -395.217877952 
4.79537752347 -321.888934479 -0.590258251558 -238.426926447 -315.798864823 451.055695478 -14.4355926415 435.744121103 -98.9379169871 -458.98586217 
-169.358842451 -143.144627029 90.6880247725 106.983806289 346.912687987 -105.466238139 -457.222667884 -392.365085438 375.367838511 338.785102263 
269.343479081 -29.000401906 -389.74486347 313.226056486 -29.0468425171 13.2727286424 -461.520537689 312.530320383 454.49231356 -101.434816432 
457.917913179 -187.901764316 -407.624798956 415.518931469 188.143474652 -29.0468425173 201.173177214 -170.780541784 -459.433678115 -28.6585658172 
-316.408706318 0.356590828329 189.043304574 454.82586729 -459.03600951 -241.828740472 -9.51789828946 -238.420626901 -29.0468788725 416.347531319 
-460.487175582 -18.7499427354 -98.7975803102 311.437913663 285.956941422 0.508199838884 455.711833076 -316.356260473 -395.533286962 -173.436864845 
29.0468302994 -234.931741758 -139.655088035 393.404174028 -430.113823506 -322.849428516 391.854408658 77.6807240157 3.21830295724 462.508332387 
-459.917393243 -12.0898686895 -397.020342359 -13.42001149 -132.860614944 -104.918623161 -321.710863425 404.432529134 460.224289786 312.755027879 
-40.9602515731 18.3790842155 29.0467977226 -413.502204902 -194.401377837 -407.174034751 242.617379155 -191.778213595 453.522262698 431.698685553 
-175.534068096 453.394845162 -319.795142194 -395.031370115 -28.6493672033 294.187773573 314.993989569 6.0983955262 -100.571254788 -460.743763137 
-237.156920292 302.69843982 -29.0468425178 -16.3641938033 -313.348150216 -459.9798242 -9.98998885597 453.806483995 27.203653303 -369.477764468 
-29.0417557184 308.946040798 -29.0468425165 456.008384868 -378.231209927 -390.673926286 -43.6805313527 -461.216732543 310.368926897 -168.351525787 
-39.718938249 191.486724707 48.8444266248 440.2869894 -389.779913165 -321.915995561 184.655377111 -278.71672709 -74.5677773821 -214.943657751 
374.200187124 220.874717174 284.690665831 -95.6428888649 -29.0464982274 -211.194372662 -421.194624708 29.0467817264 -203.07745754 460.438216456 
-398.978536589 314.157196166 -7.5605803722 183.704539883 -174.264840724 -29.0468426606 419.66382355 448.055419162 -459.992637361 -174.428558075 
304.706581513 -160.124246913 48.2248470859 295.293301357 -448.894944799 -29.0468425092 -374.206632976 70.6378955098 460.802158499 -29.0325751394 
308.328144815 -93.589187244 310.335530344 -29.0432649502 -377.483613662 -387.874048737 -40.2101599197 459.379039153 -461.315740342 -29.0468425173 
-446.970479651 -325.081215399 -316.235862528 99.6106873851 -102.352772237 257.51701284 456.214410046 1.47641252598 426.16730573 -9.69972333926 
-167.887944827 -29.0468686169 28.0926732341 -459.680380864 -396.941961164 271.758917858 299.760319709 449.796134045 437.830774442 -29.0468425886 
34.7026038875 -0.270492177327 -321.752899514 436.269773684 2.77939677528 -171.054252231 -458.988793832 -308.323036784 450.737588554 -98.8825526153 
-123.476920368 -29.0468425173 16.563281983 -326.895615967 -459.015568885 410.972017497 278.211916374 -26.9361631285 -237.747796991 454.510531633 
-99.8577013677 105.434687962 -323.105762448 -3.96716514007 457.978628583 422.171455964 -452.433855456 -283.565370886 29.0467975428 86.9181281083 
29.0467099921 -317.57954572 -290.802118016 -118.471691398 402.631594728 454.853846255 33.6142318338 -0.793816297884 -458.432821037 -175.536976993 
-29.0468425186 -22.1204055913 27.6945437425 440.740358263 284.56597716 -319.637802867 -459.714622847 -169.095560732 448.045740243 -397.600593637 
301.269819541 -29.0468425171 -160.187167929 222.575887322 31.2034999896 -381.68527779 -63.6041046846 -409.620379481 -190.165331734 440.723116514 
308.68496407 -29.0468425171 28.3409729421 452.06160657 -239.446467785 -459.630072909 281.146836532 26.9761829904 -313.540325156 -13.0712960539 
-461.3019332 308.451061407 -377.355399604 459.360606001 -40.8416409827 -27.5960432575 -94.0608751455 -387.933027395 -29.046842517 310.251396502 
-219.72444511 29.0468384635 -439.971151274 -13.2188319096 -285.278293445 461.22674591 318.634668157 -151.400118354 -442.6266949 310.002567837 
457.015926775 189.789801441 424.344518289 -459.529662872 214.564030651 -29.0468425172 -68.0837812801 -239.863493004 -183.734477572 -406.34394804 
-12.1073241399 404.419951938 -396.994548228 -321.722755757 -459.918193664 -13.7167007204 -104.880249139 -132.859272492 460.223838006 312.732321006 
453.447649604 -461.332047004 -389.520453312 270.40831727 -166.960077462 -46.858133759 -29.0468425138 316.537357507 -8.21805071472 308.458814301 
-319.077583244 -139.826597642 0.656854897014 444.267079935 -100.520563554 385.031193657 -459.258730397 253.437594063 -0.35449573155 -321.42418609 
424.297215719 -399.567071204 236.371951168 67.925164895 306.538924031 -228.506052707 -97.7033774665 -14.7591336505 21.8789705517 -444.262243847 
314.638776942 -433.551736176 -348.379077996 318.827664695 461.937954223 -1.36079603018 -6.28371102116 -28.1175016432 -213.25663475 -216.010367528 
-120.16735244 -324.585475941 29.0468221262 452.594994493 -209.20707202 -195.321791335 -412.632923997 409.837163497 -451.956359527 -7.17493130284 
448.063873038 -375.189341142 -410.884308295 -29.0468425451 308.397136473 115.826945656 28.9953397668 -287.393856861 -77.6587888341 -193.016907001 
-29.0468425172 -23.375369533 -418.861600167 301.866563207 206.007981831 421.243035635 451.339565851 -458.573890123 42.0608397025 186.553444514 
-186.689609757 -410.9030385 -375.212264817 -29.0468425171 -56.5908402406 304.104181406 -29.013316882 310.16044032 -390.941806193 444.581944519 
-4.97591279032 25.3258525302 6.43193140016 -308.220893342 -210.363204797 322.559863507 245.855186185 -428.538427608 459.508277488 -208.858957041 
284.115172348 -364.006043809 -29.0290698349 458.727167344 -150.148619346 120.051454462 60.9844362538 309.143701462 -453.138303867 -29.0468425172 
123.398344534 -59.691792492 435.39596493 249.781279118 37.2010694387 -346.905211956 396.403732482 -110.630207567 -267.639662728 202.598728388 
451.774880358 -169.480717 -3.43745162904 -29.0468425172 278.634253629 -24.4615940821 -461.498443131 312.724236826 -389.424349682 313.450115306 
-123.848757121 -10.9931848835 -459.096071904 454.64848329 410.135749277 -325.96247359 -0.192788944692 -237.507478404 -10.8208598473 -316.568485355 
