420.44981412 -399.672998039 -459.775479128 -28.2522481661 -229.712956276 -169.516591579 187.440641267 -31.0555065318 444.797116455 304.037799943 
-226.362170968 -325.872790608 432.465777265 -452.176338612 453.052035078 277.9526829 28.8431039401 -29.0822374521 -100.15488846 -8.83193419761 
29.3668247949 384.126935091 313.088390938 -404.327496598 -219.662456215 -7.07480907251 -424.042709525 -206.929936843 -12.4310543768 461.610934345 
-409.637003458 308.713253044 299.627302417 -222.899344318 -30.9732301965 -31.6826835884 -195.020507142 458.949943904 29.1165021449 -390.929409335 
459.402640663 -145.001131162 -21.920197714 -211.462223239 -34.6846929073 285.682328286 62.3206985752 -449.663122569 317.919833592 -431.136586618 
-238.785463979 419.401419875 -20.0810060064 -29.247694083 186.818396664 4.88870988624 453.646125443 -458.491305636 -235.154294336 316.654274985 
367.724926897 -123.617613355 -275.301946752 247.361342838 -320.357710804 4.3247950235 -460.749385591 459.80799911 22.8980191086 28.4685333244 
29.0480147037 -447.309682448 7.01268303502 -117.456867775 206.681061044 246.486117412 453.232029199 -293.434496504 383.516778329 -314.074007452 
460.120341091 -444.680620253 189.378112848 294.990365495 -26.7672882125 -226.481045932 -209.627677483 -436.860839328 9.00560300354 411.982925375 
-123.445126936 -141.947562906 235.816220219 220.328530953 245.178174513 434.717062239 -29.0509597239 4.41680137383 -364.160532293 -429.821789253 
-321.842999133 -13.0431574878 -131.600305045 -188.319960907 297.208157987 -404.188450382 -23.6206671873 457.520017218 404.510616744 -418.232431411 
452.155464776 -11.2160057565 310.469330803 25.3157415395 -458.964128647 -278.872368926 20.9399599417 22.9483728316 -241.867243809 273.59588837 
438.410092084 7.69660203932 23.6472411267 -11.6264018002 -124.594827396 -292.473555021 -322.186178609 -235.947161087 -458.952721443 406.75481758 
-28.2189783641 387.521624095 281.333427046 -419.331340092 -427.171890808 -210.70308404 55.3349263614 29.1934948919 -204.480563208 462.006558107 
-425.93696608 459.801739778 -29.0468455194 414.166939391 -2.41645854611 322.602966277 -205.346606252 183.277270685 1.70942492384 -208.703486837 
292.413477236 65.48041942 -5.12188252553 -238.50380547 -28.4818876897 319.934290169 -143.581942418 -430.979326199 461.307953094 -207.13657431 
-459.1168342 -303.690959335 454.66267224 -105.224527071 406.376368099 -237.458103997 -316.56109127 -10.78570375 19.5771074146 -0.400676921477 
-116.045016608 -459.745007107 274.340319742 408.183960077 -305.738405472 -29.0470328154 -403.728623997 13.9842112822 -111.397049272 459.351081619 
457.508050344 297.64274407 -418.228014181 -23.2982061443 -13.0456369042 -404.176314024 -321.843121741 -131.61106491 -188.246193014 404.50631256 
-129.479450019 -17.3408591764 195.773455855 22.9107006026 -403.718243868 74.6846995309 456.348040937 -418.764138711 419.339943742 239.266433982 
-181.654716045 -8.42236296243 -202.765067979 317.076921066 188.700845359 -29.2563771786 446.910878994 -403.252506646 441.857272172 -422.077830605 
-24.0190340921 -147.501519717 -433.131421134 -398.287938036 318.068623813 -7.75735961716 -213.797898706 461.763854697 312.602896122 27.9564643286 
307.657793874 -318.809391011 -34.4099696134 388.585733757 18.5652620512 -385.170070828 1.82307533697 -334.634917787 458.987186122 -29.028674841 
455.097892677 401.694173555 -183.220739014 -401.743475614 -9.39913616699 -189.696204235 27.7338663388 -432.766465764 316.421831295 190.091976212 
84.0050028666 -429.847585422 -404.494201451 456.82542957 -209.981252095 320.458871625 290.491120175 -118.147059317 -9.02010439643 -29.0468425164 
-459.143691119 -28.9436851147 44.20929409 310.701188548 453.997765218 -262.874609285 168.848795239 -4.19011981335 -166.540494143 -276.430017576 
-30.2533975685 -204.941502036 -406.541173101 -226.02405232 188.263970665 449.189249182 -459.083291385 -28.9119825719 187.451255845 419.947492476 
-129.317266997 397.849086493 -319.43762629 -131.847874432 449.964822772 -405.181351595 -3.03579193713 -9.89885556729 308.690997212 -425.338029759 
255.303582633 41.1014627838 293.26798346 308.454498603 4.2223624936 -458.879207697 -28.9639961525 -360.646169933 -29.0468425173 449.82246238 
7.83302794734 -6.60165728549 -431.580883238 -213.561984555 318.795751008 -211.963513089 306.053015061 -211.619919246 -5.37607392568 461.694210869 
-395.56093279 -27.7147932251 449.145516567 233.333833292 -98.1369973303 -176.884358466 315.302768769 29.0468215918 -263.043513615 389.691550655 
-94.6074950995 -443.41020052 188.283674129 460.344864625 6.40460292884 -314.147890764 131.60990218 -226.160005486 -29.0501451722 410.486916599 
-318.537309378 -96.7462945316 -261.739810022 29.0364239611 425.263965926 454.135234277 -7.38018115585 109.972551436 -458.031235213 28.9477976043 
257.87812 -207.028608943 -217.60937131 -426.560219597 374.925951127 460.599460613 28.8584128223 -28.8597346131 -136.778725547 96.485949944 
1.69385679698 459.801776259 -205.347721621 -208.704650227 -2.41686710595 -29.0468425186 183.277275612 322.600276945 414.166691122 -425.938104907 
187.363211012 -285.159823465 -458.600142349 -239.176380251 -28.3690366455 3.13017652504 -240.159120878 1.48482820228 452.900962839 420.116734639 
-191.23431778 -29.0516702759 -376.50517547 183.718914279 -40.4832165771 450.843999743 29.1114414817 -191.959861151 -410.497663492 309.358723466 
206.274499797 421.72837691 186.507150082 -29.0468425551 -281.107219087 450.049555551 -61.276598539 -418.723865223 -459.13572204 -29.006394264 
453.916806337 309.016929543 27.9138779512 -190.610434659 1.51132629015 -414.083984675 -189.986547837 -354.677862152 238.773421764 -16.6128351003 
29.5065787747 -424.107098578 -219.806922678 -429.761469187 209.257423902 19.8097681769 -20.190499709 404.383049666 393.206295046 -205.356363314 
224.384525592 13.1433099633 454.497421111 -24.233290418 430.114041785 -400.516346469 -184.498138001 -411.847142665 34.8323047723 315.963494142 
-198.325338615 -79.3571501095 -330.061518163 426.045590915 434.873029054 242.337760951 130.976678615 190.357790804 -354.913092422 -30.4841299815 
-412.041595678 -31.9908218988 -167.970191221 189.442415612 419.606122262 -226.164578749 451.063646252 -194.433645076 28.9549112566 -458.983680935 
459.364441841 -430.226424832 -194.46628229 -313.042582708 -190.236432641 22.2077223119 5.16068881816 6.11544188547 254.8801497 293.17963546 
417.047965656 388.04149617 -52.381890766 -233.920048316 -28.9032554418 -326.079967081 -0.519204790532 286.703806491 188.513316357 -451.818623621 
-211.142417587 450.296925684 -25.4514974961 129.907655735 -412.611141805 436.999435779 -12.8618825085 188.450068959 317.533472396 -437.138050139 
445.873352813 -402.89031339 -180.789939867 -171.679979923 -420.639786921 277.927617622 -28.6551154345 442.884184092 287.452973517 -28.7241219829 
-432.548648811 -29.0475056581 313.934473355 -396.762614401 9.92931935413 452.72992471 -174.209573653 -138.314281744 288.240732177 189.08720065 
363.182330107 29.0458683616 3.5093092291 392.671781864 -431.544757849 462.595690378 -214.645595899 -240.132654584 29.0462489557 -256.618618167 
-424.012678727 21.5224322519 -28.9888595265 -347.611989677 -199.871265778 318.598101921 323.835450578 -341.200098341 -1.35057112468 -28.8447245722 
-430.842257182 189.333065441 -408.379445693 -28.6365619666 -211.798905968 419.569757013 -203.338615218 186.222400354 451.548876176 -29.0468425172 
-28.6104659833 -454.942143564 97.410117623 348.952653042 74.7951953671 87.7705356951 -181.924419004 -169.770905503 331.856524844 -383.178429423 
450.036227165 -459.136640617 -29.0468477314 -29.046842542 -61.2779002571 -418.717546392 -281.110649261 206.286630793 186.479553895 421.727183752 
-262.292600093 443.754429304 -170.728622642 187.139959697 308.991301794 9.15542067535 -387.729130136 309.618035297 -29.0468425925 76.2393095774 
110.882524454 -23.9121458023 413.997821155 -197.14756684 195.659772993 -413.102760806 29.0468247864 458.951420895 -418.416675823 -91.9723886256 
279.627168799 -432.193923363 178.566321959 -400.972582266 75.865279848 28.2382918258 -206.103154509 -86.0734268549 394.120302724 -175.312825796 
-28.593973688 -192.744960067 417.03786233 186.869849376 32.8735329036 -412.46514588 -415.969586129 -191.579441003 13.3790547123 458.474708428 
-178.801950201 314.41315995 -425.769130381 -25.8674296516 23.4352021499 -28.8791396603 -397.851264979 418.181194163 184.370596526 454.343919523 
225.85977701 9.60529730025 428.97874702 -187.463668596 247.846210783 -411.352389868 -404.172263042 29.0460149834 29.4274116167 454.988773884 
18.3373654015 29.0498643418 -29.0475895523 -281.828351861 -88.0807750854 -459.305526426 263.955495894 405.823602238 454.329933724 -237.799889548 
-83.2589083265 428.202545548 -260.306833864 262.422579346 131.091593702 35.151782493 -461.109520133 -253.029943333 394.161892409 -85.7917466528 
454.587135554 -179.702008503 417.96358113 -28.2810835191 306.969433005 -28.7942422656 -425.2971189 22.6533537867 184.51356227 -398.806482905 
399.07271245 -319.154312448 -126.959892473 -125.854336873 -6.78502981252 -404.974152242 -421.519456389 316.875800637 6.87734032679 449.393121846 
-459.108082256 204.29317083 405.416729865 221.457663413 -418.914041597 4.91244362193 424.956490526 -324.104246511 -123.215421245 -18.01070807 
207.632169055 -105.923697403 -419.92313531 422.488033132 -320.32153645 29.9278921402 -29.0081417344 449.60152593 185.974010675 -458.838036929 
438.603981932 -8.12881694234 -458.64799252 -319.367220099 391.494597606 251.26190986 -279.036765958 -99.4324785709 -118.16797046 29.0412492341 
-253.394543827 -30.7821875763 295.511497064 -390.761241076 -185.85833672 440.840302454 -26.6228171497 318.839757101 -404.282010307 35.2419673511 
-305.435748297 457.364573242 -110.547039335 -405.075738198 -29.0468423879 407.834498098 271.720534579 -459.657306467 -185.657311186 7.61041073727 
-459.699322437 271.978138752 -305.633141365 -404.598329884 -116.963742916 -110.619720823 6.61085110182 407.929406184 -29.0467007878 459.358133422 
-13.109742509 -0.541847994907 350.77732069 294.013718292 -174.245649104 43.7852659747 -166.2065931 -390.552891508 -396.126060757 337.078235228 
450.624258699 -399.374695207 10.496366817 -173.677796611 -459.714257434 54.1746837325 -29.0468425179 436.45726263 264.624340612 314.474663623 
-303.847564841 -29.0468413278 -451.278523662 444.018338305 -84.5064030536 308.476950475 -376.531846427 -156.514539506 38.4426221577 55.472657639 
-120.371089174 -15.6472943114 29.0467620468 -406.614369891 461.972078673 84.3715875386 -248.096411295 -432.988946756 397.935457377 307.901201711 
43.5878069123 -378.554557393 -201.770067199 27.3698778414 337.987383808 158.718836376 291.70246443 387.994608549 -433.241892764 -205.26298576 
-418.394803017 -404.031665248 -321.90008558 -131.860771245 457.477558336 -187.826507801 300.174176196 -13.6836303767 404.52770539 -21.5539634948 
207.294893974 -16.1576451845 325.872026611 3.42217158724 -104.210928571 -198.260043481 29.0468702215 377.148886066 -420.989273811 -295.127029435 
-319.33985519 29.0025543025 -239.530608821 -269.467842777 434.270234665 -457.883498787 16.7594532622 10.2655656045 451.950557971 -33.1553922251 
71.1063866941 294.519550578 -142.30847513 -431.084720754 -208.285861611 -29.0157290734 461.108169096 -7.84616569042 -210.718906169 320.652074227 
-304.009394385 186.568426966 -188.48333081 407.031014652 458.101523303 -408.266000543 11.0095171694 -106.748272789 -29.0468432148 -459.365276722 
187.583824958 419.762558618 -207.371156215 -29.0360690168 -432.851936405 -214.199631538 455.742018642 22.2696453068 -416.797049568 -202.79658061 
404.75634763 -284.56639097 -13.4860140465 -129.833973984 29.0463760252 390.984642393 -0.217630599585 -322.266658133 283.697127075 -459.678795186 
16.0455495284 -28.8572516236 -27.9672519411 -404.82002377 188.961767934 185.708685966 -419.841030652 418.220710689 -185.34135341 456.600017705 
-203.931194291 321.190415044 17.8251736102 -426.369799706 -324.790419558 -10.456090524 -102.950231313 -3.29642069129 408.331628495 -308.298891106 
436.261840361 15.5896405308 -26.4250882699 -416.596012624 450.742385458 263.376524755 -10.0212982752 -182.648660939 299.04918828 -397.958345769 
-185.207818814 -29.0468425171 320.510733896 -209.648039413 19.4723634851 -8.63161595773 290.004726472 -404.0774436 455.854899121 -429.556803736 
-458.963162292 458.955871572 -192.388739639 -103.395205575 14.4515057188 -412.687945155 406.915526352 29.0467886096 -303.799756979 -195.176428747 
278.429874782 451.036702019 -18.2368327496 291.145811156 50.299264977 -459.148606036 314.518502372 -28.9685235811 -201.478131286 22.9894063961 
-0.5313074711 287.398537619 -318.991194573 184.50955276 -45.2194081488 -28.848227113 417.237769108 387.187664364 -171.194259512 -459.107864419 
-406.949031949 212.063508309 420.00883787 -10.4708317414 240.683445531 -150.775244832 -430.511272668 201.272399515 -12.0788202 438.443093887 
-122.96173911 -331.238050668 -361.999147176 -384.592383667 -167.293993143 458.66593411 -13.0081070678 414.627229216 53.2405432743 -152.116256461 
-442.371379039 -29.0466119243 -148.676977308 -29.0468425236 305.338685494 436.675160705 28.0914635998 450.492634777 268.182473518 -401.494386735 
459.232927926 29.0468387868 361.913568199 -203.891892376 25.0558765708 -421.597476984 -259.385776799 246.134526101 -207.893625291 24.9011224855 
440.274097448 -415.906703652 -197.798853458 22.5387839447 -194.671491175 408.812866 199.942007529 30.0557852538 -214.730625194 -423.952017601 
290.286609632 -185.203939334 19.4719127543 -209.607367983 -429.538444211 455.885960965 -9.0717052405 -29.0468425172 320.57190148 -404.071476439 
-457.616247124 287.72753095 -28.9231155348 245.547695827 308.260336768 451.080356347 42.8877635081 9.77275342957 -341.201272332 -29.0469852464 
274.205697813 -10.8131438193 -433.728577069 457.731498691 -239.837470001 -230.801400462 422.727605463 36.9620243965 -441.247165997 191.933367208 
188.892899175 -213.809281702 -203.347875421 419.592913316 451.545311673 -408.41733363 -29.0468551735 -432.864967021 186.22315221 -29.0468425173 
-404.539364651 185.195526698 -459.583386342 288.675695649 -28.887730783 -238.512417951 420.100105063 -28.9746530316 457.360294971 -185.678191862 
23.7038675678 448.980142462 -18.5688196971 259.968837671 -458.542392243 -48.6980051498 283.922704774 439.190192243 -241.156842757 -48.1416003098 
289.21430578 -185.131847015 456.0338199 -63.686323236 -404.289022606 210.604369374 -234.499106095 -459.602948595 426.25524065 -27.1198621378 
-452.796686491 277.913867801 -125.011671396 -29.0858567457 453.616941938 -326.371157275 404.627739816 -7.61628658642 -227.624430772 33.5044787978 
459.232816687 24.8911108047 -207.895302164 -203.891760195 29.0468426237 246.135320884 -421.598280223 361.912452206 -259.386202219 25.0560853919 
302.681870575 -143.919369235 -461.715651928 -29.0399052158 440.809295375 -29.0459021816 183.14542887 188.901840176 406.540409883 -356.204100787 
187.128518925 306.589247601 -383.339694257 45.9327732687 411.145616999 -29.0807607034 -398.647769121 -158.789777484 460.247299606 -27.9310741939 
-377.205036467 -207.809779704 -316.627141164 -134.942354026 321.677717996 461.860308519 -427.490018012 -7.37957729609 -3.56104938312 7.18911918883 
441.035452442 -29.0468428147 -369.785825216 365.165646986 288.238992042 303.212138643 141.193204212 -29.0382247315 -79.9940935707 40.4829514107 
-394.790308311 -368.577319734 455.457187812 -43.4126393869 -411.518093749 -20.1198942405 309.115776107 -34.3383638657 -176.894155284 310.279785867 
454.755317214 -304.521140739 407.240620699 -458.960822488 269.316675549 10.229337523 -29.0468425173 13.6590906229 -104.308239772 -237.634566266 
-431.407802066 -241.358861206 404.58800604 -407.230131311 29.0341320716 431.583905347 25.1014536061 167.449691552 -121.834301429 244.016106032 
-319.767160676 -215.285477584 318.290009507 4.41584240723 -5.1619314159 1.92896053608 -214.565168992 393.29898314 462.27033524 -435.240627085 
18.143998532 -208.956805038 -419.137340926 -105.816586134 -304.598303224 407.211591192 29.0468091272 423.785838317 205.895973433 -459.075644346 
374.533619529 217.208794348 -407.513504212 -317.71127122 -29.0427173791 -68.3696848969 3.46698852605 197.7108211 -40.834967855 421.363945806 
-205.815600758 27.2232739495 436.631888867 -119.755680463 407.287638166 -319.934821808 -417.030634491 -192.29679066 -4.02998011542 -427.150618646 
383.993143979 -135.251459925 -319.131646363 -395.52956151 80.3299257102 11.7293697015 -179.163219785 449.775702589 -0.409810802806 314.062237743 
-399.865731923 -107.549705618 -324.554315889 442.764853142 445.993641196 -202.263043626 293.655516519 -459.356559764 -29.0312850932 29.1041591506 
-29.0453840626 419.267280087 444.361078821 -398.078886244 -459.727144843 -28.8380416382 302.77575197 -172.380795143 -174.396696682 184.472257366 
445.409984125 -383.967539974 -172.385159039 304.26193779 -44.2338848054 310.510494155 -27.9058230181 -395.024868315 -374.185674273 -24.3196331385 
-48.6252074677 -24.8373786823 444.7783713 -375.916031863 -387.258208057 -382.381495145 307.397458492 -162.675848312 308.821095007 -28.9275409546 
419.148128432 -5.45101927624 -28.8473806758 -183.701619984 -402.77680739 184.088627796 316.534299629 -171.748451486 456.746626457 -459.729154819 
202.182450594 -329.364103501 299.024485455 307.042249381 9.86902216394 442.796298007 -177.997220839 -387.490047651 -29.0259044921 68.2183220037 
-104.479162575 -324.502799368 116.983941346 29.0468281495 430.113840197 396.506174409 37.4662320824 -419.803154724 -104.160291202 -211.550434226 
-113.314072822 -423.109347211 -42.078431528 -0.420622496856 -457.562166287 -317.627033427 13.9222739463 316.498620993 407.662198809 -203.306590489 
-440.578311007 29.0420850907 186.883814773 412.008035843 -443.167423024 -29.0468425172 291.017114985 -153.202203434 460.119791162 -281.749314981 
-321.070348953 -457.000495529 -10.9263200334 414.825970768 188.97169303 -114.559484119 406.456577744 -29.0468426109 85.0204596602 -424.379493786 
-395.82326113 445.190438789 -451.292230658 241.021219043 -28.2562870105 259.003533687 310.660414262 37.4387507417 -181.53020499 -29.7623311776 
322.98681458 -426.15835767 -6.03743371853 -456.218331408 187.581765264 -81.9555982116 -215.923100827 -206.522832134 -29.0468425172 420.009677434 
-388.856293499 -401.298465891 313.131674538 -42.4592289874 -165.226777431 452.311588352 306.899808039 -27.0520721584 -25.1033738834 -382.610174857 
-175.067494024 -460.16704511 -154.368794312 314.799271756 301.758507283 63.6167429681 5.02824650686 -25.5758898932 452.75272062 186.630816442 
321.395049265 -29.0468430207 -427.7535573 -408.038527176 186.655115905 -188.671359055 456.831782191 17.3456448412 -8.62367162138 -207.635493428 
-238.369142594 -24.3299652709 422.214199272 -456.837505917 -13.5143220288 256.040135402 -245.13336143 278.87984952 -27.6360723238 216.391380593 
-211.875545367 -431.824376186 -212.370684427 307.150032428 318.81639219 -7.38181991885 -213.787793271 7.22009909347 461.677584447 -5.52423906432 
-11.8286794187 -132.712258868 -416.891486304 403.956542747 448.589943719 -181.162040413 -404.598215825 312.922215192 -12.8956330786 -322.027188446 
-317.387249516 -101.006961798 -2.43907552279 -201.92421663 -427.667585361 -96.7522789821 -425.650328004 323.338855671 439.422405275 -3.22162039994 
-178.973777985 -29.0468425173 309.647336935 446.661854135 -394.677602291 189.472660521 10.4593467283 -31.1548346291 313.711585639 -374.250683865 
-7.82107218695 -426.247904239 -317.970469255 -136.064230222 311.219297514 -123.932022975 -5.45652778916 -405.845797279 398.76609464 449.555407681 
-404.52060549 -200.479427186 -419.414667645 286.240201137 449.561181583 -103.114635133 -15.3529878485 438.221584449 -322.384341885 -29.0468425143 
407.829279834 -404.976795304 -185.599235381 -29.0414757548 457.384334553 -459.669795621 5.40837934907 -110.659354513 -305.565464629 271.733101579 
-225.936551411 203.843150897 29.0468376748 -230.085448325 -23.1068804499 394.068995833 294.127715346 -426.522284649 -449.596322341 60.9846711852 
11.0579900971 438.697643719 -237.695490993 -289.139920655 -458.991329131 -13.1035172151 -322.803875796 -125.290464371 29.0432772486 407.462114558 
-51.3821111648 387.967760382 -0.322153116998 188.505381682 -234.203360126 -450.966596529 416.951538471 -325.456466986 286.953397512 -28.9732779057 
318.302311886 -192.69163546 -163.025818577 459.731220503 -432.489451693 -142.16692734 317.319869859 -449.825529912 -14.7263591817 -2.65584160882 
183.277291736 -205.351072243 -208.70981431 1.64486626762 322.587666024 414.16714155 -425.942341448 459.801710071 -29.0468426252 -2.41965797144 
-23.7928626622 274.770759032 34.1033951346 -107.048134467 -322.454028329 315.423765797 -394.969688883 455.269657011 -460.860789367 -107.796824636 
322.892505662 460.843315802 -208.746924898 -410.531961918 -191.614975309 -211.88041701 2.18096865221 29.0468402391 -3.74713641158 -429.228074139 
-423.007035249 -58.2257201968 -457.607471224 400.975712555 426.283588825 -92.451817616 -218.718126434 -218.192348561 223.99947839 29.7405070918 
-215.600916144 -449.576191735 -29.0468490378 416.747448335 -7.22144367119 319.397192403 459.42370476 -210.487911904 -431.63486915 180.827623162 
-403.870194223 -31.5454356803 418.960017689 187.911386662 -459.545145857 -230.904066794 -28.9267920503 291.413435085 -116.235891504 459.101402135 
-74.4945012166 279.842622945 389.256095321 9.66594442267 -459.217938307 -319.259904485 -307.363921423 -1.50465417482 408.956166621 -107.698700238 
-237.971971663 -456.182617668 -318.636108987 25.864803604 29.016306076 -267.551710176 28.8402699783 454.645374188 429.771733623 -97.1960549536 
-321.48111115 404.592417504 -428.265820906 -196.354321847 -407.926261979 -131.082677774 -11.4905778113 449.169747419 315.39909603 -4.42030155313 
246.889781265 -458.851414428 -22.5624175951 1.70582247434 -292.845221549 385.911587807 -122.319713578 447.059820668 -317.204043898 29.0459103356 
-458.090168375 452.583945636 -209.116823615 -195.218246149 28.567607713 196.043713645 -28.9987793024 420.286313672 -230.320606727 -412.539256628 
-16.337356326 243.645786877 212.79324392 -208.230439143 23.0832947577 308.193460571 -400.399359331 430.793307522 -29.0468426044 -362.436241859 
-210.444511944 -449.612513296 -29.0468441121 -215.458682684 459.4642841 181.237543873 319.401143309 416.469693559 -7.21522324485 -431.608179617 
455.988945221 -114.492665103 -401.66372974 403.312348928 -430.569192661 -203.22488611 264.795346299 92.1789180041 29.5407708646 -27.0836682207 
254.53354336 -105.667654833 431.929729519 95.2262822092 -327.631586242 -29.094763881 434.705030032 -455.120747921 -230.684800466 -15.8054405503 
322.840760643 -442.790808639 -422.604422215 -6.57734461334 -200.864777856 -117.457194335 405.32531152 -18.74537813 -319.408858791 -1.97348465595 
-403.975023132 -321.847176316 -187.590540188 -20.207312892 -12.9802800452 -131.897720012 404.489259362 457.462331644 301.724740948 -418.501233373 
-3.78707184438 322.370565814 25.649839748 -427.101025706 -425.345393071 -203.123422716 -207.225984038 140.785566974 -100.124160022 402.657552045 
-406.051843475 311.549181358 -395.173416263 -60.2302281959 444.510376372 -375.49805059 -177.464161262 -28.7235665012 -27.5304738289 309.276362684 
-255.884126739 236.710593736 -226.024955378 -430.677804407 29.8661403326 4.68989939192 -209.592331468 460.905273723 17.2906898911 378.13416967 
439.096678368 -436.353165471 -123.215267948 27.3037223038 -414.601696281 -194.374285816 406.156358701 -6.33001807798 -120.726075164 -319.718574688 
-416.518323399 -194.865547641 461.524798204 -315.830948419 0.884567400301 324.285143689 2.0494414957 -208.502936856 10.7129359754 -428.8674159 
-320.662501045 -265.635584468 97.7747409595 29.0472251181 -460.336705429 389.26797352 -132.961317813 462.315928401 -13.1054243751 395.022901285 
-14.1293370079 -29.0468425414 413.719040286 -239.365612568 7.49264475766 -315.834427724 189.653279628 -457.446691927 390.179460769 -133.176987688 
30.087295345 -441.775906196 -226.143704091 318.326785967 460.532019529 33.2766485096 204.074119495 -439.018352491 -218.111753495 -90.7990869268 
-432.898578476 -222.592639852 22.6983380432 -28.6322327246 272.70734005 -445.09555155 -235.772158701 180.83325787 416.861113826 459.407106005 
433.562211231 321.13228514 -208.626405502 -24.6398989627 -428.525234726 -409.300182877 234.801289628 138.53207761 -8.42617495214 -123.919722486 
-459.785350838 329.231413453 312.90646515 -187.982679085 23.5615629948 -412.548963263 -257.912481452 178.715768125 -52.1816355916 -22.2638022322 
412.697674305 446.274734533 -461.315362015 -367.270761341 -153.432823092 -156.875759692 -30.7039565317 -241.00118837 170.154812208 207.509243454 
-182.823756413 315.260977123 -398.675738462 256.184888279 435.510481975 12.3513458004 -29.046844776 451.197261523 39.7064436022 -408.674983506 
455.064885385 -413.67283921 263.357275699 -224.929482543 -198.331411132 -428.228729458 28.3702511703 37.3069527618 34.0828197039 -191.980401269 
11.89069111 -124.736184642 448.53569732 399.431600153 -6.13311516568 -318.873502213 -125.980395879 315.167893426 -405.104821219 -419.539761632 
461.338885822 -254.360850084 281.602204218 -216.713826827 -443.740489105 -29.0468426831 -225.021341883 -436.446655574 28.8041379183 403.365549625 
313.036773059 -54.1948881361 305.377527056 -88.6009727969 -377.333010309 -35.5823543403 -388.135397496 -397.083991273 455.305417319 -29.046297974 
430.677592248 -106.680700131 -413.575519694 -44.0327549849 238.303379065 315.5960339 -23.5495173537 454.150038957 89.4184434025 -395.217877952 
12.4981039627 -284.378500999 28.3937812981 -237.752273262 -301.837507335 455.003329845 3.84341024306 401.352629619 -90.186956098 -459.069058414 
-138.857972606 -164.607893645 124.212241891 96.7088751053 334.615903997 -101.17746174 -410.799738374 -420.344781661 359.071946834 339.426643818 
267.077597648 -30.1709546466 -388.075405305 312.730384053 -22.6471697158 10.6226189186 -461.784201282 300.254924985 454.271040015 -83.8743281307 
457.917913179 -187.901766489 -407.624798956 418.732979117 184.568004802 -28.8711290176 201.173177214 -171.377974382 -459.328643706 -28.6585658172 
-321.623203485 -13.3752290086 189.512268331 455.396687286 -446.776329218 -229.624018463 -8.23155847116 -226.108534982 -29.0468425172 416.009550689 
-427.973666704 22.6373477667 -106.393419583 310.911683968 423.907638709 -11.3638775765 444.690219515 -324.75974704 -408.067600166 -187.640243945 
29.0468338435 -234.897340415 -139.983050354 392.089005884 -430.113877143 -256.08284216 370.25411019 60.5861046322 29.0468425094 462.535384633 
-422.959959753 -9.88069547304 -406.280671456 4.4678678311 -124.011562542 -125.241499556 -319.293348431 402.254985596 448.838308414 317.818726168 
-40.9602515731 18.3790842155 29.0467977226 -413.502204902 -194.401377837 -407.174034751 242.617379155 -191.778213595 453.522262698 431.698685553 
-174.911083634 452.569715032 -323.054826594 -394.345097596 -28.9296820296 285.537082859 314.706182546 33.8890340204 -107.987922291 -460.818765534 
-238.44153951 307.688092435 -19.2399385633 168.164316569 -271.958276169 -459.618904935 38.2851032875 455.671107829 29.0470682054 -265.701918164 
-34.264685308 309.306897847 -18.6505593287 455.095398333 -367.833471098 -393.772522315 -43.6997978825 -408.322779172 310.464528932 -176.313130584 
-43.8207918582 130.925948832 60.0821252075 427.791753247 -407.284288358 -360.551634298 245.685966126 -285.298674728 -94.6271311082 -176.04531148 
364.656753153 240.079116148 257.618501838 -59.4249461404 -39.8857219467 -205.543287457 -419.856857381 28.8673220477 -202.513078609 459.505424258 
-406.232767904 313.73362973 -7.59857952622 183.821568201 -176.801870521 -28.8234452495 419.606295614 448.718381362 -422.625028356 -177.561957695 
386.092490949 -230.954792638 -20.6688534404 287.925866621 -449.180254719 -25.8849793896 -291.448872597 67.5159977799 461.840154625 2.54616783131 
307.393448009 -44.9101554906 310.409660325 -29.0469234943 -377.598109383 -384.614437618 -42.1781744822 459.37443765 -411.40400931 -29.0389012771 
-446.336499148 -327.878816639 -315.616276534 103.359483867 -108.334255035 255.042531465 455.425612978 2.77090727965 427.973326304 35.3022824373 
-195.129919957 -29.0468434842 54.5871860258 -459.43658635 -401.541632402 265.852605407 312.975842208 450.283980111 437.020897847 0.0899690353222 
30.6022267736 28.0927041359 -286.592846302 420.841740592 10.1856557724 -238.119459506 -459.301741572 -304.844386052 456.477983754 -88.3096927123 
-103.305696167 -29.0442538633 8.89989641479 -303.504181395 -458.951857378 407.217820031 269.047372505 15.8457586287 -237.633187485 454.733875663 
-109.66458708 104.946773876 -328.334685932 41.0265697642 455.389184516 428.057027453 -446.69606318 -295.485982793 28.977058173 254.306161424 
29.0561538081 -320.407206417 -270.20879693 -118.780411101 407.535904166 437.764351565 40.987213307 -3.84508866892 -458.248053643 -175.379848418 
-29.0468425185 39.933811391 29.0450226223 438.643878096 275.652834055 -262.486153859 -459.856566794 -168.314718338 449.307637217 -396.248641252 
302.950256265 -7.82790387268 -168.946882011 216.264961984 34.4044576431 -387.279389446 -47.7463312292 -407.450395517 -188.771082391 441.376563165 
307.961172935 -28.9530590332 34.5603719052 452.22644259 -228.742941117 -447.568802022 281.038240741 -8.99650383427 -319.21201262 -3.96712480228 
-415.668471799 311.472923141 -388.408145734 453.889539074 -99.6235498704 28.8394004385 -85.1830802387 -380.618440424 -29.046842523 312.600977615 
-206.987428898 29.0475655782 -444.486183042 -16.9047813075 -250.556701947 461.15818375 316.703069481 -156.820743643 -438.888602552 311.8508148 
450.776824644 294.125879498 417.400856274 -418.583940578 197.712101587 52.7074918378 -35.3615575038 -192.948528319 -197.387256878 -407.590720308 
-9.15123981992 400.533329944 -406.040959057 -320.099350409 -422.808544109 8.07400932743 -124.731742535 -126.015218183 450.133006765 316.618232854 
453.116973022 -431.122364291 -391.881299337 271.842884634 -169.018329873 -46.3512710436 -27.2167950995 316.060063914 -8.7707480441 309.445261769 
-318.967954379 -137.053965179 29.0468420838 447.181162631 -106.17627857 384.302360724 -458.800431711 250.783586253 0.248975404078 -322.325450397 
425.159293782 -409.373466903 251.621769252 72.1967345158 302.772130043 -247.16462136 -66.0697998646 -19.2951904897 21.468934472 -425.913602672 
314.638776942 -433.589978797 -348.379077996 318.827664695 461.937954223 -1.36079603018 -6.20714671686 -28.1175016432 -213.426095825 -213.283433472 
-102.94930478 -303.648468869 29.0468319416 452.607534596 -208.76340228 -195.096231001 -412.496502561 406.205453025 -458.516265412 22.0136850481 
448.063873129 -374.98079306 -409.39213448 -29.0468425451 308.397136473 115.826945656 34.9763795576 -302.388564979 -77.6587888341 -187.030499176 
-28.1548786476 -24.3275800902 -419.680268749 310.052039406 186.006938249 419.87219428 451.623890975 -457.993279596 51.0113392038 186.943461948 
-170.420919796 -382.122283986 -373.779553596 -28.9919776661 -45.3730800286 304.374896847 -24.387162995 310.14622675 -393.567066676 445.482342043 
-13.4714951844 26.257884203 -0.215690007277 -313.192352956 -211.587550924 299.600677658 249.136739756 -430.11385374 459.50263932 -210.779946755 
309.622419787 -364.12417513 -29.0468426972 459.798708036 -253.767777699 113.321182445 87.1313314409 308.984599803 -450.467614608 -15.5415412749 
111.887161864 -123.72839966 459.374455811 259.475622912 15.8284102196 -436.615770717 404.636253475 -110.108091559 -161.271486059 207.814180958 
450.925745897 -169.504395226 -3.19026441771 -29.0468425172 282.437256705 -24.8445239737 -461.212359243 312.724236826 -389.433836075 304.246256606 
-105.228117382 19.5851726981 -459.116952526 454.66220684 406.375143653 -303.692895059 -0.347124977142 -237.457998192 -10.7937018995 -316.557406173 
