45.8702146588
43.3530683469
46.0842534804
45.6411864348
46.1083833927
45.8857519077
45.6286762002
46.1499353671
45.9116627122
45.9093628278
46.0263692327
45.9385460025
43.745056344
45.4591226931
45.7534153798
45.862040594
45.9417569512
45.6645277909
45.8933195814
41.7305594334
45.9862049437
45.8414853717
45.6822093253
45.7887266408
45.9021602376
45.9930046623
45.9554298777
45.9359676593
45.1393483311
46.1083786447
45.7292816959
46.039093802
45.8012220306
46.033104416
45.7479903338
45.8935082728
45.8319488376
45.9417611685
46.0536308925
45.7819551843
45.9685133564
45.8683652174
45.9809342364
45.8702269343
46.1453788089
45.9650409612
43.6516832479
45.9873697213
45.8378930594
45.7925853107
45.6866378944
45.7309087798
46.1121926536
45.9978683271
45.8620988301
46.319770126
45.8339005579
45.7836810692
45.9249204424
45.5966328932
45.7920984759
45.841375829
45.9671235062
45.8329631224
43.7881970374
43.9910210268
45.6476169464
45.7501579067
45.9260271209
44.3385262753
45.6260359592
46.1784958125
46.0015434186
45.7335398422
46.1695345763
45.8012221732
45.9681695909
45.8217645657
46.0644321424
45.7269348778
45.5571276335
45.8719224168
46.0205228903
45.7948467264
46.1694623127
46.0648204937
45.5177500052
45.9255825684
45.7711625961
46.0245657236
46.0363117808
45.7048248652
45.7153177367
46.1174911038
45.9671250579
45.6913650259
45.8432400827
45.9535016419
45.979158585
45.9441152538
42.3160887504
46.0506262793
45.7283711592
45.9496178333
45.8679756633
45.5072415086
45.7268257634
45.8624855426
45.6822068026
