0.96515902169 1.25283184152 0.823169190165 1.17531102436 0.980877238534 1.11253057977 1.01241187228 1.14251632817 1.14212906323 0.844269671291 
1.34802561278 0.703496047609 1.14427254343 1.03848552267 1.20331119083 1.14213148068 1.04370318687 1.18436778452 1.1421182237 0.974698091974 
0.938303064528 0.645978116032 1.14213127133 1.00473898494 0.962799565324 0.956655608051 1.14213156558 0.746444547543 1.20257903134 1.02835772018 
0.971530572584 1.14207824061 0.918092567156 0.767403461521 1.07990859643 1.0033233261 1.26550431385 1.24736443054 0.874660948871 1.10966886542 
1.26808184442 1.04388824715 1.00388365387 1.14212967366 0.792374707432 1.03351845874 0.632556091199 1.10981495161 0.999511866732 1.22039711463 
1.04062240842 0.898283612509 0.890666538701 0.869606984844 1.13554578609 1.12404148907 1.6998558139 1.35828904638 1.14213143477 1.14146701909 
1.20595008208 0.992749430734 0.938752913344 1.2301259217 1.14213143513 1.00378178046 0.824149165392 0.633439533963 1.04101961822 1.24484321043 
1.22330237499 1.34250809256 1.22821300549 1.27552093048 1.06932419625 1.00483578015 0.543362749504 0.97131055555 1.14213143509 1.0176535991 
1.22862610816 1.00840055998 1.14213079279 1.42973295729 0.999627992392 0.893494906274 0.665265039713 1.27048951398 1.30697081204 0.929511706367 
1.2457558595 1.1421161917 1.13354081108 0.946748832259 0.987174643022 1.08541443299 1.00206857091 1.14628305099 1.14245786152 1.23989229796 
0.964043592087 1.10243611942 0.855137790451 1.04187088382 0.896364096049 1.14251146855 1.01304328034 1.13860484356 0.986646145106 1.22831615509 
1.00892501351 1.14213143477 0.995665486302 0.82523281002 1.14212714351 1.19392315305 0.650004335541 1.00173462463 0.83106724054 1.01474446077 
1.12334595862 0.953261043426 0.888044188672 1.14351533185 1.14476153004 1.14213143477 0.853728594403 0.980779483571 0.979290504426 1.20109858061 
1.56807496504 0.992829255487 1.1274704633 1.14202552238 1.0701027397 0.764107835861 0.986911280896 1.17188248161 0.994179777112 0.742107572567 
1.14213141309 0.844118272347 0.844975759401 0.969222836589 1.02535765478 1.14051895867 1.36817419284 1.58150531063 1.37826740582 0.724168646938 
1.1413147435 0.801640043329 0.88067884278 1.03708969122 1.00780919904 1.36871811744 1.14213143477 0.870898353644 0.913155531385 1.15442824844 
1.00809508247 0.982126268002 1.40483026845 1.55872358007 1.61324895942 1.14134934533 1.03741810578 0.930345498822 1.14213069569 0.820372660591 
1.14212847525 1.67571781616 1.05626022996 1.23576770403 1.60868360314 1.01994450042 0.806625319176 0.83060295464 0.931761002145 1.13993690345 
1.14177098212 1.14213143477 0.806340965415 1.20949125405 0.987426287611 1.05517134501 0.967466163442 0.948810311402 1.04678379675 1.39192026597 
1.10680304996 1.18871223634 1.14213143477 1.16568114817 0.667732557341 0.866559181449 1.62087313489 0.75608814972 0.631512175991 1.02559698392 
0.997104739968 0.623934942342 0.906994528009 1.03723224862 1.34517504102 1.24307515376 1.14212938221 0.913339401511 1.33393070184 1.0021785953 
1.1831319699 1.14238918618 1.15118821994 1.03067389923 0.976882402303 0.986972377081 1.15461634644 1.31401676152 0.975945955357 1.01568072125 
0.98240875473 1.01213612295 1.6331583916 1.03566205293 1.11460540104 1.24293795223 1.14213067829 0.943544171418 1.05325147634 1.22356785879 
0.958864838542 0.764096095887 0.99673342557 1.21866067433 1.50825128629 0.935190024103 1.04563611618 0.813831555784 1.13418922038 1.14213143481 
1.0403909217 1.00383924267 1.03344086639 1.3049702493 1.14213143318 1.35136030332 1.08420152418 0.561145933964 1.14213143477 1.0706539389 
0.906679576541 0.951070370532 0.93354486034 1.27873317152 0.971705458399 1.01292372947 1.35430154271 1.14233989991 1.10662193511 0.983291423261 
1.14213111723 1.01433759119 1.14172709407 0.876437763683 1.04669650522 0.969348662967 1.52744077763 0.760922943364 0.937880723729 1.22972593495 
1.00639839549 0.918805641833 1.19289413313 0.830063129681 0.649983422254 1.14212669148 0.831086173985 0.995644369065 1.01559731346 1.14213143477 
1.24039553 0.995112035733 0.917124510141 0.974527640469 1.20869604523 1.1421314348 0.765617612411 0.594083212596 0.924043898047 1.15219960389 
1.0040055245 0.999520517707 0.791166516669 1.04164084152 1.10976056898 0.632605501029 1.03328881026 1.22400496135 1.26825746788 1.14212967684 
1.00408693181 1.11998008137 1.2142824408 0.912378440912 1.03185827482 0.883321989592 0.893962292313 1.09953638394 1.14170861907 1.14076125194 
0.887547849629 1.14213010818 0.88793778218 0.967470603106 1.18127998768 0.962175533602 1.14250616939 1.01221106864 0.761454375278 0.634684641307 
1.19371014175 1.59386326269 1.14213005106 1.23852773657 0.992341819613 1.00320847709 0.863908881187 1.36342311092 0.975382841578 0.935086796675 
1.14213043597 1.043837434 0.80379851112 1.0189763677 1.14156970034 0.852272714622 0.842848980262 0.659837274869 1.53417478363 0.989420694608 
1.14212978348 0.889266830248 0.970762514417 1.01068429743 0.950164136042 1.14253655361 1.17676394104 1.21083404394 1.03557791873 0.648898289008 
1.39294388384 0.989468697265 1.05570744065 1.02126205537 1.14213143477 1.21816628756 0.806149562855 1.14177828596 1.04745572275 0.968886016529 
0.964438688221 1.22071594398 1.0164077994 0.966045771057 1.15658954595 0.939381125418 1.107729402 1.44664402157 1.1421314348 0.534614014235 
1.55843263944 0.820439499585 0.982347516568 1.14134948305 1.03756417798 1.14213069873 1.61147390374 1.40442827132 0.930299928457 1.0085545895 
0.986531833115 0.962618908235 0.885224089663 0.820210282196 1.08138079319 1.11772518414 1.03742451281 1.10126731058 1.14250665647 0.862262337272 
1.14212203334 1.00448652464 1.14246611809 0.973758732413 1.15465709177 1.05172809282 0.949377050345 1.11079354669 0.81148286014 1.22307203782 
1.14377476774 1.07664459435 1.07781842646 1.10913095629 1.0259487595 1.28842518691 0.614003810323 1.05591689343 1.14213143461 1.14213071673 
1.32023580574 0.609583749204 0.98500159074 1.01842896409 0.587350428861 1.14213143484 1.300330571 1.21626022144 1.2705784423 0.999165119396 
1.14147361564 1.10707874386 0.98145727721 1.5873320666 0.969263325166 0.934095951964 1.54696775608 1.36423657323 1.14213053476 1.04120573671 
0.965227969437 1.10859215307 0.843791682843 1.14212908388 1.25307920126 0.823463516713 1.17558955696 1.01275194074 1.1425165693 0.980532400959 
0.953570882138 0.681225466051 1.19446125556 0.755126694316 1.0151777723 1.14213094515 1.05336224387 0.976642453121 1.1424786052 0.902656166659 
0.998505700174 1.13393710399 1.01508471357 1.1505737368 0.617336703348 1.06131182906 0.872549802145 1.12882768466 1.33280937868 1.0067086033 
1.14328163136 0.977366707185 1.14213143477 0.830575941027 0.895344125539 1.18207031533 1.3336759037 1.12798607251 0.695043485251 1.19874591077 
1.48777426773 0.986362772822 1.01225724118 1.04750855144 1.14191734049 1.30484424712 1.36564605424 1.03186818395 0.870353577288 1.14212938695 
1.00677491982 1.3989276528 0.910333729231 1.00932869547 0.967792444843 0.872026928949 1.07861167747 1.38633588603 1.14239410477 0.97595533791 
0.654977159829 1.30592705631 1.17216196356 1.00330301238 0.991667077479 1.14211078355 0.720901901814 1.16226728209 1.14211960836 0.864752302717 
0.945811751078 1.22406671168 1.405807133 0.928231403488 0.936879491713 1.13705039012 0.88517209345 1.14210716083 1.00498765051 1.12717263372 
1.14212956605 1.14106537185 1.31866426584 0.969843246458 1.5841500195 1.03274257579 0.814851597062 0.896262080015 1.1256325115 0.926439866285 
0.951421052876 1.14211582498 1.29935635154 1.14246774267 0.980162019491 1.02872128355 1.01061718263 0.933129003549 1.0083940034 1.08074771852 
1.20526616001 1.07751947961 1.14208202195 1.01939835901 1.14261358002 1.06847165865 1.17806185493 0.989295410443 1.00031096005 1.55523898071 
1.0456422869 1.05755296149 0.926995104311 1.11905711618 1.14247842717 1.09955986108 1.00863874678 0.95415247667 0.971491063732 0.993573909735 
1.00979240057 0.834177459812 0.64831311143 1.11811727726 1.17442075312 0.963755549403 1.05657271072 1.14212898647 1.31861351851 1.14251147653 
1.14213143477 1.08674654179 1.42420010402 1.11888680423 0.925112326883 1.14213143477 1.02791970781 0.878670336258 0.720531113635 0.931077568981 
0.823214784292 0.996670866033 1.2286802246 1.14212868124 1.03607938678 0.995551259832 1.00072149876 1.09338729276 0.73246319869 0.953297569141 
0.78289851174 1.14213155397 1.18243583622 0.961969465424 0.864062662249 1.05192911577 1.36502258428 1.02963412034 1.14213035946 1.00073623963 
1.16178525587 0.998155084814 1.27014594258 0.990582909897 1.01489872866 0.879542993508 1.02545656244 1.29078474571 1.07611672261 1.1435992035 
0.970637512927 1.27027197661 0.953529424794 1.33996376632 1.459828949 0.918232117083 1.14206299642 1.26725575791 1.01627854723 1.19999115026 
1.15872687562 0.984806522751 0.657926472905 1.06668347399 0.977238465639 1.14213143477 0.790865860706 0.958321632447 0.9410992912 1.1425585488 
1.04305776104 1.00555366185 0.913391729364 1.14213085384 0.843511929172 0.89761116148 1.14156386159 0.772541830513 1.54395136389 1.01381850519 
1.02963111287 0.864538058002 0.984496165764 0.89340548907 1.1421276835 0.858598449178 1.14088475081 1.05939491852 0.977400730673 0.997971880696 
0.914973403858 1.22814326368 1.02787310868 1.46691596251 0.927550741559 1.14213143477 0.72631752815 0.865302967848 0.743713484408 1.2537706801 
0.9427722202 1.14221396525 0.892525412455 0.69365172498 1.14212666188 1.07946338427 0.988444454068 0.981296933049 0.783902133205 1.04338884483 
1.23223328488 0.790787459818 1.32562246431 1.14212991155 0.703309543623 0.713755927106 0.889474820815 1.00225732403 1.14213143477 0.830406044814 
1.094584885 1.12405033913 0.949574788361 0.840277990573 0.88385055546 1.1425382602 0.970944150332 0.830289617947 1.14329326791 0.994558519757 
1.41962378462 0.992309184952 0.95058322848 1.16326793419 1.66496969018 1.01337030343 0.885010873626 1.24743855029 1.14213110705 0.841957956122 
1.01779226093 0.802698168144 1.08522888966 0.988356950616 0.844500621989 1.04816674141 1.30855046039 1.10873504885 1.14213143434 0.994784453904 
0.857610956492 1.11341773581 0.596584735718 1.03334505602 0.980967046736 1.28276341736 1.11442391708 1.02457806272 1.14213135785 1.22985745819 
1.14250037329 1.1421306204 0.998809005123 1.18689817416 1.01314876534 0.647954055369 0.960433166601 0.943666287452 0.758012185825 0.611448308777 
1.26298451033 1.26270145433 0.630282080945 1.14212981473 0.968202710811 1.52677692089 1.08674169361 0.746100495003 0.999657817241 0.995161129824 
1.08905188315 0.986385989008 1.03909448228 0.875699862147 0.762366365853 0.929588769751 1.14241160886 1.00639052057 1.09321086171 0.965833884436 
1.18632283735 1.05755158997 1.14213049406 0.756486008978 0.672156846955 1.14249317647 1.01278498039 1.00843316651 0.958221769728 0.923058314656 
1.59354099199 1.2385157327 0.86389784058 1.19363652321 0.93509913665 1.00317541145 1.14213005265 0.975380819993 1.36345129788 0.99211210592 
0.936636498292 1.13684666993 1.11136716628 0.905481144619 1.13514394138 0.906288176384 1.02791789052 0.99213441552 1.14242741617 0.977804427745 
0.791317890636 1.00404176051 1.05822577876 1.23754153916 1.14208051219 1.10707720946 1.3722271482 1.14213143477 1.0012845732 1.05286422794 
1.03871572077 0.813466794327 1.54014131775 1.07896075518 1.5216553993 0.958849631313 1.14209929137 1.14251033083 1.17821815097 0.974034038084 
1.14212887626 1.23992217233 0.997405397948 1.15351908017 1.19020002358 1.00312227285 1.26902753657 1.06733962399 0.748587603234 0.878439835218 
1.14213143479 1.13677829396 0.763512598924 1.06134265098 1.00374243796 1.15663743408 0.822996986381 0.68148502725 1.36145460915 0.758176568818 
1.11039015892 0.988230002333 0.992599147216 1.14245613417 0.909075162997 1.11528538869 1.10694849825 0.934238451626 1.02873109406 0.946611017714 
0.983994445873 1.67807884932 1.02261414975 0.974544196144 1.02896517771 0.713353003096 0.839219497308 1.01875572086 1.14213003976 1.24609221954 
1.14055580611 0.958765242007 0.800607588453 1.60070952612 1.34616256936 0.920076046994 1.14212872552 1.21679658817 1.02647712359 0.827913299326 
1.18791968854 1.0721706232 1.14249182138 1.14213054252 0.922989858899 1.01324478782 0.672648849752 0.9577991086 0.756312861337 1.01339427499 
0.93564842465 1.14213086949 1.1653631204 0.989988614053 0.695973404994 1.14250340917 0.971516044564 0.757063103874 1.02950012772 0.952605838447 
1.16663673146 0.787994547984 1.29533538308 1.23323540977 0.87927829665 1.03539897023 0.598548127503 0.995515988613 1.14213143557 1.11618174897 
1.02179941043 0.785614766473 1.60257868581 0.970301483462 1.14213028023 1.22854048518 0.865735488496 1.23195440108 1.22625330485 1.1432188445 
0.868483007713 1.14187176099 0.990805928297 1.14083189534 1.03856134034 0.885270556846 1.16272687517 0.920609672963 0.899585357278 1.19166423024 
0.987459659078 0.901615894803 1.1398963473 0.96287863747 1.10499274735 1.21601396809 1.2803973734 0.811242313691 1.01347081627 1.14250621304 
1.12023095984 0.967797757397 1.0808798938 1.14249996631 0.995663260549 0.96058817383 0.954171438646 0.916822333987 1.03039187782 0.99348510858 
1.14213141323 0.901880743089 1.02880623301 1.21919804433 1.60928059564 0.990468002645 0.953717435358 0.870519956606 0.970640832292 0.776890974786 
1.58354977012 0.91503337656 0.82880800702 0.990667539167 1.67080808129 1.11597732992 1.03195830973 1.14102306592 1.14213004752 0.939842383528 
1.02916040358 1.1424917731 1.29901631452 0.670732693608 1.01324814024 0.95897463398 1.14213143477 1.07445392001 0.983310531184 0.94903532462 
1.04312774203 1.00584452808 0.897347924089 1.14156419882 1.01327168685 1.14213085112 0.91371926244 0.772445152633 0.84322308112 1.54401361499 
1.60602180425 0.914064668617 1.14017078684 0.841091546706 0.844988834062 0.95571698082 1.65912510617 1.02204422217 0.939023736636 1.1421294466 
1.21641858975 1.01170463528 1.00131277713 1.14213068783 0.831565173045 0.624691245456 1.30026037941 0.887726533449 1.25178268408 0.896617409649 
1.036631058 1.11739343351 0.935800183142 1.14242687935 0.884703217855 0.651211183272 0.889761206154 0.992268246431 1.11177037921 0.837208983334 
1.1745353585 0.926479007034 0.991860845933 1.16700651328 0.923599375268 1.13880321411 1.00441433138 0.945636580545 0.619399336989 1.03356716632 
1.19685598612 1.14213098557 1.22143608074 0.981810213038 0.820201699175 0.885100437524 0.989534469207 1.66197306167 1.01384064431 1.24689369156 
0.849430375395 0.494945683984 1.01462641962 1.01146564872 1.1405299236 0.791960727994 1.14263904156 1.14215256716 1.25407866963 0.939933570853 
1.14250884616 0.861461741677 1.11689951842 0.986306321873 0.883760329501 1.09705601506 1.00968616479 0.962449995741 1.07246674154 1.07287985886 
1.14282510288 1.02374904283 1.071093392 0.946541629001 1.22391327155 0.989390565454 0.827994215567 0.859963087805 1.14202624807 0.963537798103 
1.14249050308 0.741129786959 0.986938483793 1.08619186267 0.88354691771 0.824402504359 0.971844009963 0.957169745132 1.09985315242 1.11762986258 
1.2632778035 1.10998898749 1.05554660848 1.14211080671 0.962925397169 0.916724186634 1.3825146516 1.45718668352 1.01824298358 1.19826259433 
1.05974532696 1.52125563275 0.989248753205 1.56792455623 0.985038132557 1.12913975167 0.836240813358 0.940313831957 1.14212440401 1.44545939626 
0.960598017458 1.14242381532 1.08851408496 0.948289313522 1.10086513905 0.988720412287 0.714632542781 0.934725476732 1.18339065943 0.993191520637 
0.546007097852 1.14213143283 1.10162910153 1.00332292758 1.14213143477 1.07066739743 1.26059816331 0.843891329171 1.1412148231 0.793365395296 
1.14213067841 1.0356388634 0.982288204342 1.05388783881 1.22356860968 1.62870525103 0.943631416731 1.11466164972 1.24277199636 1.01213832124 
