0.964622569858 1.22358334106 0.806200699892 1.1723369008 0.981033154847 1.13136120688 1.01156357272 1.14251443962 1.14212849199 0.847776864686 
1.33635005407 0.703738808456 1.14466151879 1.0384719976 1.20355676857 1.14213147556 1.04351504794 1.18267538199 1.14211819397 0.974547115664 
0.938552001196 0.645837725065 1.14213126902 1.0049788874 0.953259566117 0.956421994703 1.14213156809 0.746583068375 1.20048525775 1.02807023981 
0.97083691288 1.14207892714 0.917357113938 0.768242772102 1.0808595766 1.00336659642 1.26419081127 1.25210425999 0.873347209784 1.1095387027 
1.26758793445 1.04382589165 1.00347298142 1.14212968331 0.792752862883 1.0338051234 0.632477326667 1.10943317445 0.999511659548 1.2192616853 
1.03156510591 0.873316680173 0.848184444263 0.874666627547 1.14394871442 1.11971342971 1.2535552136 1.22101755432 1.14213143477 1.14120237771 
1.20598729278 0.992251205857 0.93911596203 1.22999911622 1.14213143514 1.00385771624 0.823952580091 0.633522105043 1.04030039809 1.24439113526 
1.22330237499 1.34250809256 1.22821300549 1.27552093048 1.06932419625 1.00483578015 0.543362749504 0.97131055555 1.14213143509 1.0176535991 
1.22864672222 1.00842576824 1.14213079461 1.42951393222 0.999641432599 0.893498803711 0.665259089438 1.27051307497 1.30691559529 0.929474740746 
1.24461987874 1.1421159074 1.13381669364 0.946796101328 0.987279662965 1.08498918288 1.00186528413 1.1458768458 1.14245797982 1.23935062383 
0.964257616094 1.102872957 0.855489353435 1.0419167069 0.897033109949 1.14251153924 1.01266199479 1.14204841827 0.9867421857 1.22204502977 
1.01031324757 1.14213143477 0.995912931386 0.828511200033 1.14212626906 1.18454089032 0.652002985085 1.06321496377 0.830136202893 1.01409453612 
1.08779817235 0.84408025636 0.731624733572 1.11918663271 1.14238259487 1.14213143477 0.822905443642 0.962236128003 0.929909534222 1.14212162109 
1.54942780446 1.03256164142 1.12412173723 1.14201257007 1.09090441347 0.708062429946 0.983265390256 1.15166216164 0.988223179035 0.74343604736 
1.14213141265 0.844516495701 0.844053271352 0.968957836894 1.02586673236 1.14057575261 1.36925920798 1.58085526663 1.37926838712 0.72452184937 
1.14131094555 0.805441059103 0.880732461182 1.0370002609 1.0086240822 1.36679185016 1.14213143477 0.870813936359 0.912797118571 1.1527585547 
1.09769510432 0.928688656165 0.946387664614 1.16765581755 1.16765600713 1.1417384935 1.04937133305 0.885181414767 1.14212804484 0.852191302705 
1.14213143477 1.06804870847 1.07533470516 0.918390231942 1.01713661269 1.03944894279 0.953719665074 1.13818402878 1.00239834827 1.14195587988 
1.14174097301 1.14213143477 0.809454128 1.22615946952 0.974602128984 1.06035475443 0.955645383193 1.04026469929 1.04709944222 1.38018233004 
0.96009900383 1.14144209277 1.14213143477 0.739887395066 0.757633269319 0.909832346477 0.905049130825 0.777779488782 0.712248031399 1.02197658324 
0.99710377679 0.623905900807 0.907582232707 1.03719010462 1.34461490393 1.24383327449 1.14212937839 0.9133946997 1.33395449128 1.00207489419 
1.18326471673 1.14235648723 1.16136325835 1.02862286681 0.97810586582 0.987138021188 1.15914884352 1.31326755267 0.97656131909 1.01581466048 
0.982274357812 1.0121332627 1.62610259117 1.03564546106 1.11468369523 1.24273973614 1.14213067606 0.943678780995 1.05398958635 1.22350146456 
0.66257476774 0.836390322968 1.05203232272 1.12790609195 1.1637698083 1.08291320245 0.740855240109 0.761190388292 0.982564068716 1.14213168852 
1.03908470128 1.00381072114 1.03398533169 1.30643262809 1.1421314332 1.3500287359 1.08480438671 0.561714403427 1.14213143477 1.07103735538 
0.904650863787 0.950685574849 0.933103248316 1.28038904948 0.971441909852 1.01310727398 1.35327585628 1.14234462809 1.10571099986 0.983161930759 
1.14213077616 0.989390975996 1.14196566001 1.12542657294 1.04968239382 1.12738715425 1.12116389579 0.859219143967 0.836698914496 1.07710663219 
1.00874409094 1.02100242552 1.16705699956 0.837865478851 0.655198390784 1.14212415809 0.829314796097 0.996268853232 1.0133219502 1.14213143477 
1.14215853265 1.05183762102 0.732447530274 0.912499734741 1.13348182774 1.14211833309 1.13285987804 1.13914110404 0.77825985888 0.938581219042 
1.00307875495 0.999524612143 0.793305591797 1.04397891086 1.10910617534 0.63237849645 1.03410637633 1.21760183448 1.26710461433 1.14212969457 
1.01765332457 1.14312205564 1.14214879375 0.89798447562 1.03893767165 0.743671196536 0.889653589205 0.962907492486 1.14195234074 1.14312253058 
0.887417635423 1.14213010659 0.888257857054 0.966883507594 1.17908071412 0.962230204553 1.14250635242 1.01227126116 0.761440491719 0.634786845087 
1.19354537846 1.5849242616 1.14213005593 1.23834511377 0.989370421488 1.00316557808 0.863819140068 1.36408591072 0.975288692964 0.935944665531 
1.14213042628 1.04420152156 0.804271687206 1.01828545578 1.14157634572 0.852251061477 0.842957842164 0.658809458058 1.53298218534 0.990202819478 
1.1421298033 0.888906783839 0.971036601331 1.01071171167 0.950427680604 1.14253757784 1.17695756292 1.20895052018 1.03560815809 0.649149427573 
1.38924995372 0.986477431032 1.05814415979 1.02783426918 1.14213143477 1.22100157953 0.80544272067 1.14177397499 1.04745693553 0.967655975402 
0.965674125447 1.22183061021 1.01646532716 0.954831429366 1.15627036594 0.940695668476 1.10705036006 1.41962554381 1.14213143481 0.535203214611 
1.55837615261 0.820460501226 0.982088524617 1.14134773562 1.03744160558 1.14213069832 1.60989461711 1.40361981995 0.930183037371 1.00889332452 
0.986531833115 0.962618908235 0.885224089663 0.820210282196 1.08138079319 1.11772518414 1.03742451281 1.10126731058 1.14250665647 0.862262337272 
1.14211894351 1.00439630149 1.1424661575 0.973263871792 1.15438261523 1.07668351831 0.949025475939 1.10944069256 0.811560862893 1.1978556318 
1.14399871218 1.07628392906 1.07780388996 1.10900872073 1.02594801543 1.28783327517 0.613844846821 1.05588311012 1.14213143461 1.14213071351 
1.24034114923 0.609079072633 0.986528201621 1.01835279295 0.587919789234 1.14213143497 1.29083166863 1.2079614139 1.27215277628 0.996730668312 
1.14147120835 1.1065293506 0.981263346786 1.58354398639 0.969589102735 0.933916046397 1.54692825516 1.36446999212 1.14213053305 1.04108394897 
0.964534804893 1.15196993972 0.848644087784 1.1421285148 1.22381492576 0.80422559413 1.17242856776 1.01176038689 1.14251413827 0.979117704899 
0.954348388709 0.682080560138 1.18889340698 0.755277129508 1.01491844579 1.1421308776 1.04117408248 0.975669777592 1.1424809904 0.90580118794 
0.998297003768 1.13436739824 1.01509606805 1.15059871645 0.617362113847 1.06114640669 0.87245759845 1.12886634067 1.33217101359 1.00671649653 
1.14219695533 1.05967536807 1.14213211204 0.96903379295 0.907358396978 1.1336769123 0.862685819595 0.78682234134 0.677453656737 1.09216617847 
1.48757972989 0.986305192088 1.01223164879 1.04750595106 1.14191808649 1.30480626242 1.36596510714 1.03236130498 0.870569561558 1.14212938254 
1.00676760444 1.39785316236 0.910176389874 1.00891557824 0.968290977733 0.871771804974 1.0788123189 1.38658837606 1.14238373193 0.976295855702 
0.65532735191 1.3010149416 1.17322756636 1.00295400895 0.989781301234 1.14211092569 0.720118393186 1.16142428846 1.1421202822 0.86538461679 
0.945815319866 1.22374328026 1.40246298471 0.928185537833 0.93748409235 1.13704107147 0.885166805478 1.14210731131 1.00497853802 1.12786168603 
1.14213143477 1.1400875629 1.07306721152 0.977406548781 0.946034519789 1.02113150427 1.13883692331 0.9740807482 1.00705082066 0.859248250951 
0.951409380172 1.14211583838 1.29884458166 1.14246763894 0.979752868637 1.02869885732 1.01005558926 0.930815481626 1.00843279712 1.08086549503 
0.834120398825 1.0782965289 1.1420572945 0.982007311194 1.1429295432 1.05070846811 1.14100078509 0.91586211998 0.952093148704 1.14292954577 
1.0456422869 1.05755296149 0.926995104311 1.11905711618 1.14247842717 1.09955986108 1.00863874678 0.95415247667 0.971491063732 0.993573909735 
1.00976790763 0.834346762471 0.648240316915 1.11811687593 1.17426915454 0.963765249159 1.05662540479 1.14212895565 1.31829829798 1.14251150851 
1.14213143477 1.18009283334 1.25179435991 1.1060060005 0.942982789567 1.14213143477 1.10330882789 0.888902724384 0.690002276303 0.93408712621 
0.823214784292 0.996670866033 1.2286802246 1.14212868124 1.03607938678 0.995551259832 1.00072149876 1.09338729276 0.73246319869 0.953297569141 
0.790300135516 1.14213829039 1.13939597969 0.956217907035 0.846471245568 1.07156445572 1.13841749878 0.963169810764 1.14212766061 0.995890864037 
1.16612970899 0.998177334394 1.2740411739 0.990674865243 1.01454546032 0.87906489428 1.02663723949 1.28427792685 1.07601515647 1.14359649624 
0.970762744253 1.2695180614 0.953488756122 1.33988789507 1.45886035649 0.917993530611 1.14206302343 1.26737240181 1.01604209063 1.20284239939 
1.15718365853 0.986478269181 0.657800767279 1.06644162873 0.977198811529 1.14213143477 0.789963560333 0.952983706288 0.942367518221 1.14255838874 
1.04332457926 1.00555724113 0.913420928047 1.14213084476 0.844487134167 0.89782019492 1.14157081443 0.772708006885 1.54303964929 1.01351630005 
1.02963111287 0.864538058002 0.984496165764 0.89340548907 1.1421276835 0.858598449178 1.14088475081 1.05939491852 0.977400730673 0.997971880696 
0.887854190207 1.04546475102 1.07999964427 0.986161780495 0.943904112442 1.14213143477 0.787769173411 0.792427105467 0.747736978623 1.09596524157 
0.951224112364 1.14214174079 0.925874523812 0.699911788056 1.14212651061 1.07217537241 0.984850047667 0.960914431044 0.773800200598 1.08968659647 
1.12486730947 0.8054803794 1.07609432062 1.14212855098 0.685009296074 0.66946024579 1.0237515991 1.0053208581 1.14213143477 0.851290564634 
1.09497633518 1.12402615062 0.950473395667 0.840102867673 0.883723873639 1.14253701558 0.970617951736 0.830427228129 1.1425369939 0.99455540089 
1.41996693326 0.992228216066 0.950940167824 1.16317095871 1.66119233656 1.01347230562 0.884969005805 1.24729989743 1.14213110822 0.842036173057 
0.991116904057 0.71956811853 1.08806705657 0.950303275567 0.90703841944 1.11589982665 1.09288823323 0.866217473046 1.14213143221 1.07170952361 
0.857731611498 1.11125057734 0.596560849366 1.03335313058 0.981146404453 1.28019358204 1.12081700849 1.02440275918 1.14213135735 1.23010872156 
1.14250105633 1.14213060326 0.998923114524 1.18529838854 1.01301990385 0.648100467234 0.960640088945 0.942073317517 0.758090151055 0.611462080906 
1.15190634569 1.15179394992 0.626078582479 1.14213090844 1.15190634501 1.01458647653 1.04030635609 0.820706828091 0.980883720895 0.999621064192 
1.08905188315 0.986385989008 1.03909448228 0.875699862147 0.762366365853 0.929588769751 1.14241160886 1.00639052057 1.09321086171 0.965833884436 
1.1770312375 1.15140743868 1.14213043601 0.756573471664 0.673098095266 1.14249432793 1.01264999606 0.991410494374 0.958579393974 0.925120896542 
1.59096244459 1.23843779405 0.863864930734 1.1936244753 0.935345125598 1.00317387808 1.14213005343 0.975317131426 1.36356303774 0.991306976809 
0.936636498292 1.13684666993 1.11136716628 0.905481144619 1.13514394138 0.906288176384 1.02791789052 0.99213441552 1.14242741617 0.977804427745 
0.978179010193 0.981068193923 1.07155600551 1.20941303643 1.1420738698 1.10454404873 1.20941112675 1.14213143477 0.998534376637 1.03508294633 
1.03871271063 0.809410190836 1.52387144462 1.08046966714 1.50933354481 0.963283767213 1.14210051757 1.14251040241 1.17845561451 0.97221232688 
1.1421290104 1.22860532933 0.997592871877 1.15318520499 1.18996653686 1.00077121777 1.26612935105 1.06848346666 0.746714682019 0.877125720183 
1.14213143477 1.14076859724 1.23665042327 1.05747975582 1.0276524318 1.02454694161 0.711028556774 0.810586639884 1.23665042557 1.03396083159 
1.11039015892 0.988230002333 0.992599147216 1.14245613417 0.909075162997 1.11528538869 1.10694849825 0.934238451626 1.02873109406 0.946611017714 
0.982371592095 1.11984184484 0.998666226602 0.987410102701 1.01682226913 0.625484910827 0.842114125881 1.06836503042 1.14213031868 1.16815040667 
1.14111365507 0.920120214029 0.870186870129 1.13420718651 1.0528058903 0.878460762636 1.14212796536 0.934735667047 1.04042905268 1.04286344809 
1.17648597427 1.15159781042 1.14249463468 1.14213042864 0.925393077741 0.991324905232 0.673168379258 0.958674418141 0.756590010742 1.01258759951 
0.935658540205 1.1421308653 1.16514960145 0.989972771167 0.695951210408 1.14250358735 0.971566881294 0.757076540444 1.0296501136 0.952603952672 
1.21073257035 0.952322131726 1.20962341735 1.21073324627 0.865395869912 1.03775298286 0.598605686656 0.988598478022 1.14213143804 1.06663707496 
1.01786539666 0.766553298274 1.40571774875 0.976240475723 1.14213004157 1.36027606638 0.872578661417 1.24478294691 1.2299664158 1.07017206428 
0.754102033477 1.14192452699 0.987685038668 1.14162855822 1.03311153309 0.888480827521 1.14222120051 0.918833308535 0.628636046291 1.1423316736 
0.985773047307 0.889062323569 0.980749917232 0.965098939566 1.09524525139 1.11565403436 1.14160761496 0.86856694135 1.00148545675 1.14251317459 
1.12023095984 0.967797757397 1.0808798938 1.14249996631 0.995663260549 0.96058817383 0.954171438646 0.916822333987 1.03039187782 0.99348510858 
1.14213141338 0.902683368638 1.0287165982 1.2186221939 1.58691785349 0.990503007728 0.948640654546 0.870153236166 0.970129055015 0.776867534832 
0.938707360931 0.642666957258 0.829006695253 1.05773967399 1.02745231018 1.03078119058 1.05344470584 1.141777073 1.14213143477 0.861013555864 
1.02867762961 1.14249154479 1.29801232667 0.670654020823 1.01323741997 0.958902515713 1.14213143477 1.07450993608 0.982822007584 0.949037806449 
1.04312774203 1.00584452808 0.897347924089 1.14156419882 1.01327168685 1.14213085112 0.91371926244 0.772445152633 0.84322308112 1.54401361499 
1.60713137432 0.922153650797 1.1400658887 0.841316095251 0.841299996963 0.953704677087 1.62162171017 1.02105185397 0.940130520565 1.14212952739 
1.21674098945 1.01170659293 1.00132917674 1.14213068881 0.831442543314 0.624699503119 1.29336570184 0.88764973062 1.25238734488 0.894357980235 
1.036631058 1.11739343351 0.935800183142 1.14242687935 0.884703217855 0.651211183272 0.889761206154 0.992268246431 1.11177037921 0.837208983334 
1.17414836643 0.926403641348 0.991986119034 1.16699033514 0.923692205132 1.13876186401 1.00518436994 0.945868755264 0.619244547944 1.03350136919 
1.19588949357 1.14213098698 1.22324597878 0.98260178752 0.820594315692 0.885128910792 0.989800410324 1.65427561854 1.01372438581 1.24701574202 
0.841604160305 0.493045838757 1.03024229117 1.0729323246 1.1402922232 0.802072927064 1.13122386588 1.14213390232 1.07507809581 0.964807363581 
1.14250884616 0.861461741677 1.11689951842 0.986306321873 0.883760329501 1.09705601506 1.00968616479 0.962449995741 1.07246674154 1.07287985886 
1.14282956149 1.02431339298 1.06814513409 0.968647051809 1.15154848191 0.959062655514 0.828368974154 0.86119621183 1.14201148534 0.963147646401 
1.14249050308 0.741129786959 0.986938483793 1.08619186267 0.88354691771 0.824402504359 0.971844009963 0.957169745132 1.09985315242 1.11762986258 
1.25263418442 1.10568382355 1.05752151877 1.14211068168 0.96278166689 0.911202069303 1.36682346468 1.45702072158 1.01828049681 1.19897230321 
1.06111922411 1.52125130113 0.988554567585 1.56521005384 0.972853375088 1.12869122546 0.83611086971 0.940731415276 1.14212459895 1.43934731636 
0.965881578459 1.14242406328 1.08731137372 0.948049399763 1.10097366238 0.988744993079 0.714662868326 0.934819763812 1.18225635269 0.995655891926 
0.553010347975 1.14213143336 1.09081791094 1.00504578606 1.14213143477 1.06871632127 1.20290745638 0.875713320052 1.20290074652 0.764971498471 
1.14213068035 1.03553994989 0.981892749167 1.05598693647 1.22351093047 1.60953198358 0.943878725524 1.11488823351 1.24219538321 1.01211737834 
