187.635580749 -330.520724034 -17.481141941 334.191575755 -461.686340963 -138.039088814 199.819890872 58.1561525538 461.686340963 -248.860657928 
191.62264951 78.4888014541 -81.0525177952 306.420504308 -335.540928673 33.9683127672 -206.439134351 -461.686340963 445.832183027 442.588232751 
-461.686340963 -67.1647180269 461.686340963 200.389461308 -333.192014145 -99.0654498651 45.7455077262 -224.927829618 331.249192608 171.686199343 
461.686340963 334.129451319 -239.102232539 -337.25572226 -461.686340963 -120.952442466 92.5671510973 211.831453728 -109.396294988 16.14404606 
55.7070822105 -461.686340963 461.686340963 327.322100508 -206.550064568 -336.049308782 -80.5205415198 -65.9747108573 212.85163157 175.422668912 
337.004332402 87.7714968159 -45.7846750379 -164.759071053 -461.686340963 -200.556443552 98.233526962 -335.899937635 234.351601679 461.686340963 
47.1117858525 461.686340963 -336.080058142 161.39658109 329.729812046 263.355244573 -209.470560219 -106.17710992 -461.686340963 -59.5980005565 
-173.108813077 -224.193188487 -58.6212084058 210.44915317 -461.686340963 -332.936930351 66.8071340751 461.686340963 333.781616304 84.2490172719 
171.044830397 461.686340963 326.308985226 -77.1753034553 212.3668797 -233.018269956 -125.70368558 46.5839213528 -335.473860646 -461.686340963 
-336.124990227 461.686340963 -164.531565237 203.045897047 -46.3107299464 -261.783465526 201.230246969 336.62584985 76.5140560196 -461.686340963 
300.689192724 461.686340963 -100.300453999 -218.327782173 9.50101449514 171.347803453 47.912188152 -336.480065661 330.374770031 -461.686340963 
-107.516561058 177.968475337 201.520119593 -233.885641413 461.686340963 332.167820209 -80.701654062 -336.072650747 44.6934186876 -461.686340963 
315.413851543 -304.995282312 185.125546664 -88.4626074972 26.2009011735 442.303312361 -198.002437705 59.1262208865 -418.077641015 -448.048149747 
52.0086576721 -461.686340963 461.686340963 285.620779952 -182.91115199 166.928842261 350.336850271 -70.9625314696 -337.850359768 -243.91708928 
247.734817965 -332.78903275 -142.951845577 -461.686340963 343.244851978 461.686340963 33.5155947971 -57.4208650387 122.052688495 -207.784617852 
461.686340963 -209.370200136 -331.27577145 340.233236011 -461.686340963 113.978259193 236.935420684 -160.178026779 91.9009365039 -41.6109750775 
-461.686340963 -224.785410322 -163.01998129 -42.4010616457 97.6219103435 461.686340963 335.489410181 66.7841637389 223.716726856 -331.406718814 
219.030779843 68.1606564845 -461.686340963 -50.0663983251 -157.87748771 332.685209796 -224.923587188 -332.797223042 184.827362228 461.686340963 
461.686340963 228.195473327 -46.4927024315 -329.640796438 82.9529871604 -207.23176463 -168.745785097 -461.686340963 338.022283421 105.976270832 
391.792380581 150.494562143 271.104856946 -131.235087454 -291.349847047 -302.322500479 -209.579456182 15.4800578706 97.835351619 -460.263570278 
210.515683892 -47.198259601 -84.6000156439 -461.686340963 -335.674579017 177.955302459 327.601506756 -206.456506788 57.3111030876 461.686340963 
-461.686340963 200.034817011 77.876159916 -185.127750435 -62.8917247361 333.356943286 -332.901624714 -215.522595594 461.686340963 69.3713448592 
461.686340963 126.762738183 208.621850227 -39.0510850787 -254.88417249 53.1386901485 331.553939844 -333.68164115 -461.686340963 -155.417347259 
-0.438376706974 -243.30507568 234.514301677 -461.686340785 -169.341744222 -330.909965849 -42.2309123687 118.158261664 461.686341084 329.6745749 
-461.686340963 -21.2620583439 -261.033550515 -334.771340636 461.686340963 -19.8793933622 -160.659524127 219.806448278 101.965001304 340.831940912 
60.419963044 -177.484942238 -334.124736472 -62.9709959054 461.686340963 79.4317153196 -225.046673569 201.728173663 -461.686340963 334.363170202 
210.494770109 59.1347791357 461.686340963 -201.078472068 329.171231034 -461.678492156 -69.0615221804 -157.195493341 94.9967486002 -331.106871761 
-106.420965178 -335.713210115 331.485811805 -232.767466327 -78.6495933081 461.686340963 46.9491776506 199.284658552 -461.686340963 181.704903635 
-32.2928970712 142.214443111 82.054204005 456.341761469 -335.581664885 335.136304097 -140.989894324 204.983303816 -270.985470325 -461.671369932 
461.686340963 212.95679527 -206.534000634 -461.686340963 -65.9505801436 -80.504567328 -336.042805513 175.453525672 55.733990428 327.402484927 
-461.686340963 120.170826107 26.8842544641 -338.443917915 342.993803523 -242.517409742 -122.586955406 -92.0554818911 461.686340963 232.196667239 
-461.68633295 461.686360096 -93.6641822165 -329.537185755 332.484146334 180.39751888 51.3091259438 198.268797841 -216.439412311 -50.9426368562 
-328.653559289 210.359956794 332.940323065 59.348631414 -63.9889540425 124.956704235 -190.561745186 -309.884364506 461.686340963 -461.686340963 
230.207636642 337.65010508 -134.175880469 80.9321336223 461.686340963 118.573300141 -330.342762807 -203.044862076 -45.9304367359 -461.686340963 
461.68634253 -204.996380128 182.698404979 198.225676284 -328.449819075 52.1497609285 333.006981219 -110.974774647 -461.686340963 -4.11412009855 
105.501307895 82.7142800964 -207.1666232 -461.686340963 227.715560257 -329.653452275 -46.7290901266 461.686340963 337.949809847 -168.973277426 
461.686340963 -52.5510572932 86.5193710616 -164.097490723 -461.686340963 -286.093528563 -344.177556218 212.430111593 335.079141155 71.8058001412 
-42.6262096191 -331.242306911 -224.352553422 461.686340963 339.643486279 236.038809945 114.076773273 -163.179851424 37.7602042687 -461.686340963 
330.123877724 301.283135282 27.9158948451 -90.8443137174 -338.332417779 48.5025556075 -461.686340972 461.686340963 172.179194166 -211.90771582 
461.686340963 200.727447506 70.2309540848 -341.166245886 335.523989858 -461.686340963 197.222641741 -55.5707681203 -263.984007007 -154.486947743 
-275.833447797 208.178520402 -461.686341935 -325.468928212 -53.376963325 332.329453839 -39.2650586383 -183.312846728 461.686342476 95.5186754338 
165.829120975 24.7906568968 461.686340963 264.000767137 23.3817244144 330.897796426 -336.899353008 -461.686340963 -103.368232054 -218.683993342 
461.686340963 -327.400006091 -195.848430352 113.018733787 -461.686340963 53.5817308055 -43.8052594064 -169.038404935 233.235561721 338.940363578 
187.557966228 -137.720817254 -248.456286721 461.686340963 -330.539020857 -17.2916188708 334.174786427 199.892845414 58.0929419573 -461.686340963 
172.400338451 -124.981594426 331.080393121 -231.66439942 197.862544156 461.686340963 -335.019316584 -461.686340963 44.6027768157 -75.186943451 
-131.551791814 -461.686340963 227.29692447 148.054883781 -18.5530380341 -257.905872671 23.1780362072 326.494128669 -334.363005224 461.686342579 
-93.4944559413 -163.353999619 325.000202915 455.302232514 -287.343489568 -304.173715317 -442.241643555 138.143429665 17.3559989458 263.12002044 
-49.2071268309 -166.90675755 56.618626608 335.201125687 461.686370903 101.17149202 -223.429966911 -461.686340963 -331.678770773 221.113817358 
31.9807777062 -59.9723269623 -333.495608175 -175.785406021 461.686340963 87.1355936388 -461.686340963 -224.026459025 203.630835424 335.105386975 
-112.924807482 -63.8995002094 333.939402392 200.566033947 -461.686340963 186.424020343 54.1956174207 -207.764770941 461.686340963 -335.721753246 
-339.155246835 -125.040657537 16.2588501488 -76.3233005182 -246.824923851 461.686344345 -461.686340963 265.096970201 346.548813984 142.367882042 
251.545118851 461.684288073 110.117978623 -461.686340963 -13.002961509 343.791061657 -239.6942942 -341.325610353 -120.929531351 129.978893989 
61.3556565576 461.686340963 -333.159253234 -65.7232344504 -461.686340963 86.9096620493 -210.503369882 208.993475781 -164.966901991 334.905902784 
-55.4039822097 -461.686341477 461.686340963 96.2068352508 -183.842794939 339.271526327 -329.987812873 -262.584667568 -23.1050658723 223.440545837 
-329.176447544 -461.686340963 42.1881070394 461.686340963 163.251366658 -108.882964976 38.2054083593 291.000590512 -204.869162402 333.429788795 
199.580758253 -206.72628934 -79.5241869495 -66.7413676887 333.853736164 186.035677618 -461.686340963 461.686341654 -336.141896456 56.6968905804 
51.8550637522 -461.686340963 -84.6858185585 342.873180913 -223.356051642 461.686340963 92.1359351909 -89.4772784387 216.160936935 -339.639707174 
-208.953762381 211.107521687 182.008679423 328.921121589 -461.686340963 461.686340963 -56.6380679482 61.0592011941 -172.411974027 -332.373982896 
-184.339596166 69.5490507479 333.81272456 -225.961233751 -52.813261957 -461.686340963 -332.276000678 196.799742478 461.686340963 195.412171984 
-461.686340963 246.638654765 -38.0529837485 461.686354947 74.1998388983 -253.912588901 -334.776599277 -159.628015525 330.099171835 177.823415371 
461.686397376 212.231828603 -335.537168443 -23.1050455374 -269.340070257 -164.164186258 334.145017342 95.1209904112 -31.1713477432 -461.686340963 
-461.686340963 98.4173514783 222.568649331 342.552618377 75.717361399 461.68640944 -338.293878022 -87.7833140697 -214.835408907 -55.7382258691 
339.066094017 80.8318339191 129.164411324 232.667473993 -208.759026497 -334.010851466 461.686340963 -123.629194727 -47.7630310062 -461.686340963 
341.865800363 123.194799889 -143.190873524 -461.686340963 243.830579326 -272.312616357 461.686340963 -21.429072069 -342.560555835 100.738604214 
444.493648015 -66.2627577249 -254.570808041 187.175192555 138.923080741 337.091918858 -356.172583449 -179.524348999 68.0730863084 -461.686340963 
168.54963127 67.3209765008 -324.667421177 -21.5852119025 461.517872336 -450.905055776 316.994768634 -101.542943566 -214.097167194 198.844976463 
322.063104 -327.262130224 -69.5290558401 461.663542163 47.5371089749 -124.949355762 -461.686340963 195.299352285 171.711587824 -214.98865116 
-330.609785639 461.686340963 -24.4815098053 -148.126469227 104.349819322 155.768534432 286.291420443 -213.914499943 -461.686341433 334.356955393 
-78.168174332 461.686340963 -461.686426615 -335.918760236 205.060777353 122.79085973 -234.104982618 44.541953879 329.565680813 -129.998293121 
-320.067203803 56.7235610871 8.04431277462 450.44709935 -232.818713831 -451.278393983 159.796778569 -131.027458529 328.19404082 290.640729107 
-211.917264482 -461.686349438 14.7274367023 255.51052926 461.686340963 -338.803376704 170.523771406 -112.099824534 331.914242106 35.9267706769 
47.3883304819 461.686345701 -461.686340963 331.844911367 197.836615592 -66.360479365 176.215485608 -332.796672017 -223.727525281 -97.7202628442 
50.3065541026 168.645866657 -80.4087676178 331.55233377 -337.836597847 -70.9287720484 -461.686340963 -209.220589013 461.686437039 222.78821205 
461.686340963 329.776451304 -60.8046468268 -217.5877147 -174.156397136 306.403827194 182.761084597 -461.686340963 60.1277782363 -332.619528959 
331.331755802 -333.760717699 461.686340963 -229.241527962 -116.375873511 49.2048457485 197.712785903 -461.686340963 177.693933758 -72.1523726661 
210.358962873 59.3448148306 -190.56520219 -328.647715724 -461.686340963 124.990982106 332.92131255 461.686340963 -309.888138116 -63.9897816005 
296.159358311 -461.686340963 461.686340963 53.3771705911 -335.667073216 -5.21131200243 -216.584387637 332.39754301 171.307772365 -96.9618615057 
-63.3225231131 -222.827180456 -179.882200698 -332.166285257 461.686368468 333.909640122 57.4598859978 205.218400901 183.54125834 -461.686344748 
-46.4309431558 -331.481767245 92.8786338309 339.543014946 215.140383914 -40.0096935975 461.686340963 -175.879715804 -299.206247897 -461.686340963 
327.868679775 177.975632745 210.490708124 -47.6803660181 -332.064980858 461.686340963 58.9450841373 -461.686388732 -181.882450871 -190.92719797 
245.390184397 461.686340963 -93.5417117977 -461.686340963 341.880607954 -308.815053776 -330.334737649 133.338369838 -188.36777801 11.0298863204 
-110.636088752 -193.411353215 332.779021079 167.364870374 56.2319034588 461.686340963 -321.525937568 17.7978408523 -455.091979075 293.837239181 
461.686340963 174.955562884 222.009394926 -461.686340963 -64.7392545156 -79.5854948114 -205.025996693 -337.153796353 331.539664984 56.2302862796 
461.686340963 -209.777962513 -337.518816905 -24.1885560441 102.355434147 129.812451458 241.733161974 -84.7752770972 342.773404683 -461.686340963 
331.288209301 -333.756104472 49.258779035 461.686340963 -72.0890174156 -461.686340963 -116.361192056 177.76343204 -229.212473492 197.648807979 
-461.686340963 456.98411462 326.718557142 183.448430718 -116.68985582 47.5704506311 176.549141837 -229.950071052 -334.013484198 -73.2629168974 
146.139785855 -134.28396455 -338.310132222 -7.45226034682 -249.318395222 254.949931071 14.066576097 461.686340963 330.202154971 -461.686340963 
135.622743773 -117.10564977 210.885749794 461.686340963 331.547431801 -62.2825745132 -211.927946057 58.5136188724 -339.296333143 -461.686354034 
-241.705997958 461.686340963 -461.682354729 233.669327839 342.702333781 -338.051074272 120.564464445 -81.292310258 -117.313969756 23.8497821345 
329.341446041 12.997721288 -95.2016191119 303.79608379 461.686340963 -335.556157502 -461.686340963 -209.174714881 51.0221021805 174.268124905 
461.686340963 -240.606166092 -114.635615209 161.136621628 -336.902205128 289.961926864 -461.686340963 -4.82801440873 37.1775390289 333.690203246 
333.993353664 -461.686340963 110.022317787 28.7161550805 208.439022724 -69.2988424746 -116.387435689 -239.162626419 461.686340963 -337.118337746 
-42.7545606246 -205.232472772 -335.776552216 -461.686340963 83.7797524645 -106.358745486 334.112714045 461.686340963 220.425886312 97.1923447215 
-210.061758666 -64.5920342725 -332.934611281 215.612481793 88.9205623815 63.7586254747 461.686348608 338.925119532 -461.686340963 -163.040489032 
339.136695919 80.9653029803 -333.993113497 461.686340963 -461.686340963 232.870565026 129.285222306 -123.507809702 -208.710731178 -47.6458926347 
-19.1571580326 -461.686340963 461.686340963 -266.242193467 -139.466590038 -341.895246245 131.011267721 344.030411222 49.818921529 251.770112929 
169.545702042 461.686340963 211.105431946 325.632914169 -100.767744938 -50.6910144595 47.1286022528 -461.686343521 -332.971081294 -224.737941137 
-461.686340963 -333.167791888 296.167279065 171.516083934 -74.0107257116 -98.407537221 49.9763570861 332.332862283 461.686340963 -224.911824461 
132.871485644 17.7569558392 461.68634765 -461.686391343 -227.977146317 329.547171647 -331.445949656 -145.38560965 -15.8438830077 224.950627252 
-335.498370986 330.064822481 -76.1230397856 -461.686340963 -125.733166691 -233.059805389 461.686340963 206.563606386 127.066467513 47.4863889068 
439.895812581 179.073466993 -197.116630814 0.626481019923 335.681817985 -285.223828708 -38.3736213789 131.660838483 -308.766511168 -420.501318981 
171.838845772 -211.907797325 48.2686200432 329.841601437 27.8009708847 461.686340963 -90.9483583384 301.047658188 -461.686340963 -338.337106797 
86.8494043331 226.928576634 337.325261062 -461.686340963 -39.3219344704 -156.559172723 -272.638303213 -342.171275861 461.686338921 158.334566241 
172.987713443 -91.5242445208 330.192961761 -338.124148243 38.7022114522 -223.360316602 -461.686340963 301.280999183 461.686340963 48.4904791939 
85.1977492584 -332.141773666 -461.686369853 335.413286606 461.686340963 -182.301092316 210.612897604 -248.414089051 -6.39425480353 -57.17131027 
-206.544201808 -81.7836462123 350.141033886 20.5260225604 -461.686340963 461.686340963 -334.576588646 81.0637382997 280.629908167 162.658884396 
-50.230960518 177.169721593 -461.686351087 -183.058337198 461.686340963 330.854037954 -227.223953398 301.639817154 -332.784548618 70.9545177408 
220.755943236 461.686340963 -461.686414847 -26.6559294001 102.65444885 341.062961453 -19.9875139032 -161.815213566 -333.468626643 -234.724227294 
331.661869551 -39.0766491719 461.686340963 -461.686340963 -155.449514239 208.671821909 -333.73017162 -254.909252014 53.1982995759 126.690977055 
