-241.996487635 -317.217757149 288.732694949 189.055147094 28.7408854695 -49.2297077028 416.242078188 -459.067021122 -29.0468429945 387.33476833 
-164.011793715 455.046300016 258.929502947 345.724917423 -285.724687793 -460.462302588 39.4144257023 28.6648054118 -120.034484237 132.744452214 
-29.0346887319 457.3041432 -29.046844437 415.884852991 291.986773328 -184.71565568 -459.724330806 -403.948935155 187.634406425 -170.894294442 
28.7007373539 -318.774818976 -394.973627224 315.18053489 -27.2110965557 446.09594876 -452.355933499 -9.34994738141 -177.981815483 233.698501403 
-459.096729816 -0.263533072283 -10.9578683173 -325.966105001 -10.8453748861 -316.582653988 454.647994422 -237.507184895 410.133268206 -123.857814354 
312.771078105 452.657558091 91.635961102 433.110790847 29.0468004946 -416.323356957 -110.464980786 -203.073122038 -398.043598295 -17.9617679446 
248.712417129 6.99178561004 -316.564163362 -134.727869354 -323.417700243 379.689828186 -16.5221531932 449.764966403 0.3991435983 -458.630494625 
-124.034478613 404.531951395 -458.828943911 -15.8685741894 -7.52482746895 -319.898750475 -239.339602648 12.1977581715 -318.999251296 453.94017791 
-127.43384365 -13.6778838613 -326.951020955 -175.359941349 410.316664842 -398.937811644 444.605037703 -459.666623109 303.53324233 -29.0468423943 
-316.366347937 -28.9975565709 72.2595197208 -236.593160456 -151.186863785 380.534438333 415.53579154 202.005995452 -455.452132893 10.5774046204 
-212.370735704 -4.22839703403 -413.686976656 59.739879499 462.034206274 -429.579490935 -208.965526277 288.023939683 322.722176573 -29.0468425171 
-179.475725915 -427.447794894 414.812352694 -398.538601682 -29.0389961969 188.301902534 454.51864024 299.625952293 22.9973201344 -28.6764380825 
216.681624284 -346.906607955 -14.0418265711 -46.1414434308 -348.823183582 -142.04652398 306.254200503 460.063313636 181.341486004 -125.24038207 
-459.620842478 29.0035035381 -29.0468425172 -365.82435013 -11.3640023928 -14.6487499112 301.851747325 -238.45191733 -313.087968173 392.057050975 
-389.30994079 -320.102783765 439.119696421 -9.70339168853 308.82608635 -28.5391279849 258.046174917 -459.005602195 -169.98712737 -100.42319501 
-16.0987566016 -35.5886429634 -321.673840205 312.062678873 -13.6101494138 -175.501392141 -396.406024029 433.414628807 452.472025205 153.49246697 
-12.5948937177 404.417022305 -132.938664797 -459.923837304 -104.954022076 -14.0794391096 312.708656949 460.215734613 -396.967263843 -321.740594875 
-386.49009484 -95.5563717846 -29.0468425308 264.560243936 -461.678085319 307.665281665 316.19725765 17.1894394526 455.337401923 -28.8930680336 
-28.9016206496 -402.214124371 20.9910419773 227.967882546 454.224265803 -412.317138254 430.557087215 6.04476879341 289.22081116 -180.78505532 
264.16842715 -13.8831819184 -423.751380741 169.086359367 363.031088219 -342.450944385 -92.0158630832 -337.620764815 295.478904726 42.9076993199 
411.198749589 459.629598559 -125.612901077 29.0468347176 -195.76556975 -121.857167855 -325.600761407 -413.073056152 -448.843355864 -10.1701505273 
29.046719216 -416.030441947 -194.645050444 -423.280780214 198.448879545 -194.638067787 -218.402160705 408.849591831 28.7779820001 456.874742196 
0.766627010962 444.260198809 -100.51144633 253.438128969 385.043953286 -459.259975502 -321.415865328 -319.064562519 -0.286847796772 -139.852809749 
460.798200258 80.1222188579 304.755787082 -22.3137948378 -448.810881026 -285.23195348 -159.856156954 48.3512485363 -29.0469179426 -374.177304265 
4.85378987062 461.265059347 381.182768553 -318.002632643 -29.046842517 -228.950668609 -19.0556726921 60.8063116205 -450.54209767 286.03888825 
-205.711335091 -120.166973192 -318.517115628 -448.636961718 29.0468134322 454.901870273 403.910353276 -415.359764229 -3.59688344889 -191.924774175 
-401.312224909 -201.450069824 -28.3075914499 -173.432228243 297.548452407 -29.0468425179 -459.074241703 445.937524893 442.820513414 186.320798781 
-180.404792588 283.700868414 188.450211666 -399.518441341 454.820845175 -29.0360062767 22.1524315645 414.622231215 -29.0468656413 -426.933410775 
-455.840131922 380.113853124 -160.32712032 27.3529849107 311.723647285 -319.407920314 95.0024034425 62.3560318393 -348.42088264 -29.0468425172 
-11.4497241811 410.15201883 -10.6694932987 0.524855344595 -237.511525937 454.64245481 -316.521132679 -123.900334774 -459.099560368 -325.999394755 
-23.4145625942 169.905571615 -460.508975528 315.67188148 308.614415071 -395.604938176 446.301917241 -193.7716685 -28.9154668783 -316.05937591 
-29.0468425197 -29.0429317168 -121.221073036 186.466054772 188.398289802 -242.00921488 -459.371452815 416.835828382 -408.416309759 459.41079822 
324.466231267 -98.8190210389 -319.935132654 -458.691733172 -92.6467977016 444.809034669 -420.573142652 -197.706588575 5.5112008607 4.44883073183 
-400.557716868 314.804108413 441.917733295 -172.125542745 -6.59574533575 446.849694699 -322.686700117 -104.300096344 -459.72016533 -16.0656254886 
-29.0468425172 413.766945216 -242.79887996 416.970286161 185.821016183 -459.309539631 188.557952295 -266.338185853 -29.0337247253 260.179479597 
-180.877686519 454.198372746 -412.538417234 -24.3037847921 -402.370381266 219.81826202 20.6756016727 -29.0457725938 288.069482127 430.599118805 
29.0411223411 -459.335990908 453.400777637 4.2831621937 -29.0468425176 -362.948875324 307.959081104 -15.6866015536 -317.323904574 -239.215957133 
-459.917891116 -321.707296185 404.450172475 -13.6603971056 312.724748436 -397.006302683 -104.889390574 -132.868923851 460.224235492 -12.1789728075 
322.894347263 -211.879107543 460.842855529 2.18156201798 -191.615002054 -208.745652948 29.0468424803 -3.7272819055 -429.226783826 -410.53196059 
-26.4063319062 415.755029998 -456.595232185 311.173920876 201.862186976 -29.0468425173 -238.005900889 -236.307742734 -379.306735013 140.846277433 
371.105718502 408.467410729 29.0468157054 -215.084481705 -207.202059354 188.205771378 460.138738621 -424.04323382 -29.0468820952 -411.487043149 
-22.8569805891 461.02152258 19.5745811393 379.117273193 -231.591297526 -321.670917516 287.097533179 -29.0468435209 -450.273824691 63.5382062575 
-10.7785938017 185.135702077 418.090626345 -109.569366863 -29.0468435028 459.22784473 -459.842861139 -240.233715971 -398.787025009 313.468521057 
-242.008749746 -48.4909495395 387.370273091 -29.0468425063 -317.178963373 288.801916842 189.058669273 416.170306046 -459.072448111 28.5194993233 
-241.664883675 445.118332136 187.604584964 -399.467557715 416.991791055 -29.0468425171 305.972842941 -28.2809065127 -459.857501747 -170.089286345 
-442.716441164 -13.5820184167 402.542634938 -437.325728456 461.434192266 -223.757324625 -217.52114841 -258.210796899 318.471770793 29.0468422092 
-450.682962887 126.31563905 -226.605949016 148.243727109 -138.937179453 312.592810043 56.5988774051 130.544953012 438.914599459 380.690202064 
-459.504942576 -129.551430355 459.034079443 189.846987508 -29.0468425292 -183.648462613 405.054802093 -11.0935615411 -321.278781566 -406.179401501 
460.581246394 -458.595767839 -319.335380662 -121.816237714 28.8831090268 -123.45385032 -5.93736012759 404.675427277 -414.350014234 -193.341579754 
448.619296595 -457.958679049 189.175380808 415.775679083 -0.057899046819 -422.216294342 209.442581661 -99.0227803943 -29.0468425172 -316.905471048 
313.27872599 -101.135136201 -423.489658485 455.469752164 -390.176441153 -29.0468425257 -29.0407139398 -378.591344217 305.412250124 -51.5069122484 
-393.219624998 -25.7567597262 -171.362726623 -29.0468425171 -460.769737749 310.189826629 -322.478700822 312.95374544 174.736996078 457.807709014 
-238.933490354 -26.1347500419 -319.601600298 -457.468051302 -8.39290260292 453.432272947 -98.5637235833 -33.7484331415 431.845337835 192.571314381 
-203.61768679 28.9387208448 -29.0468425189 93.6413210065 -421.25047797 288.638293679 -211.053260825 374.331146657 460.453532573 -124.847527637 
186.241262463 -29.0468425172 459.944924047 -3.9281761786 -432.402162505 -449.241001064 -212.69474726 -214.255478354 406.367450989 319.373909539 
416.341350733 -9.40090691549 454.843824376 -238.425322123 189.038172464 -241.83019925 0.283916117555 -29.0468425151 -316.423881266 -459.039124283 
-460.093271134 -29.0468709285 -169.067056144 309.401263807 57.3969291008 -29.0468425172 283.62498389 451.348533643 21.0578170589 305.928626752 
-99.8734585396 410.908503367 -118.445780205 -324.175152457 -10.6489057347 -6.07305950986 101.888206501 -340.43466246 429.117245938 -320.498228625 
-422.024369949 -458.044073778 189.346122312 399.329654298 -92.302951126 29.046121995 -216.054391557 -168.521980492 -29.0469301248 415.018708509 
2.78220586648 390.397002041 -295.443404127 29.0468400588 205.539624125 385.697077542 -317.927070212 6.00776268258 -224.807164091 -426.576843602 
29.04676935 -12.0238933441 -317.056594373 -163.648283637 376.047628253 46.1870984411 -318.586620271 -451.860916505 460.657822669 11.9738316231 
-29.0468425216 451.244272414 52.9920837197 292.28661645 -243.159513829 -29.0346031542 314.105745947 280.288015403 26.1812749967 -459.088877698 
302.561549197 -196.9957258 443.459598844 -399.03590661 -25.4644620687 -318.745373369 -21.9691081243 445.2943592 -459.598148967 -6.28517930466 
310.390469655 445.417330012 -52.4763196299 -29.0468425171 -392.069684215 -373.916670852 -22.9286860651 -404.985771583 309.650630222 -183.664964907 
143.186036962 112.90828647 -314.910576692 -9.60943920627 300.179818126 -325.4396603 234.6124861 421.739506813 -248.231232872 -58.2487572153 
127.161728063 -408.495127942 -310.052351815 452.442140116 -30.421157394 23.9262172894 337.960689497 -73.7410158172 182.934330291 -175.492853677 
189.015436399 241.01092633 -114.679390473 -29.0469014188 213.889885559 432.59195772 -29.0469439347 411.636435569 -431.7941874 -406.464850657 
262.306054122 3.46845157994 123.598085242 437.302561121 450.114168263 -434.867471916 -218.402483176 -409.590331644 -29.0470905265 318.368762951 
-169.932308353 -5.62635269076 -29.046842517 296.596006821 -103.453474415 445.542917356 -398.254995786 -459.796313743 -323.51286907 443.212367931 
-342.495388769 195.045121455 -340.462936891 86.8994765317 304.954557851 107.915111952 -52.0790251561 -26.0570540957 -327.025138692 347.597233632 
-410.527846852 29.0468413324 461.671282401 384.646067234 12.2179561644 -191.85789494 -126.390422021 242.81552018 -320.930278231 -460.338797689 
-459.627696953 -29.0468425292 -29.0464837839 187.940183261 417.069473544 457.320962418 -242.095709165 288.772541036 -404.746239673 -185.584891085 
-459.086481775 -120.75606299 454.851584475 -325.058534157 -288.597931385 -175.764364247 27.8685570218 36.0700836925 -8.73326571048 411.263714338 
-4.25987345638 323.264318823 117.402521009 -407.859156 428.296382732 -203.747183146 -424.247324162 9.54236220449 -104.595651586 231.326141737 
188.121296164 306.392636128 -29.046842518 -401.244523444 447.11739107 -459.533924109 416.758270566 -24.071680825 -241.787650591 -202.895757724 
-98.8243559565 -458.69337033 -420.569483363 324.468071026 4.45774995921 444.82991095 -319.934244626 5.53487166564 -197.70146907 -92.6244789743 
-209.818915661 -29.0468425562 -6.00690147723 -136.450231803 286.16346536 462.271306803 58.0492485524 320.473139652 -429.6368438 -433.267084161 
208.28151592 405.372041296 -424.822901791 -221.960789104 -29.0468425154 189.014344331 -67.6860565705 -414.359182075 424.967188748 29.0461725969 
-210.495686813 321.355248071 245.042311306 302.297299681 -72.8901438948 460.115170458 -15.432909117 -427.641225828 -206.966979225 -1.01758701938 
-325.80543644 -121.937834416 411.572465644 205.534741516 -187.993719321 -10.7671790088 -458.772393687 29.0468260817 424.652815062 -420.392958362 
-378.085847985 -29.046842517 133.641158855 4.98605465741 305.674965359 -198.117188316 325.118529142 38.5536297259 -420.739358602 -290.594304937 
-448.906574818 419.235688165 320.066906769 -431.065604128 459.061363269 -6.82962945337 201.303374641 -227.2579791 -81.2465918515 -212.176178864 
-0.705079447118 -98.8397140295 435.914903364 29.0467812232 -238.200608336 450.952283904 -30.4335260064 -290.505761148 -321.759872386 -458.969149505 
-29.0468425105 -46.9023664801 316.554032969 -461.335302314 -166.935541651 453.437160542 -389.476893812 270.433750411 308.402443224 -8.56003290973 
188.142636887 308.459934525 -459.560057251 -29.046842599 -202.637758773 -27.8620665846 446.9807601 -241.772991184 -400.85801208 416.646605511 
-10.9349098224 -66.2746738154 215.628553288 423.917139675 447.523021104 -459.609469465 -242.182234058 -400.852558352 318.364307423 -202.463480993 
-27.2224939599 116.439393005 313.237019326 -462.159373389 -386.140035751 383.891259558 461.582974575 -0.583253062107 -324.083722755 -29.0468425177 
443.137067781 445.618684705 -26.1275252854 27.0017009611 -318.548256933 -165.468841364 -410.518183651 -458.725563294 -192.282902979 29.0468068177 
-394.79175807 -23.7533547513 -25.0303970898 -309.50063146 309.93065428 315.024039042 178.838590852 455.228584762 -174.957121737 -460.866018073 
322.126719121 462.373622944 -450.611540485 -212.801763835 -3.12935148176 -282.802573502 28.9959317254 74.8728342195 -209.598612192 -430.113835103 
-1.9256885791 -145.914336401 -448.143624343 -433.089284818 315.676161719 -215.576340751 -21.623837114 462.295421844 -212.7668258 319.096596314 
-318.929516477 -24.5022353715 278.628193968 -460.795294525 -99.4784176597 456.785100517 -107.029581317 -395.008787676 9.12047717379 315.4244733 
-460.617958332 -97.5223991376 -315.485818699 3.08780771447 -102.581764181 275.080790248 310.646160493 -21.9754020165 -393.19627951 458.685957814 
-98.861183123 -457.683311645 -319.784813201 28.8623057593 453.050099629 -239.896839356 -29.0468425173 278.123746669 -8.72370998222 432.46893857 
302.476706669 -196.954263459 -318.77402966 -22.1405813782 -6.32339261619 -399.025120791 443.438431811 445.315626959 -25.5963674425 -459.601549283 
-461.36752292 -29.0468425172 -28.9140540543 -378.377421439 -45.8128417202 310.8045338 -96.1105133506 308.187923022 459.240655979 -387.515201876 
-128.797866471 -15.4885242901 410.909046236 -327.675452371 -116.689310258 459.394798422 -455.649753091 -29.0468425172 291.114875373 -404.2259301 
-29.0468425172 290.093428138 -209.607195093 -429.538819816 455.893236478 -185.204912438 19.465700785 320.542017631 -9.29373706577 -404.075891137 
-442.31409577 461.483843353 29.0459149919 29.0468414743 402.114717346 -283.675844908 -266.922331726 -438.174633703 -221.086549464 316.639805684 
303.821024913 -322.924961262 -200.771455536 -29.0468425172 444.630671128 -398.903692601 -3.95305273432 -102.372506763 444.121288859 -459.607787107 
143.802615191 187.06851388 83.9879380999 -169.354618115 -182.725989185 -366.919461606 389.025096406 -428.957470334 341.094493924 -90.7408880388 
-429.386939624 -410.531922237 -208.846151276 323.194940978 460.850085931 27.1268598471 2.1668174803 -212.101590817 29.0468419081 -191.617624256 
-453.690088511 -243.175713737 255.045090703 -29.0470282893 -122.233162556 110.350049135 -373.787039408 309.966093074 -29.0477145103 433.948188314 
-428.846323534 85.5878298354 322.820780236 299.83349834 460.164238008 -130.113860879 -29.0468425299 -211.01913699 6.48730421957 -208.827485742 
-444.709620741 -220.735605884 29.0468281982 -310.734017946 21.6298846541 -424.415591902 -89.1750755566 389.058495411 462.185008225 -135.21919527 
412.987295543 193.170006752 301.645047152 -461.328166003 -29.0298175105 -29.0468425171 194.953028697 454.536226761 -367.506370031 -68.7410369343 
-88.5174544916 -426.84743505 29.0468283643 -424.108322684 -7.62178539651 322.129674372 402.598887003 -206.804182433 -220.418927996 141.509257563 
51.85262445 -29.046842517 21.60645693 460.493165426 -450.232733808 288.50732754 -227.347735337 -432.27945588 -244.863193984 306.209365575 
-321.380095748 253.43780984 1.37339251192 -0.493564166828 -139.858240857 -100.475631467 -319.066579434 385.051234775 -459.258006481 444.256835183 
