185.711351653 -335.454550661 -18.5138802484 333.860823964 -461.686340963 -139.613108387 199.773098245 56.1419744554 461.686340963 -251.291612898 
191.612245535 78.450522126 -81.0676927851 306.390592246 -335.538401835 33.9646106262 -206.451002683 -461.686340963 445.841922462 442.578557344 
-461.686340963 -66.614493662 461.686340963 200.53224043 -333.299625214 -99.2365034703 45.6943362068 -225.111875078 331.467004741 171.5797247 
461.686340963 333.99237228 -239.254697344 -337.3676297 -461.686340963 -121.106226141 92.5539173104 211.766379512 -109.553516452 15.9893402771 
55.6697682915 -461.686340963 461.686340963 327.239305205 -206.56308234 -336.050952227 -80.5385131734 -66.0097845282 212.754980265 175.383849848 
339.630260227 90.9727458251 -36.8866574615 -161.070432878 -461.686340963 -199.600372068 114.978577053 -335.36553878 234.417196998 461.686340963 
47.1142502614 461.686340963 -336.06831608 161.394519776 329.632416563 263.33811097 -209.45327773 -106.136242478 -461.686340963 -59.6615159951 
-173.108813077 -224.193188487 -58.6212084058 210.44915317 -461.686340963 -332.936930351 66.8071340751 461.686340963 333.781616304 84.2490172719 
171.070290165 461.686340963 326.314407561 -77.1451992112 212.365242575 -233.008142227 -125.694778556 46.6115737832 -335.47225271 -461.686340963 
-336.254077129 461.686340963 -164.739698572 202.848129836 -46.5045350374 -262.007218338 201.274033772 336.599072835 76.3230716816 -461.686340963 
300.767183865 461.686340963 -100.323632595 -218.329150282 8.97991700475 171.429653406 47.9901186724 -336.389944449 330.285556764 -461.686340963 
-107.465501947 175.959738085 202.811419577 -233.637196471 461.686340963 332.570976625 -81.2166115394 -335.847171487 43.9032944946 -461.686340963 
312.730563903 -306.258871358 176.232111242 -102.51826405 24.3487282027 440.344916669 -190.634456516 58.1195194806 -417.18180791 -444.956185036 
47.3392360714 -461.686340963 461.686340963 282.094551742 -186.183871974 163.146452513 349.884194351 -75.1031853199 -339.332680646 -243.850486125 
248.179239122 -332.745330338 -142.576923115 -461.686340963 343.33485407 461.686340963 33.8323166121 -57.1182003403 122.459934547 -207.650489376 
461.686340963 -209.358730378 -331.27001014 340.295491384 -461.686340963 114.07899449 236.997601142 -160.135315789 91.945343273 -41.5607130185 
-461.686340963 -224.374287754 -163.095244051 -42.5232712282 114.166149412 461.686340963 339.688877594 37.8836963677 236.113228707 -331.207323333 
252.622605342 134.991616501 -461.686340963 -88.9426629919 -14.6402974791 344.424922226 -336.412863477 -213.150533478 76.9245124905 461.686340963 
461.686340963 227.845499451 -46.9761653243 -329.702991598 82.7597763829 -208.114020176 -168.929924503 -461.686340963 337.930971912 105.874158315 
416.262833752 106.557968921 231.732099609 -113.82268232 -286.932078606 -330.301356911 -179.60156361 -41.2152728666 108.626570506 -451.477539973 
210.49071707 -47.200062147 -84.6511376593 -461.686340963 -335.679190064 177.928157246 327.582385676 -206.507612874 57.2764313009 461.686340963 
-461.686340963 200.222848149 78.1722503275 -184.81509504 -63.1079936908 333.521583281 -332.911655662 -215.482931421 461.686340963 68.8654925524 
461.686340963 126.756083542 208.593276043 -39.0594094499 -254.901359802 53.075052416 331.512264675 -333.720284983 -461.686340963 -155.420005085 
28.6256700381 -216.239553976 347.1571195 -461.686340963 -111.13773318 -334.925677921 11.0180048343 154.396930964 461.686340963 271.997564681 
-461.686340963 -21.2051573249 -260.985613381 -334.717503513 461.686340963 -19.6137444572 -160.510624423 219.897631173 102.062377712 340.845446419 
60.3846112139 -177.501921017 -334.234371832 -62.9941390899 461.686340963 79.207649357 -225.172670392 201.64811085 -461.686340963 334.304414349 
229.266665606 74.466658673 461.686340963 -208.577085818 338.1388777 -461.686340963 -56.0272066081 -121.593804668 131.186979581 -329.305731299 
-106.009533427 -334.720929516 332.826090596 -232.093216224 -79.6323977908 461.696605764 45.2491661054 203.215448286 -461.686340963 177.052859981 
-74.2891095425 262.66995458 51.8776884881 461.686340963 -340.613863237 333.397850551 -180.459471267 171.544115926 -303.131730115 -461.686340963 
461.686340963 212.71513316 -206.614626343 -461.686340963 -66.0575256727 -80.5675528365 -336.108724581 175.340305121 55.62477795 327.208044046 
-461.686340963 132.186056228 33.2227654837 -336.906224541 343.533626631 -238.259910461 -120.472320338 -86.0391092549 461.686340963 240.688804867 
-461.686340963 461.686340963 -93.5988232751 -329.542361355 332.740013972 180.382595741 51.3031712666 198.511314855 -216.403702694 -50.6777939543 
-328.647780393 210.364991235 332.90276521 59.3404922909 -63.9920264958 125.066940451 -190.569117752 -309.89362965 461.686340963 -461.686340963 
230.455580037 337.721117691 -133.965451091 81.1236300284 461.686340963 118.786434672 -330.318871373 -202.980220979 -45.7605445523 -461.686340963 
461.686340963 -205.033023552 182.790028254 198.225577528 -328.474928863 52.2872531345 333.016246242 -111.021952466 -461.686340963 -4.23777834493 
105.743513584 82.8955125396 -207.643778409 -461.686340963 227.599277991 -329.828522077 -46.8512272834 461.686377182 337.913641671 -168.80056457 
461.686340963 -51.8668221337 87.0766525258 -163.506909483 -461.686340963 -285.570403692 -344.149026189 212.874623143 335.354871594 72.4513613636 
-42.6177831718 -331.238592884 -224.322051443 461.686340963 339.673766682 236.05171334 114.087195481 -163.167418804 37.7485787648 -461.686340963 
330.123877724 301.283135282 27.9158948451 -90.8443137174 -338.332417779 48.5025556075 -461.686340972 461.686340963 172.179194166 -211.90771582 
461.686340963 200.808128332 70.3307353444 -341.130090696 335.558608053 -461.686340963 197.321066611 -55.4732351348 -263.941769217 -154.324483959 
-275.710474055 208.355442047 -461.686340963 -325.476493431 -53.241941387 332.422564144 -39.1075126048 -183.194798651 461.686347555 95.6724145277 
165.97182421 25.0760633917 461.686340963 264.240313274 23.3610699364 331.272754728 -336.606938402 -461.686340963 -103.468713919 -218.585467509 
461.686340963 -327.396813556 -195.844733447 113.111644408 -461.686340963 53.5857564047 -43.810350514 -169.028813119 233.245743944 338.9753177 
185.636543216 -139.479650875 -251.235666346 461.686340963 -335.490980441 -18.4436549331 333.866836038 199.925621809 56.0557149378 -461.686340963 
171.24841413 -124.11502073 331.417328838 -232.173395989 198.179877302 461.686340963 -335.18586945 -461.686340963 43.5776447076 -76.2669690452 
-131.507281031 -461.686340963 227.327849636 148.098188789 -18.516866553 -257.858954088 23.2231048418 326.495726037 -334.276953467 461.686341008 
-112.657130929 -151.767032524 347.408523075 444.413880532 -282.194589992 -343.383360875 -462.326565603 137.445353043 13.8947242053 276.587621796 
-49.1814122695 -166.873088977 56.6655674425 335.221598158 461.686340963 101.208130279 -223.369307617 -461.686340963 -331.640994896 221.157374714 
32.074052964 -59.8435601836 -333.465969818 -175.687533613 461.686340963 87.2769466908 -461.686340963 -223.967106672 203.793938816 335.211919205 
-112.142053939 -63.1832965804 334.066157957 200.764246795 -461.686340963 187.077242666 54.700921431 -207.548846979 461.686340963 -335.74780683 
-339.153547131 -125.023938038 16.2880505996 -76.2307082314 -246.813853029 461.686340963 -461.686340963 265.069044733 346.54065967 142.363898327 
242.018562598 461.686340963 120.827157634 -461.686340963 -29.0780686647 342.054216706 -240.699027329 -339.458724181 -127.789234036 63.9747092157 
61.3293040999 461.686340963 -333.21597294 -65.7552572959 -461.686340963 86.9115483295 -210.537131056 209.001009127 -164.96509678 334.897155939 
-60.506968135 -461.686340963 461.686340963 92.3827696331 -189.129706932 340.608804857 -329.575877446 -271.782041921 -34.1040060259 219.545928506 
-329.176447544 -461.686340963 42.1881070394 461.686340963 163.251366658 -108.882964976 38.2054083593 291.000590512 -204.869162402 333.429788795 
199.562133348 -206.79444935 -79.5119366009 -66.8544425903 333.83186799 185.922626813 -461.686340963 461.686340963 -336.200049737 56.585382019 
39.8301976147 -461.686341119 -82.738274359 342.794726485 -224.125169957 461.686340963 91.3122749714 -97.8348922925 213.901426256 -340.252200834 
-208.953762381 211.107521687 182.008679423 328.921121589 -461.686340963 461.686340963 -56.6380679482 61.0592011941 -172.411974027 -332.373982896 
-187.485102764 62.7356417319 334.358752732 -232.390697003 -57.3083392766 -461.686461126 -334.060026014 186.410489431 461.686340963 202.372891146 
-461.686340963 246.466304682 -38.318665512 461.686340963 74.0261996199 -253.872200653 -334.788461359 -159.849415976 330.11568063 177.810603795 
461.686340963 212.244878061 -335.605892581 -23.084770763 -269.07729972 -164.070417 334.169102627 95.1488872664 -30.8569079278 -461.686340963 
-461.686340963 98.3814487969 222.563975268 342.573122711 75.6677833433 461.686340963 -338.376923698 -87.8490730862 -214.992808016 -55.7945741276 
339.114287438 80.907435306 129.220076874 232.853569294 -208.755726889 -334.020023546 461.686340963 -123.573265135 -47.6999391123 -461.686340963 
341.865800363 123.194799889 -143.190873524 -461.686340963 243.830579326 -272.312616357 461.686340963 -21.429072069 -342.560555835 100.738604214 
440.681308712 -57.3587635751 -305.480323978 226.148758166 139.939007839 327.784482889 -376.085473996 -184.2767135 58.8476339659 -453.013474345 
168.54963127 67.7884623735 -324.667421177 -21.9779825173 461.779695935 -449.881284118 317.366257172 -102.064883928 -213.571282723 198.844976463 
333.793194507 -331.77401162 -66.0486162552 461.686340963 52.0672768569 -162.667237051 -461.686340963 209.560587017 165.122521632 -220.550764381 
-330.608693753 461.686340963 -24.5400577314 -148.169490514 104.305662222 155.663924472 286.242439785 -213.908779191 -461.686309638 334.373684268 
-78.134999775 461.686340963 -461.686340963 -335.921458753 205.117555953 122.808281788 -234.084087854 44.5502001897 329.543047086 -129.980975385 
-303.767598189 81.4744037975 -7.36715617552 455.543009082 -244.374558488 -439.580303279 181.685331613 -123.188726776 324.637607663 303.454508033 
-211.91645796 -461.686341189 14.7484267697 255.528327896 461.686340963 -338.767919228 170.530686645 -112.092153088 331.968261311 35.9276647816 
47.2302873166 461.686341153 -461.686340963 331.977163996 198.01479361 -66.5263242298 176.023432663 -332.841252576 -223.85552419 -97.8549555909 
55.8326562395 179.201207165 -79.4712567371 328.091570957 -336.587096493 -67.5414255486 -461.686340963 -207.940779223 461.686340963 210.35265995 
461.686340963 329.776451304 -60.8046468268 -217.5877147 -174.156397136 306.403827194 182.761084597 -461.686340963 60.1277782363 -332.619528959 
332.280565274 -334.066560086 461.686340963 -229.373346045 -117.962549958 48.7207639963 198.676133603 -461.686340963 177.151292269 -72.6391423556 
210.354600396 59.3319100089 -190.576894137 -328.646052744 -461.686340963 125.002689867 332.903599124 461.686340963 -309.898678455 -64.0025812127 
296.159358311 -461.686340963 461.686340963 53.3771705911 -335.667073216 -5.21131200243 -216.584387637 332.39754301 171.307772365 -96.9618615057 
-64.5329228034 -222.872668439 -181.537919872 -332.384896153 461.686340963 333.791226591 55.4667274997 203.774456162 181.23129448 -461.686340962 
-46.1050404963 -331.569188068 93.3768504499 339.608361652 215.502091702 -39.4821178254 461.686340963 -175.548676428 -298.880411595 -461.686340963 
327.390183026 177.904930085 209.696530026 -47.7093816499 -332.066737305 461.686340963 58.9176550643 -461.686340959 -181.89937257 -190.95202886 
265.865579339 461.686340963 -84.3521294906 -461.686340963 346.293953644 -309.995727649 -328.035231916 149.883227132 -190.215890879 26.5099956652 
-110.636088752 -193.411353215 332.779021079 167.364870374 56.2319034588 461.686340963 -321.525937568 17.7978408523 -455.091979075 293.837239181 
461.686340963 211.964881143 152.440261948 -461.686340963 -65.4652657256 -99.9121061724 -209.481514476 -338.49521412 331.189220544 57.6975992649 
461.686340963 -211.810950615 -336.077829153 -20.0886773233 127.986238951 86.88592666 247.916163254 -87.52047252 343.732681445 -461.686340963 
332.31644475 -334.374136519 48.3053895997 461.686340963 -73.0856944044 -461.686340963 -118.383056846 176.666730738 -229.982390498 198.913433923 
-461.686340963 456.983372174 326.723729987 183.462762349 -116.71414908 47.5200049499 176.489913507 -229.9909842 -334.029300864 -73.3078106787 
147.265604867 -134.539058775 -339.192712296 -6.99044268034 -253.174210202 256.717714476 16.1520394739 461.686340963 329.006979795 -461.686340963 
130.212725417 -122.575093866 214.532289163 461.686340963 334.2051282 -62.3185156854 -211.936993307 59.1631485792 -339.534807836 -461.686351264 
-239.541277274 461.686340963 -461.686340963 235.625107413 342.297595741 -337.514589084 126.14322374 -77.4949520239 -114.719112923 27.547736749 
330.844728531 3.58504351948 -101.698345725 299.457978023 461.686340963 -336.175098609 -461.686340963 -213.08394713 46.6782718712 170.294114248 
461.686340963 -240.606166092 -114.635615209 161.136621628 -336.902205128 289.961926864 -461.686340963 -4.82801440873 37.1775390289 333.690203246 
333.847101657 -461.686340963 110.018866282 28.6718553473 208.351861718 -69.3354106889 -116.427414139 -239.199293337 461.686340963 -337.138556286 
-31.4905334269 -209.019292583 -337.080949122 -461.686340963 122.613248513 -114.402040724 341.625690684 461.686340963 242.0553492 59.3707677783 
-210.159467725 -64.6268230605 -333.043924572 215.608350857 88.9149710196 63.7355269612 461.686340963 338.918222974 -461.686340963 -163.045851063 
339.136695919 80.9653029803 -333.993113497 461.686340963 -461.686340963 232.870565026 129.285222306 -123.507809702 -208.710731178 -47.6458926347 
-19.5765454636 -461.686340963 461.686340963 -265.406133092 -138.918208613 -341.47696825 130.782318369 343.934129323 53.3821274337 251.007295124 
169.571486869 461.686340963 211.106368033 325.634121181 -100.716905801 -50.9321034634 47.1397330932 -461.686340963 -332.947923094 -224.675400887 
-461.686340963 -333.167791888 296.167279065 171.516083934 -74.0107257116 -98.407537221 49.9763570861 332.332862283 461.686340963 -224.911824461 
132.745572829 17.7276851222 461.686340963 -461.686340963 -228.002139866 329.574801769 -331.443826385 -145.485527085 -15.9455576232 224.918526807 
-335.569431953 330.095129265 -76.0540790531 -461.686340963 -125.615886986 -233.061905236 461.686340963 206.545723929 127.18360441 47.5467452591 
442.578941377 178.702427061 -201.77241742 0.679428059561 337.502298234 -283.567400858 -37.3954491009 131.851629623 -312.737588179 -425.372387928 
171.838845772 -211.907797325 48.2686200432 329.841601437 27.8009708847 461.686340963 -90.9483583384 301.047658188 -461.686340963 -338.337106797 
85.5600318134 225.529829261 337.103203426 -461.686340963 -40.1816699374 -157.220617228 -272.469313855 -342.264316499 461.686307082 158.493188478 
172.987713443 -91.5242445208 330.192961761 -338.124148243 38.7022114522 -223.360316602 -461.686340963 301.280999183 461.686340963 48.4904791939 
85.1131838307 -332.144284463 -461.686340967 335.383836932 461.686340963 -182.403497447 210.561420483 -248.575453639 -6.58298862223 -57.2815144576 
-206.689863445 -81.8371490067 350.078298733 20.2021057413 -461.686340963 461.686340963 -334.630862502 81.1244197712 280.061338953 162.246625842 
-50.2168717437 177.235567698 -461.686340968 -183.056477773 461.686340963 330.841953365 -227.239210565 301.689603305 -332.784466111 70.9713877323 
221.947473814 461.686340963 -461.686340963 -33.4740598558 103.684119869 341.840389364 -15.6059401412 -163.62901882 -333.284642133 -233.735062074 
331.545854546 -39.052562556 461.686340963 -461.686340963 -155.414685027 208.626946682 -333.718390974 -254.88988601 53.1063490987 126.766435719 
