1.00013579859 1.0215637742 0.937198706868 1.14213131044 1.24392294897 1.13814548176 1.21492564919 0.616883815208 0.994164867986 0.887709070043 
1.14759261608 0.948143772699 1.14213143555 1.21899486946 1.06361795569 1.35333403927 1.25283587337 1.00020518 1.00275178101 0.641412037648 
1.09233009917 0.732903755006 0.995385837991 1.19878110268 0.944757011028 1.20078732043 1.24389274149 1.14213143542 1.03437944121 1.01974191314 
1.14247848638 0.954131498486 0.993625770353 1.00842918407 1.04487203327 1.11896443915 1.05930144547 0.927041968403 1.09964079989 0.971567742233 
1.1024322506 0.938055851872 1.14213143477 1.26840601389 1.01526431266 0.875770707505 1.40984613208 1.18178776103 1.14213136397 0.634254542368 
0.874917463087 0.88730177899 1.37747347354 1.02228947749 1.14124118775 0.820933351973 1.03576713182 0.886265461029 1.08640794411 1.14213143477 
0.896687113615 1.14243394804 0.869635610318 1.11657787247 1.10238590955 0.908789806174 0.863654330689 0.93860745413 0.98907332406 0.761008910682 
0.983632234286 1.24422108337 1.19518499831 0.891063165746 1.14212528249 0.999837554517 1.2470212785 0.637253273592 0.783810235047 1.14211233044 
1.07892189393 1.00444813897 1.14840475124 1.31637587509 1.14426382978 1.10826253573 1.0963198831 1.10121635426 1.14211386709 1.00062455197 
1.00503569348 1.2395107184 0.92311927683 0.914573010485 0.681550191565 1.14213143477 0.715019567412 1.11798698713 1.14213050799 0.963717108029 
1.07092700468 1.60596311327 0.56625028161 1.14212999342 1.14213143477 1.04421846634 1.06691232379 1.19869807983 1.00804833607 1.16885936926 
1.03309899984 0.974260810532 1.00386567958 1.0740001044 1.00270994408 1.13651332848 0.900514027456 1.48387837473 1.14213143479 0.986716267497 
1.14213143477 0.961028117808 1.14213143476 0.659222948335 0.916236217781 1.34709242446 0.781258719472 1.07609011576 1.60218335335 0.861713129842 
0.785572233606 1.03163332666 1.07349279978 0.974569882865 0.818645348868 1.1033212728 1.45500263915 0.969635495557 1.14289368234 1.14208325369 
1.04884767015 0.972065379639 1.44971852554 0.888214571614 1.14180961683 0.97415731024 1.03537136555 1.1421299992 0.997888345509 1.00915156783 
1.03669939345 1.06386687997 0.997193995364 1.14213143605 1.33134800071 1.31516233042 1.01362685538 0.611251820216 0.675064136255 1.07192345441 
0.758020172478 1.01303644084 0.611387316415 0.960325576409 0.998455742116 0.648008485679 0.945042705499 1.18673372497 1.14250001891 1.14213061509 
1.14212935366 1.10721219433 1.09104331911 1.22431029814 0.998772347057 1.26634291416 0.935590105805 1.00196434292 0.63444226066 0.99329189957 
1.14213068787 1.00131473169 0.896102387785 1.01177460486 1.29870218639 1.25216642976 0.831494319587 1.21648136607 0.624708155421 0.887691111781 
0.930330273955 1.01664989966 1.18169988851 1.1421314348 0.966821247118 1.22549683032 0.556587460483 1.02677170716 1.41467759022 1.13303557237 
1.03998983411 1.14213033518 0.982739606427 1.31936844044 1.68154540705 1.23474414321 0.839519663768 1.22389371667 0.712141351539 0.974507736544 
1.14213143487 0.924526550561 1.11286258467 1.17968090813 1.02160405593 0.634545961427 1.19575881092 0.972860159555 1.0189809979 1.64605431148 
1.34555047454 1.14226498204 0.822408860555 0.863707670893 0.811299174659 1.4824735974 0.689232912044 1.43936248469 1.18094537746 0.997140659012 
1.02266729714 0.832457872797 1.14024657856 1.64834767742 1.60504460505 0.93923579046 0.954892865556 0.83836863104 1.14212951161 0.922507737133 
1.05940500519 0.774302039677 1.05569176659 1.14200227947 1.00363708332 1.04688279528 0.896038071533 1.1424052712 0.998778653491 1.15682021637 
0.97126714932 1.14213143509 1.34220566941 0.543346433812 1.22313328713 1.22817360452 1.06935238636 1.27640975312 1.01766341844 1.00487912105 
0.999743549052 1.08817859716 0.926691068123 0.84849304233 0.984256594685 1.14399378353 0.908942860907 0.667385144225 0.993873474971 0.858574676484 
1.14245727708 1.17826312343 1.14213143477 0.657143112234 1.30606570754 0.947348681927 1.10956833407 1.00300894602 1.07216354618 1.02842647695 
0.834977825658 1.04753806064 0.642964288794 0.939673108502 1.37703741555 1.04345838934 0.679294233167 0.889502226207 1.14218684582 1.14214926756 
0.832703247795 0.85752008291 1.29007926461 0.943230105711 1.07710564623 0.935457452801 1.14242672908 1.75782469418 0.988460084968 0.983588636097 
0.989347425363 1.09789534855 1.0292338563 1.28934364191 1.38654735204 1.14188244625 1.15393024879 1.05247109282 0.71575521775 1.14213143477 
1.14211823932 0.916468601675 1.45630805025 1.4711807163 1.04794178362 1.5533018545 0.854861792129 1.1262371081 0.940833492767 0.985601989178 
0.837430570178 1.65516317878 0.940569590489 1.60586041514 1.02156502489 0.954929354389 0.83927680482 1.14212964272 1.14017601009 0.920178202166 
0.959523764709 1.23945429872 1.10783522177 1.27478851408 0.98863742894 1.1424963426 1.01937825035 0.89642842477 1.0475617284 1.11792840251 
0.857558251606 1.52148079527 1.17825151014 0.645962678292 0.978013376454 0.720840798364 1.14199105541 1.46306625775 0.971237904053 1.11711330477 
1.01427268412 0.885156533251 0.928031892317 1.17991785248 1.13910075331 0.893471951564 1.45678494026 1.61154606192 0.974725288103 1.14208252706 
1.00241287235 1.06487990526 1.26702966121 1.09716202898 1.14212927005 1.23169023043 1.21359458903 0.926940369937 0.637738758328 0.998587012768 
1.18773926351 1.14211136382 0.866046731115 1.28528786191 0.697119579979 1.14212220443 0.678143611424 1.20253690608 1.02461086216 0.991864192244 
1.11287687507 1.04913367008 0.972647867893 1.23821969976 1.01029555253 0.999391614708 1.14212963552 1.28099217557 0.865410388412 1.1834685159 
1.14148736034 1.04158075044 1.12101824967 1.14213143477 0.870664156538 1.27948712726 0.897626209043 1.06156078336 0.819177936121 1.36690039461 
1.19611561021 0.97806871413 1.41461055261 0.936592035885 1.22977374057 1.02386570725 1.14213144669 1.26424856075 0.9748849261 1.06039194315 
0.846041039301 1.14213143399 0.95655523121 1.48121299956 0.705090161354 1.14212831592 0.993967977875 1.11231159342 1.42634840819 0.864763445323 
1.07307529623 1.34246697288 0.934770928765 1.14213143415 0.932772181605 0.799811072746 0.704468885045 1.01975834997 1.14213143477 0.794924013782 
1.00774946835 1.14243883914 1.09147007098 1.04451900025 0.990480279756 0.871472340762 1.10806439753 0.93463140145 0.941713684537 0.892364816219 
1.40443239897 1.14213069762 1.55844287319 1.00851329397 0.982238962657 1.14134941096 0.820420618343 1.03753492404 1.61152200891 0.93028828064 
1.0433916881 0.994066923008 1.0683242376 1.32946593142 1.12020594239 0.97150672321 0.885791323554 1.1421314355 0.678207965942 0.624959070771 
0.997408518865 0.563071989613 0.835435525209 1.07271889809 1.53327698334 1.14212790218 1.60939733912 1.14213143477 0.935638964572 1.17797587037 
1.0246237167 1.00362094691 1.09191889108 0.977471927945 0.893767742815 0.959701334279 1.30365431652 0.965682146894 1.14249374167 1.01783419101 
1.04008476048 1.14213143472 1.14655036573 1.28801206645 1.11742219184 0.965657001197 0.982663228536 0.602279346855 0.794944735727 1.03466824266 
1.01172569442 1.14213062761 1.24030066988 0.888038590067 1.27523071166 0.635034716553 1.21206697635 1.00183499032 0.934326366844 1.13503371494 
1.2322011285 0.998931390479 1.16528636114 1.0064302479 1.2712994592 0.973752118757 1.14212957874 1.08134653898 0.877897733338 0.752909210901 
1.38967970127 1.14192209214 1.01804955663 0.829759337535 0.814530515658 1.14213143477 1.04817577843 1.05966706948 1.02352430383 1.03723541724 
1.05863444426 0.994675944404 1.26494169294 1.03189530176 1.06989531896 0.999215957847 0.996357441309 1.14212728208 1.23235407195 1.03794214524 
0.929978839534 1.27476351481 1.14213047311 1.01026597743 1.0023894576 1.36720560492 0.893325070631 0.656213277081 1.37024591962 1.20414177015 
1.01040063306 1.14213069644 0.981338313046 1.14135124563 0.929725253269 1.5572672251 1.60280053951 1.39958428444 1.03753517045 0.820713500788 
0.971781952095 1.35694017693 1.01313505659 0.95151682462 0.905169536299 1.10808510305 1.14234316975 1.28422440075 0.983408984992 0.934822418208 
1.35168167998 1.45312052861 1.03611031505 1.14209868246 1.03778726093 1.02575032414 1.02915691191 1.01507976919 1.24705052532 0.956660023567 
1.1367889577 1.62885130315 0.904647610499 1.14213143477 1.12333148259 0.900462502775 0.922239079813 1.05351036781 1.20449042881 1.00317843367 
1.11026409231 0.941674047415 0.945000755173 0.949177499049 1.02503820988 0.790113608296 1.46322810248 1.01888816676 1.14243930946 1.02646266422 
1.61160854369 0.894625791765 0.932774989811 1.13856895385 1.15856569314 1.0671776447 0.920611680227 1.01151896618 0.95412746949 1.14208065029 
0.824712118358 1.00332285048 1.03617407849 0.732938270634 1.14212868584 1.09350121807 0.952954265944 0.995843536068 0.99660376545 1.23431986311 
0.865021507425 1.14213143477 0.643744248478 0.841130329149 0.895594162231 0.941873972679 1.06696944924 0.992777505614 1.06826315558 1.14244272962 
1.0187202702 1.14213143479 0.983412156187 0.609762378268 1.22749566337 1.30052413124 0.58594780117 1.26870565322 1.40061256656 1.00511957004 
0.670245998336 1.14213143477 1.06865963567 0.630691289078 0.986644119454 1.14213143477 1.06094787376 1.23952321821 1.33130338336 1.45912093553 
1.34918337378 1.14203393216 1.09398621553 1.53593836407 1.14213143477 1.08888426313 1.33239462042 1.07157796249 0.997578601687 0.981825671598 
1.14211254173 0.989385505218 1.56638204121 0.874423726576 0.845846564601 1.14213143558 0.738659600674 0.908775825967 1.08817432142 0.626564365843 
0.896294791346 1.29926431727 1.25199316959 0.624729259992 1.1421306878 0.887787263967 1.00126066141 1.21576851515 1.01169723016 0.831297040841 
1.01904145894 1.05408393384 0.706639398853 0.759919110724 1.14241162238 1.05227365636 1.08895910178 0.992855859913 0.929590765279 0.986438228823 
1.05167191831 1.19912651686 1.2616395473 0.943719823627 1.58511682075 1.14203835652 1.1278667471 0.92311908309 0.983484980734 1.06198567355 
1.07338862661 0.834298658693 0.889825947194 1.00059496259 1.30781755638 1.14229744739 1.16355370935 0.87565237983 1.56986010803 1.03801901786 
1.12828613015 0.990315882066 0.899325615709 1.14213143503 1.24530195908 0.998457740131 1.2481023476 1.22438302082 0.960770835501 0.638288054296 
1.14213143461 1.02082903085 1.04175556523 1.07242731345 0.565232790918 1.01751664601 1.07388405579 1.0727915467 1.14212997464 1.15814601306 
0.987514106932 1.070739794 0.931370314275 0.692599138266 0.891244441567 1.1424153997 1.09502385613 0.908572060762 1.10526019427 0.886717339083 
1.29518773983 0.967907316859 0.939263626564 0.808253558439 1.14212756206 1.06160324837 1.14209909687 0.977778503163 1.29106975633 1.04852223574 
1.22278880386 0.79178169878 1.00383184449 1.03345956561 1.04360344237 1.14212967256 0.999508028313 0.632570540178 1.26805104647 1.10966810758 
1.06299389108 1.00397059545 1.43100642884 0.907906700812 1.14213143479 1.23074039149 0.908732964476 1.14617947483 0.934499816743 1.13684454531 
1.59215385875 0.992215403491 1.30024662304 1.13226047684 0.990411106959 1.31755590956 0.928248331494 0.951131912586 0.934601677732 1.14204415008 
1.14213143477 0.655501845687 0.750871170793 1.1425004851 1.06516527347 1.34858895171 0.8469016288 0.990494795445 0.987900559973 0.961285688109 
1.06985408936 0.999405693231 1.03793513851 0.994675986671 1.23245615045 1.03168786434 1.14212728311 1.26494080356 1.05859853731 0.99633896022 
1.10238408313 1.36196994377 1.02684111909 0.939153544425 1.30696527027 1.14707098628 0.99875176462 0.964473602998 1.14210710134 1.01751166395 
0.830760820856 0.995994137415 1.01276779563 1.19362557274 1.09783228502 1.14213143477 1.14212726566 0.650086447902 0.822738384726 1.01149284736 
0.974531688912 1.52750035968 1.15296241306 1.13434792038 0.774305141283 1.06470569081 1.14209072418 1.07659306161 1.0157342427 1.13255088008 
1.1373260548 1.44242231548 1.05217094789 1.14213143479 1.22563906143 0.910855187773 0.933190487034 0.90550349216 1.0057405539 1.15270136607 
1.59196746342 1.14090112596 0.736730655784 1.14212906009 1.33950266407 0.922376283568 0.857407321934 1.03038439629 1.04346973374 1.10620611813 
0.781516843919 1.23758584486 1.0606344781 0.863297864024 1.00467987996 1.25082461085 0.974647074158 1.14213011228 1.15670346635 1.5694737971 
1.01764418874 1.34277313344 1.14213143507 1.28308152506 1.07032160918 0.971037497227 1.22801532102 0.543362514386 1.00496298726 1.22311049131 
0.827425148466 1.60060620832 1.02628213147 0.919856516336 0.95878535318 0.800645748858 1.14212871518 1.21748488209 1.34644178977 1.14056154068 
1.09363133446 0.978142520492 1.14423762916 1.00605194009 1.0048243782 1.00901668937 0.604079614121 1.08637471625 1.31752363013 1.08522872123 
1.0067996484 1.37224697283 1.14213143766 1.79058102489 1.00274440926 0.846963903039 0.678177581922 0.998990181515 1.00639253242 0.843762104692 
1.52116587325 1.14212434111 0.835776717042 1.06014462239 0.989336072043 1.12924681806 0.972883668705 1.56858048923 0.94015515497 1.44741868208 
0.980425755822 0.965556906719 1.01863435224 0.947184190676 1.13098892201 1.01839745401 1.05459514335 1.14102741265 1.14245059811 1.12341429662 
1.45422257698 1.40446469244 1.57637250636 1.08078000381 1.279803493 1.02011975421 1.1398479107 1.14213143062 0.912299673513 0.878006051406 
0.97283567885 1.04540800702 1.02103960414 1.02954113969 0.697018962624 0.909734584282 1.02695293238 0.926255037257 0.985208278917 1.14233581391 
1.03082934494 1.24703907778 1.11042282427 1.1421314262 1.04055645517 1.14213143477 1.06328904564 0.863102764071 0.632800957966 1.27197636168 
1.16254728815 0.641328019369 1.41279694245 1.02171804889 1.0356775015 0.989554771591 0.855954016155 0.933125595753 1.26234677966 1.14213143479 
1.07915702148 1.3404504423 0.867720190295 1.08142641949 0.959726953531 0.73991786548 0.701326525822 0.962457035374 1.14213143477 1.14213143477 
1.14213142482 0.878242788848 0.981542441072 1.02167092603 1.3414540741 1.1889409839 0.85515568753 1.07339375121 0.969601257658 0.801858355959 
0.878824245474 1.17922657059 1.01343076136 1.11265514336 1.00656714972 1.00274506408 1.12739411879 0.622962689526 1.14973740482 1.33088270777 
0.887636179668 0.895935052051 1.2980799338 1.21692502924 0.831398661448 0.624819293928 1.14213068967 1.25186859043 1.00125216737 1.01169679787 
0.992688433756 1.00968244471 0.970184307314 1.08406044513 1.02393472735 1.02564409421 1.26698017714 1.14206247974 1.08646426284 1.2656585282 
1.14097967583 1.17231202477 1.17346401611 1.27813781705 1.21432416705 1.16652047638 1.00994163831 1.02140570104 1.14213135752 0.940332804456 
1.24664400079 0.804422624153 1.67848674727 1.03558922436 0.710427269093 1.02602545429 1.0235865596 1.05097162267 1.14213006851 0.984640713509 
1.1764276596 1.13913727821 1.06520558644 1.30243799688 0.55390603145 1.0174963743 1.12722791213 1.16629041866 0.979515668618 1.14213143526 
0.56562768008 1.14212997411 1.02084512207 1.14213143461 1.07393662503 1.15817908909 1.07242609618 1.01743435183 1.04171338793 1.07255475201 
0.958001377385 0.94519395299 1.14212986036 0.964924078229 1.67826430708 1.53156182582 1.16921912469 1.0456328891 1.14171985238 1.05645174081 
0.990440108439 1.54565468913 1.14158008508 1.02899863549 1.30987855316 1.14213029851 0.852710920323 1.01760567585 1.04222655235 0.958364221274 
0.972955424875 1.04932172992 1.14213143477 0.670917828102 0.772713405692 1.04552857341 1.40427850295 0.962556641045 1.14213143476 1.07734321459 
1.06433059459 1.13210164909 1.23742751971 1.0250807761 1.14212890718 1.14213035828 0.616208270838 1.22924165994 0.997733557468 1.43429895338 
1.42651330915 0.926627144828 1.0911046969 0.967905493827 1.14213144239 0.933675136186 1.14178372288 0.948120827638 0.729853871632 1.03716114989 
1.00227469577 0.790345298068 1.32374524627 0.830492728048 1.14212986488 1.23117928199 0.915383371676 1.14213143477 0.704738955766 0.713670903548 
0.892120403906 1.1424388449 0.990403629983 0.871388747464 1.04450967684 0.941734000462 1.09040119429 1.0078142257 0.934579496786 1.10809014063 
0.986275001739 0.763741181643 1.36969891066 1.01417591682 1.04236419414 1.14213143503 1.0152075205 0.648645169369 0.803296569169 1.24787931225 
1.14205817773 0.757210450452 0.889765423823 1.09257499205 0.983676087042 0.921726515138 1.03296561336 1.14213143477 0.695795868927 0.998016595382 
1.14210690168 0.935649448459 1.00517804984 0.945807371062 1.13708372966 0.884911094249 1.22434798062 1.41143758973 1.12630454683 0.928295209133 
1.49468271225 1.01087532892 0.974580803299 1.1418351535 1.14213012621 1.05025135263 1.00313573402 0.997688658075 1.50696487701 1.17715615939 
1.1421286448 0.907897037963 1.3125636066 0.636647751633 1.07488624342 1.09476710563 0.996762121745 0.992171659215 1.11178051104 1.28614044049 
0.693742901624 1.37703981954 1.1682146028 0.999947635616 0.737393405668 1.14213154979 0.738643643365 1.2204361381 0.956983742449 1.03378335494 
0.985185004247 1.02676160373 1.02959928419 1.0210684776 1.04546976998 0.90983138659 1.14233822215 0.972795878842 0.925021960023 0.697259251127 
0.651431775477 1.15854912596 0.989198511322 1.37346478262 1.10954753859 0.992644922657 1.142131435 1.30406989227 1.16919068967 1.1033829574 
0.987466163831 0.899308523263 0.956715229148 0.985404297367 1.14248704674 0.983829793391 1.0143153855 1.10270007546 1.11822383945 1.09255278432 
1.02899018488 1.12022441871 0.997403672668 1.50574061592 0.845452802837 0.941834357292 0.966861154263 1.14213143481 0.991499949308 1.13413529825 
0.833814894521 1.14024130302 0.939327840465 1.6477555922 1.60514620485 1.14212950984 0.921478574731 1.02269112965 0.954755332681 0.83848943339 
0.564361274903 1.1421314348 0.861527172147 0.963716639765 0.726115158234 1.02232029262 1.30273214283 1.22144064932 1.0430056073 1.47060775021 
0.850415740033 0.828081691559 0.894897734273 1.26028328476 0.949623636847 0.954698167463 0.987895844087 1.11848072749 1.103631863 1.14248062906 
0.967330681861 0.849463610348 1.03762967428 1.14212981616 1.02976145612 0.862632112911 1.55781346989 1.06142843002 0.881802210558 1.14137472416 
1.01063928389 0.988679905805 1.41167828942 1.26615123071 1.23505765021 0.900342286378 0.620860945794 1.10597572209 1.14213124707 1.14213006978 
1.05856604458 0.858801814845 1.12033727825 0.633736148732 1.14213143477 1.27145988037 1.24617538924 1.14213142748 1.00466834172 1.0316986596 
1.14241678237 0.98849334511 1.25133890155 0.950327012633 0.714028604195 0.931953633545 1.09873757311 1.12925824199 0.98172284779 1.18077619674 
0.843763164481 0.809792478505 1.13525834072 1.14213143474 1.02132966711 1.27679682755 1.01405905593 1.54035925574 1.02251895231 0.998140164427 
1.14213143512 1.01305301979 0.995389748559 1.18414104309 0.733157696601 0.896853279221 0.994283729285 1.03879714658 1.28117597756 1.17893498562 
1.14210990233 1.32759370119 1.26902546217 0.897047817697 0.890625542725 1.14213143477 1.21012110406 1.10470263143 0.740484967387 0.903905989866 
0.993418787078 0.946326569044 1.06204979476 1.03310166368 1.18663690495 1.41621012394 1.14245614904 1.11728913621 0.818934635001 0.916961143095 
1.14212938243 0.913485515437 1.33421605589 0.906946442669 0.623930513565 0.997112852546 1.34519962365 1.03723193646 1.00217920014 1.24294574054 
1.0021726597 1.26226956195 0.63559503632 0.930920327075 1.14213066408 1.23283144159 1.13070675535 1.01334845512 0.889168787204 1.2773540771 
1.21028862629 0.949577901785 0.930941281845 1.04598250422 1.37214661009 1.07275007779 1.14168112775 0.813495136194 1.14213143477 1.05167344479 
1.00676401154 1.0787499663 1.39881821831 0.975952452082 0.967907592968 1.1423880092 0.871871413706 1.00932366559 0.910073007626 1.38660400217 
0.913688503355 0.975627952331 0.964426811985 1.09277008887 1.27487811918 0.941248001455 1.14251549151 1.01061813756 0.605063165395 1.13657806337 
1.00627957193 1.1214807697 0.966552585662 0.908253821577 1.16158256431 0.998424107212 1.14252103823 0.651050388643 1.14212658234 0.769005514863 
0.923005167064 1.02814414492 0.920435387736 0.833669879997 1.59559143393 1.14212871407 1.31535296884 0.907807759028 0.964039384098 1.14071384386 
1.35125322886 0.56209235334 1.03284928232 1.07080847733 1.04077925006 1.00362926888 1.08445107544 1.14213143477 1.30491701265 1.14213143318 
1.0398115258 0.732483811718 1.2503447177 0.996434024134 1.14213143765 0.998052149559 1.78950703528 0.931009242193 0.986832943683 0.723465636729 
1.18154014748 0.874416021421 1.14213136391 1.40991831436 1.01516243259 0.938037866371 1.26882687808 1.14213143477 0.634138198064 1.10258143636 
1.24663074007 0.984631853321 1.02360178959 1.03624515079 1.02601909489 1.05098638917 1.14213006583 1.67776236752 0.71035759175 0.80460341747 
1.11042560715 0.946872446867 1.14213143477 1.30469535427 1.17562555723 1.14245594629 1.07241930875 1.00345530676 0.656260434868 1.02788322401 
0.608455317001 1.14213140143 1.14213143477 0.790176664771 0.802766000961 1.01487042153 1.02965988466 1.28101628644 1.06094033927 1.33276243238 
1.59664997866 0.902104450635 0.902570685378 1.02804299777 0.921414952877 1.3361121473 1.14074393713 0.96277711948 1.14212868744 0.835156027907 
1.05090479024 1.04265923714 0.996199106969 0.902729758171 1.1421294117 1.01472579372 1.14195565077 1.38619224168 0.976876722681 1.31012788691 
1.03158111375 1.0435441873 1.00267938319 1.14213056703 1.2548575997 0.605038745445 1.06638185612 1.14213093407 1.25502206785 0.927850365133 
0.982343706856 1.0471574127 1.14178169098 0.994826299391 1.05893720031 1.39274248809 1.21695847035 1.14213143477 0.804734915049 0.971792417485 
0.845251680959 1.41130132393 1.14213143481 1.3556012756 1.11358177444 0.998563135913 1.13420262403 1.58542054274 0.862381044357 0.959466868377 
1.08406199155 1.5318518091 0.943228238695 1.32645482505 1.28540450281 1.14211618257 0.902802186052 0.968668073364 0.981021827211 1.1219443217 
1.11176044905 0.885182668797 0.83714193209 1.1424261465 0.650990829245 0.892704261926 0.935359864539 1.11546267353 1.0389790518 0.992644571412 
0.971834598705 1.28827199835 1.05171872135 1.04125062201 1.14213033931 0.920760658003 0.962834138816 1.54804481139 1.14147729572 0.851454851426 
1.07881698453 0.649869757413 1.14212717301 1.01109337583 1.01457592855 0.995952824832 0.830698447285 1.14213143477 0.82369158572 1.19376817989 
0.928169613338 1.21413140969 1.22664771471 0.998702736542 1.00188552514 0.63764893124 1.06492315306 1.14212928668 1.09715494361 1.26636002069 
0.909871211934 1.20136170184 0.736440277021 1.20587783407 1.01440919322 1.23070872714 1.14213142486 0.996801570257 1.13934390132 1.58368545557 
1.14213009723 1.17004686024 1.66977781934 0.712864222738 0.712832566301 1.02317313473 1.50140837741 1.24575211087 0.983862561897 0.964608206501 
0.842154654765 0.949359682091 0.992749114271 1.41747149096 0.885276932326 1.24805433212 1.16295182282 1.1421311042 1.01330796034 1.67416571553 
0.95386705493 1.14246768937 1.33131598678 1.01016734227 0.949944574416 1.14212870911 0.751696421059 1.00833751134 1.17325960061 1.22914272386 
1.14212940713 1.04263924516 0.902618974376 1.14195576445 0.976869336613 1.01470816656 1.38500346128 1.31007604403 0.996222458274 1.05089100233 
0.854813340052 1.10242642364 1.22717228122 0.986998416661 1.14930098282 1.04303499455 0.897898656673 1.01416725005 0.9640268083 1.14251000738 
0.990796519431 0.6658254742 0.647850924374 0.758646156307 0.978116753396 0.880283952921 0.92845253111 1.14213086168 1.16265249131 1.14253158747 
0.813556486131 1.01243580974 0.965245159758 1.14212905769 1.17546069143 1.24527543849 1.13025272218 0.98225916834 1.14251666171 0.846495556015 
1.09722343338 0.998661045404 1.06487067441 0.63764761657 1.22538328845 1.26628453371 1.21372175693 1.00183633702 1.14212929166 0.928552786221 
0.952518431771 0.966152932218 1.14074879124 1.01917868734 0.911822349646 1.31030406931 0.938814239251 1.43732673679 1.19618299057 1.14244080965 
1.22460938947 0.761214278342 0.978985687685 0.962241634733 0.993131327799 1.07383742528 1.33731234856 1.14236605537 1.05705036824 1.25466288767 
1.36573889257 0.990628653063 1.13575249648 1.2841956915 0.74643283082 1.04478832336 1.14213143497 0.742213735656 1.05172971557 0.99121481309 
1.14213143526 1.03346546454 1.23283258817 1.00177181443 0.556766752533 1.00628800704 0.972088792396 1.02887874641 1.00205760415 1.25359519005 
0.893229973822 1.13865974535 0.919768852811 0.954734968525 1.14208146112 0.931653446566 1.16329176011 1.61164434579 1.01183854338 1.08039866904 
0.969508228151 0.657083920063 0.960492417588 0.828604987145 1.0143345693 1.13503598971 0.976220095317 1.1239347011 1.14246419214 1.09117950532 
0.750016943917 0.940789659762 0.991056707936 1.22700457409 0.640250712864 1.24523515838 1.14213143539 1.01020490032 1.20261796969 0.995085021695 
1.07016985919 0.979082574784 1.14204005813 0.997422604125 1.14213143477 1.54164658191 1.36134821086 1.3413367298 1.08827948871 1.09490101603 
