1.00013579859 1.0215637742 0.937198706868 1.14213131044 1.24392294897 1.13814548176 1.21492564919 0.616883815208 0.994164867986 0.887709070043 
1.14759261608 0.948143772699 1.14213143555 1.21899486946 1.06361795569 1.35333403927 1.25283587337 1.00020518 1.00275178101 0.641412037648 
1.09233009917 0.732903755006 0.995385837991 1.19878110268 0.944757011028 1.20078732043 1.24389274149 1.14213143542 1.03437944121 1.01974191314 
1.14247849367 0.954132994801 0.993598331748 1.00858339538 1.04480280894 1.11896061764 1.05926059276 0.927019184462 1.09960556362 0.971494079225 
1.10368244795 0.938090345558 1.14213143477 1.26857588177 1.01555778592 0.875102099425 1.40000023492 1.18458366203 1.14213136468 0.633695072534 
0.874917463087 0.88730177899 1.37747347354 1.02228947749 1.14124118775 0.820933351973 1.03576713182 0.886265461029 1.08640794411 1.14213143477 
0.896687113615 1.14243394804 0.869635610318 1.11657787247 1.10238590955 0.908789806174 0.863654330689 0.93860745413 0.98907332406 0.761008910682 
0.989729358339 1.23655028985 1.19646614576 0.89718263411 1.14212570168 1.00060976474 1.24663049758 0.636993886417 0.771749302035 1.14211233959 
1.07844039098 1.00069691798 1.20959288197 1.30643366039 1.14400889649 1.12066044763 1.09163350644 1.10190497064 1.142112562 1.00035309581 
1.0049639593 1.23945068755 0.923966794607 0.915535741064 0.681413113379 1.14213143477 0.71482101692 1.1186352401 1.14213050875 0.963627194507 
1.07102199566 1.40000000006 0.577484113739 1.14213253912 1.14213143477 1.02431809201 1.05146798794 1.25471158268 1.00082430461 0.95510278143 
1.02123515771 0.943520310346 1.00738999995 1.06768668232 1.01490781756 1.1392617383 0.951842886811 1.39999999758 1.14213143478 0.98622569973 
1.14213143477 0.887072563089 1.14213143475 0.66289889632 0.960395158134 1.17054136475 0.782261540543 1.07604315798 1.40000077667 0.911678370035 
0.779091989271 0.953322200331 1.17326476878 1.00966113878 0.789351836938 1.13966062459 0.924708484673 0.956297696946 1.14247781032 1.1421291588 
1.04937320404 0.972503021762 1.40000000101 0.886344986743 1.14182057698 0.975277103107 1.03516357371 1.14212997305 0.996325679344 1.0101995895 
1.03669939345 1.06386687997 0.997193995364 1.14213143605 1.33134800071 1.31516233042 1.01362685538 0.611251820216 0.675064136255 1.07192345441 
0.758033156207 1.01288996977 0.610937969731 0.960565250654 1.00030452674 0.648055793758 0.943207922963 1.18685934919 1.14250092528 1.1421305928 
1.14212935366 1.10721219433 1.09104331911 1.22431029814 0.998772347057 1.26634291416 0.935590105805 1.00196434292 0.63444226066 0.99329189957 
1.14213068666 1.00132268989 0.896080483719 1.01170570014 1.29860854963 1.25535174889 0.831476315684 1.21660766454 0.624713456646 0.88767996844 
0.96474819775 1.01672159538 1.18362813334 1.14213143518 0.972368382289 1.23116513819 0.557513525843 1.02738256613 1.24057564821 1.097818408 
1.038513615 1.14213003428 0.991385043307 1.32084493094 1.399999976 1.25285316904 0.812339940803 1.14707657007 0.714232569106 0.990878887789 
1.14213143477 0.926526037311 1.09064330722 1.19871872199 1.10878326474 0.729891448952 1.22264377337 0.963713263852 0.942995105508 1.40000000009 
1.23756936334 1.14268017736 0.966716698249 1.00585253839 0.942446046875 1.39999902885 0.631574886105 1.39999999614 1.39999910459 1.00109872226 
1.01894452275 0.885534554698 1.13964800819 1.39999980444 1.39999999652 0.940260303142 0.950649989539 0.859016059094 1.14212968485 0.936672175268 
1.05937778719 0.774444999184 1.05569524951 1.1420022656 1.00364853303 1.04687708599 0.896198859655 1.14240670492 0.998777757492 1.15682024078 
0.97126714932 1.14213143509 1.34220566941 0.543346433812 1.22313328713 1.22817360452 1.06935238636 1.27640975312 1.01766341844 1.00487912105 
0.999176597033 1.08576387652 0.886878385637 0.848391713101 0.983019357877 1.14390112822 0.9418579103 0.668012027217 0.99264594049 0.862380588119 
1.14245687545 1.17752507515 1.14213143477 0.657084770024 1.30555997001 0.947212123354 1.10956242614 1.00300968308 1.07241865586 1.0284508639 
1.26926464785 1.0783918532 1.03614356976 0.969892822981 1.39999999934 1.21263586378 0.800788754089 1.1209019519 1.14219113069 1.14313010792 
0.870067400541 0.962916345845 1.28273097827 0.939257131467 1.07665887228 0.933835781365 1.14242281051 1.39999997254 0.987059106648 0.982169637332 
0.989368859389 1.09808854342 1.02923221702 1.28927023489 1.38656776272 1.14188236319 1.15379380638 1.05247285871 0.715990299647 1.14213143477 
1.14211938924 0.874158129435 1.38857313083 1.31821600762 1.02436732205 1.39999999999 0.83038386542 1.12460890654 0.918199283237 0.992302356906 
0.893339723861 1.3999999971 0.939558126096 1.40000000011 1.01791454994 0.951986550098 0.859239212147 1.14212961143 1.13966556278 0.934378777469 
0.959523764699 1.23949665633 1.10783522177 1.27453178842 0.988637428942 1.1424963426 1.01898529378 0.896429708946 1.04756150715 1.11792840251 
0.884486032794 1.40000000012 1.18644055949 0.682154820805 0.97726686688 0.722323267255 1.14185728586 1.40000025836 1.04584204885 1.12185462378 
0.99883459966 0.967540886004 0.948062976621 1.16507429465 1.13476859224 0.907225503936 1.38880288366 1.3678078068 0.960633468986 1.14210873147 
1.00215448834 1.06492141315 1.26671968172 1.09758549884 1.14212928536 1.23145293195 1.21347635929 0.927003963935 0.637702284356 0.998550078926 
1.18876507691 1.1421113571 0.866016560351 1.28553634658 0.696570320648 1.14212217664 0.678237015516 1.2025684547 1.02460465675 0.991524637663 
1.11283674575 1.04916978888 0.972647866514 1.23821285656 1.01028099189 0.999469520741 1.14212963716 1.28097621 0.865401810426 1.18346026239 
1.14148736034 1.04158075044 1.12101824967 1.14213143477 0.870664156538 1.27948712726 0.897626209043 1.06156078336 0.819177936121 1.36690039461 
1.19114054102 0.989270205476 1.39999999537 0.937359074561 1.22922482832 1.02383105854 1.14213144103 1.25551052811 0.975329543048 1.06393166739 
1.21631586677 1.14213143477 1.1652661457 1.15077840967 1.0692773156 1.14199235782 1.10957000514 0.996306836184 1.02659773683 0.848422395949 
1.07311994186 1.34174698393 0.934663634122 1.14213143415 0.932768246664 0.799717044555 0.703230139583 1.02000177513 1.14213143477 0.794849454346 
1.00774946835 1.14243883914 1.09147007098 1.04451900025 0.990480279756 0.871472340762 1.10806439753 0.93463140145 0.941713684537 0.892364816219 
1.31012166197 1.1421303984 1.40000000043 1.03115153812 0.96215971939 1.14145158621 0.815031033919 1.03938266983 1.39999997419 0.914860416717 
1.0434064247 0.99409046287 1.06825004461 1.32947959008 1.11997110314 0.97151047409 0.885772385072 1.14213143551 0.678216958896 0.624963838566 
0.992768415883 0.575415616567 0.841279831153 1.07386425331 1.25847995133 1.14213053121 1.39999999999 1.14213143477 0.909121000558 1.23711250733 
1.0246237167 1.00362094691 1.09191889108 0.977471927945 0.893767742815 0.959701334279 1.30365431652 0.965682146894 1.14249374167 1.01783419101 
1.04008530675 1.14213143472 1.14655759134 1.28798590796 1.11745995483 0.965595245677 0.982636702866 0.602295504277 0.794906408844 1.03475075702 
1.01176388904 1.14213062978 1.24086378063 0.888066880221 1.27526824993 0.63503945329 1.21195873252 1.00185398473 0.93430056277 1.1350784943 
1.2322011285 0.998931390479 1.16528636114 1.0064302479 1.2712994592 0.973752118757 1.14212957874 1.08134653898 0.877897733338 0.752909210901 
1.38959805483 1.14192223448 1.0180792757 0.829799183531 0.814548280767 1.14213143477 1.04821388127 1.05966806956 1.02340722836 1.03725054858 
1.05863444426 0.994675944404 1.26494169294 1.03189530176 1.06989531896 0.999215957847 0.996357441309 1.14212728208 1.23235407195 1.03794214524 
0.929978839534 1.27476351481 1.14213047311 1.01026597743 1.0023894576 1.36720560492 0.893325070631 0.656213277081 1.37024591962 1.20414177015 
1.03130606239 1.14213041158 0.96245070901 1.14144824775 0.914884052176 1.40000000104 1.40000016035 1.31001440384 1.03931328178 0.815045727342 
0.971199339764 1.35496724691 1.01292028909 0.951483135454 0.899590048876 1.10760595134 1.14235564587 1.28355871014 0.983407115333 0.934533399674 
1.3496236508 1.4000001005 1.04088965256 1.14209943553 1.03760818701 1.020752232 1.03179237306 1.01307349299 1.24645042175 0.957748401611 
1.13718494335 1.40000000021 0.890956761783 1.14213143479 1.15283010611 0.90374757691 0.902898291735 1.05444409451 1.25926671266 1.00512274908 
1.10736001438 0.945696859848 0.942593278834 0.954181561557 1.01899125266 0.788772335787 1.4 1.01780380917 1.14245754055 1.02564239485 
1.39999999999 0.92780206413 0.949052775403 1.14035253725 1.087791902 0.805992636411 0.918429162588 1.01498202348 0.954642073448 1.14206408991 
0.824712118358 1.00332285048 1.03617407849 0.732938270634 1.14212868584 1.09350121807 0.952954265944 0.995843536068 0.99660376545 1.23431986311 
0.865080897685 1.14213143477 0.64386315348 0.841317382224 0.895609236247 0.94204059609 1.06689750378 0.99276143711 1.06830478285 1.14244317472 
1.01836838484 1.14213143479 0.98312849315 0.609729249588 1.22666416795 1.29964502243 0.585732748329 1.2685161872 1.39745899836 1.00482637741 
0.667626719996 1.14213143477 1.068553854 0.626813905703 0.987542813699 1.14213143477 1.08841507717 1.25107131363 1.33026905191 1.40000000634 
1.31066348279 1.14199985747 1.08012328933 1.40000000287 1.14213143477 1.08935317902 1.32168721544 1.10316910901 0.997818777579 0.998758517231 
1.14211191688 0.987182946903 1.3999999652 0.866740011587 0.846533184125 1.14213143801 0.738936601918 0.807237300133 1.08752370433 0.627749025044 
0.896254460119 1.29919470888 1.25511738621 0.62473549101 1.14213068737 0.887752721519 1.00132536228 1.21601669638 1.0117119219 0.831178715994 
1.01904145894 1.05408393384 0.706639398853 0.759919110724 1.14241162238 1.05227365636 1.08895910178 0.992855859913 0.929590765279 0.986438228823 
1.03781904653 1.07320175191 1.1701590904 0.962547218712 1.39999999998 1.14185728719 1.13682113714 0.935635519203 0.997661818045 0.654896202503 
1.07832801347 1.07591547923 0.917765858159 1.00118219234 1.40000011477 1.14236492288 1.15590595148 0.897538930019 1.40000000253 1.00020656891 
1.12833878979 0.990212862204 0.899891012876 1.14213143503 1.24540235622 0.998408171458 1.24809823118 1.22471794154 0.960900355367 0.638042929052 
1.14213143461 1.0208599328 1.04174386754 1.0723989958 0.565378980484 1.01738967094 1.07269673963 1.07208716263 1.14212997613 1.15804539806 
0.987514371385 1.07065968355 0.931378512627 0.692572210308 0.891309092226 1.14241541938 1.09501881275 0.908452983207 1.10524927312 0.886727894455 
1.3999999652 0.993299276451 0.857717368428 1.15736668615 1.14213053543 1.02060688909 1.14117668512 0.935516755505 1.40000000005 1.07557864788 
1.22278880386 0.79178169878 1.00383184449 1.03345956561 1.04360344237 1.14212967256 0.999508028313 0.632570540178 1.26805104647 1.10966810758 
1.06148418595 1.00402601328 1.39999992325 0.908164681332 1.14213143479 1.2424939541 0.902980171699 1.13902545296 0.93490233089 1.13684131296 
1.18691503145 1.02489443774 1.16053399028 1.14145703642 1.07540153813 1.29866979979 0.872363551666 0.921522854477 0.988161744774 1.13979097097 
1.14213143477 0.658375873758 0.75157099517 1.14250195332 1.06506771302 1.34853295304 0.848706447229 0.987503558934 0.987451636733 0.961729203003 
1.06985408936 0.999405693231 1.03793513851 0.994675986671 1.23245615045 1.03168786434 1.14212728311 1.26494080356 1.05859853731 0.99633896022 
1.10238408313 1.36196994377 1.02684111909 0.939153544425 1.30696527027 1.14707098628 0.99875176462 0.964473602998 1.14210710134 1.01751166395 
0.830708549824 0.995807203538 1.01275739988 1.19408971004 1.097813555 1.14213143477 1.1421273599 0.650284568666 0.821939469129 1.01233555079 
0.975068777886 1.4 1.11486956839 1.09550256636 0.70956741939 1.09889257348 1.14208783886 1.06135796062 1.01568219982 1.13106223212 
1.1372635663 1.40000017719 1.05196515464 1.14213143479 1.24163759943 0.904013301961 0.9330360815 0.906467122004 1.00547872316 1.14142954078 
1.39999999872 1.1411593985 0.765548824546 1.14212900856 1.31269547948 0.916823695628 0.849697407511 1.0343480782 1.01872077469 1.08248941395 
1.08328168499 1.23421811904 1.08866217461 0.860841310175 1.00876323338 1.16854191038 0.97377506882 1.14213037633 1.10665932658 1.39999999997 
1.01764418874 1.34277313344 1.14213143507 1.28308152506 1.07032160918 0.971037497227 1.22801532102 0.543362514386 1.00496298726 1.22311049131 
0.828289758134 1.40000000024 1.03138339682 0.913902532261 0.969732168864 0.799364379252 1.14212855983 1.22207581366 1.33172462137 1.14096079801 
1.0928165572 0.977648661682 1.14419770939 1.0074122149 1.00576834372 1.00854191026 0.604081997675 1.08648259659 1.31745884809 1.08523518727 
1.00315734162 1.37206415532 1.14213143477 1.40000000018 1.15688389938 0.748765871364 0.685636077484 1.00907556815 0.990646120868 0.832605822364 
1.4 1.14212720062 0.725712658213 1.08484930289 0.969454560281 1.11338902504 1.01088542106 1.4 0.947327983968 1.10271652324 
0.980425755822 0.965556906719 1.01863435224 0.947184190676 1.13098892201 1.01839745401 1.05459514335 1.14102741265 1.14245059811 1.12341429662 
1.00097122476 1.30025727206 1.39999999987 1.39999999973 1.18827553639 1.05265930447 1.14188617982 1.14213017865 0.968590872929 1.09426557723 
0.972765324468 1.04549921824 1.02106415485 1.02957246949 0.697131707775 0.909771556688 1.02675588705 0.925593849831 0.985168097809 1.14233718315 
1.03093438956 1.24723037284 1.11858999218 1.14213142694 1.00886671754 1.14213143477 1.06035732259 0.860246726289 0.633633676074 1.27130574636 
1.1618829542 0.64129205879 1.39999990702 1.02156513822 1.03213931927 0.989245790312 0.855894267606 0.934095341509 1.26207044148 1.14213143478 
1.07923927045 1.34020069702 0.86776770648 1.08009585928 0.959637542269 0.73990746798 0.701374035371 0.962505605321 1.14213143477 1.14213143477 
1.14213142466 0.880462529656 0.98120176766 1.02168642822 1.292165104 1.1898544637 0.855993005171 1.0689100114 0.971155742111 0.801802636866 
0.87889719844 1.17915453594 1.01340415514 1.11266401589 1.00655095889 1.00272957305 1.12738599685 0.623009306778 1.14973312032 1.33093158884 
0.887661338586 0.895897167308 1.29810594675 1.21682006721 0.831263963194 0.624739099197 1.14213068611 1.25515191867 1.00132981583 1.01177346669 
0.993308437282 1.01068696579 0.97125626743 1.08369489665 1.02937904641 1.02471923379 1.26798539027 1.14206225522 1.08800543479 1.27701362408 
1.14187957123 1.07208919941 1.14361183983 1.02945911275 1.40000000001 1.23622291287 1.00326450394 1.03723932668 1.14212975004 0.861209370187 
1.26804618118 0.792466280693 1.22103220793 1.04339658634 0.632565284989 1.10975034352 0.999493573146 1.03351979968 1.14212966957 1.00384138078 
1.22824748342 1.22352842323 1.00479769639 1.34258618493 0.54336781504 1.01763231317 1.06916713797 1.27413520465 0.971345672451 1.1421314351 
0.565758381573 1.14212997771 1.02084430768 1.14213143461 1.07375023223 1.15811365218 1.07135784055 1.01724403962 1.04179457593 1.07266734645 
0.928421071573 0.967346385569 1.14212917448 0.983809435701 1.40000142904 1.4 1.18830778139 1.05603863477 1.14193167523 1.32393699914 
0.992893011828 1.39999999998 1.14177500177 1.02287081981 1.31257172016 1.14213008364 0.852916805278 1.09533334598 1.04746664779 0.98847107815 
0.970706634298 1.04496412964 1.14213143477 0.671359245949 0.772788959856 1.04389621998 1.39883202025 0.9600227848 1.14213143476 1.07694071422 
1.06506230112 1.13202344515 1.23847663669 1.02968754648 1.14212890929 1.14213036007 0.616204295548 1.22814567434 0.997834567523 1.40000038095 
1.40000000001 0.925568112972 1.0841564181 0.968738279933 1.14213145076 0.93774786137 1.14181277488 0.948537241893 0.694702711922 1.03780754385 
1.00190061333 0.790413634898 1.32369295903 0.83048290622 1.14212986725 1.23182653736 0.915346306443 1.14213143477 0.704916991574 0.713692755197 
0.892120403906 1.1424388449 0.990403629983 0.871388747464 1.04450967684 0.941734000462 1.09040119429 1.0078142257 0.934579496786 1.10809014063 
0.986200141873 0.76374690543 1.36967707302 1.01415469847 1.04239877179 1.14213143503 1.01522173755 0.648584391715 0.803308835599 1.24777680338 
1.14205817773 0.757210450452 0.889765423823 1.09257499205 0.983676087042 0.921726515138 1.03296561336 1.14213143477 0.695795868927 0.998016595382 
1.14210742134 0.937557673756 1.00360158267 0.946738595605 1.13701620829 0.885085200704 1.22273307181 1.39997804777 1.12732666805 0.927290364996 
1.40000015396 1.02771580317 0.981342239656 1.14188628375 1.14213008688 1.05282899337 1.00045208518 1.00327662594 1.40000000002 1.18137184624 
1.14212851739 0.904800161068 1.30964037505 0.637517496685 1.22828333811 1.06791051341 0.997326926468 0.997293148992 1.10020448226 1.26166766878 
0.624955395085 1.32946836303 1.06824926514 0.67818929784 0.885758602977 1.14213143551 1.1199979048 0.97151588935 1.04338261713 0.994099388413 
0.985347834812 1.02663006209 1.02967696141 1.02102196239 1.04560565809 0.910392455729 1.14235222965 0.97233680413 0.918284027465 0.698567578674 
0.651472674804 1.15854935761 0.989180239337 1.37346256329 1.10975561603 0.992640456989 1.142131435 1.30423658003 1.16918917557 1.10335477378 
0.987464828042 0.899239716723 0.956696978095 0.986031058871 1.14248698894 0.983917698414 1.01396805159 1.10270200561 1.11822572602 1.09253152532 
1.02824698623 1.1135546316 0.991135886219 1.39999995142 0.670248216363 0.942037809745 0.971975638067 1.14213143836 0.984833132571 1.13405947697 
0.871640560713 1.13932222457 0.940225754478 1.39999999999 1.4 1.14212950428 0.941657484717 1.01445119753 0.952447414927 0.8689186532 
0.565577827833 1.14213143482 0.857939553923 0.966100371638 0.725299924248 1.02225440296 1.3107429223 1.22342771172 1.04180639886 1.40000000883 
0.850415740033 0.828081691559 0.894897734273 1.26028328476 0.949623636847 0.954698167463 0.987895844087 1.11848072749 1.103631863 1.14248062906 
0.948853730055 0.884390943072 1.04774389243 1.1421300849 0.980892820194 0.882621684575 1.39999999964 1.07089255159 0.893159619266 1.14168202613 
1.01113025519 0.986781347151 1.40000000081 1.2664284231 1.22254849583 0.90226799012 0.620521307424 1.10607092627 1.14213125669 1.14213002174 
1.0603861788 0.860274366471 1.11860967949 0.633630805201 1.14213143477 1.27130102619 1.24726499262 1.14213142693 1.00878932404 1.03091626958 
1.14241677701 0.988495937926 1.25129974377 0.950353534682 0.714021510054 0.931951870905 1.09872660302 1.1292572657 0.9817085681 1.18079393021 
0.840874294916 0.870603413756 1.13521228657 1.14213143679 0.999960793376 1.27755886365 1.01498717823 1.39999997842 1.01734135469 0.992579399685 
1.14213143512 1.01305301979 0.995389748559 1.18414104309 0.733157696601 0.896853279221 0.994283729285 1.03879714658 1.28117597756 1.17893498562 
1.14210990211 1.32759092214 1.26897566474 0.897037457732 0.891351876254 1.14213143477 1.21029028787 1.10472807745 0.740473975307 0.903922719717 
0.993210060251 0.945794902213 1.05649915683 1.03370932337 1.19073508478 1.39999998959 1.14245460374 1.11637881843 0.818486549897 0.916568204986 
1.14212938291 0.913406117708 1.33405172932 0.907031724853 0.623925045576 0.997106518186 1.34515745248 1.03724988276 1.00216006754 1.24299551322 
1.00170790742 1.25753884347 0.635069682334 0.932450921433 1.14213065013 1.2254668418 1.13202330071 1.01214107931 0.888490504982 1.27582069805 
1.21028862629 0.949577901785 0.930941281845 1.04598250422 1.37214661009 1.07275007779 1.14168112775 0.813495136194 1.14213143477 1.05167344479 
1.00676401154 1.0787499663 1.39881821831 0.975952452082 0.967907592968 1.1423880092 0.871871413706 1.00932366559 0.910073007626 1.38660400217 
0.913514107276 0.975477124989 0.964535205204 1.09218408535 1.27501469793 0.94192030336 1.14251586144 1.0103105115 0.605156320741 1.13651600402 
1.00631477138 1.13103959404 0.966119790501 0.904916091487 1.16123629075 0.99248187971 1.14252103262 0.651023127611 1.14212394063 0.769016198295 
0.910548410196 1.02920520081 0.918303815851 0.836413185962 1.39999999998 1.14212892125 1.33327307928 0.901327167654 0.963638146761 1.14081099879 
1.35128128199 0.562136212646 1.03245679251 1.07077609165 1.04078550503 1.00351210309 1.08445839212 1.14213143477 1.30486075156 1.14213143317 
1.05508343297 0.738756762844 1.26253963189 1.00506017325 1.14213143477 0.997256586922 1.40000004573 0.918996606913 0.839172259123 0.624046471287 
1.18454539641 0.874090462107 1.14213136474 1.4000002019 1.01539271568 0.938096002417 1.26870164123 1.14213143477 0.633605792774 1.10369359932 
1.26804609871 1.00384109843 0.999493094443 1.04337229679 1.10975089028 1.03351959616 1.14212966945 1.22104070832 0.632565480619 0.792476075533 
1.11033039993 0.946664184075 1.14213143477 1.30468355717 1.17550148069 1.14245535761 1.07181741106 1.00345330555 0.656139291034 1.02792627712 
0.608432640674 1.14213140148 1.14213143477 0.790174864932 0.802791247564 1.01490411928 1.02967831486 1.28103401757 1.06147130444 1.33273781774 
1.4000000056 0.910654389784 0.903377928709 1.02951515458 0.918121482422 1.33427443362 1.14090548195 0.964697702845 1.14212905544 0.832874629743 
1.05134575459 1.04265782627 0.995689283191 0.902762566074 1.14212945452 1.01459248667 1.14195332512 1.38702618346 0.976988585895 1.31014456915 
1.03161811374 1.04390292318 1.00273293996 1.14213053983 1.25841539625 0.60478862456 1.06432858946 1.14213094005 1.25518961627 0.928960746494 
0.982343706856 1.0471574127 1.14178169098 0.994826299391 1.05893720031 1.39274248809 1.21695847035 1.14213143477 0.804734915049 0.971792417485 
0.803981020203 1.39999810391 1.14213143483 1.39999915416 1.05742187647 0.988277312215 1.1323125063 1.40000008711 0.860678705254 0.957195015646 
1.08393160637 1.4 0.918935343152 1.27753150301 1.27891572589 1.14211996082 0.827522259115 0.971513556328 0.975228609892 1.11799417891 
1.11168560998 0.884250803898 0.837030913989 1.14242715106 0.650677792347 0.892867908752 0.935775094715 1.11658127532 1.03866557285 0.992107622646 
0.992884328947 1.31255861398 1.02288656641 1.04747071048 1.14213008295 0.988560304627 1.0956485513 1.4 1.14177524266 0.852939387497 
1.07881698453 0.649869757413 1.14212717301 1.01109337583 1.01457592855 0.995952824832 0.830698447285 1.14213143477 0.82369158572 1.19376817989 
0.928269319933 1.21417095541 1.22658630793 0.998679886442 1.00183006737 0.637517730901 1.06496538343 1.14212928857 1.09734045062 1.26629551336 
0.99483190063 1.21380893157 0.750285545423 1.14940095105 1.01773052359 1.07995497135 1.14213142564 0.999082532198 1.14061919382 1.40000000011 
1.14212966807 1.04315452231 1.22253800695 0.632573511581 0.791654969111 0.999488454648 1.10960248608 1.26818635837 1.00394809425 1.0334082547 
0.821434948997 0.982900161413 0.985999702683 1.25686457891 0.882463122928 1.24132184624 1.19258940152 1.14213100658 1.01408056698 1.40000001465 
0.953707671868 1.14246736583 1.33060295526 1.01013586312 0.949836130817 1.14212865722 0.751214926049 1.00844899642 1.17286421119 1.22862162522 
1.14212941343 1.04265084535 0.902640233079 1.14195541904 0.976906813882 1.01472283115 1.3855013643 1.31009903159 0.996214352731 1.05090801448 
0.855366130981 1.1023548473 1.23403416055 0.986640375732 1.14751660773 1.04196179495 0.896574552833 1.01249694696 0.964220386217 1.14251221656 
0.990763599626 0.665885852419 0.647979992387 0.758645276376 0.977978500679 0.881713108806 0.928447824295 1.142130866 1.16259320828 1.14253102253 
0.813558234129 1.01243576545 0.965245208103 1.14212905769 1.17546088304 1.24527546905 1.13025226051 0.982259056712 1.14251666188 0.846496275282 
1.09725634419 0.998660916938 1.06490660637 0.637512416902 1.22535008407 1.26627909204 1.2137874115 1.00183110157 1.14212929141 0.928696881602 
0.956601312722 0.969504873075 1.13935957262 1.01911021538 0.911643955492 1.31045747932 0.941570807603 1.39999999997 1.19924410206 1.14240258274 
1.22535436875 0.761223649379 0.978903044928 0.962256857116 0.993075387988 1.07387555044 1.33741215013 1.14236409618 1.05697628648 1.25432272531 
1.36574535578 0.990634111786 1.13570980428 1.28418693381 0.746449337028 1.04487732339 1.14213143497 0.742214963201 1.05174051597 0.991217701668 
1.14213143526 1.03346546454 1.23283258817 1.00177181443 0.556766752533 1.00628800704 0.972088792396 1.02887874641 1.00205760415 1.25359519005 
0.92763408213 1.14045705497 0.917286232123 0.955072350848 1.14206534871 0.946316693582 1.09145484134 1.39999999998 1.01649884067 0.810713040866 
0.969508228151 0.657083920063 0.960492417588 0.828604987145 1.0143345693 1.13503598971 0.976220095317 1.1239347011 1.14246419214 1.09117950532 
0.750016943917 0.940789659762 0.991056707936 1.22700457409 0.640250712864 1.24523515838 1.14213143539 1.01020490032 1.20261796969 0.995085021695 
1.10297336184 0.980247438059 1.14198068405 0.997263261353 1.14213143477 1.39852470131 1.36576926281 1.30677558203 1.08747768659 1.09503297899 
