-250.16396145 235.872059248 -334.985613801 329.241259159 36.8569944882 166.277687737 -461.686340963 -8.44256683088 461.686340963 -132.982526909 
37.0338205602 -461.686340963 328.09996411 -337.988805593 -114.399772963 -241.44270169 160.099557357 461.686340963 261.753688607 -91.3538307408 
-167.446416848 -223.272536789 461.686340963 34.1446354927 -331.732935443 147.762406255 -49.904162313 329.069917351 -461.686340963 254.375958283 
163.257134533 291.009866575 333.4350227 38.2147095247 -329.168490873 461.686340963 -461.686340963 42.1937454635 -108.870351845 -204.86272744 
-461.686340963 -140.544158479 135.275692561 332.487562376 209.927109113 -227.631133932 12.4336659807 -334.849517145 461.686340963 -40.3169082479 
-254.045858473 101.44421118 115.966922847 -27.7160797082 461.686340963 -156.193548441 340.769598261 -332.864047795 -461.686340963 238.451946351 
11.7789774708 175.879379745 -336.008432597 -461.686340963 461.686340963 58.9123222905 -209.107884372 300.977624828 331.272894608 -90.5568289634 
-217.94651073 -461.685572172 333.916268148 -337.272406384 461.686340963 206.047950987 -71.8722839774 -85.0191710277 56.4363996627 179.101468973 
336.189376069 -461.686340963 210.647486677 -44.7049098522 -110.862839628 -328.679242684 45.3219306979 -204.978338197 461.686340963 110.733025437 
209.503581616 333.375484598 -332.888907831 -61.4892469865 49.668195903 160.11917637 -162.30409165 -209.713458876 461.68634074 -461.686340963 
340.864218338 -180.039606704 219.668993622 94.3090331104 461.686340963 -461.686340964 -248.481714579 -56.2924584556 -6.47336339754 -331.643680276 
-212.052692099 138.272261286 -461.686348461 -331.637081427 344.698802931 461.686340963 -11.2685495611 -140.984643953 256.536569931 35.7766254539 
62.3727093777 95.2492202661 461.686340963 217.510140227 -461.686340963 -64.0550411832 -187.815580074 340.710616531 -309.307758944 -327.829742655 
-192.628837768 184.709638785 333.276080139 198.165369254 -185.412759337 -461.686427302 -50.6641260653 -333.749387544 57.0813559482 461.686340963 
337.120186742 106.959294542 -47.1887256062 -331.633017161 461.686340963 -165.592606686 -461.686340963 225.929217073 77.9427885824 -224.105414133 
242.946450617 133.303409886 461.686340963 328.658081248 -149.4466325 -334.471051392 -461.686340963 0.0216619176637 -21.0100640713 -273.799067239 
-223.832871309 197.936435354 -97.8344243886 176.075086028 -461.686340963 -66.4358590233 -332.835411737 331.996900217 47.2545326037 461.686340963 
327.628409465 -64.0439278232 -330.964925181 176.841328515 212.845412051 57.4364249035 -461.686339733 461.686340963 -79.2515363812 -208.888520249 
325.633238143 211.098132813 -224.690787582 461.686340963 47.1516537169 -332.74618324 -100.739872013 169.561162902 -50.8687275393 -461.686340963 
-329.865078412 81.8649903277 -193.057720068 333.550896898 461.686340963 -61.6234656472 66.1881942249 -186.606530866 210.108610192 -461.686340963 
146.217483559 329.878855915 -67.3726973222 -332.616950906 211.054247514 56.4186797712 -461.686340963 -216.236512251 -106.307178523 461.686340963 
339.854129944 458.325222163 -347.36584705 128.978016022 -119.871781808 -4.24688602977 -461.686340963 -0.359046872669 -234.97466127 217.149782437 
-302.608416516 203.057676743 -105.227989128 339.721577495 461.686340963 -185.467335739 71.961125144 -45.8223243346 -415.993879872 91.304000826 
344.691671905 -138.741190402 461.686340963 134.498679218 -17.2100416396 51.0191540778 -341.914501457 -265.651536565 254.428835057 -461.686340963 
-461.686341383 -49.7631271324 -330.773007499 461.686340963 -251.152502425 341.638957227 104.289841854 228.902357774 -9.6015756869 -176.542669317 
461.686340963 333.790931005 -224.122041912 66.8149982581 -173.108548509 -58.6129274616 -461.686340963 210.45815558 84.2641008753 -332.924673639 
240.225757748 329.632226838 -331.65027059 -60.3507482238 -461.686333279 174.376960554 63.0914713263 -150.103152922 461.686340963 -217.184361238 
-58.7341954029 -173.187160586 461.686340963 216.578978599 -333.014308079 67.7369308482 -223.690091704 85.7088198388 339.217523406 -461.686340963 
-331.40279797 205.320882687 3.40551671429 461.686340963 83.6668734019 -192.999937085 -194.613752776 -461.686340963 331.241773024 -68.0950229255 
-268.59408399 -150.515004012 -461.686340963 -30.2778855487 461.686340963 310.512711396 186.125173732 80.7927065791 -335.413940175 326.23402768 
74.3040643516 -220.820293616 -461.686340974 -331.520515544 101.178244562 461.686340963 -178.748614738 336.470900847 -46.1203431078 223.059082234 
286.230196904 144.581349176 -340.671922656 151.129158452 -461.078964233 31.1135997793 -90.9511187182 461.686340963 -216.248437563 354.2373303 
-138.495595566 134.501690625 51.5689556917 -16.9738246045 344.490212553 -341.778452511 -265.460861539 254.325912038 461.686339829 -461.686340963 
298.115493854 -336.395112625 461.686340963 -220.990925854 331.486171585 169.523706288 -461.686340963 27.7022205929 -100.384353785 45.3282365344 
-337.770284596 63.3005541633 -461.686340963 172.731544487 350.433060345 -265.804597261 288.411812715 -58.4744543877 -173.941239002 461.686340963 
347.658840356 -245.041325276 -461.686340963 146.827006546 461.686340963 -124.653438073 -95.3776959773 21.4091404073 -339.470576921 270.803781583 
461.686340963 -461.686340963 57.6566843634 -64.6637537103 327.57949585 176.969528979 -333.854555676 -212.749557722 -81.0589205052 212.504679653 
334.886128802 184.359453613 -335.312168168 -66.1578050026 56.1473070383 461.686340963 -135.937615737 -210.6606412 -461.686340963 205.865171789 
-461.686340963 -62.7063848315 461.686340963 62.0330841057 89.502632589 -333.945161672 333.447379961 -215.426280445 -188.12465931 208.983670783 
461.686340963 339.219975932 -198.723546376 233.143087441 -161.667947514 -334.934047474 90.3507779492 -461.686340963 -39.7030326957 111.146915699 
94.6870724576 209.940768472 -177.393016665 -337.919126797 -46.9029689557 -26.1778504288 332.562183916 -265.164376351 461.686340963 -461.686340963 
67.7962646674 215.822457169 -332.332135957 -461.686430818 334.273290413 461.686340963 -181.642434173 167.741288381 -222.860209382 -54.4384703047 
342.607369209 -46.1294014174 -342.862454689 461.686340963 58.0990942276 -163.989816623 221.197330712 -461.686340963 94.243003013 -280.282771707 
-335.619051197 172.534721394 -461.686340963 -92.8566557346 331.899579632 30.6379782289 461.686340963 -208.889087624 298.159689254 48.4189737948 
-165.889027282 230.062650979 -45.8549104894 -461.686340963 -224.927731704 461.686340963 -331.785224184 336.547860398 108.37485749 39.315606054 
251.645953066 461.686340963 -461.686340963 -150.465988276 139.173941156 -332.491395805 -234.407741251 329.314918772 -20.4810972901 10.1806302069 
-17.8274201807 217.955121504 -332.267782845 340.081847945 -296.130253571 92.2020806773 -175.362296532 461.686340963 -461.686340963 -55.747369745 
-212.71325798 429.913812955 294.794928051 -461.686340963 -73.6728670497 138.740877641 -335.968982661 -197.568467695 10.2784831715 162.467521718 
-461.686375361 461.686340963 -53.1605641811 332.723183461 115.956733843 -178.834955735 -327.936000093 15.823290574 -190.666826389 210.717027116 
461.686340963 325.621288261 -332.681179945 -223.377348343 47.72273511 -65.7000330805 169.413384627 211.315897059 -461.686340963 -97.3957913201 
175.155977835 210.063933419 -48.5583769536 461.686340963 55.5806208234 -461.686340963 326.714342904 -328.556066366 -194.010880498 -180.609155405 
99.6197756386 461.686340963 79.3189368216 -330.131657619 -50.523741588 220.766001332 335.09307947 -172.176177335 -207.68439011 -461.686340963 
-60.303926994 461.686340963 64.7066390739 -461.686340963 -175.20195855 -246.012830634 212.85844402 329.097091706 182.22473026 -336.347058976 
-461.686340963 49.4515842502 325.931761277 461.686340963 212.322027335 -71.2043691359 -228.618538955 -115.732779828 -333.446477301 170.0377133 
-461.686340963 230.127044093 -224.961578003 461.686340963 39.0546581447 -45.894050938 108.397385456 -165.937980434 336.563151457 -331.82023403 
461.686340963 -225.379483066 79.2709063654 -177.466272037 60.4356140726 -461.686340963 201.743959303 -62.9664952076 334.422981308 -334.235693291 
212.589584962 -268.946567073 -30.4864692374 336.441744567 -336.160150781 -34.9721973333 -461.686340963 -169.368313369 90.2156932614 461.686340963 
461.686340963 140.515599681 -461.686340775 264.660375847 -125.478930673 -105.553764039 -339.471174229 -248.695359114 18.8135425627 346.220461055 
-349.866125904 461.686341312 -461.686340963 339.771270479 -151.427285894 -287.336787911 -36.9352236529 90.2478216342 211.944673778 -138.44224592 
15.0664092487 -247.467737814 -461.686340963 461.686340963 -123.463989934 134.189170343 -93.0531920723 345.763607823 -339.563298813 254.241762063 
-208.973317341 -56.7051105141 -461.686340963 -172.527989498 328.853235785 60.9780208352 -332.396464501 461.686340963 210.946446604 181.926434028 
-344.007370845 461.686340963 220.900731263 -283.504622351 -161.200427823 76.4924307025 341.317021074 89.3506740385 -461.686340963 -49.1720399544 
264.424628934 331.714941104 461.686340963 25.2957377213 -461.686340963 -336.687901491 23.4777641967 -103.280364378 166.190136892 -218.513845249 
85.2122732913 461.686344678 211.902648601 -95.611619291 -343.76416235 14.0600037344 -461.686339986 -233.937311439 338.012050764 -108.983748256 
-332.46923765 461.686340963 -182.025238143 59.3508488992 209.373801858 333.940416028 -61.9683134651 -461.686340924 177.696171871 -222.858852078 
461.686340963 -80.3954260288 210.92093265 -461.686340963 -338.387559396 21.8437621793 -243.433807466 -121.254197597 336.532819495 98.6804039037 
-224.661020117 47.1435549955 -332.750781833 -50.8700916327 325.633392863 -461.686340963 211.11544013 169.570531916 461.686340963 -100.735303608 
-61.4683479252 59.8898384285 -211.246426388 -176.856543972 182.793200428 -461.686340963 461.686340963 -334.100012814 306.436856205 329.817026476 
-336.997059567 -77.6458585795 -461.686340932 -219.025890962 43.613646009 268.72490452 461.686340963 -85.3592863299 348.393523751 154.184540622 
-243.192682309 104.44612461 348.489690698 -109.581579845 -136.564331734 226.470566308 -343.431266239 459.623217161 -22.4092884219 -458.251431007 
-461.686340963 461.686340963 -337.104723243 330.155708076 166.32349276 266.28106031 -66.9215572823 51.6678264011 -217.525217965 -91.5355789935 
461.686340963 -50.5349927532 -178.48883945 -461.686373091 217.184028506 -9.64679731323 339.376635637 -251.191049218 94.6463845881 -331.031933268 
330.264592944 -461.686340963 304.172106513 -82.3909582085 -207.260203029 180.271442487 461.686340963 61.9398026037 -336.153232492 -60.7121352399 
-160.936926623 -229.278961916 -330.78063786 120.430062061 241.974607721 340.29687297 461.686340963 16.2305733783 -35.0874374146 -461.686340963 
175.390867367 -206.554157276 461.686340963 -336.054397697 -461.686340963 327.245007942 212.756955113 -80.513712339 55.6813444459 -65.9932645157 
-248.168599516 346.421858266 141.444907264 -109.295347427 265.684467836 20.0743659887 -339.549166448 -121.480830268 -461.686340963 461.686340963 
45.0808907247 345.285868173 -461.686340963 461.686340963 139.191704727 -73.3706924916 -209.31536756 -79.7622847618 -336.981748139 246.218504594 
461.686340604 223.312060162 -114.733704254 -51.7891183531 342.845791606 -338.662935621 -213.369016199 99.076718282 -461.686340979 77.0849302347 
-175.211053092 -246.0405847 -336.355404537 461.686340963 182.221004678 -461.686340963 329.096814703 64.7042693146 -60.3099495618 212.837960501 
-301.436741309 210.132950452 -31.53516633 -180.10698731 86.3163818431 -330.952487214 -461.686340963 461.686340963 335.074779481 -60.2160498888 
42.9929408306 202.483605928 -461.686340963 332.40460198 -336.347858614 175.403426757 461.686340963 -82.1940521759 -234.984350581 -108.501196009 
461.686340963 89.7855725966 210.203491196 -177.408344817 -49.3620930694 -461.686340963 333.112431748 -302.154914763 -30.803332117 -330.396681789 
461.686340963 140.306390246 -249.055241152 264.416823204 18.9501915071 -339.646422587 -461.686340963 -110.332580065 346.189917918 -122.580245862 
-28.5367609752 461.686340963 -209.455615028 240.391130988 120.560541179 83.1077301843 -336.915852699 341.622447063 -461.686340963 -101.976476323 
-57.7832665221 57.7659371723 -334.479000274 -191.997650732 108.404465699 -200.287237817 461.686340963 333.512646758 -461.686340963 207.86324193 
84.2574596355 -224.23839544 333.842581705 210.521561202 -461.686340963 461.686340963 -58.6539729693 66.787184117 -332.997507459 -173.139931149 
-461.686340963 -23.9269960949 342.654112995 87.9542687131 -211.772688406 -336.50531644 243.579674978 -87.685927379 124.196272758 461.686340963 
326.7005253 -233.227198805 169.035424935 461.686340963 44.6492165432 251.420213616 9.91568700028 -104.237196302 -336.8124002 -461.686340963 
171.383472113 -226.229673253 325.473671586 200.921224759 -100.208308863 51.5896607537 -80.1655897829 460.867310089 -461.686340963 -332.741520149 
-82.0144361705 294.376632499 -334.156347907 -205.429085432 350.728311872 461.686340963 -461.686340963 30.1530996827 74.6667131127 173.02799861 
335.625093626 461.686340963 68.21043552 -213.155907345 -182.476380356 -333.073436638 -62.693015333 82.8430480162 203.445341878 -461.686340963 
57.190832307 100.953658883 -51.497436598 -176.021168695 -327.226938922 336.396910953 461.686340963 222.858846184 -461.686340963 -192.527903611 
461.686340963 -66.6784007377 84.0831223123 -461.686340963 -210.748365884 -333.30653471 -167.667991529 58.0372401662 334.075027357 201.097025931 
206.483278693 -8.62842788562 -333.78334614 461.686341947 -461.686340963 115.409864811 -283.413602362 -160.62043979 -41.9325708621 330.893651972 
25.2837771274 -132.219253906 145.407679439 255.819587077 -461.686340963 461.686340963 -335.843268924 -232.630161865 -87.5494364169 330.490402218 
-337.047286079 -78.9739106725 -146.276048304 340.260103529 106.247188536 -236.097058784 215.529445125 -461.686340954 461.686340963 46.7670644327 
333.878493235 -118.607048961 -90.4611349988 99.741712099 209.788967303 23.2987656144 -243.566345866 -461.686340963 461.686340963 -338.646579076 
24.458297566 -461.686340963 227.720554355 -332.88598251 461.686340963 -131.536565442 326.530850284 -19.8373478707 149.617878691 -222.460886004 
-461.686340963 -224.663742438 47.1438179991 169.564707516 -100.739720581 -50.8267793582 325.619570992 -332.75117862 211.099884596 461.686340963 
-286.034940499 -37.7775309827 461.686340963 -343.87290955 -159.927636135 -24.0950877984 95.130448545 334.046604083 -461.686340963 212.324569728 
461.686340963 -168.336679854 84.2903889975 -461.686340963 -43.236987797 -230.040812851 107.959211717 337.571274864 228.714194465 -333.012197318 
55.6963889285 -206.541185411 175.405177033 -461.686340963 -80.5258818714 -65.9783566986 212.750558499 -336.043209575 327.246689704 461.686340963 
-58.6235498594 -173.108774778 -332.945994058 -224.200085921 66.8034388565 84.2281721732 -461.686340963 210.435595511 461.686340963 333.772529812 
217.161628381 94.6492617606 -50.5403437664 461.686340963 339.464387584 -331.052685171 -251.190815172 -9.64652273237 -178.49481594 -461.686349355 
-461.686340963 121.913655561 220.293248441 -190.043753497 -177.818779192 -49.2251751443 -327.450902128 335.341506262 461.686340963 71.5998512052 
-165.064464258 -46.040782371 461.686340963 -461.686340963 106.473082767 227.720721802 -331.502176354 -223.958469931 337.989394232 57.9790421007 
-188.281751466 -329.633021057 59.6880979591 217.261348556 -195.162395694 -461.686340963 -56.3007553818 97.6073705335 461.686340963 340.749493934 
-339.542902629 -105.338130807 -222.977106077 -461.686340963 461.686340963 170.285372075 -36.6586280583 334.751849262 211.256852413 42.5503533689 
-167.173934423 -333.165616705 -291.238579488 -461.686340963 235.703123752 110.484134631 461.686340963 -15.693901415 -38.4528743625 341.714391911 
209.441557181 -331.747455723 -66.2758943843 -220.795912176 461.686340963 333.823126449 -461.686340963 165.413011997 52.0966376078 -162.645924698 
48.4231838157 172.528430555 331.858985227 30.6396419409 -92.8471160255 298.154201722 -461.686340963 -335.625666042 -208.890222641 461.686340963 
-328.647962118 -42.3814544643 -176.240920859 461.686340963 285.572426887 325.269743056 -461.686340963 51.8694671799 -197.419514092 162.000987443 
460.756313309 45.2365140092 -236.284680489 333.343642005 -461.686340963 -336.413965646 -109.403835575 208.353147241 -89.1406977537 162.829385316 
265.171251943 -247.053911864 346.329238766 -339.20105936 461.686340963 -461.686340963 -125.235378989 16.2911434231 142.459078377 -76.4501413494 
-175.739651055 -191.863589267 103.059957734 461.686340963 222.854486199 336.180800573 -461.6863409 75.3004550692 -50.9266129647 -327.706304448 
328.57123612 -207.484477782 61.1949942746 -91.2823163141 179.937396981 -461.686340963 213.250176956 461.686340963 -336.590159234 -57.3134306614 
10.1887343251 -150.447098566 -461.686340963 -20.4631747842 -234.400904448 329.31303222 139.188399301 -332.495766814 251.652857322 461.686340963 
334.177543784 -167.64756695 -461.686340963 84.104526222 -66.6420301945 -333.308259338 201.165759812 461.686340963 58.0827124355 -210.743955965 
-72.026474558 -461.686340989 271.246332469 -211.493094616 56.4858043063 461.686340963 329.682977295 175.635730841 -338.6087919 -85.8101452435 
330.605551585 38.2310334709 300.673581475 -209.322001303 172.560412028 -98.4319551317 -331.210720658 461.686340963 47.8813565667 -461.686340963 
-224.111129775 -461.686340963 349.624464342 -112.547990089 11.5491939411 153.533940966 29.0873204376 274.662424133 -339.331318236 461.686340963 
-136.07636422 461.686340963 55.2307809734 136.666667426 -14.6028743274 256.224751703 -461.686312005 344.718414383 -341.141433882 -262.715592262 
72.3016671518 334.985240601 -461.686340963 461.686340963 -337.160607204 92.8799588014 -215.67815827 -57.3939714749 -87.5699911152 212.212167827 
-461.686340963 -336.754168402 40.2437846651 -93.6098840626 -219.179624459 300.256654693 330.830763966 47.4616914522 461.686340963 172.47716248 
-164.861551107 -331.545456246 337.116884723 227.588766854 79.030678253 108.808843634 -46.1803768048 -461.686340963 -224.290090439 461.686340963 
211.773309078 -129.343385403 21.0026254982 333.496206202 -253.215342477 -461.686340963 -36.0863456073 -337.438276695 461.686340963 144.051928127 
-283.406636093 -160.612871721 -333.781900521 -41.9329177935 115.418776835 330.893573509 -8.61706107096 461.686340963 -461.686340963 206.482963826 
178.651869948 330.840396501 55.682264321 -183.983111437 -227.221623182 302.643329814 461.686340963 -461.686342151 -63.9322014265 -333.106892892 
-339.420531334 -304.163700923 461.686340963 272.170430803 -181.22971406 46.6938396761 162.462817359 -75.6048890746 -461.686340963 348.365407357 
329.110805941 52.9150142269 461.686340963 -174.387095081 -223.950224372 -333.152859157 268.068536774 -461.686340963 169.782619881 -57.4817106445 
461.686340963 211.817588327 91.1449423351 -77.7480055012 -339.581571757 14.8180998959 -127.742714226 339.8174867 -249.556660682 -461.686340963 
332.920317813 293.135023833 -332.27640203 -461.686340963 71.0921429481 -41.4916679446 166.796972803 461.686340963 -125.250366294 -206.119867864 
327.586132287 -206.508278267 57.2773369599 -84.6487358483 -47.2096345112 210.497405507 -335.680444548 -461.686340963 461.686340963 177.928977571 
211.030439927 -332.833160849 -66.4265221948 -461.686340963 325.517562937 169.202514923 -97.8280889011 461.686340963 -223.856394146 47.4311714125 
-329.294337448 84.0348754296 -167.714029333 338.214136879 107.136351429 -205.430194852 461.686340963 -45.0572296979 229.225696677 -461.686340963 
32.0624749628 -461.686340963 -59.8384717452 335.187124983 461.686340963 203.769962845 87.2697171889 -175.685449774 -333.474109977 -224.031279735 
25.1680746595 -221.569646608 266.396172406 -461.686340963 -329.95694722 -140.609236028 136.850062442 334.81572925 -12.9984697047 461.686340963 
199.489817886 -461.686341074 192.483167908 -58.224093037 334.682583532 -336.764571274 62.6926689054 -91.3390351355 461.686340963 -207.758906108 
-142.282697663 343.022189209 76.6490164279 -269.043750607 -23.3239083722 245.308648333 125.247835639 -461.686340963 -342.309772944 461.686340963 
-19.5966049551 219.895486115 -260.955462785 340.866422768 -461.686340963 -21.1693697576 -160.478325133 102.08959943 -334.711631679 461.686340963 
-461.686340963 -129.52763553 -63.6879985347 460.82346456 326.31125845 169.836908834 201.533468229 -334.989323452 -209.225912416 54.1399259823 
-334.851757723 -227.628857416 461.686340963 12.4415898106 209.909874672 -140.533611752 332.503774092 135.26765031 -40.4377878453 -461.686340963 
55.6969931509 461.686340963 212.750348771 -461.686340963 -65.9775302928 -336.04302405 327.246738842 175.405746053 -80.5255910754 -206.540416963 
-224.072643935 67.9470613574 461.686340963 -332.886243354 -172.928107035 -58.4366539647 339.161086711 85.8729553546 216.587849658 -461.686340963 
-35.8775350247 461.686340964 128.412220441 -264.910073709 -140.834860413 -461.686340963 211.961676197 333.407775874 -341.69793883 4.11533011536 
-24.7417766674 -143.43227794 -461.686340963 342.678224091 75.3584717518 124.191822867 461.686340963 -342.396397388 244.348918184 -270.142161794 
334.483363138 -461.686340963 72.9151199781 -332.309195714 218.868911492 99.3072828695 461.686340963 -51.7479881373 -169.03189657 -224.521383497 
-123.180113423 -5.83100599436 211.943169097 153.921438593 -230.916262019 48.1330520445 -461.686340963 461.686341033 333.90427919 -342.456918745 
-461.686340963 337.801020711 461.686340963 82.8775863992 -206.634244252 105.615574244 -329.727735272 227.471054886 -46.4818959649 -168.817649402 
-258.695775282 -154.39343089 275.433915907 33.037486186 -461.686340963 347.250562903 461.686340963 152.441841447 -335.968501792 -63.6623718128 
-461.681866795 35.8964010647 -211.944658848 -338.621969229 -100.252905014 291.445311157 170.797485761 40.4549833341 351.242183735 461.686340963 
461.686340963 -74.0576082902 -224.966784423 171.477665907 -98.448111387 49.9330963613 296.145935054 -333.09496339 -461.686340963 332.242750881 
-165.067816394 106.465688777 -461.686340963 337.985762447 227.711834287 57.9790493988 -223.961709337 -46.0455092128 461.686340963 -331.504184312 
-336.243931499 -81.8732343531 461.686340963 -108.077553775 -461.686340963 202.650841851 43.470163547 175.887044883 -234.45547898 332.528600146 
-212.724101735 -333.828799141 177.031214052 212.728329531 461.686340963 -81.0230068009 -461.686340963 327.652749554 -64.6151884924 57.7163775195 
23.6995618123 -329.60962231 -194.366634725 128.586036927 345.0920174 -182.856233557 252.063869999 -461.686340963 461.686340963 -57.9790521512 
327.222883813 -461.686340963 175.391672608 -80.5621846485 -206.578450246 212.715663451 -66.0107930251 55.6799870304 461.686340963 -336.066106873 
-125.967215261 -461.686340963 461.686340963 -75.5817988449 -232.783205365 48.1887251533 -335.42958913 331.148073957 126.83264254 206.752122407 
-207.687772763 59.3234693416 -54.0814174344 199.23030214 186.383142509 461.686340963 -170.294184231 -461.686340963 333.803056532 -331.614154796 
218.72250016 -461.686340963 -332.302538103 461.686340963 -169.022348694 99.3476640295 -51.7242031012 -224.523358173 72.9442098106 334.365985154 
-100.223735692 461.686340963 -461.686340963 330.284322385 -336.433843929 -218.515554232 9.6493550997 47.9984324298 300.774930886 171.401489549 
182.285248872 -68.4183974314 -98.5758285986 -224.607537586 176.683390081 -332.999123607 -461.686340963 457.144815757 326.554695553 46.4085186804 
-18.0076287333 199.793761214 185.676681848 461.686340963 333.867167804 -333.912369192 -138.771241738 -461.686340963 56.0914812983 -250.105338292 
-64.6386500532 212.712747921 -461.686340963 -81.0055178275 177.029701764 57.7073012261 -333.822397408 461.686340963 327.654916092 -212.715131315 
461.686340963 337.428929996 -461.686340963 -11.427657212 -336.200700727 -252.707641911 -170.664291957 -41.7902907023 111.04931621 207.089580311 
26.9354892296 -337.934518231 336.14474971 461.686341239 -16.4528075085 129.142829859 -104.042812846 204.2358157 -220.528145638 -461.686340963 
-190.926644943 461.686340963 -335.156317938 173.870182332 -62.8132498599 -461.686342963 330.089748536 -235.369618533 57.120072202 270.628344809 
333.581188055 -209.900014102 -64.1791012713 -163.756466038 63.3956531946 -461.686340963 461.686340963 88.1736680181 -332.845152823 210.104424893 
-248.203489432 461.686340963 -93.9894153721 -339.665308062 253.48041592 -461.686340963 -124.210862557 14.1230752347 345.687714907 133.389113765 
-334.207477432 -211.602724252 461.686340963 -60.382988617 70.45245757 83.8715463937 336.652075841 -180.412413615 205.183465868 -461.686340963 
-206.662023169 -333.238264427 -461.686340963 153.347776707 -130.241377581 -56.2670376726 329.13287729 257.634306802 39.398935988 461.686340963 
-461.686340963 -217.893236036 461.686340963 178.09315263 210.698667885 60.7740694081 -331.62886203 -59.9014399044 334.316917541 -179.939895354 
