388.0503977 397.120314636 -317.717124185 -323.834240571 -460.28032922 -130.570911119 3.38527325939 462.068013481 -2.49426944791 82.1224857628 
158.254523035 -28.2078498318 -325.049596356 314.51904975 -175.02631128 -393.585077442 -136.148288296 0.32324329242 380.695333193 452.584862256 
-129.040873386 405.116214728 2.56576814173 261.25638928 -321.180874828 -142.174032658 -459.459470997 -324.016701064 -10.8307527031 385.377383228 
-432.401650969 -214.256971991 319.355781659 -212.692272974 186.226192703 -3.23100396876 -29.0468435883 459.943214602 -449.24807161 406.348785554 
29.0466798753 -439.744772149 -441.461560881 188.237401305 411.463064955 290.446471961 -149.845000545 -277.85714657 -29.0474091871 460.066609455 
385.586870938 450.660019243 -174.337729436 153.299881381 -17.9448396167 -139.15768242 311.557806329 -319.976362513 -3.2262653184 -395.483068495 
461.858104316 -427.485608659 -316.627932795 -3.53207679204 -7.54315642982 -134.922917777 7.04929555703 -207.807960535 321.670768559 -377.137034023 
37.5052826652 -29.0468425209 192.460512081 294.681266367 -25.617519761 413.682431215 -456.312177766 453.662560965 209.678718357 -425.944294123 
273.191383812 -29.0468425233 -52.9155097484 217.295605086 -448.156896947 186.559941456 -250.939695917 413.228653643 -28.9699811523 449.026987269 
411.654248281 188.775472274 -319.89991705 -311.925015995 215.828350264 -433.417199806 432.627762002 -99.1043033951 -29.0468425234 -9.31976561453 
284.078881565 -426.046412915 51.4429554681 -341.565652094 -29.046270145 29.0463256802 388.665125717 -135.979879468 462.139382059 -224.354388685 
410.846080578 -20.3287725414 -29.046842517 187.561593254 305.444704497 -29.0314783175 -225.375853592 -442.867513788 -377.616858096 460.291647245 
-457.729023313 451.895274182 -29.0468425172 36.4140427456 9.53668045766 -94.4613582768 -421.083780243 291.385577853 -198.304009879 324.191713368 
-417.461211943 -246.035655388 256.847667337 435.003290581 434.515998448 29.0468423402 213.013121662 -204.940349658 -455.476137849 -29.0468641828 
289.448435125 449.527932653 -452.368761865 -321.346785087 -29.0078074614 -130.944694277 -11.2297582834 -403.145098012 -198.167578235 404.616371658 
392.630769355 -18.9070347132 -2.42490953944 -324.45526197 -436.887592535 318.265077496 -12.5598736655 462.597811911 -219.144881853 -216.786906147 
-404.760032167 417.090801641 -185.600546025 -242.080981637 -28.6042980156 457.34243606 289.061505905 187.938185054 -459.623429146 -29.0468425174 
-325.55175105 -237.286767705 207.930504199 -122.645131343 410.090714237 -458.985581203 -29.0463310418 -9.87776753088 454.893498375 -30.0963141472 
-327.690731074 410.919525542 -404.212645574 -15.5182094616 -455.897700202 291.238351247 -116.677895616 -128.817445766 459.397329771 -29.0468425174 
186.530622087 454.1568702 419.422207282 -317.810083014 28.8501038326 -458.484059602 -240.471522657 -238.645549333 -11.6993301811 -29.0468274037 
437.495584552 -319.386586837 -238.650679192 320.070903729 -30.4983727415 -458.95137951 24.4850572024 -35.1669122087 449.997886483 29.0456002887 
-309.51362439 29.046830264 -306.691282975 242.897878982 -196.423648418 27.477911747 29.0304664518 462.216413552 152.716505089 -85.4060812121 
40.0742903915 -382.03310521 214.552676681 -153.795834132 86.7019587841 -196.391664145 -77.5409116224 -429.140222634 294.19279877 415.459903925 
308.359134932 -40.502206772 -28.8715125922 -93.6102904504 -461.314434496 459.379177739 310.265257022 -377.454035506 -387.876029729 -29.0468425172 
29.046831064 -138.158080007 -226.872972333 -28.9909189655 387.422546392 295.599791535 62.2784967369 -249.73807675 461.995036196 -427.173341041 
12.2669563251 -318.989332146 404.577102384 -239.340943988 -124.037688896 -458.830523586 -7.52824946868 -15.8797959814 453.937300558 -319.911802547 
395.176316219 -229.831450056 261.125762756 -123.795288996 -29.0468425231 -428.717220063 155.887999693 436.713438357 26.7563577866 -407.555097187 
-458.856762252 -123.946830377 -29.0468483865 32.8478622468 -319.816226314 -239.979926381 404.874732087 453.66385685 278.18603969 -4.5943620013 
112.303045994 378.532219195 126.329082784 87.4543193015 -213.378821641 -141.938725989 414.557573979 -131.595263945 -149.035318368 -458.434208489 
376.204807626 72.6032367202 11.446219936 460.676499922 -0.383764271411 -202.906596536 -422.844078409 236.203141478 -317.213196242 325.932581557 
455.845179402 406.252327725 29.0468202985 -224.763243392 -183.77644445 -29.0468425171 -426.151782924 282.399744029 21.6692548031 -405.254408938 
-364.690296258 448.065774754 -187.149755756 -140.770490549 35.7721105798 -460.764556336 -83.5894664843 -29.046842517 -407.665134265 300.005057829 
-41.9999683517 -93.8425856962 459.210093445 -461.312015888 308.279137186 310.288308651 -377.541546823 -387.530090677 -29.0351996246 -29.0468425172 
-212.713076861 -281.181437762 -5.06544216675 235.841019315 321.443651646 -430.364155818 29.0468387976 460.856298773 -3.59349124412 -210.174861588 
-314.752025535 -458.675199707 16.279405713 21.6198071857 300.906532816 377.09339121 -358.144132421 -158.727186195 66.5691190114 -29.0468425173 
306.847979242 -388.868756365 -29.045251398 -58.0595998586 -29.0468425172 444.138573193 -172.270967517 -461.649192238 308.537027421 -383.497892692 
-10.6735532673 -29.0468425172 -458.971190945 -237.765875996 -325.657456823 -122.575880368 278.238841888 15.3960138771 454.539162444 410.260117822 
189.581315188 -423.510830432 -317.371438674 -457.384338335 34.2694901435 -29.0468425173 441.277821335 -97.4399414656 -3.20095426755 413.355756716 
29.046842267 207.420364869 7.58109499487 -458.176650872 452.937739555 -215.230863912 -319.355176849 408.876249757 -421.726655924 -12.6278466587 
-12.0846791916 313.207986502 -416.735959808 -398.852172807 432.916646573 -203.769907528 452.776204809 29.0333394424 25.4231010306 -177.43678453 
238.562820002 13.5530095388 -119.135574136 -314.262835222 -459.577957567 461.030654484 -320.373086836 379.194582005 -13.7716501185 18.8903392637 
-166.656952837 -437.469713951 -164.905435828 71.8685963954 166.234342314 31.0480161199 -441.304840502 462.254187727 412.856259792 115.691682889 
307.580915792 -159.675339357 309.380434712 -28.6974530597 458.943827892 105.377654713 85.8415563767 -29.0468425172 -452.031167322 -367.296484044 
-317.04258187 -429.059485412 -1.20679337793 -440.422262476 321.00341679 -219.839135849 -7.97673776217 -2.48047690204 -209.682623476 459.552911139 
-132.875031267 -397.005560051 -459.918728613 -12.1846400005 404.437787036 -13.6596169392 -321.716962154 312.728489162 -104.885984197 460.222750335 
387.11386793 2.01344945567 29.0468423098 -436.553432202 -18.2586896233 -261.117003318 398.045666883 -323.750312162 -219.731752934 461.959125873 
461.258707014 47.5417824696 320.373695308 280.746325694 -206.724811874 -346.162619381 -428.594972429 -29.0468426603 -4.85068851954 -138.064370289 
-95.9532317638 168.319625156 -45.3406887517 0.0577008611161 196.92132193 -244.225032809 -316.669942709 417.279498578 -461.952507415 432.656849165 
-29.0468429038 -29.0470582108 -459.255728089 188.386473433 -271.332143512 -239.90727947 185.467808809 250.04993756 420.531155713 411.09956181 
-15.5600205038 -327.681016378 287.841020813 -405.074979295 -459.594881579 457.480325055 -128.908764621 410.81470197 -29.0468425166 -185.901344979 
-124.193959958 411.399578731 209.689924986 -12.8001445936 -459.102338499 -29.0077646741 -326.525133073 185.897261036 -418.95357204 425.259945175 
-184.473338084 -28.3968478027 454.88062883 222.189907428 18.9170949631 -406.359676618 190.42247045 429.22823165 -412.530460195 -28.0783858128 
-237.940531043 -5.51429857532 -457.668085927 5.95917770809 -12.7599759699 390.684785422 410.084581858 -323.987763316 -118.229774616 -316.267332327 
-8.38283331793 -459.35048178 -327.358497861 -14.6521554945 410.33700039 -203.913959531 -401.723538589 447.841887304 319.356138085 -128.348732148 
-11.12110188 -397.170496574 404.351728943 -12.0488787676 460.235307378 -459.903175608 -105.106856913 -132.664520454 312.882752727 -321.615775627 
29.0460546158 403.426686216 454.874248714 -120.122830129 -205.735752133 -2.65525851305 -415.374381596 -449.150941502 -192.099665075 -318.410079939 
-91.9645398886 376.732756142 -230.868788224 -315.702186224 -316.947757617 460.73918216 11.0398096553 -19.3220967265 -452.721379562 20.7705276359 
-15.1459242146 -65.2175340795 -29.0468425173 -378.994466507 -99.6368070268 449.854474071 312.903528939 -388.992064941 156.415979255 306.682034793 
302.265674241 30.7076674979 -29.0468425172 -191.241783114 -150.828015851 -363.534670712 -460.444724084 -72.5711308194 -409.813781739 440.631681361 
-461.476444948 -391.079758111 -29.0468425172 -29.0329662369 -170.874193515 -47.5755394374 452.76841844 306.347675684 313.324557565 -381.982564471 
-99.8511535416 101.946376887 -10.203536587 429.062653202 -324.247443496 -340.5177598 -320.474288148 -6.81594638015 410.984299548 -118.52829695 
308.0916205 -29.0468157786 47.9269517797 -364.684782039 -2.2444185482 -240.138601631 283.849242194 452.964167307 -29.0468425172 -459.50822289 
379.012144243 -321.255348383 28.4519163843 461.009101186 -29.0468425172 287.899525871 -231.615072468 -450.319366781 -22.8282436983 64.3685417441 
191.691586633 -29.048337647 410.53271407 450.677640994 308.228820308 -461.953792606 -29.0468533367 80.6098278863 191.511506676 -165.836947834 
-198.016301632 -22.4552230586 -425.608572657 -102.423054309 -411.249459808 227.348810163 178.038757656 28.7495623365 426.321777929 407.39995603 
-29.0468440691 454.89243935 -121.64187612 -29.046853695 314.19298106 -461.182190294 -392.537851117 -104.919431867 190.655233412 274.939489168 
-404.213080292 -455.795220179 291.189007367 459.397279361 -327.672360351 -29.0468425191 410.928314861 -128.790772946 -15.3894541825 -116.681782609 
112.167966461 -109.597748894 -97.7193912681 427.025790077 -424.232211599 -5.77042949065 -4.21955666785 -318.66019345 -203.732581573 323.221110653 
288.157954972 -238.036772508 -29.0468425172 45.185466118 -459.974745727 -369.425847655 19.3435938861 453.461525002 306.931980096 -0.812007216294 
81.4594245258 -68.5668140651 -173.455129047 449.964589309 -164.130312372 -397.263092947 310.124064726 56.4974472831 -462.051193003 -29.0468724005 
-29.0468425172 9.67737124715 298.71719857 -322.881954444 -130.361476117 377.826228131 -457.266073963 244.204213015 36.4210662248 452.558944414 
-29.0468438297 -208.232837932 -426.262808614 29.0468390121 55.2372122415 461.992252081 281.330077857 387.39860827 -415.189436097 -224.683174677 
322.744692161 29.0468168054 -205.063141208 -192.903673055 -412.706184231 -425.419199711 -6.69731498425 14.6323085859 -195.226254142 458.429107261 
-80.989427877 361.647788661 -326.211963115 70.3072000154 -296.210968152 276.291078807 -25.8949228657 451.849766235 -425.579994198 86.7082430678 
-123.850738517 -10.8257699728 -11.2431459408 -316.578984935 -0.212870610836 -325.960032204 410.132338913 454.652725434 -459.096001506 -237.503741845 
-389.538703009 305.533665926 -59.0801146374 449.160583261 -378.206713989 162.719966532 312.998349949 -170.805741311 -29.016453041 -29.0468425173 
-460.154157721 304.713784944 24.4545534455 -29.0158162005 114.759840245 -168.662384602 92.7850289417 462.592225588 -290.546992426 -371.263429076 
-29.0468425173 54.0757964208 313.313903998 -459.349190535 290.524405151 -313.801343704 -17.7426952686 451.284941851 29.0241758348 -241.821900978 
-12.7640734156 390.667172156 -316.258445207 -5.53086983754 -118.232529798 6.03968497468 -323.988058294 -457.668537982 -237.943060954 410.094220671 
-203.714978595 -97.855524811 -220.962006773 -425.496247544 -444.610956222 322.011967778 -0.594590328209 13.8481938167 -317.622172379 458.524711628 
23.4431677046 414.94171757 -27.0333333559 188.211767412 313.936053667 -427.593582784 -29.0469502264 454.346683396 -397.821080378 -178.873880194 
18.1130387818 -419.271603947 -10.8083652428 -426.41288036 -208.416112699 2.89486175515 -319.540067099 -206.559018023 460.62637296 322.937845643 
-29.0300170338 -60.0474385432 -388.910427867 -379.13012404 161.802021004 312.700780933 -29.0468424854 448.896616039 305.795776893 -170.146679437 
-461.047255272 -28.9972228577 -3.75723856197 -391.682958312 -169.263598317 454.199517928 -315.899762934 309.338785028 4.03994704867 278.3301393 
83.6874435247 -458.73424922 -212.829969858 -420.478152569 448.033039323 406.363554252 6.07223582168 -319.778786242 29.046830203 -99.4774289533 
453.938567443 404.50326219 -318.934329738 -15.9431318174 -6.49645817248 12.7639530538 -458.822693737 -239.340675395 -319.834242406 -123.994013379 
-8.316529384 -461.334072616 308.453643141 453.443048451 -46.8879081698 316.542686251 -389.509570372 270.420684122 -166.946610498 -29.0468425171 
-233.159679942 -335.060577534 -430.53334135 29.0467738857 -210.43752294 387.272276256 461.977557018 -6.14272835809 315.774705196 -21.6852860332 
427.806919866 -404.659423445 -324.918352872 -102.062263624 -185.656132553 99.1912534149 455.498071877 -8.41704532818 -29.0468425172 187.974773942 
193.164888822 -367.620833373 195.031604178 413.023499803 301.682364909 -29.0468428403 -23.7590008486 -461.331991663 454.519865938 -68.9394848475 
-195.411263275 28.6853743007 456.999701008 -409.944606243 424.381295808 220.508824305 14.3689731704 -192.336359222 -414.514051502 -28.4874838504 
248.750284535 -166.592157926 -457.870303604 -166.725861555 187.264436732 307.456015516 -29.0468425172 -386.114718647 -29.0387705095 447.184509855 
29.0468192368 -427.088419183 453.979680133 -8.17225321972 -98.3996685844 -319.505449635 430.954345561 -207.193983758 -191.927677461 -415.629750424 
412.923474657 -227.400665761 318.041591641 -29.0468425174 -28.6198881367 -447.689140056 -212.550975775 -433.548345979 459.984729036 187.38445446 
244.765431624 442.470614729 -81.0015841545 384.362864209 -29.0468671442 28.2092300146 292.650284616 -246.288816823 -453.310806186 -322.571792461 
272.086698708 -167.729152071 437.931566895 299.268696475 449.735509638 -396.981997131 28.405712739 -29.0468425458 -29.0470229339 -459.652220232 
-309.454101491 -172.581502262 452.844349408 286.260055438 2.84120625387 -461.12131183 -392.317917926 -29.0468425173 28.6430185521 313.850291602 
-217.188141142 25.5375562074 402.289955534 -285.248286638 29.0468171465 -442.714663068 -256.262015786 461.350492571 -436.835574019 310.183790401 
-29.0468425171 -404.158970262 -455.974944992 -128.802856737 -116.624602004 459.407687812 -327.674641867 291.171260253 410.934241396 -15.5434896702 
-362.837847321 460.142941253 27.8262133127 308.222438648 -15.8112769851 -228.833257365 -451.83354149 -318.511169254 -29.0468353643 -12.959641723 
-1.52250715504 107.710418355 -43.4637855175 -65.947401943 -453.652061582 407.239035284 435.815712939 228.11768379 -310.259523481 -308.061091939 
-458.987414021 -14.4325915244 -98.940141836 4.99413107009 451.048477594 -238.426518346 435.756034165 -315.781065225 -321.887739929 -0.687731809471 
-459.494047782 -129.848530409 -321.068684418 404.972767394 -241.262866045 453.449841268 5.87392470764 229.088870114 29.0467923936 -299.417104311 
55.5218919636 -415.200379322 -208.240384233 -29.0468435754 281.390283229 -224.697062472 387.390079769 461.991260322 -426.269254334 29.0468423104 
-29.0468425172 448.066868693 -401.103399343 420.810906344 -239.384395918 -459.899313916 183.708428943 296.063477324 -28.9350017222 -172.063311776 
-134.058246606 -459.932403934 -24.1754074592 -13.1072041272 -177.500131845 -399.079603545 -322.087260973 405.132044788 302.774049658 458.951442096 
421.863335043 186.537289138 -458.594132719 34.9035003241 -418.347131269 -29.0468425172 206.078576798 451.335856294 -29.0387008474 294.148996829 
308.572806369 -449.921423686 84.2914537479 -29.0467551078 -29.0468425308 -430.113909121 460.32256327 189.648837071 410.637391061 -136.329042865 
-431.291413911 319.588630968 -211.033409547 -4.66879223233 -333.788716855 -9.32792509892 -24.0182949642 461.63120013 -213.711545489 310.686015766 
411.682374348 242.055669496 -116.493284106 -406.345235605 -29.0468425691 188.990549385 18.329080449 -431.694809278 213.834413078 432.598882523 
459.552646267 -429.062445656 321.046645441 -219.836702233 -440.424237267 -209.686043884 -1.10876413835 -317.035537776 -2.60472226453 -8.10400858475 
185.911245185 13.7150486715 -427.312584298 4.54417377767 362.93726623 -328.068279461 -29.0468425172 459.334836721 417.356363745 -135.049279369 
-36.4087694512 21.7800200172 -396.858457234 245.903569545 -20.6764554157 316.19608396 -178.205555644 -412.204613599 453.007039952 432.539272555 
-378.654998771 -390.174519174 305.415832795 313.2911664 -29.0468425172 -28.8491018114 -101.115078589 -424.091112413 -51.4395910557 455.493309123 
-239.173779047 420.067528437 449.72019917 -27.9730355709 -403.931515228 288.63256086 -29.0468402885 -199.208902224 -459.523682998 184.935451229 
-323.220436852 -412.774971545 -449.404376838 452.57851717 -119.071686027 29.0465630015 409.387006982 14.965985423 -195.604839686 -209.839001317 
460.036887006 -376.484365246 197.020949633 -187.873514064 200.695436873 -318.755782648 76.883193682 -55.2290699226 351.556599909 -28.8412905723 
-192.041752519 430.96662734 -8.13663523324 453.972123545 -427.087605711 -319.505787367 -415.622478017 29.0468420875 -207.191752881 -98.4022386217 
456.265280177 29.0468420147 374.676288494 -410.731670226 160.364298108 9.97722596578 -323.364756799 -122.936494626 -192.218046419 -191.385225788 
322.379986742 460.194053688 -211.116994345 408.95084178 -429.048374658 9.73182375369 187.425262943 -4.86866446088 -209.130825073 -29.0468426516 
72.3895564886 -29.0468425174 304.030070801 -448.294863828 -228.082194644 -18.9487535976 460.880752255 -374.088028392 298.410613632 -29.0377352623 
-41.1061578844 -29.0292275351 459.376100027 -93.5960335215 -461.318633818 -387.838491221 -29.0468425175 308.324838962 310.261335035 -377.463617811 
-241.978046496 -317.17791049 -1.59439296961 29.0467427095 315.348062464 452.099919598 -58.0221772742 -459.050843341 276.01138282 -17.9295489883 
-29.045321562 289.548422794 460.067250443 219.524255884 -100.448222117 -210.957614666 322.141589872 -209.361806278 -5.37526834188 -429.08657058 
-136.418207993 -322.061207205 313.227697574 -397.458677206 -176.214869177 448.065794279 -460.274961756 -12.8968974707 404.096138047 -11.842646077 
410.556140457 -443.490640721 -147.009513564 188.868450672 -150.552626116 -7.81193905628 460.33460418 315.097546837 -29.0468430712 -438.47744631 
-212.231778704 -433.145609529 319.21856076 459.954593807 -448.115686709 187.275994627 -227.82410222 -29.0468425172 -5.52615535993 413.115998352 
-426.183407476 322.1333318 -90.4400596799 -423.671100913 402.614233949 -205.879368464 -7.53141645158 29.0468424345 138.013730829 -219.537895155 
312.428096517 -346.673254424 -25.1985820604 -375.864856614 107.415074097 -106.144736965 133.227723183 -455.32592936 -29.0468425165 305.573523483 
-323.973159138 178.544583886 6.64825360386 -122.942406171 404.68614111 -319.668809651 376.687808685 -6.9423662807 -127.701990084 -347.087384134 
-4.67336547124 -43.0581691651 267.076484491 455.179919423 312.649551334 -461.668326685 -99.265822596 312.574019429 -388.419915782 -29.0468425165 
319.841342878 -212.564674359 -320.666470978 -10.9936946345 285.726723265 -286.294630066 -431.480186627 -7.17838220567 444.783777793 -26.8173579356 
-325.600682627 -413.072725233 -448.805238977 -125.613194786 459.629282312 411.194578476 -195.763902454 29.0468330089 -10.157849965 -121.858167232 
410.927782514 293.919133418 457.438768539 -29.046842517 -328.078556301 -129.495546386 -185.361066327 -18.8293740222 -404.521950903 -459.639733197 
206.512350372 453.981027651 430.952155505 302.257994432 -179.974199075 -413.580050589 -18.5355471151 23.9540781988 -401.338224582 -28.6511067511 
460.58197482 -5.9938371892 -458.596738511 -193.107522984 29.0294517627 -414.36129647 -123.37429782 -121.81574378 -319.326712274 404.634701813 
461.0199989 405.956936668 -223.943213484 29.0467992525 -272.174017651 -439.720544393 -441.038143034 317.877290075 -152.34583956 10.1129364091 
416.386556854 29.0468391657 -241.116671831 -208.648994003 202.784544409 -195.07108973 -458.054332595 452.584692215 -29.0241506155 -412.479968304 
-43.0412505386 309.297086778 456.023435882 -378.01597129 -461.198581076 -390.878443121 -168.54708567 -29.0468427291 310.361071607 -23.4303267549 
-228.955827628 61.2417762001 381.1980923 286.196005879 4.74522444447 461.266862526 -19.0484147858 -450.539805127 -318.009145746 -29.0468425172 
-3.98980517896 444.206633905 -458.215022822 -7.85576299717 -324.387754803 429.968941514 -101.573717734 -318.035640542 -99.0763098465 100.628532895 
-277.875649202 290.204980434 -29.0468426755 -149.809492438 411.44807202 -439.739584589 188.272932717 -441.458961454 460.057140748 29.0467854802 
-458.986190949 -0.580051560278 435.741179749 4.76522976757 -238.42509641 -315.803622458 -321.883887762 -98.9337040324 451.057477147 -14.457457477 
404.608451274 -239.94508088 -29.0468425172 -319.953833222 -124.1949726 -458.866108576 277.818703795 453.62397228 33.1201560521 -7.64624859378 
460.341958776 -29.0469028352 -443.717406226 -378.690075269 -16.4828354748 -29.0468838287 410.506520257 188.7883438 310.526228689 -223.583612225 
-461.230090805 -43.2862009143 -29.034420338 308.967670353 455.945919227 -168.253821968 -29.0468425171 310.409083402 -390.612440489 -378.358555388 
189.345803695 -9.204679824 -200.795389838 -320.572016278 -407.332839264 451.062635387 -29.0468425172 -450.385673791 -127.570767695 404.322789534 
-445.37974556 -157.185060411 410.514941059 -435.395328758 74.5112755274 217.893461023 -29.0468425223 -29.0477367342 189.081975976 309.639237425 
-6.64652005946 284.205794469 -29.0375811604 454.20179234 -413.013467949 -180.958905847 210.021547891 -402.451754122 21.4322921925 430.593567607 
299.720779742 -145.100619509 -374.19977344 151.97624001 28.2733984006 303.774885802 -29.0468425172 -72.3966352319 -314.212575332 458.732462558 
30.4034818998 -460.423561332 -409.956354507 -190.873761496 237.385989825 -361.281396771 -21.7491539699 460.156922578 301.379465426 -29.0125518434 
-8.18884422626 455.86609263 -404.074050494 -429.552073002 -185.220858289 19.5174691542 -209.593588411 290.274779767 -29.0468425172 320.371690839 
-134.232911355 -177.239852992 -13.1601216507 313.163909109 -398.724792292 458.951443913 405.141579779 -459.948917685 -11.9942272673 -322.115771899 
311.215483926 454.39338274 -29.047131907 -179.075338224 -28.9170922772 414.887914836 23.263806321 -427.482001719 -398.01930381 188.268579608 
15.2659516892 278.312307814 -122.499798806 410.141196535 -9.98993775827 454.554921427 -29.0468441344 -325.537355617 -237.749633818 -458.968188596 
300.336118978 186.13474765 418.969193493 -39.4548317582 307.740931306 -239.466603831 -384.301803412 -29.0468425204 -28.6900025394 -459.153517899 
-321.71090302 2.50358814861 -98.8464999309 450.726235195 34.6643438102 436.288550589 -171.076401758 -458.987948885 0.46296283286 -308.688520003 
443.194642873 -29.0468425172 -7.11646834659 -169.997245622 -398.251364955 -459.798234297 296.482433675 -323.629712546 445.560749582 -103.566343465 
-100.915704991 -458.731496666 99.9434236804 416.506029887 -240.192877382 -29.0468425167 430.059771776 -12.6552675105 189.013107249 -321.277558383 
-407.336606652 -9.22521022203 -320.575648782 -29.0468425189 -127.574960689 451.066531079 -450.278800309 404.342485694 -200.788201144 189.342745943 
-413.482332571 -8.60491577488 -29.0468425407 322.465079252 284.933846795 45.7511862229 461.984027807 -208.86559658 -212.189838119 -429.440022598 
424.455750058 456.96685942 -185.112110386 -404.252265719 -243.044697391 289.813172083 -29.0468425173 -64.980426398 216.859424894 -459.677132259 
287.895319668 416.232354932 -242.009104805 -28.8589698787 189.246724351 -318.860017974 -52.2194061724 -0.44691523672 -459.070197097 388.087601087 
-237.748069861 410.153141366 -29.0468425173 454.554422258 -122.496009379 -458.968664486 278.201194382 -9.83172789175 -325.524603525 15.2142804433 
29.0468425112 -193.560580598 6.24892681483 461.913360221 -316.696311924 386.720734257 -126.612182879 -460.101272959 241.079433778 -412.133432979 
-233.945804186 296.499393681 -191.757024326 29.0417750094 461.56442257 254.88726549 -450.159361876 -414.146525445 72.6092383524 -29.0468425173 
-420.40699248 11.3201095031 -212.782106222 -124.175344702 -35.3567143116 29.046830725 -322.929559164 397.43928733 188.961029862 375.063762425 
-319.212685703 -99.1066170858 -457.768719144 432.238045768 -239.519957336 -9.38605258961 9.17647847846 453.19151074 -319.996483615 -15.6118214912 
-390.802593507 -29.0468256731 452.664116039 313.223735665 -382.224840172 -29.0468426662 -170.588330713 -461.510094773 306.451061875 -48.7598160553 
-318.545755255 -97.4667771407 28.918518573 105.117604349 456.572012428 -191.905128253 -195.043825798 425.352524834 -413.696152436 -5.51712462423 
-100.74848544 -319.577862275 -8.76590089621 -137.087947044 443.127758129 -459.059152811 -323.949655539 383.30957238 255.69772691 2.94804219557 
28.3982170715 407.806035237 -28.5308716844 426.375805837 -411.130325858 -103.301570286 -191.772298984 177.578383999 227.522751519 -425.589496294 
