0.99852018104 0.92062727612 0.7300219447 0.930917061219 1.14212736463 1.14213143477 1.02983526748 0.767666595842 1.22000000002 1.21993804002 
1.13619341068 1.2200000004 1.2199999996 0.783918228272 1.21999999964 1.14213143436 0.729162432309 0.997775285964 1.21999999992 0.996804163195 
1.21999999917 1.02230003518 0.969062208899 1.13674431129 1.00405463785 0.811231164152 1.14213143479 0.970733816441 0.959632434218 1.10086044855 
1.20454392883 0.957624830474 0.751629193823 0.834533840053 1.22000000211 1.22000000016 0.913490634282 1.14249440083 1.14469628208 0.958207022787 
1.1959650248 0.623945653445 1.06338117583 1.22000988465 0.91375860185 0.746611081516 1.21997892985 1.00679087165 0.997564463379 1.14213075975 
1.05379664968 0.880924133565 1.14213143477 0.876586429203 0.737972987613 1.14211262618 1.13930362322 1.21999999997 0.946618780119 1.22000000005 
1.15859918897 1.09830041343 1.02456152937 1.03780471507 1.1363012994 0.769772451912 1.22 1.06727493031 0.984188533494 1.01581853203 
1.01526192173 0.916845620541 1.22000000006 1.17112266007 0.699080115929 0.999517154029 1.14213014483 1.21999999995 1.22000000151 1.04398331762 
0.968606703676 1.00252959698 1.14213043167 1.04340619575 0.976160468471 1.22000000001 1.22000000013 1.13339372451 1.22000000006 0.860486564182 
0.98946188684 1.13536760046 0.830990184077 1.22000000425 1.22 0.766323574219 1.14199124877 1.087205079 1.14403249312 0.863625544176 
0.836487867571 0.944923116079 1.21999999999 0.881655881548 1.00195055733 1.14402482442 0.845175438487 1.04230669014 1.14213143477 0.612426397741 
1.01814346349 1.21999968727 0.642272284663 1.22000087314 1.21999999736 0.993870935467 1.03425280745 1.14213143477 0.725629832295 0.826475763846 
1.22 1.01260242199 1.21999999991 1.14180735612 1.04057601847 1.22 1.14212977744 0.816537249342 1.21999999999 1.16845710224 
1.22 1.14182775094 1.11824258991 1.06114539054 0.73763324647 0.914740560391 1.02214168553 1.21999999996 1.21999999991 1.11534623294 
1.10387268327 1.14213143477 1.22000000021 1.14109136776 0.911850646784 1.21999999913 1.03272035599 1.21999999988 1.09327337485 0.903696981904 
0.856916842161 0.941950323117 0.933711114003 0.567366983503 1.14193018238 0.971884925826 1.22000000002 1.04051144244 1.04389399945 1.14213439031 
0.860982344303 0.826173840538 1.0006557452 1.02679687176 1.22000000005 1.14213143477 0.860059206184 1.22 0.814381509399 1.08976645969 
0.971055224387 1.1421314353 0.881139849492 0.943631528436 1.22000000002 1.1554003953 0.534401921904 1.1051405707 1.01628302265 1.22 
1.19637282447 1.1705555803 0.991199888926 1.14213143477 1.06044217225 1.0812415479 0.95069705614 1.22000000197 1.22000000009 1.14213286555 
1.14213143477 0.928165116905 1.22000020482 0.967593101227 1.14209714336 1.21999999888 1.01379814264 0.735669538628 1.06612863416 1.01037021784 
1.09442191986 0.954204852705 1.13992613091 0.879473331025 1.14248162768 1.21999999942 0.941198942498 1.02593076749 1.21999998945 0.945673698671 
1.15268447337 1.21999999997 1.14213637318 1.03914295731 0.961744229236 0.812759946956 0.98739962565 0.981483093311 1.22000000021 1.2199999989 
0.936882586433 1.14242314701 1.14663525052 1.14213143477 0.983399512393 1.07603356125 1.21999996904 0.846407824633 1.21999942218 1.0125273241 
1.22000138618 0.996699340134 0.997358075943 0.953434543311 1.14212869616 0.732270063331 1.03668693412 1.0939305969 0.82060984054 0.995370772438 
1.21999999998 0.991776313066 1.06316938261 1.02565487779 0.990390254526 0.707478646073 0.96790369188 1.14213146099 1.22 1.22 
1.21999999957 1.14213143477 1.21999999573 0.887026973294 1.10995269222 0.899011799041 1.21999967445 0.899547844521 0.740465980647 1.14211277602 
0.9672182328 1.01671851765 1.22 1.19563300262 1.18386536996 0.554006473703 0.971933310772 1.02510673639 1.09548352663 1.14213143568 
0.921805850404 1.22000018125 1.14213143477 1.15015027839 1.03376873158 1.14116405403 0.798239560155 0.987432305299 0.889431441692 1.11157774855 
1.01962415941 1.17890571476 1.22000000112 1.14212037907 0.676095831645 1.21999991275 1.14591997083 0.995763860108 0.859282649542 1.14211292716 
1.21999999997 1.14213143477 1.01045170442 1.22 1.04244513815 0.877092143754 0.561505411213 1.20932942225 1.14212958039 1.22000000006 
1.03889275779 1.1421129862 1.21999999998 0.847987974689 1.22 1.0109074927 0.99086615987 1.219999999 0.915161080684 1.22 
0.881267614766 1.08302281276 0.990506250684 1.21999999992 0.722942428614 1.00269893099 1.14213143776 1.22000000509 1.02302843085 0.809470527279 
1.21999993714 0.711636911266 0.697382396707 1.03196466703 0.900441754829 1.14208151408 1.21999997991 1.14213143478 0.911856371444 1.21999995027 
1.1421314604 1.22000027182 1.21319181628 0.961466704219 1.04210647075 1.0733876464 0.770858765996 0.963012662602 1.21999765688 0.909819896185 
0.95471628601 1.22 1.04163856112 1.07482467081 0.932772657083 1.14213143477 0.966609726947 1.04677225057 1.13505638912 1.14151044919 
1.22000000003 1.2199999987 1.00013236867 0.845258299711 1.14213143477 1.22000000011 0.982803605652 1.00060072758 1.14096039483 1.02768383414 
1.14214385419 1.1962179581 0.98237647989 1.09951405584 1.03408640719 1.13164722397 1.21999999906 1.02002868332 1.02616278785 1.01917128845 
1.14213143477 1.03972855822 1.1420607745 0.979466280724 1.01510364583 1.21999994656 0.950530224278 1.12462110366 1.2199993412 1.10351828425 
1.03852297355 1.1764013055 1.21999999544 1.14263718464 1.21997659912 1.21999873688 1.1421129268 1.00934804657 1.09912979294 1.22000040009 
1.21999999988 1.14213143477 1.14213144454 0.748870637101 0.836009138708 0.898265418046 0.734556918239 1.01774305518 1.22000142662 0.93357453412 
1.0198517 1.21999997442 1.22000000017 0.883493722626 1.13307261601 1.14212971559 0.994905190391 0.940596583599 1.13993177787 0.808955578135 
0.814230040309 0.920832415442 0.915523417125 1.22000000013 1.14486461154 0.991610996885 0.852670319196 1.14213143477 1.2200000012 1.07939124232 
0.761443156962 1.14050778516 1.14054803193 1.14213143477 1.16913598729 0.920316430613 1.22000004425 1.00914700292 0.966089164369 1.01574057482 
1.18782697939 1.21999998691 1.14246471383 0.949784778309 0.905454337454 1.22000000109 0.973229653332 1.00540621646 0.949596164488 1.08210441411 
1.22000000129 1.21999999827 1.1020700634 1.21999999787 1.13651268984 0.857191299596 1.17771748552 1.1421125419 1.0671297472 1.14213143477 
1.2200000001 0.954786488611 0.746309893156 0.957201032966 0.967782539734 1.13745491985 1.14211292718 1.09023487039 1.02200225433 0.963460608999 
1.14213143477 0.700020141318 1.09722645143 1.0568312122 1.21999999987 1.05233370178 1.22000207766 1.14213143414 0.546214921129 1.20516845009 
1.19705503047 1.21999999986 0.998217157915 0.858288042364 1.13092949875 1.09572826628 0.980324927517 0.633189484276 1.08518261214 1.14212950589 
0.657794612441 1.12490199484 1.14415286638 1.0329554408 1.1421310789 1.22000000114 0.876671410215 1.21999999998 0.829436610004 1.13711104685 
1.04241731531 1.04255581712 1.14195232715 0.565158907089 0.896566842923 1.14213631978 0.837527611374 1.22 0.967146945312 0.983413018177 
1.14213063763 1.17028458468 1.21999998791 1.02514722248 1.22000000004 1.2199997602 1.09467585391 0.97530636397 1.01250710094 0.955255279335 
1.22000010608 1.03846146509 1.21999883492 1.22000011568 1.21999999992 0.937370325936 1.14241610654 0.799792986221 0.916886288498 1.22000005731 
1.04667099214 0.87175433635 1.14100345902 0.855785765397 1.02419814836 1.14212788086 1.21999982017 0.985913653054 0.692160594672 1.21999999968 
1.14210106181 1.21999999995 1.22000000949 1.00234927714 1.01018428872 0.844990242072 1.01852712211 0.958134837032 1.0808654759 1.04373199062 
1.22000000105 1.22000000171 0.985617558777 1.17894812343 0.983661477024 1.21999999787 1.04297858693 1.14213230441 1.21999999688 1.11213431621 
0.815385872018 1.04162167325 1.16844728745 1.14160244232 1.10089709955 0.866968046372 1.1417717135 1.21999998935 1.22000000006 1.21325483046 
1.14516927059 1.01577946745 1.14213143477 1.07560284008 1.07974870643 1.22 0.6681225826 1.21999999982 1.01081960928 0.520604404609 
1.22000001491 1.14211322566 1.02153192228 1.21999999981 0.984161158741 1.06205952284 0.754350357621 1.22000000035 1.05428103892 1.10438319458 
1.0492245659 1.21999997686 0.942494863296 1.14168698082 0.851452202302 1.22000000036 1.14212955664 1.09704609118 0.94064791578 0.899158524945 
1.22000057659 1.14204512186 0.801457907043 1.05376150767 0.82500387877 1.17214772321 0.594336670282 0.805235862818 1.19796291611 1.16281884323 
1.14213143477 1.05024340701 0.74870613786 1.22 0.984592402989 1.21999999219 1.14213143477 0.766296786374 0.652254427849 1.0617865826 
0.69348067198 1.22000000002 0.925692576191 1.14235927207 1.22000000002 1.13575443816 0.980008784637 0.944102431688 1.00136365924 0.969429093772 
1.03515567823 1.22000000001 0.974557441587 1.01031477242 0.781638769091 1.10881798709 0.990169723367 0.844085674147 1.14213143489 0.617248982598 
1.21999999378 0.911841243473 1.14171876557 1.10657690052 1.21999943447 1.14213071886 0.827543401467 1.05606217031 1.20291287863 1.21999999975 
1.14213001147 1.22000000035 0.999664808042 1.22000000012 1.21999999996 1.03678473165 1.01527012538 1.14559694812 0.698462636051 0.865904458334 
0.802969981063 1.19402936845 1.0871855057 0.810374503774 1.14213066703 1.05072047751 0.962483417578 0.954428110256 1.21999999974 1.14180215871 
1.03625518773 1.21999999996 1.14213143477 1.21999999997 0.870411497541 0.872798042432 0.930719296126 1.04797198857 1.22000000006 0.842964849071 
0.633216223812 1.22 0.999239174624 1.05814545573 1.22000000098 1.14212999347 1.07065141771 1.14056883495 0.961089643564 0.984151032268 
0.997016958109 0.880276335903 1.21999999866 1.14212696619 1.00021553064 0.983983035601 1.22000016344 1.22000000641 1.21999999967 0.989043888482 
0.719475865103 1.22000003798 1.14049607542 1.22000088015 0.822400650063 1.14212959991 1.00741351078 1.21999999938 1.18472464022 1.22000018591 
1.22000001585 1.22000000002 0.883664860011 0.965495515384 0.638462585869 0.826752615621 1.14211292783 1.21999987769 1.14213139677 1.06079802415 
1.14109582571 1.02740411997 1.22000001137 1.22000003236 0.904148808176 1.22000000102 1.14213143477 0.891977625862 1.15616988788 0.885325558622 
1.20983889518 0.947463093597 1.21999998527 1.22000045781 1.13863145009 0.876065749091 0.803529691102 1.14213143477 1.09482168444 0.633095204026 
1.21999999946 1.22000000032 1.14141575384 0.950777495647 0.950841039327 0.902903511426 0.891223999121 1.03742423327 1.02166134233 1.14213174713 
1.10308676394 0.867165435172 1.03175648085 1.01942729113 1.0435634439 0.940564658866 0.884910472244 0.989040213845 0.923455801916 1.14243506006 
0.854534747536 1.1425649806 0.751825669594 1.14211292716 1.22 0.926696385321 1.07446778162 1.14084788407 1.21999999987 1.08540399293 
1.04355925965 1.1479353093 1.14301042635 0.92965784327 0.970018334264 0.973283055901 1.21999999987 1.08196135596 1.22000000958 0.835096714106 
0.98287172081 1.01019245 1.16519152043 1.02933284735 0.819057228871 1.14213186932 1.21999999998 1.1324914139 0.529576305584 0.976198091013 
0.974134327113 0.924336599239 1.01049132418 1.21999997249 1.09763163787 1.00417301585 0.971378105162 0.895091141401 1.14213143477 1.22000000856 
0.689894012088 1.06553859163 1.14205126702 1.03185713158 0.68776639687 1.14217234295 0.580770699184 1.00545936087 1.22000000012 1.06326729029 
1.00307064541 1.21999961262 1.13991286179 1.22000252202 1.14213119797 0.813542076052 1.21999651302 1.00425956886 1.11312194347 0.800455286698 
1.22000000002 1.14213094956 0.717168194852 1.14186342975 1.05813951034 1.2199999998 1.22000000006 1.2199999989 0.98437419474 0.850079500267 
0.744517843853 0.997714262132 1.01151206577 1.14213143477 1.2199999982 1.0726298391 1.22000000346 1.21999999804 1.14308492493 0.687120990086 
0.999503730119 0.592488721955 1.07180287012 1.07048444674 1.21999999998 1.14210645032 0.718481645845 0.72505823634 1.03723884067 1.14228429438 
1.2199999953 1.21999999994 1.14213047888 1.21999999997 0.871201972186 0.962244570334 0.587909369701 1.21999999771 1.22 1.08219364413 
1.14213143477 0.776017535784 1.16293597966 0.805829812833 0.909901327359 1.22 1.06706652236 1.07583519897 0.83985451473 1.15429972577 
1.14211292716 1.11732206695 1.21999999984 0.830890369702 0.698589572604 0.982543332522 1.14203048878 1.18548721868 1.01263213541 1.22000007712 
0.637871831677 1.22000000002 1.14213150221 1.21999999979 1.22000000011 1.01820216128 1.21999999337 0.822220680684 1.22000000035 0.985401696987 
1.14213134043 1.02049162297 0.991791443013 0.954640595464 0.982017285273 1.2200000091 0.882201104939 1.10604511671 1.21992803285 0.615838703279 
1.07502525107 0.951311995923 0.996884487223 1.14212869887 0.996367576335 1.2200000397 1.06691531597 1.09564979864 1.03601661745 1.03327758907 
0.935220284094 0.697923557728 1.21999999994 1.12045737756 0.872813463794 1.2200000001 1.21999999668 1.14212875189 1.22000000011 1.1164232892 
1.2200000006 1.21999999945 1.14213143518 0.6362004845 1.22000000216 0.99680135946 1.09885121391 1.14213071168 1.20191192185 1.13967449465 
1.21999999999 1.14213143477 0.869519790219 1.22000000172 0.722077174319 1.13756942326 1.22000000403 0.776933022713 1.04172755539 1.03025142871 
1.14213143477 1.06977261424 1.02536384745 0.969873229127 1.21999999947 1.22000000037 1.10667281406 1.03673968282 0.746806605554 1.14197040426 
1.14087617419 1.22000331164 1.02960257181 0.738262426043 0.862344161137 0.855520689775 0.967035432595 1.21999999976 1.01444328491 1.22000001795 
0.638044259134 1.21999999285 1.14785849299 1.14212878111 1.2199999016 1.21999999859 0.961561838968 0.617916120685 0.955712419592 1.22 
1.14213143477 0.971276594565 1.21999999997 0.920845137466 0.921086500802 1.07450546025 0.999163679044 1.21999999989 1.14211174447 0.744481175006 
0.908180815152 1.08552875637 0.804032119693 0.972852275862 1.0488936068 1.14213143477 0.987623704329 1.14213143477 0.742212074652 0.73865690056 
1.12825562519 1.21999999987 1.07435405753 1.22000000001 1.04606814501 1.00348416375 1.14213151942 0.975717335769 0.84785806282 0.90256008953 
1.22000000004 0.913578425019 1.05904310086 0.903799409689 0.993480476172 1.21999999994 1.14213147318 1.02452112703 1.08345299628 1.21999999995 
0.871142140602 1.05620689013 1.09138723974 0.892490158513 0.8982032086 0.739754527109 1.14213143477 1.11362610011 0.96282098713 1.14213143477 
0.8499441565 1.00853887759 0.994737081624 0.989632569931 1.22000030499 1.21999943988 1.21999989938 1.22000102495 1.1342590962 1.14213130391 
1.21999998585 1.14213143477 1.09791866527 1.01041664503 0.924139104559 0.894941500174 0.975346878738 0.971236901412 1.21999998387 1.00391077129 
1.10172812713 0.636265201253 1.05186230926 1.19599871805 1.14213143477 1.22000005327 1.22000002474 0.879607432859 0.978941397221 0.98614569411 
0.98093099049 1.21999996561 0.85603796599 1.03864883513 1.14213143947 1.14213143461 0.580491341972 1.05748737063 0.889684794213 1.21999999994 
1.13753339856 1.21110268645 1.1304591123 1.22000053732 1.14177894612 1.08178081344 1.14213032671 1.01444447901 1.05048878433 0.983193184992 
1.14213132132 1.2199999994 1.22000000062 1.01598225062 0.724722443062 1.22000000015 1.05531509991 1.22000000021 1.14134778043 0.947105114757 
0.920578854848 1.1425020756 1.00930027356 0.962234241788 1.01304495229 0.997526636131 0.773458799008 1.2199999957 0.64167934935 1.09123164128 
0.982712093848 0.911574490589 1.21999999508 0.843541448723 1.21999999347 1.2199999998 1.14066701485 1.14213143477 1.02505153016 0.875390055575 
0.890557279773 1.12164440807 1.01703905332 1.18322196894 1.14247640317 0.900636578458 1.14211600608 1.01446069786 0.954505757044 1.08067465884 
1.18370753114 1.14213143482 1.21999999993 1.20736119336 1.00458789442 0.905405424498 0.980439662203 0.63260708189 1.22 1.16049042887 
0.894645901684 1.21999950089 1.12730211322 1.00033827519 1.09418301257 1.00073462579 1.14213073701 0.950871597146 1.22000000016 1.21999999874 
1.07336141892 0.871955910679 0.996236516852 1.22 1.22 1.17048770244 0.822234218226 0.984311765703 1.21028077139 1.14212998701 
0.913516684474 0.972532750297 1.14213165361 1.05140641241 0.94753200619 0.963594547751 1.14681486076 1.14203502093 1.15339370221 1.06356910097 
0.966415100365 1.11797408964 1.14256995613 0.97907368037 1.11970164368 1.13120391463 1.01908523247 1.02431240876 1.0186115777 0.945972932705 
0.969619016895 1.22000000057 1.14213085489 0.978621002718 0.615938804325 0.993363721509 1.20657964794 1.21999997219 0.982687383262 1.22000000086 
1.21999999975 1.21999999999 1.14211292708 1.22 1.21999999998 1.10074517841 0.902671126047 0.933872762884 1.22000000456 1.22000000266 
0.725198717343 1.14224798677 1.22000000002 0.995157894031 0.992421478089 1.21999999999 0.977449808252 1.01372459922 1.20247672448 0.976123393023 
1.21999998528 1.14113876982 1.14025698616 0.878943666438 0.973476359204 1.14119169597 0.993920751042 1.06110435712 1.22000000009 0.85097280926 
1.06785186792 0.740089059522 0.944549527149 1.0576541515 0.829487142895 1.17585397963 1.17102455677 1.02362959772 1.13836935567 1.14137763634 
1.0267286926 0.894266662135 0.987354020199 1.22000018658 1.22000000046 1.04740610815 0.88165405014 1.21999995788 1.1421199808 1.21999999929 
1.00072447724 1.09415443402 1.21999999971 1.22000000028 1.21999994046 0.950983454349 1.12762729459 0.894697591553 1.14213073698 1.00031386578 
0.771510891539 1.06853830929 1.22 1.14213136167 1.21999999971 0.543701226735 1.14211292716 0.891889333272 1.06164735557 1.21999999999 
1.0502588874 0.623492789426 0.901177380285 1.22000004728 1.14407912383 0.882279356068 0.884828406065 1.14213143476 0.919673187858 1.01672985048 
1.09231396178 0.98463404392 0.935297060399 1.14211292714 0.780223619552 1.21999999739 0.852516592892 1.21999999854 1.21999999999 1.22000010332 
0.592987285112 1.22000000004 0.876906669724 1.22 1.1421314353 1.1586294783 1.04568361892 1.21999999999 0.973650994871 0.88926334333 
0.99763726087 0.972758910759 0.76515244943 1.05431567062 1.01505295708 1.21999999962 0.984151209597 1.14258321339 0.957975314866 0.822565692182 
0.995178004128 0.995466211711 0.98641288576 1.14213143745 1.1860255567 1.21999999622 0.886301655367 0.714021958835 1.0867491989 1.21999999968 
1.2200000047 0.936931715752 0.985433047011 0.92719507251 1.14238801623 1.08376482478 1.02635870942 1.21999999983 1.17894981834 0.721434094105 
1.21999998466 1.02894947716 0.845860758371 1.14213159597 0.964031614756 1.21999999951 0.620800584281 0.90625283244 1.19198647669 0.873156910777 
1.19351664863 1.14080812876 0.99191490084 1.2200000026 0.951593290653 0.947994001647 0.892579689091 1.01709272867 1.22000000573 1.14213160194 
1.02969732422 0.682706664182 1.21999999999 0.921261974595 0.989032088793 1.2200000127 1.14261500532 0.612390022261 0.990194918521 1.21394951181 
0.649911086709 1.21999981978 0.967576496825 1.13705338274 1.01367774489 1.1623960996 1.22000000372 0.954976043066 0.647381775523 1.21999983746 
1.22000001472 0.695540399318 1.21999999992 0.977727114974 0.88536174773 0.747009026344 1.22000000004 1.22000018899 1.14211292686 0.906642151671 
1.0993654912 0.791572133295 0.934805990274 0.964547636683 1.21999998187 0.988267769066 1.04777360696 0.837926797517 1.14242405888 1.09785366004 
1.22 1.14211292716 1.14223839464 1.08238048676 1.08535685531 0.841954411211 0.752840914924 1.21999999997 0.873147340672 1.07938785883 
1.14090991191 1.00076229748 1.21999999422 1.14213143488 1.07194923074 1.00374490233 0.764251276153 0.999263788508 1.22000008603 0.880916200587 
1.14236618633 0.970260908499 1.21999999996 1.2200000001 1.21999999999 1.21999999997 0.997705883319 1.11721221838 1.01524050187 1.21999999996 
1.13064216017 0.9737741835 1.21999997548 1.0100547694 0.955759334542 0.868160138085 1.14232125714 0.992179488124 1.13612597122 1.21999996009 
1.14213143477 0.971961286441 1.0433926887 0.960910904177 1.21999999997 1.13699571063 1.03534832056 0.982278882577 0.9394300215 1.14158673121 
0.928214524469 1.14213143477 1.21999998368 0.747188513649 1.21999991446 0.940581358221 1.08930052699 1.22000003059 0.824888145157 0.861866338859 
0.728633027334 0.638371499095 0.882183023104 1.14131710127 1.03388368313 1.21999999978 1.21999999977 0.992317170849 0.979362653526 1.01146813424 
0.948285985427 0.980306089903 1.13796672871 1.00781689821 1.2000487773 1.22 1.03868725778 0.973778564655 1.14213143478 1.13167268403 
1.21999999779 1.00191426524 1.21999998811 1.00414132427 1.21999999986 1.21999999998 0.813111706045 0.918078975283 1.14213143477 1.02121844304 
1.2169269852 0.964667603293 1.1502944525 0.787394837045 1.14213143505 1.20948563051 0.545529029376 1.00973484355 0.912450140868 0.999157188484 
0.942125668663 1.14262606498 0.981142784143 1.08039075251 0.99170107811 1.22000000011 1.21999998952 1.21472287764 0.985582372735 1.02004140256 
0.897619646644 1.21999999996 1.22000000604 0.956181512809 1.14211981603 1.22000048102 1.05202951748 0.872504814729 0.936803152583 1.21999999985 
0.590974301505 1.05030272681 0.981687174733 0.868205807887 0.779552434747 1.14213143477 1.14213144287 0.752892196415 0.912641002165 1.22000000003 
0.884663076659 0.925239248325 1.14211292718 1.22000000008 1.13667794139 1.13963886784 0.971758433453 0.946812928538 1.21437659637 1.00359513507 
1.22000000009 0.750195433352 0.962437766967 1.14222445466 1.09163441459 0.894844153067 1.22000000001 1.22000000037 0.965724539012 1.00115271985 
1.22000000001 1.22000000309 1.04645120611 0.865496646709 1.01709670056 0.692824331984 1.11605351492 1.21999999999 1.14211292735 0.97250485746 
0.954376550202 1.14207712938 0.989429847602 1.00935483986 1.1572400439 1.2200000003 1.21999997807 1.14212963651 1.04255018144 1.05451056096 
1.21999998464 1.10182971019 0.986642148448 0.840556899057 1.16787000094 0.943068842376 0.896549408056 0.916836477996 1.22000000015 1.14244664671 
0.96059724396 0.897950209955 0.657503655015 0.975142450711 0.952206617921 1.01277537405 0.81126000371 1.14247448335 1.14213013082 1.1848312718 
1.21999999927 1.14243878237 0.96771367967 1.01320536924 0.941423087306 1.14211594635 1.07546742914 1.21999978727 0.909938817806 1.16619245369 
1.21999998926 0.916704308914 1.22000000025 1.05581844612 0.832282629548 1.14162390136 0.920239083328 0.952283258662 1.14213143477 0.855715219623 
0.900940285199 1.22000000003 1.14100127825 1.14213143477 1.10698384245 0.914168568145 1.22000000002 1.22 1.10270249897 1.0313134712 
1.04854787926 1.0563177407 1.14211224368 1.164535129 0.880024935269 1.22000000001 1.14213143477 0.877956780621 1.22 1.22 
1.05138945507 1.21999987351 1.14213143476 0.95245213823 1.03059284575 0.985763585559 1.05491094715 1.22000000173 1.21999999862 1.07404713519 
0.959974128732 0.625153494141 1.01865215903 1.1421314163 1.21999875223 0.890136969516 1.2199990764 1.14213149263 1.22000047699 0.981253268555 
0.719000257685 1.16713398116 0.933550795807 1.22 1.01853343677 1.06241400651 0.879926911012 1.13984508401 1.14213143478 0.85968811896 
1.2200000022 1.00469733333 0.953140285897 0.882284830556 0.837427365307 1.08312367304 1.21999999982 1.14213143477 1.21999999982 0.983669934876 
1.13883638457 1.17721023781 1.14243778744 0.715738742397 1.01347316135 1.07879314358 1.21999999158 1.14213143477 1.0127398177 0.941476755617 
0.937430419385 0.87301017145 0.980784947059 1.12701248643 0.962521189626 1.21999999918 1.00229735196 1.22000000003 1.14213143477 1.01469670896 
0.908239981468 1.14211292712 0.904959603075 1.19722390242 1.08636200978 0.978939753633 1.22 1.17242568739 1.00073382288 1.21999999998 
1.17442436271 1.21690771568 1.14955632017 0.97929496266 1.00153984784 0.65790036295 1.14213143498 1.22 0.642819770863 0.965220052153 
1.21999999997 0.924447885303 1.13701885363 1.22000000018 0.994235513634 0.778625216814 0.784609257421 1.14213143349 1.00854870924 1.22000000019 
0.672528606384 1.14213143477 1.05367359842 0.958592411503 0.986075095577 1.07299953899 1.14213153077 1.06734012305 0.802353151959 0.939526064921 
1.13527524867 0.805461684316 1.04669300894 1.22000000336 0.843789626036 1.14213143477 1.21999999865 1.22000000021 1.21999999836 0.884011258619 
1.21999996055 1.07969788418 0.989140381725 1.22000024423 0.993844455475 0.808874951776 1.18118528494 1.14213104316 1.21999978282 1.21999999567 
1.2199999996 1.19742331609 1.21990499588 0.72304404994 0.986166186079 1.14056157599 1.01920454801 1.14190438002 1.22000000072 1.08221079024 
0.649871276362 1.22000000006 1.14212091587 0.88993462985 0.975371899257 1.21999999826 1.21999999987 1.05205011697 1.22000000193 0.987011308807 
0.972975244032 0.857210788473 1.10706645793 0.999991019997 0.84337703059 0.862780967142 0.668178298589 1.1710518351 1.14213143572 1.22 
1.14213143477 0.959195579058 0.986627229372 0.961904128727 0.68734822068 1.08126102295 0.747421280815 1.12694451968 1.21999986216 1.14213143477 
1.22000000063 1.03336269325 1.12942195518 0.804444806138 1.13057856165 1.14213182043 0.977645299051 1.21999956157 0.529729814601 0.979948908755 
1.02592205966 1.22000000011 1.22000001571 0.896259527901 1.02161967182 1.14110799146 1.21999995772 0.904945340673 1.22000000831 0.747357721676 
0.641843913743 1.14213037728 1.13458354495 1.22000000181 0.991122788646 1.21999999978 0.576142803706 0.876037856968 1.0135497184 1.14930804996 
0.983557112749 0.86172317467 0.849587309443 0.665881583557 1.17284589249 1.05518751842 1.14207233386 1.14794363145 1.20489823245 1.22000013945 
1.21999992219 1.04232182776 1.21999999934 0.986093650084 1.14213145452 1.21999893174 1.1419419906 0.767504210302 1.22000009596 0.746765473505 
0.940015067888 1.22000004554 1.01399074256 1.00469824954 1.21999948423 1.21999997989 1.05573353098 0.942304345209 1.14213146687 1.21999999675 
1.00471012588 0.632864215702 1.22000001134 1.14213143476 1.22000000721 0.889644134853 1.00586953583 1.03431350821 1.21999119401 1.00410441028 
0.956334328088 1.21117018888 0.995868835193 1.06281240693 0.855850500024 1.14328900377 1.14183384901 1.21999884627 1.14224294955 1.0349096411 
1.16821096716 1.13725157876 0.9657667781 0.958033685429 0.792071440998 1.1421314355 0.728908272832 1.00131365254 0.856543939104 1.10074920473 
0.93453627628 1.14254606741 0.807268181388 0.865143609326 0.972995504467 1.21089118523 1.058859636 1.12293482925 0.9936975034 0.85699596318 
1.22000000001 0.917487369282 1.14212906252 0.987593601431 0.854036588767 1.0067367251 1.21999999996 1.12130021054 1.22 0.982818631367 
0.911052183123 0.794535894352 1.14239244934 1.21999999993 0.98630179542 0.953214973749 0.775339112524 0.929269415474 0.998763748998 1.08804073801 
1.14235684612 1.06450908461 0.978756532631 1.17674004796 1.01556205328 1.18157289633 1.1374024013 0.966823260882 0.655040501481 1.21808418738 
0.828297663366 1.21999999967 1.2199999834 0.725541478338 1.03601041273 1.14247570947 1.21999999801 1.01283552113 0.674698111154 1.14213143477 
1.22000000019 1.00231689124 1.17722205688 0.995274037439 1.14213021977 0.959364925105 0.935307593283 0.98937406703 0.808273805639 1.21999957492 
1.09563144593 0.829349897729 1.01506424856 1.00616374701 1.12768635299 1.14202876253 1.14213143477 0.995246837096 0.968805428595 1.21999895292 
1.19229948157 1.02491443889 1.14191630439 1.04066230237 1.01661658427 1.21999999995 1.00345585612 1.21999999746 1.00288811166 0.909314164434 
1.22000001025 1.22000000679 1.05834316855 1.04788797897 1.15256940487 0.978734843186 0.816101239004 0.993871297378 1.14212985536 1.04184519932 
1.1421315373 1.03899607146 0.926242703179 0.680886008166 1.0592029697 0.989589435901 0.994113007299 1.07539278868 0.715050833111 1.14213143477 
1.14192090568 1.22000000051 0.862128627467 0.709798074219 0.938603655123 1.02973431394 1.14213143477 0.96911227297 1.06296059053 1.07803473898 
1.14212908927 1.13922221249 1.22000000129 1.22 1.22000000299 1.22000003016 1.0123056659 0.835219122593 0.970777099517 0.939211126514 
0.965116356956 1.2199999945 0.847902318697 1.14213105382 0.89720840591 1.14230580569 1.21999997119 0.843736823584 1.12222945521 1.22000000459 
1.21765668842 0.935844656663 1.14136398038 1.07021860397 1.18973240686 0.927270836972 1.13994327671 1.02263151774 1.04759182049 0.953375320146 
1.02767927825 0.909921686937 1.14238256121 0.887222894382 0.938653072615 1.14192188558 1.22000000041 0.916378573572 0.83659543722 1.2199999999 
1.21999973972 0.945535973849 1.22000000028 1.1421709998 1.21999999686 1.21999956493 1.07709102822 0.808153275311 1.20395348109 1.22000026285 
1.22 0.65223206662 1.10862789197 1.05464999891 1.14211665766 1.22000000006 0.996131007062 1.18986855966 1.14217254507 1.11062791321 
1.14213143477 0.985959624384 1.21999999997 1.10931467242 1.22000000004 0.90423654554 1.22000000005 0.835423728323 1.02620159314 0.635706589513 
0.885083288779 0.970318546427 1.21999999511 1.21999996757 0.760206497193 1.14233607015 0.609314770496 1.14210726537 0.973676793911 0.630349556474 
1.22000009507 1.22000011815 0.738838911541 1.19538252185 1.22000002998 1.07565140316 1.14074196712 1.01258539454 0.998669533053 1.14213143477 
0.967677849166 0.960676993336 1.17738348904 1.21999999609 0.99963139838 0.858105677813 1.10696141277 0.827455101837 1.15777212419 1.13536957192 
1.19338562952 1.11658876375 0.995856319511 1.00742937636 0.650388309756 0.830694877758 1.14212723194 0.822899437934 1.01163623278 1.14213143477 
1.09768241218 1.21999999963 1.14225108376 0.998746486295 1.22000000004 0.965075674542 0.919973749532 1.08200087247 1.14348488108 0.981732096948 
1.12789142658 0.788722070686 0.937685816866 0.830130466108 0.803390563621 0.954223525063 1.14246317647 1.01339270971 0.94565552284 1.22 
0.8299861273 1.22000000003 1.22 1.14246714115 0.955504503279 0.952482322967 0.944405171298 1.00359996406 0.791277160447 0.618878396631 
1.2200000008 1.14207020003 1.05004519829 0.995175904693 0.973929452865 1.21999957336 1.22000001264 1.14523557806 1.06648432189 1.01297230864 
0.760250963984 1.14213441715 1.17806722047 1.22000004195 1.14213143477 1.05349077363 1.00160066003 1.21999999837 1.19213408112 0.961293945832 
0.610039535157 1.03917129984 0.91000450564 1.21999999667 1.22000011491 0.754585799522 0.973451791474 1.14213143239 0.80502889714 1.22000613247 
0.961107378033 1.22 1.00105236129 1.14212495813 1.21999999988 1.22000000139 0.733178321651 0.920123424102 1.06639288834 1.21999999882 
1.22000016736 0.914655261158 1.21999980144 0.661471669744 1.21999873881 1.21999996034 0.998000531409 1.01718403087 1.14213117827 1.21999976873 
1.00031391095 1.21999999101 0.95104684759 1.12752073195 1.21999999999 1.14213073642 0.894687851347 1.09418034564 1.00072257988 1.22000000002 
0.576877228429 1.21999999979 1.21999999964 1.14241539898 1.00419967345 1.14262119479 1.15663362739 0.961925217265 0.981063198876 0.982976368706 
0.815416472404 0.65002574037 1.21999974298 0.994902096079 0.999971602398 1.19722000123 1.14212814643 1.14213143477 1.06551606766 1.01721606874 
1.21999999992 1.14099449001 1.22000000033 1.14780293615 1.22000000019 1.08468884191 1.14213077812 0.935624939473 1.22000000001 1.02872399154 
1.2200000006 0.976355661102 0.996899507369 1.04499812057 1.02399176157 1.14212865881 0.975451448101 1.06516700864 1.13262299862 1.09886058125 
0.917522705136 1.14213143476 1.21999324553 0.774387331444 1.14213143477 1.10450742808 0.68374676049 1.12012350003 1.07002142534 0.7964585779 
1.01939439697 0.940691758902 0.914324508387 0.987864552745 1.21999999997 1.14212942267 0.966222925741 0.947354590636 1.14114909684 0.918909825764 
0.829115338513 1.11728979059 0.782380398129 1.21999999999 1.04999027481 0.9785355783 0.977819559302 0.836500354665 1.14213168195 1.21999999953 
1.21999891993 1.14106173018 0.990794063047 1.22000000009 0.946179215565 1.14213145777 0.970587230984 1.01764696153 1.16395739162 0.954309611903 
1.1407082944 1.07189127002 1.00070737013 1.00369448461 1.14213143488 1.2200000116 1.21999999959 0.999401421682 0.880966359789 0.764275705236 
0.967501481347 1.22000037655 1.22000007318 1.21999987361 1.14211292719 0.999172294788 1.21999999992 0.922471912377 0.894645615108 0.977929109424 
1.14213143477 0.999568609345 1.03895626029 1.1671907984 1.1421186636 0.900665991468 1.22000029173 1.18569975792 1.21999697313 0.659803891315 
0.637523927551 1.13280228999 0.83117976159 1.01360747387 0.929457076283 1.00386555725 1.21999841238 1.14213143501 1.22000003003 1.22000052204 
1.14120301412 0.727575047967 1.06055651595 0.945994135436 1.22000000015 1.03172317469 0.837211501794 0.945483140376 1.22000000006 0.938868190135 
0.744216141493 1.22000002093 1.14244347841 0.530363787257 1.02704431325 0.86666847309 1.21999994972 1.21999996516 1.22000000012 1.14211292716 
1.22000000003 1.14123307466 0.815488886896 1.02776441968 1.14212343961 1.2050643242 0.855566452102 1.22000000349 0.945656788276 0.877767978158 
1.1419088673 0.885434335373 1.14213143477 0.812784878719 0.974182286709 1.22000004151 0.939463573874 0.992198301137 1.13595748387 1.0634315421 
0.953645944982 1.14213085344 0.936855358186 0.699792184637 1.22 1.0755553748 0.757770613776 1.21999999999 1.04647359818 1.14198637547 
1.06657310803 1.11981962469 0.919104494054 1.21999999996 0.686858949514 1.14213143477 0.755607086212 1.14213143475 0.79542911186 1.18427200201 
1.14211435965 0.99951953233 1.2200000158 0.992096076296 0.832697565447 1.21999998141 1.14085878767 1.2199995152 1.22000024714 1.21999999981 
0.991333482859 1.13134545571 1.14211702586 0.98954804347 0.915882645963 1.21104279331 1.0807439355 1.22000000081 1.22000002378 0.892313460656 
0.872067212385 1.07917558229 1.14213143957 0.907263511197 1.22 1.04529605576 0.794073483771 0.965375053094 0.898047270262 1.0278256411 
1.21999999999 0.999267687157 0.965710392164 1.0505765533 1.14213204109 1.03505440055 0.950492552596 1.13894665612 0.822791267878 0.964129974722 
0.924781090144 1.14137583394 0.848649814484 1.19236965031 1.0716022826 1.01047542914 1.02165910442 1.07167755423 0.96307427769 1.14007087046 
1.14213130892 1.21999999372 1.03543068121 1.22000000002 0.918870426409 1.00237686285 0.980273765088 0.999094371032 1.21999999896 1.22000000014 
1.22000024141 0.984711980899 0.848407988143 1.20297149385 1.21999980693 1.22000000212 1.14213141159 1.14213143559 1.22000001196 0.964665424956 
1.21999999991 1.14224720737 0.970085926096 0.637732261274 0.989851599328 1.22000000002 0.565529593011 1.21999999964 0.799990433669 1.14213131413 
1.03405405594 1.14090896599 0.892999396505 1.14213144865 1.2199999973 1.13548312037 1.08321963176 0.888582993772 0.861844693443 0.98667464262 
1.13457210087 1.14213143476 0.790517515319 1.14213143477 1.22000002145 1.0688756213 0.886717253598 0.667170694167 1.21999964369 1.17593987109 
1.14213143477 0.608425189278 1.21999999926 0.592398135213 1.22000000001 0.965244069856 1.03169521016 1.15830102196 1.21999999977 0.843930689259 
0.973597371948 0.949571881015 0.993074537934 1.2199999983 1.14213124957 1.22000000004 0.986296373077 1.22 0.975181524372 0.992195281353 
1.14205943019 1.22000010227 1.21823462668 0.78929310119 1.22000512033 1.05096688415 1.14213143477 1.13646059621 1.06524199001 0.994051300603 
1.14213271961 1.04319403322 0.865111153265 1.13965960007 0.561280231942 1.01346869742 1.00145842529 1.00289353317 1.22000000123 1.05950169523 
1.03784899115 1.02465064462 1.01585272576 1.22000000004 0.984168758735 1.06730414367 1.15862299971 1.13630994794 0.769760103197 1.09842213943 
1.14213143477 1.03890455445 0.826868292887 1.02650140385 1.21999999975 0.930314634524 0.727755418103 1.22000000161 1.07745391179 1.03251688379 
0.687919896274 1.14213143477 1.02785765876 1.07384895462 1.21999999992 1.14143905767 0.775300387004 0.984773003266 1.05560472148 0.922442251067 
1.21999499694 1.02325103241 1.14213143477 0.76129589719 0.86619030872 1.14146930484 0.989441846017 0.822680268798 1.22000000107 1.08662907272 
1.19581531213 0.983303647088 0.955764116215 0.732627220442 1.14211318074 0.922791303443 1.10068580464 0.794611166002 1.22000000076 1.22000000003 
1.21999899151 1.22000010867 1.21077459112 0.979477283867 0.826231970679 1.14262101885 0.89842421488 1.06685312634 1.14213083283 0.969997334675 
1.21999999841 1.02932852772 1.14213143233 1.17318935984 0.870004771337 1.2199999731 1.01071141181 1.01279511806 1.21999995795 0.638662912335 
0.911602531299 1.22000000013 0.875366758727 1.22000000003 1.14066794299 0.982676588243 1.14213143477 1.2199999995 0.8435400762 1.02509474475 
1.18854410606 1.14213143477 1.17861630205 0.924677604824 0.88885197143 0.684133144399 1.14213143477 1.0992883616 0.955338006561 1.22000000492 
1.08902562586 0.762784843594 1.14241158634 1.09128795848 0.929578071287 1.03871867141 1.00172175949 0.968010726486 0.986436661763 0.875489884253 
1.22000000033 1.14213154938 1.02693125368 0.664596669848 1.22000000017 1.11861543739 1.02974734052 0.595144371359 0.931313665915 1.00166989412 
1.03070757654 0.598773705061 1.22000080651 1.14256250657 0.575674687962 0.741821595676 0.956936214083 1.22000000447 0.976950358286 1.22000002101 
1.00944289149 0.95908183308 0.838725578444 1.21999999979 1.21999999783 1.14213151563 1.13861565602 1.21999999972 1.01109704375 0.943703156739 
0.958770888207 1.10966407227 0.986389366695 0.99092141851 1.21999999978 1.22000000116 0.955097475528 0.952516744019 1.05413883063 1.1421158253 
0.585956886333 1.14220583886 1.21999999983 0.703776329518 1.1898836299 1.01761766532 1.14206924334 0.701670876136 1.0630551888 1.00719427376 
1.00732639994 1.18721652651 0.832700023489 1.14213143477 0.951558013854 1.11390359264 1.14212520007 0.651144964748 1.03887580086 0.99645726318 
0.875364166316 1.17816331384 1.10067173009 0.616638893762 1.22000805567 1.14213116915 1.00279643661 0.919097408039 1.01509835961 1.21999953245 
0.825413080364 0.80850221385 1.14212962184 1.14212736547 1.12219573983 0.996064000288 1.22000072145 1.17011767022 0.777195034402 1.16378442271 
0.898974194567 0.940328431596 1.09765151605 1.04925980061 1.14212955599 1.22000002218 0.851853370466 1.1416898438 1.22000000014 0.94216764002 
0.655364382342 0.738656363474 1.22000000167 1.09729888492 0.912355502951 1.22000000004 1.14212669275 1.14215606144 0.930466619015 0.872612445311 
1.21999700026 0.954223110214 0.846413574513 1.21999996971 0.978271413824 0.730670078966 1.05764245432 1.1421309756 1.14187960921 1.22000033018 
0.992180819892 1.22000000001 1.11130185523 0.966378943715 0.88977077196 1.06751757407 1.07393703879 1.14241494301 1.17047230067 0.933980246463 
1.21999999989 1.08312913827 1.0334241427 1.13866962291 1.21818900846 0.914811830162 1.14213143478 1.00893426869 0.939102706062 1.22000000008 
1.14192204546 1.19218165567 1.11921888456 1.04132962086 1.07770449672 0.962557210887 1.21995064779 1.01149760885 0.980288718693 1.14213265806 
1.13953812387 0.897770740728 1.14352641464 1.18543780108 0.988579408499 1.07328143002 0.930233653112 1.04793437873 1.22000011024 0.988528926004 
1.05589407914 1.14211292625 1.21999970863 1.03079549472 1.08503054733 1.21999999146 1.22000825594 0.936713960627 1.14213143483 0.896255249938 
0.895414183278 0.973235903928 1.219999999 1.14195514338 1.00798734825 1.21993907037 1.02640535286 1.14214040506 1.04310491526 1.0624325218 
1.14230734431 0.960000511032 0.854792370194 1.19014370703 0.624021656282 1.22000035737 1.14145780739 0.988586393181 1.21999997802 0.859243540199 
1.14213143476 1.22000000028 1.14213143765 1.02419463511 0.787204130463 0.712177101983 1.21999999859 0.796538119313 0.713380273236 1.11958748477 
1.18239313403 1.21999999983 1.1421314348 0.994951783002 1.2200000824 0.963909617824 0.847612586735 1.00023879395 0.639976544207 1.12439450202 
0.994338527314 1.14181870851 1.05083711145 1.14213143477 0.785369388867 0.865093704397 0.933629585848 1.06430773587 1.21999999991 0.718326955528 
1.13709558864 1.21999997641 0.969489440723 1.07962303717 0.810668297651 0.956205890621 0.95848041235 1.03010233777 1.14213143479 1.00276715545 
1.00913343907 0.671384720125 0.886619542829 0.975825348816 1.22 1.10440572246 1.21999999968 1.03188335369 0.962885154566 1.14213270638 
1.14211292709 1.22 1.21175747423 1.21999999976 0.998070713199 1.22 1.21999999999 1.19602748099 0.818444770765 1.21999999969 
1.08676306578 1.09894293847 0.905638424941 1.16586215952 1.01033990464 1.08424883653 0.977768064009 0.781699555429 1.14213143761 0.712754526082 
1.21999999995 1.22000000005 1.14087604341 1.14213071674 1.21999999798 0.937239146285 1.02908418236 0.989476346323 0.962172113247 0.79851248172 
1.22 1.14213146935 1.06548514259 0.941278427242 1.21739020952 1.03541829774 1.14213143476 0.86578526542 0.818793237706 1.21999999999 
1.22000001043 0.972277401174 1.21999998861 0.861355921798 1.14143766514 0.810699559045 0.993645014628 1.21694643489 1.03537501526 0.891826814799 
1.12777047099 1.22000006854 1.21999996632 1.14213143477 0.909258624572 1.14213109878 1.22000001767 0.986663749111 1.21999996015 1.21999999721 
1.21282262612 1.14213145137 1.21999999813 1.21237886459 0.841849217877 1.21999993552 0.722190624675 1.02033329224 0.96269091574 0.998226849002 
1.21999996143 1.22000000033 1.06500106847 1.14213147176 1.21999999883 0.895133908267 1.11095878145 1.21999999964 0.992776218141 0.97613994066 
1.21999999687 1.10114878592 1.02222964538 0.970835033925 0.959600353567 1.00383525778 0.81054997912 1.14213143479 0.972101735419 1.13671111679 
1.22000002495 1.14212952811 1.07607148181 0.947190299624 0.989313497418 1.06660466314 0.991833299927 1.21999999998 1.0727079524 1.18059626878 
1.09175199269 1.07544866797 0.984998755403 0.784986333088 0.855910348137 1.14248767284 0.863566857066 1.11814226108 1.11176096484 0.956860104386 
1.21999999981 0.983153631572 1.02605639402 0.988297279062 1.0138091087 1.13908207364 1.14213143478 1.04407387792 0.864262620082 1.00241157581 
0.82223891667 1.17046752315 0.984311790024 1.21028351254 0.871955606447 1.14212998701 1.21999999999 1.07336125984 1.22 0.996236575229 
1.14213143499 1.00359132656 0.834027590429 1.22000000036 0.637622011558 1.21999999501 0.929525239162 1.13393522438 1.01340846137 1.22000001264 
1.22000000039 1.22000002547 1.00556580448 1.00349735682 1.07374589464 0.90620887339 0.90994602679 0.634763841831 1.13020392318 1.14213143502 
0.946802057171 1.07416997478 1.08959123556 1.14187411851 1.09668260298 0.977557642962 1.14245717381 0.95862402101 0.876871507585 0.986738272758 
0.95631317076 1.21999999867 0.99434519585 1.14212966979 1.22000000247 1.01582335872 1.07446857683 0.909214051125 0.869782128836 1.21999999963 
1.05739709934 1.22000012781 0.609813766767 1.21999997391 1.189942386 1.09440976203 0.974605896235 0.863715045594 1.14213682305 0.762766291374 
0.643373149951 1.04262139271 1.01083966003 0.726895850351 0.991375640547 1.22000000214 1.21999998821 1.14212985573 1.22000000001 1.14855126179 
0.860711410292 1.14212886938 0.617678936066 1.22000000004 0.979062903784 1.21999999967 0.995064366142 1.22000000002 1.04566020816 1.03262530183 
0.991739782766 1.07995885519 0.98998617627 1.14366179402 1.07838474992 0.864005392891 1.11673664709 0.996398769863 0.623880445585 0.604142980436 
0.995424984093 1.14212869552 0.820522928408 0.953312893956 1.09390474105 0.997411224363 1.03657285518 0.996696493105 0.732353418437 1.22000016503 
0.765255037057 1.14341251641 1.01886050822 0.944161725868 1.22000006481 0.99798206703 1.22000015894 1.14213143478 1.0444523629 1.21521210345 
1.14238794155 0.927162214365 0.985463618931 1.21999998785 1.22000000034 0.721451531846 0.936901949808 1.02637729001 1.08375408294 1.17892166247 
1.14213143477 1.14213148084 1.06697752096 1.22000052409 0.999438998365 0.74761683425 1.22000260879 0.960319599014 0.833795992317 1.22000016812 
1.21999801945 0.828075395927 0.994995965409 0.975160475054 0.946443245634 1.2199999639 0.947359198517 1.14213143689 1.0104962211 1.21999998694 
0.843205264113 0.804682224257 0.88349281558 1.13649239949 1.21999956733 1.14213143477 1.22000221458 1.21999996992 1.04661455724 1.2199999661 
1.21999877728 0.842539434521 0.936477507876 0.757770872544 0.910688552117 0.984373214602 1.14995897841 1.2200001908 1.14213151361 1.17378118051 
0.932244981969 0.961177962529 1.22000001086 1.05044716662 1.14204701025 0.803851493473 1.21999984151 0.672967036613 1.21999992587 1.14875798745 
1.02839924334 1.05568079037 1.22000034545 0.936273819768 1.22000226096 1.21999999559 1.08508221413 1.14213143483 0.897015929504 1.14211292626 
1.22000000119 0.942146061217 0.874198331894 1.01742236543 0.937933430871 0.93842507602 1.14212965402 1.21999999997 0.951725360398 1.13965849898 
1.21999998972 0.798510629944 0.937241451453 1.21999999646 1.02908534915 1.22000000009 1.14087632872 0.989493179965 1.14213071728 0.962159662803 
0.875586523123 1.14213116934 1.01507718327 1.2199996809 1.17814561144 1.00286420247 0.616777554849 1.22000017024 1.10093844128 0.91916164293 
1.00966078849 1.22000000602 1.22000000011 0.79764211008 1.14212441013 1.22000000003 1.21999998301 1.22000000975 1.14201655537 1.02149463119 
1.1902517951 0.61746685095 0.997187280729 1.01347218011 0.975464225003 0.901189492031 1.14213134628 1.21999999467 0.911525653518 1.21999996803 
1.13537474601 1.07144647897 1.2125812118 1.14230152012 1.22000003437 1.21999999156 0.992607532377 1.1421308661 1.0171818186 1.03297839921 
1.18008466235 1.14212968535 1.01181496979 1.21999999997 0.958431007342 1.22000000005 0.946768675658 0.951104699273 1.14247117665 0.67527574503 
0.897817425901 0.930288061364 1.04794105761 1.07327761813 1.22000000001 1.18547834555 1.14352632111 0.98855636965 1.13955766536 0.988534961636 
1.21999999516 1.14212413259 1.04412507452 0.707411653236 1.21999999983 1.21999982801 1.21999990023 1.2200000025 1.19268242295 1.21999999576 
0.931290507418 1.00118291098 1.22000045165 1.21999999953 1.08555231775 0.984489828777 1.14213033047 1.00505739741 0.987871317586 1.05850752244 
1.08534360944 1.14213143488 1.14213143476 1.22000004747 0.897800031751 0.982668635949 0.919479039125 0.974852690677 1.09656543466 0.887592253256 
1.21999999403 0.976829865671 1.22000004384 0.847521807722 1.22 1.22000043186 1.14211292717 1.10442413912 0.765577525155 1.22000000023 
1.22000000037 1.00225028118 1.21999966623 1.07838789951 0.972146646971 1.21999983516 0.966421587287 1.22000013263 1.1425332872 0.908077049118 
0.812201806774 1.22 0.639993575492 0.934828811415 1.22000000001 1.22 1.22 1.01815862905 1.14213144509 0.996820742458 
1.0996313179 0.934754688574 0.988385854373 1.0462911082 0.839617499165 0.961795393064 1.21999993923 0.791991426901 1.09825979257 1.14242370391 
0.977743115289 0.923265541506 1.21999950998 0.953746378593 0.958887491336 1.22000188661 0.892978940953 1.1216268466 0.889299921918 1.14213083659 
1.21999997896 1.21999999432 0.993608611917 1.12466156611 1.14213116274 0.94622738648 1.2200000001 1.03362716557 1.14213143477 0.611584504554 
1.10308231646 1.21999999997 0.8025211626 0.950323707337 1.02228169106 1.14213024504 1.14935980544 1.21999999986 1.1402125943 0.988909831181 
1.14213074291 1.11567700615 0.894780097191 0.947222836214 1.21999999996 1.22000000011 1.21999999684 1.09435737806 1.00117136533 1.00075191686 
1.14212932079 0.589619396564 1.15888649005 1.11287351861 0.990686336832 0.761420658429 1.14252258248 1.21999999803 0.999150121553 0.966890438815 
0.894537606453 1.14522104516 0.860177975396 1.21999999997 1.14213143477 1.0646149237 0.959474832547 0.901946957839 1.09842934225 0.891736517377 
0.835867951909 1.17785227193 1.06529583855 1.18566413914 1.16979489179 1.14142186356 0.911257636016 1.13913639549 1.02485687886 1.16751566592 
0.904819181789 0.999826633582 1.22000000969 1.0968853473 1.14211310371 0.678370552327 1.21999944378 1.22000000083 1.21999999854 1.10880025308 
0.827667025795 1.14183757312 1.20323690172 1.2199107005 1.06551686022 0.994533302354 1.14213143477 0.950618681791 0.930460611903 0.986885513304 
0.999793067248 0.974020350758 0.75732173631 1.22001510398 0.992681303073 1.22000230242 0.880758835393 1.14871332456 0.843864277492 1.14226672406 
1.13773585596 1.08764129939 1.16534066438 0.954869219222 1.01822067313 1.21999993044 0.932520327512 1.22000000218 0.954121436813 0.873034806146 
0.786401589593 1.14213143477 1.05438359176 1.06624385034 0.847376960018 1.14185348956 1.20044866069 1.009794424 1.22000000016 0.986972772279 
1.14213143503 0.995644274256 0.917307188125 0.949674255409 1.22000002171 1.09039478656 0.859653618115 1.19059942388 1.12828941781 0.987874923786 
1.1122167257 1.14185783305 0.971477713887 1.03759544966 1.02096642644 1.22 1.00278236906 1.14458308563 1.14219673544 0.986982767531 
1.00469913319 0.995323733862 1.21999970897 1.14213143479 0.805192461965 1.21999111022 0.957871928498 0.776999678739 1.13745411935 0.965889742064 
0.975776918797 1.21999996582 1.21999998086 1.14213134816 0.997224427975 0.901023619712 0.617364258624 1.19026179805 1.01357482175 0.91158927645 
0.798941579888 1.22000007077 1.19095950107 1.14213026643 0.902992853339 0.888351197827 0.993348033008 0.992903251444 1.21999999996 0.895402729832 
0.938979563866 1.10604279174 1.00132638022 1.14211664715 1.14213141637 1.05038992296 1.15817424527 1.00074076727 0.962875438124 0.597300503514 
1.22000000299 1.14213739738 1.22000000012 1.08665639767 0.965726241094 1.14824540501 1.08116871757 1.21999999603 0.918052436849 1.08113378989 
1.18603523473 0.987863419268 0.951279690366 1.10495967429 0.847893556042 1.1424485883 0.943746643982 1.22000000025 0.91591816425 1.21999999384 
0.67820008408 0.980162569539 0.901521625888 1.21999992933 0.99277903389 1.13412275617 1.22000000896 0.999370192892 1.14257572254 1.21999997967 
1.22000000004 1.14087594485 1.22000000095 1.02908358763 0.989445837234 1.14213071685 1.2199999976 0.798509444464 0.962167912124 0.937241736888 
1.21999999213 1.17888017381 1.22000000016 0.721463634891 1.08376229726 0.936865510437 0.985425314272 0.927110878658 1.02636329832 1.14238782372 
0.748944455624 1.05215897692 1.14213143477 1.22000000036 1.22000000055 0.77459397053 1.14195495252 0.89854232362 0.996379134292 0.672731542299 
1.17427400302 0.922889956896 0.750400006654 1.09815226516 0.931741694045 0.843586293871 1.09717519666 1.14239777784 0.988418705096 1.22000000006 
0.629517972504 0.988300928822 0.992438599476 1.14037435943 0.626780001022 1.07690547559 0.898974967446 1.12863881041 1.05989235686 1.1432529715 
0.785050662198 1.1421314379 1.21999999919 1.14213143477 1.0585726516 1.22000000062 1.01249259112 0.708613725379 0.939234908955 1.21999999987 
0.928963101129 1.22000009814 1.13518595609 0.8306278758 0.637194418288 1.21999956574 1.00392468971 1.01324110416 1.14213143501 1.22000000555 
1.14185957328 0.907471565818 0.792853501568 1.21999999872 0.889820607539 1.01702056501 0.98308068952 1.15666810299 1.14213143477 1.22000000606 
0.841964960118 1.21999965667 1.21999998293 0.887857146154 0.998474944796 1.00556238642 1.04421658154 0.769563738125 1.1421314422 1.21999999872 
1.1250400629 1.14213104871 1.09513768833 0.931115478542 1.10050361581 1.22000052166 1.22000014865 1.21999446788 0.982452094787 1.2199999192 
1.22000017051 1.14213143534 1.21999980417 1.02537635478 0.551040640827 1.02148752488 1.00570187 1.04344870117 0.971220035028 1.22000000053 
0.982804963411 0.654947439568 0.865968032731 1.00352074781 1.15847950487 1.01133033761 1.14213144377 1.21999999972 1.22000003004 1.21999999833 
1.03157029279 1.14125599338 1.21999999987 0.925854992216 0.900904875751 1.21999999986 0.680431945756 0.963120584618 0.662856931719 0.936613249011 
1.20188340961 1.2199999839 1.22000000346 0.996798767844 1.14213071063 0.636218411319 1.13966835994 1.21999999679 1.14213143518 1.09885173331 
1.22000004672 1.01461760033 1.00191594327 1.21999999857 1.14238560431 1.18981978247 1.1511475311 1.14207300938 1.2199999508 0.926518956218 
1.21999999999 1.22000000003 0.742396618466 0.935908100126 1.00940041801 1.0129356827 1.22000000003 1.14213143477 1.22000000012 1.09575339223 
1.21999996769 0.730763507286 1.04803878025 0.979265500731 1.05130585741 1.01725996571 1.14213143626 0.988295638769 1.06975227526 0.817874103188 
1.22000027834 1.07619315472 1.14659611814 1.04816387163 0.760681566842 1.14213143474 1.21999883595 1.21999995251 0.922529763195 1.17754238612 
1.20130336725 1.14213054012 1.17692643995 1.21999999994 1.02272120209 0.621646879703 0.983621268236 0.996270736229 1.00237348718 0.757343425635 
0.899895739391 1.09722889585 0.991357235431 0.959494034852 1.21999999999 1.219349686 1.21999994632 1.14211292699 1.2200000421 0.980854799754 
1.14213143511 1.06302989217 1.14213143409 1.22000412489 1.11303750163 0.861818486797 0.953068956709 0.93482856933 0.8719041191 0.856975165277 
0.983694390214 1.10266382464 0.985237452209 1.09206804023 0.899195107373 1.14248700786 0.987435959494 0.956713866648 1.01448750166 1.11823235383 
0.998919337303 1.14211293207 0.69140316162 1.21904324402 1.21976540532 0.89319713064 0.997208482513 0.932480662618 0.944226145625 1.13493923951 
0.875336370146 1.06173080094 1.14328459436 0.772376350057 0.679826025819 1.07025378358 0.995450387156 0.993344295372 1.06542746377 1.21999994788 
1.14211291502 1.14315742476 1.09284678724 0.877478258593 1.22 1.22 1.01211966853 1.16337991154 1.22 0.909163114775 
0.833585924114 0.62951621182 0.768009050149 1.14212599187 0.880134491207 1.22 1.00051392378 1.03778576806 1.19711974002 1.14211292716 
1.21999986208 1.14900795516 1.21999999902 1.14213070099 0.953847305528 1.21999905733 1.16489670094 0.843165860574 1.06093597539 0.640278970516 
