410.833251965 399.490372413 208.091453131 -422.613260153 -29.0351071088 -427.71662888 29.046725252 -19.253624942 -218.055007456 189.925382821 
-29.0468509977 188.179281537 -51.9024981907 -316.068932413 -39.3692284186 -377.075031169 390.369884878 306.000634932 -402.936554526 6.6152204481 
-405.180754859 69.2350555801 305.310070708 -29.0468425172 305.499027326 24.316001896 -378.024389332 -184.619414278 461.053695744 -29.0448934302 
92.2512114384 398.70638154 -175.008626648 227.018040076 -127.925163982 -374.250458817 211.819377393 -230.661982687 128.906236 -12.9519152158 
-352.061321645 453.608480401 -125.105822097 -133.043577093 -313.392017325 88.5208091655 -4.62587127474 14.2097118967 410.586535512 -326.399261099 
318.559195471 314.677332411 -460.857234311 453.264321796 -394.273715288 -29.0468914732 -174.661600525 -58.4066168655 -28.3061343515 201.791782272 
-313.045829275 187.567640262 244.218482611 -29.0468425171 -144.796683572 420.547767282 -455.980567481 -235.731404205 70.2899548863 407.375601118 
-14.011997665 -29.0468425186 -376.935404749 272.078457341 438.255619212 412.096169084 -328.417242438 -356.300211477 -125.974951895 -58.8031030239 
-29.0468429423 450.99574144 -316.096412334 186.965664636 37.3196072176 -459.080955012 -102.436399962 -196.317943807 332.325344163 -407.971298174 
316.066517893 81.0122282855 218.30766636 -34.2029242554 -460.954656095 422.469985148 -317.970113416 -16.0829728515 200.034959761 -406.393233502 
440.979543507 92.5177082944 -126.000531722 -29.0468425395 199.751137394 -367.31894078 303.081013251 316.817189315 -99.5751426913 -77.1453577008 
432.28461136 -2.77628593825 203.804718614 -162.497150661 -401.768285462 -16.5515358929 180.551958238 -369.978191655 233.332357637 432.741950494 
-100.048917383 459.665830604 415.092857612 -84.7397030027 251.290813474 -105.311343228 -402.65964998 -29.0468430722 -430.54257272 185.369894798 
-409.538230737 17.1507636321 -190.244884945 31.3881256447 -53.0133295538 455.41262349 307.112847716 -125.528434662 -268.249889235 180.719233963 
159.007759413 -393.157085841 -215.002634121 -29.0468464605 454.290600563 -422.242019853 310.522700215 -36.1530267636 13.5518118793 430.44943601 
16.1343043883 387.87218085 -230.35596241 -211.449840516 -22.2523653195 462.047307474 -428.556230713 310.108252826 29.0468416708 -286.013960692 
49.7908886342 -172.752614425 168.235949111 430.916495758 -418.070195408 -274.382168827 430.113508145 -23.1067838902 231.529295571 -51.1723796238 
10.918880339 -316.93249019 11.3712330074 -361.373817273 -13.8283240443 -29.0468425165 -239.062241632 307.92004946 453.95298752 -459.179090474 
201.176168952 80.5697466879 405.378229125 -86.6824588195 65.0456990145 285.118584273 447.020006051 -137.498709234 -114.761981627 -426.73468131 
-460.090577483 271.781745541 -207.68234599 451.24563039 60.895531039 -82.0689919495 -29.046842519 138.302907621 281.111088049 -8.57912521192 
-29.0467743688 -192.415415299 -429.557526554 410.496961369 -410.514504893 188.509855 -211.049378824 272.011244359 14.8457984286 29.0468424861 
-456.917781237 -74.3014514068 -280.976876417 -29.0468226169 -358.644808986 76.0132464328 408.91929519 -29.0468484206 -169.43615349 305.932041044 
-229.365760027 -449.429247784 390.990990359 -29.0469467346 -0.224756945926 266.137289245 -318.214058894 -24.7811848051 -50.1881860089 454.545713546 
-118.435787722 410.871161207 101.872606046 -320.512459602 -324.121643687 429.122178732 -10.4760643287 -340.432618686 -99.8884872535 -5.07880422095 
-115.552956802 318.134307028 438.893976385 196.81622167 29.0468244819 449.157642865 -7.47095759665 -271.877449448 20.2642198849 -308.439249645 
269.168342571 -461.692291976 -38.7477331778 312.655291385 309.971741092 -29.0468425167 -99.6285407289 454.386643214 -388.470011873 -10.1104588235 
186.653156521 454.446440986 -458.25498964 -12.5861071274 419.441049442 -240.136984025 8.39611172663 -238.519513628 -29.0468451738 -315.894074347 
453.420754576 -36.5430880579 -393.790721227 158.175704649 310.819813706 -29.165901748 231.070610587 -21.3614440609 431.864094364 -410.938801238 
-1.91535062573 191.399977011 -450.644936499 -27.0094047312 442.809447425 102.386412585 -97.744867315 414.686600865 -317.273724807 -422.762013629 
-113.694941488 -430.113840261 117.878979411 150.206816512 405.703979824 -5.09370409688 461.057914748 310.601194227 -68.5137344567 -80.4756047382 
261.544956752 -323.987075211 -371.368633737 -18.5904902227 29.0468392509 446.598235618 -29.0468458585 -48.4861490791 -217.666806833 -351.870106747 
-316.612871047 -130.855967774 -6.89996273203 -350.58693684 -95.5126803126 454.514204154 -323.175972727 336.103454088 0.35798370375 76.5936223111 
-73.2414101394 462.058872172 152.569374741 397.197898043 15.9141785443 -56.7622037068 168.323336152 -413.924453003 387.97166483 154.617520336 
-343.376283375 -71.656269022 270.414109155 305.104889378 -29.0468425393 -42.2853378001 305.982600943 51.4370367186 105.446131459 449.834850256 
462.216809561 -427.719377938 314.524565755 -10.2720504885 389.332845072 -399.615931018 -210.830221417 29.04682054 -228.431023049 -7.26849134544 
-35.7480053528 -72.24446443 381.779326441 -319.04059078 -392.114723411 230.7993365 1.27172592131 453.369086062 -29.0473199007 274.966928561 
-437.357294451 -72.810965356 29.0468415668 392.773484592 -315.008487817 -186.239516752 -295.94426809 459.442492021 277.981717846 9.86249809668 
-395.420862988 6.89166328769 -29.0468425514 -205.94126213 459.661593681 -423.060482768 325.1525148 -202.361156415 161.062100485 190.542042086 
28.895088861 -308.953903184 -220.229583952 -454.489777418 382.397238663 247.873145213 -192.344815709 461.440633261 -103.746723689 5.50280974612 
142.290361405 -108.96688096 -461.540918957 -380.107649143 -46.2807261823 -29.0468425194 -30.5808117771 358.901972014 274.318143601 311.088828408 
308.061187324 -46.1189784645 -414.34008283 311.72369223 175.755151805 -386.457160048 -29.0468985314 459.670065394 -29.0468446759 -295.023348245 
155.747211418 457.530491272 3.24530868322 -141.869204071 298.71758302 47.4679312828 304.951748049 -86.6824420651 -115.517674928 268.03045011 
422.738197644 29.046842517 -194.879959014 -393.933549868 37.4756180665 -381.535669341 -138.078920881 80.7155508592 164.937532148 316.320184609 
-449.622101565 218.268722855 -424.71914365 -227.763921895 13.9068718522 -9.64850824614 337.220300102 -317.505292569 -206.106041504 -0.952848950999 
201.329075438 -64.3250456472 29.0468417364 -71.8118230442 -283.261072196 452.288429023 149.383023886 -42.0569239897 318.813674667 -460.63035286 
-407.274211942 -387.841233049 448.433747844 -29.0395074152 312.160520607 -29.0468434428 -379.391289166 -168.091611235 297.38416842 440.103856069 
-447.722825262 380.471884341 2.95272721269 8.13605317177 206.738407858 316.748854114 -318.469150418 -29.0468465601 29.5877071097 -214.355300515 
-209.226073164 -458.345847162 407.195469323 -412.660403157 -113.527747567 -195.363415709 10.9846781626 452.641369591 29.0468091613 -315.361304441 
459.181819235 -185.200952697 -301.730334874 361.401157072 -103.795873486 -443.595103316 -112.737753643 147.460301805 410.885600157 29.0462863898 
303.592137991 -209.729421781 -28.2182793956 -212.665320354 320.213143952 -287.640833814 17.2636630521 -430.113828591 461.365168356 -3.70671015914 
-316.157484159 382.927890687 -7.94259815846 247.298902464 -459.142026826 -134.640841691 0.0344264326878 12.3779942042 449.09777621 -319.239637044 
-144.441846924 453.750699699 16.9864181575 413.650105083 -434.753236604 -187.215228344 -406.871281092 -370.754123789 37.5056374243 100.628140778 
9.2536936033 -313.659857591 -0.39268856389 447.400401803 313.794072656 -394.880954639 207.856180792 -185.89021931 -95.8056483709 -422.763866361 
-309.953087409 -452.937630099 -92.0685815037 -358.551342945 459.8928856 -14.815930453 -29.0468427007 31.028157348 308.213696438 -229.880368558 
72.3497268881 -124.643165959 255.521273117 97.2939959189 432.953327595 215.014904566 -249.092733217 -360.6578213 -93.7729996351 -86.6824445172 
443.522456972 309.069284935 -29.0468441308 -303.944107988 50.8863474409 284.918355128 29.0465811287 205.445326381 -96.3212145988 -448.664764042 
-337.458898773 308.858325908 -86.6824538311 83.7248469107 419.350043337 122.004568548 443.943282402 -119.091505036 -29.0469077856 198.204832754 
-89.0120701839 -334.176035789 -51.6473866893 -362.060507903 417.489455774 -80.3190781131 428.054159007 -380.933815597 132.073138326 112.830667638 
316.515429765 -183.747906378 -130.451907731 7.32145021472 -321.027964323 -431.821822736 -403.938907967 -10.3482434856 404.024949219 458.685683792 
-323.577015868 11.7287587433 17.5143084196 311.319779879 444.472685958 -21.7230836415 44.5056907368 438.328561834 -177.920652441 -154.126961464 
-461.992159197 -29.0468425472 -384.04415922 -210.57275513 414.625176034 181.218777371 -29.0176974908 13.4136949772 -9.9530099944 311.698189669 
-160.522342959 -442.743239923 -116.468767462 -414.861043753 342.163530896 29.0262321776 -192.423479993 -312.463562012 456.480011617 29.0468034712 
27.4500017966 -451.367031205 29.0468343632 374.0428106 44.3045621429 -6.3075023084 -315.084397349 -164.161770512 -308.56505044 460.423828801 
-283.095409741 -208.196563329 -2.72811502631 -29.0468426924 200.622219189 -403.611994596 307.377737911 315.291174383 150.108526226 -431.494943999 
-328.42096459 -125.787346846 412.14002301 -376.862006379 -356.303941321 -57.7290710682 -14.1753262587 260.492966277 436.294189914 3.13931773304 
-321.745820988 -428.433718069 -102.808074365 440.506092918 -402.95142416 282.643806724 -13.8268358447 440.067812909 -76.0283921422 -29.0468552141 
321.330811798 -189.492849436 -137.09432945 200.883694727 -22.6984435765 300.609878066 -29.0468425991 109.839621338 -162.923466061 454.691465991 
454.592180737 -458.9514905 407.449399803 -237.699657215 277.940177677 -315.966947814 -29.0468448774 -115.387128332 14.3208445912 7.49464370315 
-56.7664795336 147.413979984 -374.869964078 -326.682446888 42.0602755303 439.80084082 -106.82680814 320.310633979 -354.565402452 -71.6334632973 
380.736840576 -173.573551493 29.0468424645 206.122769135 -369.545775768 -393.863876713 316.802996743 -421.746791433 102.022497905 -123.770517215 
-93.2739124271 -449.022976918 29.0468425172 448.964985482 38.2873868585 317.440449804 -421.140054158 239.479612596 -86.7338218519 265.230911737 
-34.4006629708 311.746209056 29.1392321318 202.796141743 29.0392321391 -41.8798209681 -393.20651204 321.295679504 -215.896472392 452.021214583 
372.079435991 -80.7799142906 -438.689330485 -88.1984895473 231.927212824 86.6823756317 141.319472482 -294.984968129 462.285198191 -220.212864498 
242.471475222 -452.819381331 -29.0468432608 436.492667707 11.5500088854 -242.119718227 263.815360001 -28.7843789084 276.410602863 -311.221415081 
-7.41434542278 -218.204783133 8.02978624657 -313.928033017 -439.061100702 -208.307994207 459.327669778 321.704153075 -96.6659041682 -427.799410994 
440.714334491 -377.959681823 297.755536268 -29.0473341369 -56.9302569015 -29.0464680242 448.069565523 -159.702250649 223.65667809 261.605889727 
-102.99438076 237.936990993 -310.705082772 21.8673524644 114.442129765 396.141150957 -453.687526539 16.2522082069 288.073859004 -73.3156590132 
299.272443984 -306.727558646 -87.5470957778 28.9612120669 4.58972101635 -308.613002642 -450.739309788 -29.0468425172 -229.985674441 460.267281236 
359.127726856 -26.6514589668 458.954268405 -348.987225028 247.516984151 25.8277750808 58.320170164 -318.111880015 -322.321124235 -115.690939943 
16.7885819573 29.0467568701 -29.046848011 -194.270376686 451.646647486 -269.031937791 -194.327004004 434.769999721 -411.959781305 261.624912392 
-29.0468425172 -416.480003662 17.6317627442 -173.840014256 -389.980589448 -361.592781127 204.651411058 314.625937923 -26.213297197 308.33884967 
-72.0816709159 -404.650624768 450.702374837 -29.0468569304 264.9516953 -432.07459843 -88.6217809178 188.820305285 436.328017764 -29.0468425172 
-107.958371367 362.348306354 -121.441076145 -165.098586899 112.972573802 -196.947327888 93.623061314 139.348295296 -417.407173709 457.022067268 
-15.8207615197 -181.197953354 190.09412983 317.384702656 -399.028036478 -29.0468425172 450.177893694 24.9303122832 437.196830635 -255.913737278 
306.785467073 79.9753438219 -139.083060834 -187.290824854 135.588127491 405.378748055 459.681278395 81.46108444 -166.966213708 -29.0468425179 
-86.6824419474 7.92921074858 -9.55994470734 434.144610601 89.8875030555 -112.381010613 188.299398922 310.037642034 443.931689961 -311.146313707 
-410.523826599 191.651054693 -438.406749352 -315.680220412 245.136400877 24.0440672877 -29.0468480319 369.279838771 459.960459659 -61.8970246818 
168.720319985 -57.5551172106 -322.994411404 108.146042925 -355.061919617 413.149316005 375.431933413 -243.855708606 142.95100651 -29.0468829051 
-318.358395046 396.260563362 388.924329818 -317.991588955 6.96919722427 -460.260989856 86.1415421277 -126.686891414 2.37889635069 462.169450481 
-127.051084192 -319.925866448 410.947662482 -324.332176304 -5.51993333232 -118.741135529 382.211244656 -340.805685449 -2.1238844724 166.978706343 
300.076315699 372.580644059 -170.835529646 187.891585469 55.8417816516 -218.586830083 70.6972989588 -142.951040962 -190.345219291 101.261253806 
-126.148410971 -131.194783714 -459.455684936 456.920915374 4.624647557 417.884972032 92.4658561285 -86.6824433102 131.226313033 -299.462892152 
-94.5830281056 -66.5229467323 -61.3434248235 -247.873053544 450.648235686 238.041597704 -1.28441303358 352.952100742 111.167312087 329.860036042 
-407.955859837 260.513182286 222.944359975 435.706946105 -280.284370663 -202.235229783 29.0468280569 39.3275214085 449.473498463 -27.562794001 
-309.506214667 38.3779580435 126.187057234 -14.3341258782 -209.646178434 219.443297762 -318.500354236 -452.490757405 431.902861103 -58.3565785617 
-34.4387974163 -154.772025991 -385.968903854 -142.95101769 67.1315707652 167.168565241 174.70222484 457.703668404 410.68699982 -170.833940457 
-459.215489306 265.336944985 -62.2586066555 436.993928364 -29.0468514319 270.075946512 450.300247913 -67.8863841546 -29.0468471972 -402.203863863 
282.248748138 294.992244527 314.829166081 -28.6131093254 -175.237784155 -29.046842517 450.640440098 -460.381308669 12.1934964919 -395.594823665 
119.54745519 -353.279344323 309.992483246 -87.843931148 -29.0466141686 452.317098434 -321.285841668 -29.0468425208 16.9248422548 -311.200108587 
210.549529958 -227.660341261 403.309070025 207.577888146 14.5854863289 -13.5074355311 -283.542950466 429.519589284 29.0468420269 -427.306675071 
-13.5891544062 280.031129315 -169.756215328 312.811761905 451.333056677 -389.622906577 -23.9458800829 306.46182586 -29.046845272 -461.475084357 
-288.179602351 46.4934511641 286.122924639 453.575102075 -124.39104822 243.079964063 -355.43362758 -115.732623128 29.0467325266 -329.265335535 
-115.665558364 -322.288851676 247.438961707 458.959720166 -26.827504882 -318.053693988 359.182043001 58.3108864547 -348.9608435 26.3864192933 
-108.318026762 87.3257192336 -334.163858456 28.924137166 -324.466162474 335.309539828 -117.237066625 -310.522132395 61.9179949834 445.234157841 
-28.8651483934 198.546516762 311.547033045 -167.134905405 -359.116822016 -29.0468425171 69.3670976566 306.942664589 446.099803839 -385.689446903 
419.585404956 -433.972112484 -29.0468434884 -214.816877967 22.6452035187 185.975741309 -406.908481678 450.87955478 240.695982505 -202.600123551 
-316.999991115 -104.587989471 217.852651473 318.142158911 402.636818528 -119.421722543 -3.17643084517 -458.951421057 51.4008884397 -318.401966779 
-29.0468431377 -462.012291975 167.508270975 -244.532218857 433.861835782 310.854699995 -384.604469431 326.404035147 -163.575201082 -45.4435129779 
-2.96765911212 453.754082177 199.531502621 -320.525258992 -73.4438306773 -36.3458965737 -29.0468441165 -390.131568256 309.67273016 381.010212065 
-32.6255189336 -238.237295059 454.664652441 419.387559136 -457.834680478 186.916475834 -29.0468425171 -29.046457156 -239.575758938 189.607242611 
-128.804874156 -315.453286822 187.658140261 247.398793591 379.373861282 -29.0468448144 28.2935586965 450.042922232 -457.749437902 -147.875096136 
437.500969805 -49.399320278 -32.8311406599 -27.3790381067 269.167402567 445.408401179 -325.693531426 -29.0468425172 -353.576512704 -374.405093394 
-316.038790203 -254.906806086 408.660383268 -458.951444414 290.966035514 -113.951639573 31.4380557628 7.1834183303 -5.67724711718 -315.966901729 
386.557846891 -0.60155702272 -455.091318513 278.331181478 -81.5408771424 438.856791808 -170.239107693 -29.0468425606 249.309404997 -319.134502193 
23.0602263833 -192.421493503 -414.505316012 -198.864170227 -29.0467152638 424.365832471 457.006520194 221.436135638 14.1674581144 -409.667020549 
-29.0468425135 -405.538505749 -237.139546937 -60.5836618699 458.296438664 405.770515601 -263.785589182 282.828665029 66.3190669568 -41.4389244174 
29.0468316048 -158.615914544 -130.732572127 -206.794274681 -177.780275249 282.990417001 375.169072442 444.326489521 176.527839504 42.7090191144 
438.025118172 -316.32560215 -94.3492132201 189.338395459 423.062036549 -125.151351051 -86.6824518344 -314.333734514 -11.5446301039 68.2660135642 
206.200795862 -312.459383514 58.9845789296 311.754341824 -91.3524807061 -29.0468444218 319.102390783 56.6078935168 -455.443337393 450.075915815 
-193.956271358 -191.255332467 458.647726347 157.354322343 -411.524528149 29.04682894 -459.317641836 306.190837661 -298.792355216 -29.0468426824 
34.8846635718 405.347928827 412.210633813 -173.07098308 -359.98180086 45.6149781317 5.01604637064 -78.4676780425 -332.097325841 -379.021362628 
445.410843285 269.148527919 -353.569894103 -374.398727453 -49.3684792775 -29.0468464131 -32.8276634303 437.496897664 -325.686912899 -27.3315453756 
424.121010701 29.0468424216 -448.866034934 -29.0468640444 272.414732301 78.7374858328 -420.983112167 -306.635294312 303.888308346 -85.6205264686 
305.268916153 76.4203884067 309.353477317 -375.665790565 -233.619495328 443.895651226 -20.6460659264 -29.0468425192 160.582316984 -86.0930428211 
282.125687577 -29.0468425172 441.571793275 -86.682261548 444.421955689 64.1889601256 306.844098402 -134.003923221 -114.565321838 172.809007398 
462.176875864 -86.6824702239 140.73239511 -324.537700796 -298.384471544 313.494455524 387.496645112 -349.264707362 29.0468320167 159.279714017 
-3.01210744065 120.238979049 -95.8325124106 429.073232317 454.947805238 -456.032834215 -97.9337343787 -313.049348331 -317.642650684 -103.347197563 
-7.10623696617 454.306006364 -6.94596068364 -324.117655261 240.197290474 372.284312781 -319.042358231 -98.2165853196 -132.95393963 -351.433055972 
-40.2349678161 -318.682586307 323.904718906 -202.532770816 -423.229032215 -1.64691873388 -4.28214085995 -451.111078606 -118.931856183 405.10439255 
-91.2326173627 392.18117102 -105.19568328 -249.477439222 37.8518961228 -393.766316494 448.939675278 -26.9924669276 231.136009659 314.781617482 
-97.6115948305 -29.0468426212 -5.4931659518 254.25210713 6.6236194015 -318.509683266 434.883339193 289.846065445 -457.50769667 -315.958484065 
63.6610543875 -53.0246079316 -404.803412863 -29.0468425171 93.1963106302 -263.527365085 -121.360454244 455.421728859 404.142500606 288.332492145 
448.315442646 309.24120088 136.329228723 -80.4575513312 412.076043819 -246.635087418 -388.910056177 -29.0468425163 -167.381313292 49.3442648484 
-40.9879407194 204.757294726 -384.950808908 128.167228799 -229.384060424 157.221202107 -366.075651624 15.9617731259 -338.191178347 350.678951601 
-7.20850760732 437.480683284 -206.513892284 -30.8684240397 -233.180432842 322.382009528 -7.42773723414 105.872211367 -426.548239478 -320.138837521 
-56.9297730199 -29.0468502564 -378.642875681 -91.0115005654 261.029384886 440.896312075 297.788813227 223.821014611 -25.9166294523 447.886893428 
243.58258248 379.281641482 -352.740074574 -325.728993791 -57.5145050579 12.4060274449 391.432181472 2.20528553644 -133.937464279 -317.437929868 
-337.220317448 -114.83574267 -153.43500655 355.747851736 -370.079429994 30.0792944791 198.245437536 62.7040538741 448.214840069 -144.034003577 
-198.343805892 28.778979724 -442.279848175 448.066726594 247.014399986 54.3929602138 -416.345072575 -191.730310267 -284.698474474 29.0468316392 
-399.557788203 -210.786195549 312.694718357 462.211541956 -427.669428631 -228.303014872 29.0468378032 -10.2988766394 389.287391715 -20.1513298032 
435.908964173 -99.2849502575 -149.930294122 -19.0018068599 -121.088970087 29.0468425165 295.21263158 190.871525851 285.807402686 442.892734306 
-120.183263216 446.101117828 -29.0468425169 -121.29276383 410.642383002 -406.560891313 -264.276295251 233.972664126 94.2903508279 187.377869089 
461.143281218 300.746980344 -29.0189618059 306.737583704 -119.332532713 -407.461761347 -29.0402847795 90.5664415699 -380.502707679 65.5581182415 
-105.715231964 133.779387099 53.6596854422 460.57763416 -451.124072972 -57.4333061346 166.402447755 281.108600272 -308.725475002 -29.0468425171 
-460.557916438 14.357744487 238.463505788 309.395295546 -317.647219684 -34.2847591694 -241.625300988 452.436750412 -374.25434802 -29.0468425512 
-32.0047747603 -417.409861776 29.0435306862 -317.212748638 -203.099588792 344.949824468 -4.66634799941 -230.700938249 13.5275627474 458.951442085 
11.3878504828 -224.848672757 29.0468398913 -17.1549271854 -196.964938234 235.513190402 137.078017618 -193.829621091 347.602549127 -244.019326275 
93.2610003043 316.153479557 139.632487049 453.043661582 95.9910807175 29.0468299494 -460.719729554 -376.568864777 -151.389370196 -83.4221439212 
-28.9621328392 454.610738901 -377.905360512 -405.788283286 -29.0468428173 -52.2797697375 -389.577199299 313.037716846 -100.236160062 305.299182436 
129.533226616 -19.4511649523 458.294603943 -316.703907657 -86.6824574764 -381.585284771 -459.688207465 -92.4588919764 297.384328163 142.301955749 
-404.288890346 201.922643321 397.457525884 212.438329291 -19.0963597367 422.259656196 -29.0468427618 -385.413738191 -357.529264922 224.347872994 
-29.0468427287 -11.1333529206 185.625134406 449.849022594 419.609588051 -459.197574719 -113.988068286 -316.213032131 -238.362443785 207.740431066 
196.960332601 -5.24860361083 323.45120675 449.965495457 -48.8576013774 -208.553897486 -29.0468425171 282.357969906 -234.82460031 -427.789495936 
187.392877406 -168.776348571 449.121487084 -29.0468444096 -240.990981127 416.303500296 -370.430371198 -459.313060038 -29.0460946415 188.515210044 
-265.881647661 -457.61610647 29.0467111212 454.636496881 -238.110715757 -29.048137912 265.801844838 -52.0808294656 -33.527764319 396.620123692 
169.810208538 -29.0468425172 -193.983858052 285.081627852 308.519418208 -9.39526310907 440.244881765 -52.817978115 -401.178228592 -368.359019809 
430.778932485 -36.1964771039 -29.046842722 -392.427718978 158.491734421 454.08763981 -214.442811659 -421.627814548 29.0468145989 310.241763247 
69.9806847828 318.513893421 -16.7035104625 -29.0468425172 310.187720332 -252.284869184 -459.958544076 456.537363055 -47.8138798504 201.448017474 
405.550723441 228.565359678 -142.951007322 441.641960016 38.8374433933 -40.2478096444 178.207353564 -194.270514874 -169.291046489 263.805853773 
312.958955937 450.27630789 -29.0468425168 -100.776584491 111.868245447 236.662267499 -126.60323745 -455.382415728 89.092112934 407.728136229 
391.580414691 29.0458695168 -205.563428137 -415.48186701 308.394571565 -237.968301653 193.698304126 -29.0468425168 -386.103382428 91.9002556087 
54.3114279473 459.099814609 -165.678298863 307.670661483 161.484276323 -29.0468427045 -383.379859351 -356.653477971 -195.114659223 187.045250956 
-122.030228248 405.230474096 -451.737762762 1.78613001031 -10.4531993901 265.115630865 -320.774392963 -29.0468425894 454.30417675 -232.198394722 
-20.8121907228 -414.208057138 196.965114808 -234.013601215 316.15187381 118.09817735 -0.62222927894 -171.729821283 -429.999991129 447.936354059 
64.7881369487 -86.6824417452 435.898821607 -17.0189705507 227.408772745 448.116519058 -114.565577377 -314.694757493 89.1464308909 -133.884736724 
192.911309953 -116.547685173 4.02293826182 29.0468173503 378.67170563 251.822485801 -305.029245045 -448.065751174 454.935340669 -315.429484124 
-404.307529194 443.526907354 -29.0468429101 254.460848723 4.48581505906 -26.221018738 -317.678713663 -378.531524641 288.261943801 -38.9062442738 
54.0435501981 -29.0468426172 -168.093971 450.529537107 283.275326356 -29.0410287168 -459.247585754 297.699992532 314.142311726 24.007028877 
54.8382223157 -37.0587835383 325.44386936 183.478255074 461.208461808 -139.462144679 -164.293281959 -193.796233081 29.0468373315 380.702032037 
-261.044009305 -29.0435968161 67.9481168206 -172.767921348 406.578244897 48.7371610409 -418.598306202 -233.88003748 300.741678748 -38.6413639494 
-99.3413403664 -452.109265368 -82.9646332667 405.379798923 -311.5834496 -302.716620075 316.850378365 29.0468394274 204.178826947 22.3773330644 
446.587023671 -455.745145714 -312.760603499 -24.8190958775 -29.0468425896 282.68817214 -94.8072608193 77.9853456932 -74.9775548812 406.991048686 
300.641680632 302.199752246 -29.0468530167 74.2645991149 440.507233594 -293.801250625 118.576014818 23.9499730634 -353.045553623 -54.1982544166 
-458.884105527 431.975539281 452.448345607 -28.0345723316 17.3842833155 279.414443094 -404.570446785 238.497484665 -47.0050156782 -29.0468425173 
-451.673870503 -29.0468425165 -29.0468428075 9.47812625018 -6.86367701343 -309.561219943 460.059380024 214.691883216 -230.947043915 298.350609004 
-308.049978733 -462.330081348 -212.632480232 130.590498906 450.487549798 -319.346055529 15.5323114021 -96.8268314022 42.7980217427 236.264257234 
452.820357259 -164.99821284 314.61550375 145.575262747 376.529526299 164.124362253 -103.104041296 -26.2531769234 -172.963924861 -392.87973539 
444.795514188 437.70929125 17.8321302943 42.7767697198 -179.744530145 248.977359794 27.9916091171 -156.26978383 -23.3722617675 -323.001864712 
-221.013397442 291.749637966 -148.368642632 461.145488653 -451.030557272 227.970853672 -29.0468427174 -63.2853486423 25.4297771192 -395.566305686 
305.448199049 65.8398403224 -29.0120225461 378.353141632 294.755327908 -70.5782104979 -29.0468425669 150.773823674 -328.458567923 -357.743276699 
1.32018056557 -215.850793301 -459.308931736 -317.508427339 -66.2296812153 -97.7736697716 124.137300829 435.935289357 319.286545506 -316.12913516 
462.165620492 -319.311966316 396.292979293 -5.02685065877 52.2200795763 -459.970117526 -25.3483743827 -129.659084464 -255.37755385 307.815811301 
-460.960671441 239.131833986 29.0467266607 -29.0456048658 310.051906945 -296.696532376 -173.851759376 452.388577627 -377.088080092 -44.0593052428 
121.070504907 -434.665101941 440.030791698 448.477382994 -218.408446368 29.046705601 -203.283206122 4.17191091495 318.475511449 -416.795907297 
-87.0974690419 -318.882160203 -326.768584154 405.378747322 382.308306982 -21.5568669295 -66.2701861805 258.722789769 -354.651506736 1.5206811754 
-101.198572649 438.66403069 -424.05862234 -451.940654406 323.26921594 -317.296353693 -96.7663411928 -203.533496959 -2.23847312892 -3.76925137193 
-414.530792115 -220.067601953 -191.717427869 -436.720059397 461.099535058 29.0468300015 246.862207459 29.0465726983 317.152774207 -264.08810374 
409.819241223 125.080728235 -221.31802903 186.558877196 -30.5609884432 -440.973721547 158.882549613 374.250554509 460.443915129 -167.883614065 
-459.104817817 -1.86605443861 -115.045000426 409.863527929 -316.12027518 -319.229732221 -61.104516693 4.60282923411 389.46028656 284.639007038 
219.778487792 423.474228514 -415.671382254 189.071137144 205.650741029 -29.046842517 -410.427426791 422.966339103 -27.3926478349 -50.2576129945 
-180.185750053 -39.7791916437 -29.0468479502 283.975624351 -9.5938001144 -323.967013559 43.8567727472 231.5260222 458.951589031 374.25057083 
-71.9583584286 -436.345193836 -29.0468425187 185.531764777 -294.833854768 37.9193840109 414.978656514 406.459892752 -273.094761674 217.042794349 
-458.178278143 -167.531146251 433.974940483 34.0881681391 -320.217750289 -9.99278797406 452.130369346 285.604982936 -99.5920669357 -29.0468426163 
-29.0468432093 -201.049029407 430.785231483 -101.486261703 -321.782053231 -16.8660042575 -406.278053301 436.144990463 263.328424968 97.7731065502 
-383.879005997 -29.0468426898 194.09202329 -411.761928763 -191.006480405 -46.2147471572 307.552579505 311.137893381 -29.0471000282 459.17566283 
405.058005046 95.4064494409 403.085077705 -121.891218883 -4.40735359892 -423.368567229 -148.919701741 222.258446854 54.8664014919 -164.186105938 
-29.0468425167 285.789107872 -29.0471471502 158.223892899 -459.723902237 454.009152154 -307.654782373 306.455490611 39.01271326 -238.424065158 
438.902967029 195.876948138 -459.573014241 -354.806668622 -140.77878654 -128.18396413 85.0366496066 -29.0468425207 298.22761596 -238.599987844 
86.6824414931 -89.3788184293 -353.849634645 -325.966402962 -372.974781309 -118.085405784 218.149891665 330.560475032 113.843462828 -118.65625601 
-411.596349567 457.965460672 190.636313327 -119.859378827 -29.04684619 160.102108498 422.201060238 -193.445797003 -268.984560883 29.0468227309 
-356.754705533 303.855548081 -240.411524637 29.0468266948 29.0468319073 197.81573199 -149.689264568 441.309640213 -317.155438694 94.1954418616 
-29.0468425229 290.608632054 203.854600581 -239.993940665 -404.249769884 -459.672390394 459.18502025 -193.225357916 399.779863414 -117.215230909 
19.5656472172 195.282477172 359.473393816 -54.3598552385 -54.3237911887 -232.524169231 -42.5142491629 313.308661179 -394.693553215 -390.679851523 
-75.4844633722 144.236215906 23.1994662629 -178.218973853 452.875585684 271.116192901 -310.268908734 248.216560128 -462.438660912 -292.294221583 
188.212916664 316.505034544 414.980537796 -22.1296304461 454.375654118 23.4104232167 -29.0464426971 -397.823262262 -178.893214826 -427.5527294 
404.378724772 -112.31904413 -316.058993908 432.318903535 -93.6986708984 109.341795786 -317.151514934 0.156707781535 -335.607714166 -86.6824652787 
304.218586948 -357.371193612 -29.0468425172 -91.8592883775 -135.832006398 -192.417074452 -410.5144248 441.464240709 29.0469141608 -438.396227757 
59.3194820852 -119.104675773 -438.392699399 -410.510909465 -192.535717142 106.235178437 29.0468425103 452.897212817 -366.241486865 -152.531712983 
-452.227518476 -309.242975996 -315.63855661 -229.755767415 23.895063222 -18.3073263264 341.391425732 -5.77963667084 11.3767059951 460.274641868 
-374.251061626 -460.867057008 25.4913142646 300.849466594 -163.874575888 -29.0468425171 378.422573105 168.24486652 -17.1621331319 309.690807641 
459.680446212 401.40238632 -233.455337361 -375.209440678 -8.91420529363 178.828899123 171.723327497 -349.464046783 267.337723833 63.8746262052 
-229.380549051 -224.84807961 405.378789958 -196.965155164 -245.989026042 118.967107756 215.362356172 300.118385123 -21.453702752 92.5622591646 
-379.373008838 -27.1162856482 313.817883012 445.524007159 -357.467081562 -132.110260229 349.462034797 43.1239210227 -330.899674091 -116.351578101 
-27.314009185 -49.3465228677 -29.0468493846 -32.800762115 -374.39794885 -325.686216451 437.500449907 269.163682242 445.411300959 -353.569197659 
57.1431551886 354.098258299 -120.621729109 -242.694917569 -27.6847716585 -457.114873587 -328.74869016 191.921933492 448.065811608 -27.4589112293 
-396.733112203 454.184848201 163.933130869 -18.5519877686 414.977056747 188.486732066 -28.5029126825 -428.848908499 316.279339302 -178.440375505 
209.051028458 -30.7163564795 -48.0078469245 -216.331846092 29.0468308704 -36.5894923881 -392.380198756 460.927561017 -420.263121524 310.884550239 
-457.61845294 13.1965399381 407.245806126 5.9643484034 -237.873961485 -314.633910405 390.663265849 -316.315753889 -111.269482524 -12.732619999 
446.182772826 -29.3718278573 -28.4046750466 442.577375072 -457.668705948 -291.36442141 53.7727657747 29.0468162439 308.181568695 158.480033191 
306.264894783 309.619996175 -374.258565477 -37.4716002298 -461.335074921 -318.350532449 -29.0468425173 461.452367529 -29.0467949202 -13.0972481533 
346.987558612 -78.0625185947 134.670383764 -105.785801152 115.773029822 304.92004951 -118.093785445 207.987538441 -362.077090828 -131.814121293 
-43.3017741234 244.568480499 14.2677049617 -460.5051104 -316.795645704 -318.618438026 -16.7422974887 460.311028512 372.87814817 20.0449069361 
243.527716934 -57.4565695635 379.262412314 12.4752015494 -325.717687397 -133.891586177 -352.727375006 2.12659905386 -317.44022925 391.427073772 
-323.055299954 -143.134999999 348.979662697 28.9585530732 -320.112146325 460.928101346 -347.995069085 125.386846158 27.5600286133 27.4610633804 
-421.812704526 412.74253263 9.75448892791 332.296401347 -29.046842741 -315.61446823 82.6836677703 190.202412639 -62.7375787194 460.011398749 
452.361323195 153.984384981 -145.131628497 5.19462851571 -29.0468425171 382.239128205 312.120045204 -327.93917939 -364.09345071 -139.403705186 
-121.662132118 181.105044941 -39.7504404363 97.1861998925 -264.645935059 328.266481312 462.3950451 -7.62990337771 -407.001604098 319.438171667 
-13.0209847839 370.342367905 -346.022848927 13.1656694751 462.413312946 -236.877549962 198.386303923 229.954727141 -79.0990722989 -51.2161495185 
-427.455886305 29.0468406138 -372.877998707 317.163829479 -399.572970327 -176.591487765 49.3748535798 -127.175349025 95.8658628643 455.752025734 
-12.1262659798 259.872495811 -407.209925084 436.165183417 -406.457343769 -199.811827243 51.1216614964 431.30332339 -29.0468526358 241.173789582 
-320.745869508 -316.520034795 441.06146021 -25.7887131961 -459.504577201 -28.4096467855 447.718821642 -74.851778763 291.420751047 -29.0468624078 
307.305521 9.10067667184 444.939607131 -28.0015942083 58.7644411813 -456.977453626 443.813003268 -29.0468425424 161.077224531 -212.018976873 
-319.321761265 -203.298173905 45.552485015 313.307039399 231.843632494 -101.414636051 22.6583355065 201.299007524 -193.00207217 -462.30630399 
303.278635264 -16.8874792601 -370.913092815 -262.067620775 453.018964095 17.8083626078 -108.362229986 -398.796007996 -150.244399132 121.101847979 
82.6138823 -30.7402105534 -343.741537627 306.459248161 -56.2852086972 77.7827696741 308.827753233 297.699254912 447.616187666 -29.0468438138 
-448.003914533 302.523551385 302.39971939 -28.8803697978 -305.945831185 77.106834011 -157.960668416 -29.0468425176 51.892651011 461.216043931 
454.348569118 -29.0468425172 -10.9731418784 -459.780063472 -313.235090135 26.3029963026 306.712947942 158.578827688 -237.873263916 -308.666034579 
-325.525016434 -351.823306767 432.209274155 -41.7353004322 -218.512686973 453.209139595 204.409013684 -29.0468466035 229.581967624 27.5452282256 
43.2673530082 420.535458916 -205.327982257 207.494216629 336.016545199 -135.960204839 -25.2455145427 -460.60416503 -275.765002093 224.340281898 
187.455370654 -259.936468092 410.449292517 454.29767853 -0.072091549161 -402.312342924 -183.381464068 163.320018145 259.769138575 -29.0469372348 
313.482404176 -86.6829546896 453.322649212 -392.197089142 -116.599537014 169.332502019 66.5096280519 308.592896823 -361.364869352 -29.0468425177 
-44.7926348246 -29.0468433233 281.12616544 -458.285325552 29.046831543 312.101553638 450.794944167 37.2159133369 203.342029636 -224.174164983 
-299.415528994 462.095701145 349.73519208 -227.15315543 -442.68577373 105.639192811 388.288799158 29.0468374111 -21.0138883744 -187.1267008 
-125.020234689 196.070707261 225.910904354 202.04496533 -319.52248513 -367.412272828 -25.1538694796 -345.853335614 29.046820217 422.552352573 
2.92862337686 -163.650731903 -189.780569485 281.775269678 57.5856488573 452.179198638 -415.100633485 -29.0468425171 252.36817786 232.577082453 
-299.814728641 410.463770443 2.48590892273 -29.0468425172 -224.56624728 -29.0480443177 460.348295755 302.839998824 -442.168305853 187.746547152 
-29.0468425172 244.235204719 407.372795404 -455.978091694 70.2738863921 -235.729733444 -313.043425109 -144.814829282 420.545490955 187.571637962 
-290.544773656 408.860909892 -188.731415065 430.506145308 -433.712713934 -189.618461432 216.115187826 -39.2474508398 27.3644826044 145.654445338 
76.3343405812 -400.783889608 311.098916428 2.20920450269 -149.300275265 14.8611556481 -310.47333772 -371.676034501 -29.04684253 309.280519906 
205.135260089 -2.26913520024 -15.87093405 21.6786628634 450.292787724 -283.40638726 -204.390311524 321.479287925 -426.390868066 313.777398951 
148.288198472 446.485189645 -29.0468203984 301.99968391 -312.86172734 -29.0468427988 -172.109773056 206.922983644 -29.716956611 -340.744649384 
327.753854571 -396.62058584 195.673900208 316.39411354 -33.6815229779 -254.764012184 -20.2294634518 -72.052765452 -22.0354414871 413.68358589 
-357.309188803 -10.4689063143 -331.577907921 -97.4621451259 -314.503557742 -36.2916085728 360.859620576 6.28715686296 249.157331069 459.127734334 
453.756848508 199.525143454 381.001026425 -36.3460732487 -29.0469693374 -2.95050473065 -390.137227877 -73.4482403642 -320.526862763 309.669549427 
-29.0468425581 -459.162203963 271.886230483 303.162777229 454.176216835 33.5659952232 -25.5901246963 310.231339506 57.0321059924 -250.823536307 
-4.24668165255 428.352096626 -424.24222291 -104.813974502 -203.741220524 117.18836252 -29.0316835358 231.493478494 323.228448738 -407.802635771 
211.066694931 -269.92947342 430.187421006 454.4521523 -414.05632586 29.0468358072 -197.543428606 -195.469230418 13.1882627598 20.0120824061 
400.448807722 149.153260505 -55.2054717052 -110.069517852 461.677736885 138.304946281 155.312173894 -392.91493821 105.760375099 -251.600879372 
462.548799746 97.878901469 -74.9883844264 -440.68655383 7.54490697507 -414.832748547 29.0468392032 -215.750507182 -303.066981853 -122.28996346 
-328.852601322 73.4701876052 73.4229049393 450.406943162 320.66638846 -79.3352379829 29.0468425323 -326.447287776 -109.346854937 -327.698993689 
-188.424234728 -263.193833765 -406.260968217 450.856920207 187.420207209 -29.0379772717 -29.0468425176 20.0073804343 266.182783018 436.072479411 
-180.410464148 191.250499106 -398.84693581 -425.803430674 66.3019547917 317.553017945 -26.3534147835 454.785384166 -10.3979016429 415.153727121 
18.1194241396 -128.662433474 5.10260743337 461.604217172 360.97974663 -325.707014433 -8.80853491315 -316.732156377 401.079487143 -352.31520143 
226.885589552 224.428037589 -17.9927097 -432.000073102 -450.920477805 424.453300992 49.8332424736 -199.475577285 439.402733952 215.781822423 
458.696270944 403.99025461 -10.0067002105 316.57326419 -404.016346863 -183.820129644 -320.983891299 7.53345921156 -431.899261614 -130.367189275 
-15.5130501853 185.666790266 134.17841244 326.728002053 417.601478047 -117.090756975 -89.2078342036 -428.004303345 -29.046842543 459.299099631 
-432.485545084 278.848901683 -29.0437129799 -72.4138736817 437.399996074 450.055461564 269.300560131 -405.161582787 -29.0469180613 -90.4186399896 
320.488310177 -39.9107463939 -16.9736108407 76.5667828417 459.696598693 -29.0468425171 299.452404557 -428.932247203 -452.213098209 -208.688401128 
-43.2753334655 29.0468425139 -191.822061508 -29.0468538117 -410.528515838 454.366503997 -382.251733501 306.905928563 -256.557880681 199.566502853 
-29.0468425171 -180.227298155 -317.164169234 306.884678661 0.314265867556 462.448998378 141.876882258 -126.169935832 391.340196626 -459.80293627 
-29.0468425169 299.518857875 -426.005926909 -449.71867625 29.0467038663 -223.629814522 -121.421885224 75.197131807 275.120229666 391.779930924 
-313.758981444 -29.0468425172 -70.5793222219 29.0458621064 312.068505113 -56.9344049707 164.070605428 460.454941791 -459.426490501 374.343045081 
-223.420739336 459.133269938 -425.619870846 -29.0468425172 5.79529451025 196.504335321 407.83991966 -283.098773544 300.426473781 29.0462146367 
-252.778632289 -29.0468425158 441.836894141 -33.0884488246 -178.47369347 189.227607892 -27.36669819 309.662792873 -396.393850434 291.913341508 
-116.544773336 -132.24160667 -456.457858166 325.028888187 2.10423247451 411.047401645 208.467529342 -425.612351449 -12.6859178638 86.6824370884 
4.3918493893 -354.723661364 -324.931700416 376.974032937 -128.769877856 -225.043131171 262.442220493 21.3861426455 457.762718912 158.456701187 
430.797776759 16.3665758596 -53.7791755564 -407.215604227 311.605120418 -382.909401871 -29.0468425172 240.506165863 -198.722293595 266.482960183 
-29.0468425171 -405.823636915 -185.25943625 -29.004135475 23.8442798503 310.095644652 461.086109997 83.5947563121 -378.677766514 306.174561603 
410.952504079 191.040365218 449.759974041 304.370901255 -115.680578746 -86.6824414942 86.8143776222 104.833936614 -28.1289239539 -357.53597359 
-166.204984769 -194.088266177 47.4209954383 265.333994279 363.823484841 85.0495328832 -213.288803668 -29.0468425173 311.093713274 57.4214555694 
307.809569251 -29.0468425172 39.7355488374 -459.086688767 454.393315949 -322.879915267 24.9821309367 140.538603713 -291.634650032 -168.82844358 
-419.383262432 -57.7266862118 -29.0468432878 -391.50033967 -45.9252030202 460.550995657 310.097736609 -4.16117940463 392.25250164 -319.542403516 
-126.655691264 -455.023389889 -29.0468427086 92.1773124496 62.3755243796 317.150570382 -98.1327001863 310.521561117 444.690365997 226.726670952 
178.620206099 -40.5562098962 -315.466421871 408.278780921 -29.0468425186 -93.4949148139 6.93913816344 -172.802745447 300.338502132 439.807860083 
-29.0352709683 -185.034926265 149.38525297 -436.660045521 291.72754077 -29.0468425172 51.1658161669 411.566059153 186.767319426 -299.214966139 
-196.276072489 -275.184017807 -419.173641791 259.869298368 325.933741167 -106.422996414 10.7389302795 386.463422327 29.0468425151 8.03654375281 
153.957933346 381.387941998 169.297655574 -320.982032968 -58.832109874 -317.090193091 7.57573034338 -347.614398938 421.654678544 -22.5757122843 
-405.118722091 -29.0468425189 68.9112045833 -184.556887395 461.046303913 305.502406834 24.4389749776 -377.964858834 304.402031714 -29.0443350046 
291.672179111 -315.819429235 276.010864777 12.4264358056 412.386885066 -29.0468427626 4.35497462076 -458.803971924 -236.41818413 -113.695128803 
-2.11220197843 -313.493357019 324.594147117 -97.0919526285 122.751361753 -426.919946119 459.641504308 -206.983884768 9.63725961337 -209.007593182 
-411.062130168 460.34892583 410.459520137 -193.555363791 307.26687446 -29.0468433006 -383.440627052 187.651580113 10.5752689561 -29.0468427988 
31.4398819058 -113.95147541 7.18653792509 -5.67554538006 -254.906826315 -315.966900736 290.965853107 -316.038748207 -458.951443421 408.660239658 
-327.893564409 381.990019861 -145.093081628 -364.050209739 452.445235867 312.301891273 -29.0468425613 154.325582156 5.84116995411 -138.973224568 
-354.139958757 -137.773166307 6.72648587642 381.476296549 201.636688016 -29.0468425169 296.573169511 445.095042722 -150.756104803 -326.150502209 
-230.920005655 -29.046842725 80.6586259494 -26.6382603334 203.591713017 308.338744507 -449.801342374 -341.578722287 -21.6738398134 414.667445425 
-63.2346997167 -112.14786805 441.765466374 -330.271352404 -378.694875496 41.1212361902 252.376149243 -10.851024217 435.976955018 -358.154322829 
84.1489040196 -135.819663788 462.080710546 276.955574884 -379.650836255 379.878222827 42.3525359811 -199.936897959 -216.212826536 88.1469917534 
455.968296042 -266.105930905 61.8891299901 136.829496744 403.329348655 -48.9618583716 29.0468300274 -276.583070033 -217.147637384 -459.494720427 
-417.658413779 -310.024583131 459.87183757 -106.334365275 8.09092719137 -205.465327133 408.05306808 -453.009125806 29.0468350308 -129.034405528 
26.2899612411 18.5081153517 187.506422353 -427.03623707 -225.768453148 -407.108354969 -28.5880125124 392.544094563 456.261754223 -187.650949068 
-5.08643545437 -324.132812389 -99.865337455 -320.490333299 -340.441338848 101.894865273 -10.6687631642 410.878538936 429.110045272 -118.44499814 
-240.54379723 -457.787036415 455.112349969 110.292382253 -24.3837648311 -94.2361324753 338.102046599 -241.35457406 3.39854643717 -315.394127586 
-423.224964712 -202.525801631 323.881325699 -40.2304853895 -451.107011392 405.095234286 -318.683274984 -4.28467894271 -1.6372983643 -118.938458367 
-124.020321522 -461.629815614 -123.04060988 120.208537145 335.716691961 129.753515559 -95.6112491862 5.35465497124 343.75614083 223.925279509 
312.990082351 -394.401692846 430.406563766 112.599852463 -29.0464562995 -172.416788207 314.375441319 -423.797274278 -105.177132969 22.9196162322 
461.207645204 -37.3542235694 380.695099116 54.7349431398 29.0467968293 -139.593421822 183.334805254 -193.92202861 325.547615253 -164.388188604 
11.4150844165 -272.101124429 115.627301042 53.3375545638 5.69454220068 440.770380142 232.057969523 -210.564413164 -287.080211514 -453.678724645 
19.6285760495 436.740460013 -322.994155633 270.170144063 29.0467971272 437.611708884 -179.900719148 126.965854608 -22.3144895675 -153.430002867 
27.9219618659 -313.801420097 -70.2708946187 460.503884924 164.126621674 -56.9343850901 312.511217774 -459.423481782 374.753750283 -29.0468425376 
-45.934602031 -29.0468426661 -377.153434349 307.724366143 -42.3530755723 459.434793117 -385.382800663 -413.265723427 310.139539312 -29.0473359404 
-45.9222098964 -319.543768216 460.550846038 -57.7230662029 310.098893899 -419.385273784 -29.0468425285 -4.17289004696 -391.50235101 392.252348458 
17.8278020368 -325.721709055 401.122097711 -352.329251033 -128.69009273 -8.85020777368 461.599257882 360.984358463 4.72890197819 -316.77172827 
419.794039244 377.520373163 86.6824400114 -332.5877846 -409.037655573 -436.920578297 111.671826979 -133.99041172 -86.694586884 131.370088325 
1.42211001633 462.369048722 394.575228415 -21.7558038323 390.648168307 -318.042643761 -328.161322103 -354.237484276 84.3222868466 -60.4680425441 
150.051058541 382.731716815 176.557048965 -313.163736847 -91.1354205252 -121.195884864 413.198375899 -41.7096278925 -3.74249560117 -320.319498983 
188.685032599 -29.0468629226 416.442289701 -269.218238712 290.482248854 -43.907459594 -29.0468425175 -240.714312703 -459.141289279 443.888317868 
299.4962745 -121.412582918 75.1754574674 -223.626507947 275.115884159 -449.719629048 -426.003421681 29.0414471207 -29.0468425172 391.771085307 
320.316466182 -154.661702324 363.273538429 377.309736711 -182.546173089 68.7597568543 55.9834778034 -201.737257213 52.9701701088 -230.336666953 
-319.090127688 445.297390589 -25.3950404664 -350.569087743 -37.4923339595 375.747895838 -322.686165036 4.3016794535 -8.23899886664 257.769105037 
278.184437406 -456.459083343 -90.8057121778 -102.271416842 97.621258869 60.6507165897 317.604998607 -13.9508700698 309.308413403 452.666440797 
-285.836834751 394.816637607 -28.9051882059 189.211341066 -3.17335720754 176.650149873 -228.787260612 193.843108077 -33.5369552099 -256.670177708 
-441.827974797 422.689749264 0.946578239904 8.71794853953 -197.594718174 -15.2102481681 21.4124616453 382.586588994 -413.946360931 -316.37861072 
9.20639377559 -356.769200061 449.508379358 317.442902106 244.522164229 -45.0314544036 -66.1395825185 -21.5262910123 -329.151240213 374.25060515 
-7.83196025016 -206.530667748 322.305503476 -6.89494294652 105.646584334 -30.8648680342 -233.193233775 437.482724406 -320.102148401 -426.577902525 
308.7914292 459.445295867 -204.315944897 306.618177397 81.2811874922 -184.062823761 40.3210085495 -29.0460079984 25.8221915666 -156.179225858 
-74.9115989852 188.486140776 411.911068505 -29.046842554 -29.0509733489 287.136208278 -253.132629863 53.2542381502 -459.111136939 460.134114652 
274.747814764 -415.583442954 -315.704420472 458.955842954 308.452595275 -387.700520191 -97.6901919296 -44.063564666 -29.0468462327 2.46120728175 
-325.917962551 -32.9329010036 437.532578203 -29.0468425172 -353.800944321 -374.62607273 -50.4218492856 269.336181041 -28.9200159502 445.460359843 
-28.1876661508 -187.441220263 214.161289347 186.783382106 421.969613736 -407.769894711 -459.161875959 345.304247846 -29.0468425174 -242.267296922 
413.266759439 -308.625547073 -85.4613513146 -74.2613432823 -46.8889151535 303.846088907 82.2728222755 446.152364554 29.0295285817 149.363436167 
-410.527120194 -459.538365142 158.710212836 -191.896442341 29.0468176682 -28.9409927094 451.264328018 -302.528364321 306.388721342 -169.000887192 
-22.6893377093 457.621778239 -80.0221272622 70.9967228116 -309.304249589 46.5885436871 -32.0835024949 -337.188722434 -356.063803064 305.807847649 
431.311075879 19.375647506 -202.377740343 -26.2086254053 239.788285282 431.108229962 -407.829430542 234.852404405 56.7733521998 -409.027324879 
171.08372664 -43.9973434457 -40.2212407919 38.2647889773 457.616933891 -211.076532934 -209.745756456 -453.441059876 216.57935542 -270.870792356 
-298.353934983 309.640376413 -462.400951383 -80.3069816608 443.763869649 -171.213387265 -29.0468425337 61.496348639 140.252021036 -383.969991766 
313.156624232 -408.89609763 85.8275129479 247.012227814 -378.459012438 29.046842517 -193.355536344 86.0174325604 -133.999456036 432.76063723 
-366.889460832 155.689647678 382.007628975 455.116391046 -64.5811282436 10.7207945327 -316.538852327 101.381540706 -34.4362750988 303.541172248 
186.707478585 -29.0468642066 459.722723606 307.941913839 -240.488474448 -42.4146015082 414.705011529 -459.873932923 -264.3881194 -29.0468426091 
306.213655606 -280.34719235 -406.445289295 -379.389671589 24.4648070994 28.0076650494 461.06505326 102.038303928 -29.0468425172 -185.621964135 
390.624159865 -60.4449348554 -354.252705867 -328.182675334 394.598608003 -318.032942489 462.366273154 1.44029517457 -21.7485070572 84.3107968525 
-88.92328924 290.964256148 -115.184224254 -316.190220715 314.26171066 -391.340946117 2.69077387446 411.478607788 -459.174763409 -28.5549879152 
308.375371902 79.800951118 -443.778568324 -437.246231599 -29.0468425172 304.598605331 -29.0449262058 -221.818162528 462.296471653 79.03688783 
-26.377340371 -318.851824715 -346.734674146 117.499521816 -322.14748102 28.8452682834 382.888684301 337.22028539 -73.9899954145 155.0593025 
-29.0468425127 322.655571418 17.3868407599 -5.68765001728 450.265953232 -428.543148454 -209.373684059 -235.734010009 314.827288041 195.207713413 
220.683672203 -197.564543021 117.846612655 3.77699838611 136.916471224 -4.18703099542 -223.924282634 420.333902321 -413.062133327 -255.75597761 
-419.382567593 -29.0468570495 -45.9251616895 310.097369295 -4.15123682956 -391.499644823 -57.7262519302 -319.544546875 392.252459212 460.550872016 
-40.2299949752 -118.942993489 -451.104525269 405.114474514 -1.63247518589 -318.686176766 323.906813712 -202.518736334 -4.27510281693 -423.222478225 
-341.608484123 233.561303309 -410.674815351 -159.293689061 29.0468333814 117.848253049 14.3592813174 -266.671380668 446.615010189 38.1233302999 
-165.347626686 -29.0468425173 418.576366151 -7.3561403269 -205.729257204 -109.978445397 187.346269913 -426.051976418 322.102587602 -453.933991272 
458.210234446 29.0444483303 385.752592655 14.8477923418 -192.363606446 -194.521226162 -412.264627825 29.0463883209 -219.301612673 -424.266482564 
175.223218122 -459.8643315 -136.691216661 -86.6824894715 304.872663511 54.7820905463 63.7691468182 447.027161122 441.742582449 -164.337301461 
-29.0468425168 -139.41010537 154.773337753 -145.053061488 452.340151497 312.319721857 382.247180322 5.13988390468 -327.856656295 -364.009160948 
28.7920383618 459.500319676 54.4668297324 -86.7983759578 -366.053731094 316.093472373 308.968287836 -29.0468430442 -448.974706701 -247.741423482 
389.868107458 -44.1885959507 -351.41990942 -318.845195198 -14.996839757 -1.52631987192 339.43253066 461.2560776 -324.943786505 -50.5653904294 
-72.7225037755 -262.08103711 158.375508479 -67.7562155065 -106.499432974 146.52906751 142.951006586 371.637556511 411.515108562 -289.128332227 
335.80145358 -316.268878008 -12.4845859305 2.26533586024 -240.178700209 453.843922648 -315.7863789 -95.3942604544 11.2069977925 -458.603991125 
-6.87088465942 435.125457832 -318.991825383 376.471796594 -98.3593543573 -19.0608356725 -327.658625648 252.895254293 -43.2400396065 -355.021251118 
412.249192102 -100.487543313 -386.348807455 226.136013259 -29.0468425172 -243.471220757 -164.676027088 116.730377198 444.413751671 311.179997652 
131.227170451 4.62286859489 -126.143221074 417.885606964 -86.6824415196 456.914329834 -299.462853265 -131.192762206 -459.45520092 92.4594577312 
87.0636994718 -116.131595521 460.453073891 -236.336947158 -457.186301587 -314.3849784 10.5729801944 -125.75905484 356.936375934 202.328118347 
-358.54959076 -152.056181084 -260.503659243 -50.6552378246 460.843950809 86.6824414742 344.501003832 -336.208377109 -39.4883926366 84.2081350321 
-347.986308631 313.322133514 -29.0468425169 0.182340601506 283.763530895 450.571335138 -320.807457731 13.2913917445 -129.413483051 79.7044483895 
-3.55179202502 -8.73049771757 -426.094226235 344.658953761 308.472954293 -195.245914603 263.899114411 -221.408787057 121.059579376 -203.982123556 
-351.560439639 -325.402999954 -18.6740642809 -132.685071407 -122.65469755 454.993248847 -237.598821156 410.567396089 29.045126693 96.9998313057 
35.8004028493 -168.617693202 55.3839378198 434.340043494 -165.21465388 -23.0849005102 202.831836121 -137.330861128 -325.825793689 451.908080569 
-414.912137478 309.742832503 -67.0374667303 -69.4473261814 9.73964803351 85.9177574823 381.241123918 461.295778838 139.485933779 -316.717489286 
9.63870657228 -4.98140693375 408.954560494 -29.0468425172 460.194432423 -429.036322667 322.400671589 -211.103770404 187.425584698 -209.119913478 
305.051036625 -375.114661073 27.0574875858 -102.221477789 -402.976026743 -26.1002772654 -391.185508809 455.50688719 313.676032639 -29.0468425172 
-407.893714611 -220.428212724 -425.065836636 255.620995982 435.223426791 -29.0468441068 386.568220468 19.3493233544 204.114581952 -19.1175470264 
-214.722396618 -458.951434609 -29.0468425172 419.450397136 -242.666902051 288.550203642 -170.574983385 179.664695414 36.5321194459 185.499071192 
-7.60138428522 453.848861557 210.06778848 -29.0468475978 -315.172960368 -454.118250656 413.496966974 9.65115172997 189.019150085 -426.235327889 
172.162258035 -396.697962258 -182.601009074 -154.718086397 379.091747551 34.536855779 316.090173267 -178.020293966 -21.2151227604 451.719406925 
