41.8435219101
44.962108203
44.3731819165
45.1178141256
45.5829486896
45.0888888161
44.7049524154
45.6715697456
45.7650592936
45.501622304
45.9209686295
45.9030751972
45.257325182
45.7836056933
45.3334315689
45.5950082059
45.5713194096
45.823156835
46.1069687288
45.9222170541
45.7167705771
45.4642971749
45.433089884
45.9590870917
43.9853682943
45.7158070318
43.6882639875
43.5856461998
45.6146515303
45.8089116152
45.2050709466
45.0387479675
42.0024783006
43.1278528155
44.3577225151
45.8285190806
45.4067118971
40.831882461
44.6294463442
45.6491462065
45.6046311957
45.6553147558
45.5379031903
44.4795383056
45.9761401573
43.8876689689
45.7648478051
45.4873816911
45.5293366501
45.6084847158
45.7136512527
45.5979899012
43.2892888027
44.352780016
45.5210981951
45.1770346452
45.8058422127
43.5194488299
45.5353732998
45.789669889
44.695501632
44.4875522633
45.1501470073
45.418727793
45.7501537842
45.6556546453
45.0063404028
45.7927013918
45.8101050763
45.634430069
45.8653620252
45.6028058886
43.3447948731
45.6387131764
45.0804646941
42.2039410051
44.7374572218
44.8937809246
45.5352120018
45.4354098316
45.5398173147
45.6899460513
44.9905287479
45.1602924177
45.1605405602
43.4481283049
43.8507209014
44.3262566953
45.4022928052
44.0400075009
45.8888416644
45.4691002532
42.717099637
44.6457142315
44.4503524397
45.5668466357
45.1408196314
45.5931593411
45.3392051473
45.6230809522
43.5547941917
44.9379790684
45.2591264697
45.8477079167
45.3125133369
44.1809772215
43.352332786
45.6220100466
45.876044501
45.2551555014
45.6610970637
42.5639758421
43.445892629
45.827070764
45.7355457526
40.7714106323
43.9804537114
43.6810059672
45.8459785087
45.778987935
45.6001353997
45.2930607945
41.4033034441
42.2208670595
43.5552573162
43.564330223
45.858682728
45.155909949
44.31409593
45.3268330805
45.8234248204
45.7750342278
45.5562006951
45.8413923494
45.4586276354
45.8329692545
44.468264468
46.2050251121
43.5046893449
45.1834921661
45.4986321501
45.7127114609
45.8112965121
46.0209985543
45.7040848123
45.7217568434
43.8460783411
45.5402810338
45.3779279161
44.6637268406
45.9642762567
45.7885466699
45.9637833862
43.3787724314
45.8089118807
45.8662940534
45.6854238307
44.2366770768
45.2470628491
44.9504111003
45.2903172342
45.7240064171
45.5522439371
41.422713264
43.6891044436
45.4962279841
45.7189055328
45.2429495366
44.5895262009
45.8458554418
45.5841575631
45.3077443678
44.3374292654
45.539831801
45.5016333589
45.4897268705
46.116528381
45.5788799502
45.6553636475
45.2523452132
45.9692208367
45.7956500891
45.3099128482
45.6104905059
45.6466905173
44.4653310326
43.7509177584
43.6142846697
46.0289825743
45.6955670553
45.3608953828
45.7407391976
45.7885462844
45.5268324995
44.9739461895
43.2514983723
45.3609183896
45.6040915432
45.4743054091
45.3392213172
45.593267561
43.8527116287
45.0056341535
46.0535943815
43.7756784911
45.0751009598
44.070829091
45.8487717996
43.7277662092
42.7149180111
45.4989280735
45.5250532083
42.1074652631
45.1001914696
45.6466907827
43.3800633159
45.548652771
37.9108346868
45.0445697719
43.1041802646
45.0820276898
44.3316588281
45.6616343394
43.3622882595
45.6624105866
44.2428783436
45.6138693104
45.627663693
45.7140999658
45.746528064
45.5924211014
45.592622914
44.4966730559
45.820771084
46.1327427256
45.9534973933
44.9829118196
44.2270680741
45.4737586183
45.7843389415
44.0393902739
44.7905758403
45.458018366
44.1512337076
43.8959462124
42.5545428765
45.4618885884
43.2005352932
44.9748499163
43.4879895361
45.5648094728
43.8799594987
45.7302802659
45.5633065011
43.7764261228
45.8556110313
45.1011959992
45.687540919
45.4382800867
45.8207178064
41.8464067212
45.7268249057
45.50034487
45.0656527109
42.913834991
44.8667626925
46.0208889315
45.4595752007
45.7169069046
45.7314817337
45.6006388175
43.0403368329
45.5526786937
45.6381309977
45.5513503674
45.4713140207
43.8809806594
43.7522602971
45.2754605048
45.351261751
45.5841578845
45.2286737108
45.3817221965
45.9730168691
45.5430882697
45.8433381269
43.5392970633
44.3499179404
45.6193941239
43.5193583968
45.8620732046
45.5804781551
45.806560424
45.8207190065
45.8459572666
43.8162203524
43.2969756252
45.6280833951
42.9513614342
45.7805792554
45.7164639374
45.3443739975
43.052700444
45.7119024574
45.8476866502
45.8745103006
45.6001389149
45.4332075558
45.6853340797
45.2905099865
45.7429226594
45.2498079806
45.2833868984
45.9485005547
45.7790866511
45.2878262337
45.5277297719
45.8848537059
45.819262435
46.0125685317
43.3494435398
43.283538326
45.4743961133
45.0871907461
43.0286547621
41.9179034716
45.7892722409
43.8718317669
45.7324127742
45.8231731378
45.5223000094
45.3127766926
43.5712156459
42.7734155067
45.3693823371
45.8542684096
41.7046525669
45.6875694008
45.6175913788
45.6028050734
44.9895163862
45.1021912978
45.1441569584
44.5744365398
44.4629671888
44.3748563873
45.8433396143
45.7373049338
45.4787979237
44.103224018
45.8231888763
42.6325908359
45.7417965405
45.1021905051
45.2061684922
43.151214905
46.0777509489
44.3650896919
45.7248597101
42.5746222354
45.6462437067
45.4490050229
44.8225586113
41.7812843804
44.8525792632
45.636735231
