1.2 0.837926967898 1.20000011546 1.20000000003 1.16868597823 1.20000001048 1.19999994682 1.14212513538 1.02663357815 0.98973467181 
1.20000131783 0.904943324181 0.762536967386 1.15965102092 1.14200832049 1.16087727493 0.812100338376 1.04314704887 0.90997005436 0.867706148987 
0.781673213661 0.757522039023 1.02019455218 0.996508625127 1.1428002968 0.735694822819 0.796308489905 0.895948372817 0.996106505809 1.19999999998 
0.821338148401 1.14238079481 0.948291117873 1.16429604422 1.1999999998 1.19999960639 1.02711613909 1.19999999892 0.611164964419 0.979891760617 
1.19999994338 1.04840619761 1.01378365654 1.03901930502 1.14213143507 1.05647743132 0.906792363684 1.14183873447 0.841766049204 1.20000002947 
1.20000000001 0.737006181175 1.19999999994 1.12895808094 0.993894370212 1.2000000018 1.08634017197 1.14213203833 0.856735370778 1.19999999978 
1.07672988552 1.20000002573 1.13999538114 1.18470909954 1.20000064559 0.949847196999 0.586046039773 0.639607267256 0.847435310519 1.03463213507 
1.00558838901 0.72052515352 1.19359667761 0.640068743042 0.988415492083 1.20000000027 1.01273220099 0.984174064644 1.1763755704 1.14213143506 
0.704515396122 1.14224002457 1.14459617544 0.738105994144 1.03406303554 0.963370475378 1.02944453088 0.889094128454 1.14915730664 1.08249916592 
1.19999776132 0.883166934357 1.14213143506 1.02123041987 1.01798140645 1.07954352829 1.14213143477 0.817300323125 1.02796854307 1.19999893299 
1.2000000028 1.00652690016 0.829046484101 0.813973858182 1.19999999882 1.14247179463 1.14208457465 1.06081788548 1.20000000003 1.05048588638 
1.11118793309 0.98497874298 1.11816465346 0.785232502659 1.07523790184 1.14248771718 0.95690981433 1.09168577816 0.863403414731 0.857260670083 
1.14213143477 1.17379315558 1.00067384881 0.848507579914 1.04244871146 1.05594214897 1.20000001943 1.14213142726 0.869163017795 0.591049805723 
0.953681506159 0.996697500872 1.2000001287 0.731874135686 1.09471834389 1.0374471116 0.814453591396 1.14212871274 0.994995658848 0.989564818609 
0.936350222366 0.88452003009 1.03238094761 1.20000081208 1.20000000125 0.94224441637 1.11340066645 1.02711777714 1.14187526179 0.976964108732 
0.977609227809 0.645890388328 1.14213142572 1.19999971524 0.865035443144 1.20000000057 1.16294950777 1.10634029496 0.70408682942 1.04194404632 
0.94663560408 1.1999993559 1.18291453454 0.972799426465 1.14246121404 1.19999998609 0.948945233498 0.928457027564 1.08602020787 1.08785846626 
1.14215902679 1.19983820361 0.954396926783 1.19990569983 0.84205045007 1.14182569849 0.993225749873 1.03194231706 1.07113158755 1.14352596721 
1.02756087801 0.957739858858 1.14248780548 1.00713384046 1.10906040892 1.07536032546 1.08533733654 0.676694906965 1.14213143477 1.12239036852 
1.18209161088 1.14212985278 1.20000032832 1.14246894914 0.952418172057 0.950347448727 1.2000000244 1.01231234431 0.676722151336 0.984648956825 
0.940566329463 1.17049331274 1.0604481053 1.11275409703 1.13021751623 1.19999999991 0.973544209698 0.804574357771 1.20000004962 1.14211332667 
1.20001772812 0.994661101933 0.760720980344 1.20000011849 1.20000000345 0.887682259447 0.888306793757 1.14212987277 1.02094164262 1.19999963155 
1.1525881668 0.982334080326 0.993086952355 1.19999999902 0.853203168352 1.09457951356 0.983653839048 1.13338126497 1.01154703117 1.05517900272 
0.949401573502 1.14212957522 1.01168076746 1.20000000072 0.942884794784 0.75931723249 1.14246616616 0.717977296852 1.17945766382 0.82874734775 
1.14221790193 0.793582211337 0.797375402458 1.13540027883 0.868988242269 0.922818288792 0.977034134796 1.20000031504 0.965371319182 1.00056970894 
0.977398397195 1.14211332418 1.10975791358 0.915158248266 1.19999999997 1.14213143479 1.05000039086 1.20000000063 1.20000000016 1.00675829309 
1.14242117809 1.19999999478 0.933118132383 1.19999999756 1.20000000026 1.20000000216 1.0940345634 1.07390934992 0.97459209637 0.766427445422 
0.947368886216 1.20000010794 1.14213143477 1.20000001531 0.95718453233 1.04315739121 1.1421465901 0.925528618845 1.200000006 1.09152305497 
0.958936601864 1.19871493623 0.979998590355 0.937545620038 1.20000000012 1.20000053889 1.12438188385 1.02487828751 0.941518594012 1.14211332679 
1.0873868413 1.19999999999 0.907335764553 0.793571092258 1.00366464082 1.1999999998 1.14213143556 0.975683596489 1.04798501731 1.06981591985 
0.991438051331 0.75418050655 0.988840924841 1.07230128781 1.19999999997 1.20000000006 1.142131431 0.984800180512 1.19999999999 0.955398912296 
0.889910088611 1.17278228004 1.20000000001 1.14213143477 1.2 0.951024213863 0.832419597932 1.19999999996 1.13494459438 0.990729347405 
1.20000197874 0.822887457823 1.12624054919 1.03668204228 1.14211332679 1.20000000219 0.74027000503 1.0776994707 1.1999999502 1.06690108474 
1.14211334457 1.10430957894 1.20000000049 1.03394516114 1.00078923688 1.19999999999 1.20000000003 0.716918316941 0.838606705501 0.922725886346 
1.01954684814 1.20000151203 1.19999997675 0.98565402709 1.0363203669 1.14073560104 1.02635791107 1.20000039894 0.980521961515 1.15322757869 
1.20000000004 1.14212890714 0.641848210959 0.757136192363 1.14213127401 1.19999999999 1.02266798948 0.994807397828 1.04907878413 1.10469823546 
1.14479758578 1.20000000663 0.970733548819 0.87806079329 0.940713942117 1.0199472243 0.947002681865 1.0343812331 1.14178693831 0.931868711608 
1.15817771607 0.984629689907 1.20000002751 1.19999994354 1.02109774672 1.20000000724 1.14213143477 1.19999999903 0.711888039616 1.03999490882 
1.1999999988 1.14213134459 1.14209143704 1.03680641566 0.703461563387 1.19999999998 1.1999999969 1.19999997812 1.19999999519 1.01647350002 
0.874064783265 1.1999997563 1.19999999746 1.20000000003 0.96248874564 0.633764662162 1.14213098736 1.14208779186 0.759681651211 0.980857947694 
1.2 0.903309389407 1.2 1.02442965659 1.08334551563 1.04536719287 1.14222625275 0.975362977425 0.890284379841 1.00301208256 
1.04846357604 1.14253790613 1.19999999932 1.1422255028 0.850990639337 0.971198242725 1.03756944189 1.20000000001 0.746943444758 0.930454169881 
1.1999999963 1.00009739658 1.13365031899 0.985516118234 0.851503536201 1.09532582884 0.938340484507 1.19999999984 1.14243363383 0.828137697119 
0.666283569509 0.995763995197 1.0358183021 0.879214641347 0.830269451832 0.876090826953 1.2 1.19999999994 1.20000000007 1.14213143477 
1.1066628929 0.904131184374 0.909199643223 0.936319656569 0.970547741574 1.14242406789 0.840344851591 1.04958031626 1.13863344304 0.990534171601 
0.992327242129 1.00105575035 1.20000000028 0.931023200306 1.20000000022 1.2000000003 0.857318326756 1.14212428118 1.19999992937 0.822555518063 
0.995050366585 0.843318266923 1.14422157754 0.768131982108 0.616820588593 0.998534716953 0.837797799832 0.974158788325 1.19999987799 1.09330723522 
0.719521582106 1.0290210066 0.711852810924 1.00647801752 1.12986589605 0.892490907737 1.14247360386 0.959853580754 0.784290159898 1.14787542431 
0.756453578096 1.2000000133 1.1999999355 1.01227375726 1.14213143478 1.20000000046 0.936851322402 1.1999999705 1.1433129066 1.05927444157 
1.00789535068 0.994091557771 0.784009096136 1.1999999092 1.13686455292 1.14213143358 1.19999995497 0.78235425049 0.927711288176 1.19999997871 
0.911600397358 1.20000000445 1.14148037679 1.14213143483 0.971930827289 1.0380571737 0.74888179439 0.811245532344 0.919085676527 0.967993256207 
1.1421314351 1.20000000001 1.04236539988 1.07161253778 0.895046081874 1.1165062857 0.816972276576 1.14213143477 1.02071126034 1.04508394056 
1.10389996768 1.14210645927 1.20000000114 0.718248558925 1.20000000001 0.740853286881 0.975040647414 1.14211626702 1.2 1.19999999999 
0.808327446651 1.01003441005 1.14202872141 1.20000008279 1.19999999614 1.14213143477 0.915743447725 1.07311624379 1.15892565808 1.10510067167 
0.851981538906 0.861835789434 0.907989288213 0.950823568848 1.14175153198 1.13965981493 1.03379671622 1.10930780294 1.19999999999 1.18474558015 
0.868099416721 0.999380149116 1.20000064278 1.19999908721 1.13998210838 1.14213123728 1.19999969045 1.19999899962 1.0755808841 1.1999986785 
0.953815960836 1.14213143155 0.841879763966 1.07058258982 1.14213143477 1.11551849459 1.20000068689 0.985156516261 1.07492064116 0.61871939301 
1.20000000427 1.20000000732 1.19999999772 1.14213080393 0.993000739537 1.13248769431 1.09052655473 1.00226791448 1.20000000003 1.19999992914 
0.787094853464 1.01073114442 1.2 0.620837876268 1.14213034196 1.14213143477 0.997381251502 1.06590008421 1.2 1.07623323186 
0.950587618862 1.14213143477 1.14213144068 1.07023681973 1.1685590335 0.909816604876 1.01681945404 1.05936337879 0.887814604518 1.19999908238 
1.05566054136 1.14211332679 0.964102685075 1.2000000001 1.20000000037 0.695077254033 1.00984415551 0.704337732762 1.20000000156 1.19999999989 
1.19999953126 0.614710861999 0.961916925253 1.20000028852 0.937884374988 1.19999997575 0.970948913197 1.14213041651 1.13281550718 1.20000000029 
1.1421133268 0.787788653624 0.962048785709 0.803650848915 1.02344204277 1.20000168464 0.976728170346 1.20000000337 1.19999590854 1.13997638573 
1.13112499877 0.945788600177 1.20000000001 0.97232844532 1.14246315739 0.788580126607 1.01268756537 0.954087154088 0.725031204873 1.19999997618 
0.883752607515 1.1425386882 0.994465762475 0.971076914195 0.830310534887 1.12416457678 1.14200640849 0.840171340842 1.09770117963 0.94945820865 
1.14182473378 0.860906490103 1.19999999987 0.826653224112 1.07879300306 1.12614548268 1.19999999901 1.20000000009 1.14211291862 0.845952081394 
0.857994802565 1.04063878714 1.20000000012 0.92827452524 1.02566203595 1.20000000008 1.20000000005 1.14199456096 0.665648821663 0.881842885834 
1.14213112135 1.20000000002 0.97082635482 1.19999999999 1.14195333076 0.78012340021 1.05981229905 0.967772099197 0.945973590579 1.2 
0.876845299285 0.564196538075 0.712255839488 1.20000025852 1.04642635753 1.02197265643 0.971602947801 1.14213143533 1.20000000025 1.19999997984 
1.19999998775 1.03529619992 1.14232282064 1.19065271437 1.14205943477 0.924540666432 1.20000007207 1.19999999784 1.01226063803 1.05241524466 
1.03264825401 0.756873272696 1.14213143477 0.890072175109 0.983289457085 0.695871639607 0.99807970857 1.14205765516 1.09239483385 0.921779281036 
0.656547009988 1.01305653837 1.00010397291 0.994263589038 1.14213143481 1.20000032783 1.00923174466 1.20000000238 0.887818393229 0.705965829915 
1.18668770641 1.19999999095 0.798924476039 1.19999999959 0.960987520557 1.19422059106 1.14211333107 0.968128107746 1.20000168894 0.991627776666 
1.19999999964 1.14211199636 0.999430798598 1.03684944666 1.14213143477 1.07820614205 1.15870579568 1.01381432662 1.1999997378 0.656640693929 
1.20000000251 1.08458769546 1.20000000002 0.976510077766 1.20000000005 1.00221178025 0.963042001546 1.14212705154 1.12070845833 1.06359305546 
1.00925207798 1.2000000082 1.04523337809 0.953161709883 1.20000208323 1.03488264258 0.708374861377 0.808355494916 1.14211582934 1.04960590358 
1.08013656124 1.07981967839 0.814825918088 0.968950691698 1.14213143477 1.01860261176 0.855033206814 1.20000015563 1.20000010744 1.0770071146 
0.982852207119 0.980329517719 1.01849978231 1.1092327063 1.16095740834 1.13832734999 1.00308258775 1.14243978357 1.08491559248 0.940797613812 
0.994371137709 1.19999999284 1.07520946772 1.20000023553 1.01133878635 1.07105138377 1.14213143477 1.14213040047 0.786859251394 0.620833951249 
1.14211332681 0.760154297244 0.972408239186 1.0015920911 1.19999999666 1.19999999484 0.90271912797 1.2000000117 0.973527888426 1.19999999997 
1.19999996936 1.2000000771 1.14212891413 1.20000000336 1.19999944675 0.653643941233 1.20000000078 1.14211332686 0.995352745719 1.08363021575 
0.721609990531 0.995026352649 0.995579567244 1.14213143739 0.889384981606 1.09640480445 1.1999999967 0.986409778927 1.19999947016 1.18577104552 
1.01156050243 1.13596326119 0.961231792473 1.19999944479 0.788665980818 1.19999999984 1.20000018514 0.909919588869 1.15918185055 1.19999812637 
1.19999999987 1.16925565806 0.995128863285 1.19999999999 1.14212378615 1.14212419388 0.622183997013 1.20000000063 0.723688817876 1.19999999996 
0.86852272776 0.890184466564 1.2 1.06180489461 0.925143956563 1.01857535433 1.11443015681 1.004843801 1.14213143479 1.13957132028 
0.823356096954 1.14254525095 1.01768396636 1.19195886137 1.14213143477 1.19999998688 1.08128352178 0.718836615645 1.20000003229 1.20000000001 
1.20000000003 1.0270727674 0.873755179655 1.140208862 1.14252404906 0.968818207365 0.993609367345 0.87913502802 1.19999999903 1.19999999932 
1.0678250615 1.19999833188 0.944994759067 1.2000009151 1.14137510598 0.924239565529 1.20000000072 1.0051237013 1.20000049955 0.891348610072 
0.721822555675 1.19999999144 1.01197006277 1.12432739506 0.978816392224 0.93713330588 1.00293014795 1.02153488681 1.20000000263 1.14213318969 
1.20000000034 1.19999997459 1.20000007676 1.14132034051 1.14213066463 1.15147193909 1.03376089027 0.992720596796 1.1999998121 1.074304158 
1.08891347721 0.706551420591 1.01890417801 1.05380967038 1.14241154754 0.75985779903 0.929556905854 1.05215593587 0.992738702899 0.986415170373 
1.05409533006 0.998023168301 0.783558669593 1.00052526502 1.19999999745 0.883147093653 1.19999999998 1.14213143479 1.0088247343 1.05941569003 
1.2000001701 0.981408469998 1.03629208507 1.15317560221 1.1419672494 1.19999998644 1.14479925258 0.999214441868 1.19999959034 1.20000010686 
1.06788145675 1.19999847571 0.608508787705 0.966569201775 1.14213100224 1.0902669576 1.19999460265 1.19999943543 1.20000067579 0.881940789983 
1.1998738527 1.20000001182 1.00844600806 0.979543047055 1.19999999032 0.656602113368 1.03352086209 1.0403627712 1.06110904675 1.14213079596 
0.849112312621 0.885732983938 1.14213143477 0.680782105341 1.13799679634 1.08141524858 1.14204069663 0.945593531767 1.03449783647 0.900392892061 
0.976195728587 1.19999999998 0.998620863561 0.939642250126 0.967993170773 0.722583832564 1.14079783281 0.793383224334 0.836194557121 0.94506071396 
0.988435969211 0.988442674714 1.07282999718 1.18633720277 1.1397861029 1.04884593354 1.20000058538 0.931838286492 0.885152061473 1.14351544232 
0.837015180625 1.14268492406 0.875025942755 1.14213143475 1.19999937972 1.01039151262 1.19999977763 1.20000006159 0.698157870324 0.888280358246 
0.974260187433 1.14212773755 1.00310657039 1.19999999977 1.1999996354 1.19999999987 0.966398500596 1.00979119704 1.07887236642 1.181457439 
1.19999999964 1.12735726556 0.787810685513 0.969640840553 1.06164519778 1.20000000102 1.01505272643 1.14200655835 1.03161009776 1.14214532127 
1.2 1.19999999961 0.955554186421 1.12687744449 0.948459896421 0.641552650688 1.1999999995 1.13685163286 1.14213143477 1.07470667381 
1.04823300004 0.966046497881 1.14247711066 0.971529845946 0.933893383837 0.945050198419 0.591262437176 1.19999999996 1.19999999832 1.19999999997 
1.19999999614 0.959452482527 0.809591016073 0.975586182043 1.02309024808 1.14213143479 1.09773635774 1.0039463318 0.970382921914 1.13670361949 
1.16798596719 1.19999999894 0.990036327433 1.1421267936 1.13369137638 0.845410209638 1.19999999999 1.2000000013 0.994457773494 0.913785094822 
0.832855908333 0.843053440771 1.20000000076 1.05827762744 1.19999999919 1.14213143477 0.750409428233 0.767999607389 1.12768995056 1.04208736768 
1.0390799009 1.14765008422 1.14213144917 1.19671636185 0.70596570047 0.973790622951 1.19999975298 1.03798394373 1.14211841376 1.18470424842 
1.11855909525 1.19999999977 1.02710979035 1.0027966566 0.994188148321 1.05364189519 1.09626386134 1.14437625653 0.646516487329 1.07521705452 
1.16601013992 1.19999999971 0.810819120113 1.14213068567 0.801789208716 1.10171712574 0.963050531358 1.05101680561 1.14180488168 0.95663970317 
0.983779135203 0.84294287505 1.2000000022 1.01779047374 0.909894929489 1.19999972525 1.01700179334 1.14150052156 1.20000000027 0.981343400648 
1.20000009782 0.889281740882 0.709305614686 1.20000065054 0.729813675095 0.999934567345 1.01990942473 1.20000000015 1.14212831159 1.20000025815 
0.990021185261 0.927079236139 0.994475345995 1.20000000262 0.993017417198 1.1999992249 1.14261985447 1.200000061 1.20000000505 1.16505477722 
0.991129651634 1.07234525339 0.982237243957 1.14255177218 1.14213270117 1.01058572426 1.13583758249 1.03752580148 1.20000000424 0.784985857984 
1.19999997924 1.02755540903 1.03075911463 0.735203049811 0.96125062532 0.97068664982 1.2000000071 0.558691389906 1.14213143631 1.2 
1.14213150786 0.911191789311 0.726162857727 1.06482312534 1.04168725259 0.794999846196 0.896477822239 1.1987217085 0.862365052675 1.14213143477 
1.13997387258 1.01150239474 1.05417367931 1.11707749122 1.20000000004 0.92712429261 1.1420295644 1.2 1.19999999994 1.14213143477 
1.20000000017 1.18047948866 0.980525724279 1.14213534576 1.15913962341 0.787139551416 1.14466858991 1.15771947712 0.917549181746 1.00843962551 
0.79410285775 1.14213143573 1.19999999999 0.893037819293 1.14186409529 0.735378924317 1.19999999978 1.20000000006 1.19999999975 0.993758455321 
0.952125421169 1.11630949343 0.804230431847 0.528154471502 1.02425866384 1.00081036341 0.970450190474 1.14213301654 1.1392756524 1.19999999988 
1.00067517113 0.992031032136 0.859650080822 1.13905531356 1.0408321037 1.02665893137 1.01367725984 1.2 1.14213143478 0.982802479767 
1.2 0.940159607531 1.14212906098 1.19999537253 0.97880986442 1.2 1.2 1.139052878 1.01221544472 0.846933774987 
1.07614455685 1.04563350544 0.748316792819 0.982311259103 0.955356157868 1.0468117932 0.994994761881 1.20000000211 1.14213143563 1.05655753978 
0.989494356531 0.885071341433 1.14213086939 1.2 1.20000000001 1.2 1.2 0.606625265522 0.885412917427 1.19999999998 
1.20000000014 0.994394703534 0.868509217256 1.14213143477 1.20000000804 1.0180139468 0.719944219116 1.19999999486 1.01356605359 1.20000015508 
0.646057662313 0.797175436198 0.99130355696 1.19999971611 1.14213829188 0.750188209544 1.07288724675 1.14213143477 0.780743969534 1.00316214171 
1.06181774049 1.200000001 1.00375393213 1.1999999983 0.775194064629 1.20000000216 0.747735467362 1.14213148568 0.872412381383 0.996803949145 
1.140017852 0.964147652957 1.07587714613 1.14132263334 1.19124681996 0.850298877179 1.04311688423 1.06866648368 1.0222174039 0.926586895413 
1.19999999832 0.995051329411 1.20000000894 1.19999999824 1.20000000001 1.02578398338 0.935229988577 0.81943726935 0.59555074608 1.14211332686 
0.998621506565 1.14213117276 1.00609595665 1.20000003135 0.63443343738 1.2000002984 1.02979609766 1.06571117375 1.1478332446 0.900367724943 
1.14207082048 1.20003731964 1.19999957527 1.00200943999 0.837992632278 1.09438352162 1.17278693066 1.04498604716 1.20000616654 0.737560574973 
1.19999721709 0.931895081528 1.16027828542 1.18397697061 0.868689083787 1.14239741013 1.10131489904 1.19999999916 0.855530908076 0.98974361995 
0.826709536327 1.14211332679 1.19875720266 0.76514988347 0.630170253884 1.00023986841 0.88651142323 1.14212655893 1.00081414355 1.20000000043 
1.19999999717 1.20000011675 1.03089247141 0.857813982938 1.14093308871 0.833072421919 1.20000000027 0.819057942389 1.14212260423 1.19999999507 
1.2 0.918501105866 1.2 0.758645946478 1.20000000001 1.14213145653 1.14178384285 1.10113280626 1.14206875228 1.0919156416 
0.927238588589 1.20000000001 1.01815024054 0.914085366063 0.984284259245 1.2 1.14128205083 0.82812808664 1.15319013882 0.993422532092 
0.859272322655 1.02926007611 1.14087268122 1.06000812906 0.997631787209 0.983807516575 1.14212767685 0.864200792239 0.892387267615 0.977471085196 
0.927760480901 1.19999999941 0.860235304813 0.917394608306 0.930296106879 1.14213143465 1.02909403178 0.684976421975 1.19999999984 1.01523573571 
0.950782529671 1.11956583142 1.18585881266 1.14213143551 1.19999951016 0.972005782137 1.02232178913 0.550973855568 1.0167404694 1.20000000048 
1.0929907607 0.995547641555 0.901056941138 0.958497891898 1.20000005421 0.617337262126 0.813675218548 1.00207411505 1.05468513133 1.14263732629 
0.973816961626 0.957773500108 1.19999947212 0.687689225203 1.01338898899 0.897905537209 1.14247928608 1.01990347829 1.1196234447 0.78985370013 
1.19999999992 1.19999999953 1.19999999986 0.974558292719 1.00747213607 1.14212782905 1.19999999986 1.19999999995 1.13536225859 0.95641402337 
1.03600125418 1.20000000002 1.01313968642 0.973474369547 1.01219194996 1.00323504609 0.851946948891 1.14212976145 1.06848705247 1.19999999338 
1.19999994513 1.04753654001 1.14211177021 1.07642603105 1.03423096429 1.19999998861 1.07066537639 1.04524931919 1.14213143477 1.00855950617 
1.14214828794 0.835680415918 0.979822719658 0.93917532312 1.14197418206 1.04454424924 0.998348397879 1.20000000194 1.04344251725 0.566134556401 
1.20000000108 1.20000000013 0.884015409784 1.01977110048 1.20000010148 1.14194558624 0.85656269647 1.14213143478 0.840734645192 1.12076190264 
1.03237310725 1.1421314383 0.981727133593 1.11813192714 0.907932405081 1.19999999975 0.838094465543 0.645834071181 0.573336322872 1.20000000004 
0.991339724958 1.06411910635 0.911972907494 1.20000878307 1.13330948571 0.906593211032 1.02287335165 1.14213143477 1.05135805869 1.14026717669 
1.2000000001 1.20000005196 1.10922021904 0.979307861379 0.632370386987 1.14213174533 1.01648263852 0.596308063942 0.85551237509 1.20000001605 
1.19999999993 1.18979769875 1.14230146157 1.06924439489 0.880685798237 0.997701589859 1.1999999987 0.692795895445 1.19999999996 1.14212917206 
0.817012711679 1.20000000344 1.08427153971 0.847212330119 1.14211332671 0.978823524959 1.20000000001 1.18565109498 1.19999999981 1.19999999998 
0.944662379452 1.0014642603 0.892935070859 0.913520202256 1.02496286329 1.07461648359 1.14245333246 1.12859353935 1.19999933773 1.10616447844 
1.19999999996 0.961066548273 0.992454975686 0.797930597143 1.19999999996 1.1408423243 1.19999999808 0.937291745886 1.14213070443 1.02862330471 
0.614321424534 1.00801883906 1.19999995432 1.19999989878 1.08896419959 1.08183614238 1.00645440781 1.00891452858 1.1045189855 1.14402587712 
0.917100495707 1.02564461729 1.200000001 1.14260217472 0.937198232024 0.986218150467 1.20000009864 0.933768167021 1.11591879337 1.03875745265 
1.04814248871 1.14213143555 1.19999999999 0.975691307038 1.19999999779 1.00366537927 0.907284594985 1.06954155686 1.08720531328 0.79349974977 
0.986329825634 0.850375815008 1.06157407328 0.868030462044 1.01846884041 1.03117229848 0.688765143732 0.974304774382 1.12024760786 1.14233409283 
1.19999999971 1.19999995549 0.884393078069 1.16365445965 0.947001846852 0.973628146345 1.00392600726 0.924690185739 1.14211332681 1.13674709955 
1.20000000592 0.732404660235 1.05491617009 1.14782713292 0.996533800598 1.20000024412 0.64086938051 1.14213107142 1.20000002127 1.00332862154 
0.926263180111 0.928367248837 1.14158682662 1.20000000548 0.947580411784 1.12566489212 0.799448253243 1.19999999995 0.98165145623 1.20000001289 
0.895561229097 1.10042985261 1.1421314362 0.886189799424 0.805962386123 0.797621817939 1.19999998602 1.20000000173 0.970332100827 0.91575188547 
1.14122336659 1.19999999995 1.20000000001 1.1421376378 0.881606882831 1.02209744377 0.898074466713 1.19999999998 1.19999999994 0.810037812524 
1.20000000091 1.02717383495 0.696495061104 1.19999999974 1.17322979721 0.924886659832 1.01341590205 1.14213019401 1.00027861347 1.08217161778 
1.17974048152 0.887052873403 0.876846194062 1.14213036964 0.900045704742 0.992679682895 1.19999999994 0.992937782601 1.19999996274 0.804468123498 
1.20000006314 0.996219488394 1.16641556727 1.19999999703 1.19999999815 1.14211332679 0.798394417577 0.591732697026 1.20000065405 0.977732996612 
1.2 1.02793736118 1.14211339261 0.886520658587 1.2 0.845724479581 0.683922209928 0.994925911612 0.986413881194 1.1833549812 
1.02189227994 1.13741059081 1.2 0.963621911193 0.9588976722 1.14211332681 0.746388577596 1.09020459442 0.967678835456 0.957120203794 
1.19999999989 1.2000000011 0.827153293734 1.07277685349 1.19999999768 1.08141570528 1.00782975311 1.1421296286 0.993071054643 0.983599890435 
0.919791311874 1.19999999967 1.14220328389 1.05991446403 0.619742373506 0.937657119546 0.803462584829 0.987811925641 1.14269853195 1.19999971361 
1.19999999998 1.20000000137 1.00308015633 1.02084509336 0.914401329156 0.838181946856 1.19999999981 1.14280639591 0.99635401051 0.734596779279 
0.527284517056 1.01628032068 0.970213716528 1.14213306181 0.803699504461 1.13947480668 0.955652373067 1.13137746112 1.00245396829 1.19999999905 
1.14213143313 1.06041586853 1.020041865 1.05662463769 1.14212451023 0.936644965874 0.643366574138 1.20000000015 1.06189563932 1.19999998221 
1.05372471357 1.02208124448 0.933647139682 0.687678080071 0.948031842476 1.14242341653 1.15470920405 0.676751343805 0.758024210023 1.01218333539 
1.14060523552 0.906148862609 0.972044256643 1.2000001636 1.19999994829 1.20000000001 1.20000027196 1.05069969516 0.968245842826 0.896272213542 
1.05216628151 1.09064342909 1.13283353582 1.08159131869 1.20000001051 0.880592795726 1.14211591155 1.19999999773 0.917074173549 0.994466156657 
1.15850410193 0.92915743646 0.922094593753 1.05333988703 1.14213162437 0.765881076753 1.1999998465 0.845541926704 1.14197451882 0.847603424653 
0.58610575964 1.19999947761 1.20000003558 1.02792584535 1.14213141957 0.917752116405 1.19931535988 0.69369627867 1.00137946794 1.19998111927 
1.0289487103 1.02909842639 1.01308295403 0.971776487726 1.20000012567 0.549007536328 1.03449243558 1.20000000006 1.14213143575 1.00594639474 
1.04970414985 1.14239319862 1.06045254812 0.93649608457 1.19999999545 0.989756907028 0.929232803067 1.19999999955 1.08286544706 0.686209227805 
1.1425269942 1.11953996312 1.18303307728 0.801714019433 0.992280927034 0.677122077912 0.830915932728 0.859709723854 1.0528231269 0.968055157077 
1.20000000139 0.610944578256 1.19999999939 1.01816938174 1.19999999929 1.14213143478 0.998098028905 1.19999998972 1.0796032373 0.997511946499 
1.14212913402 0.935915585559 1.10232601385 1.1417169887 1.19999999939 0.853914561714 1.20000002451 0.893759842675 0.938856725362 1.05036899698 
1.0357018284 1.14211578154 0.978582681929 1.13596664726 1.16433213145 1.00131158988 1.08144774757 0.931699873835 0.953274875973 0.917142994734 
0.968155579801 1.14201414458 1.17341303256 1.01670584689 0.721360038677 1.20000006248 0.797178747298 1.09646092775 1.19999999999 1.20000058244 
1.12336033973 1.18953139585 0.90403576721 1.14211332652 0.846397929575 1.20000001586 1.19999999997 1.13205614609 0.979388208372 1.20000000372 
1.19999999986 1.02157497091 0.726238449423 1.16624278536 1.2 1.10425094294 0.944883487498 1.14213144766 0.619800945055 1.14274650346 
1.17697313876 1.14213570841 1.19999999989 1.0763454279 1.1999999991 0.958356337423 1.20000000208 1.19999999946 0.678606524387 0.986882949281 
1.20000004721 0.811110615522 0.869330100848 1.13667907523 0.89837518444 1.20000038454 0.929471609235 1.14212427375 1.00487575688 1.19999999975 
1.1422942344 0.86193119767 1.2 0.776953206931 0.97751418075 0.947157049321 0.931070738675 1.20000000001 1.20000000001 1.14211294619 
1.14466860442 1.12627290712 0.635057743401 0.991248058089 0.90351456412 1.07839250336 1.14314491248 0.992782010584 0.635093791547 1.05301443261 
1.19999999964 1.20000000046 1.12853788701 1.14212995504 1.01453649304 0.999838114868 0.899809869535 0.696361666489 1.20000005856 1.03644176233 
1.01117214477 0.949363845272 0.916710354297 1.14218476953 1.06580070667 1.08530994048 1.20000017375 1.20000025693 1.19999992683 1.19999999864 
0.698765320941 0.967165266296 1.17600900837 1.19999953091 1.00826536124 0.901614549722 1.14213110591 1.01601471799 1.19999993309 1.17429282301 
0.797934283102 1.20000000042 1.19999999555 0.937196360895 0.960948089551 1.02855436825 1.14213070235 1.1408458019 1.19999997135 0.992489132656 
0.987481709065 1.05643938683 0.929845367701 1.20000048921 1.00034494492 1.19999999975 1.14213030911 1.02597538315 1.19999985888 0.988847495867 
1.19999993913 1.20000000121 1.19999997625 1.01700702102 0.829378164513 0.999585560703 1.14213143477 1.20000006077 0.915518247643 1.00594593276 
1.19999999811 1.14213143477 0.910039995761 1.20000000022 0.633816776517 1.05040382535 1.04919486707 1.1999992197 0.809525023699 1.10412473161 
1.14100112515 0.770621910256 0.897996937945 1.14213144747 0.965603727368 0.890029259206 1.20000001508 1.01556337586 1.1999999819 1.00169804034 
0.727936802875 1.20000000071 1.14213143477 0.947349473328 0.793384497396 0.991696327794 1.19999987632 1.0561320468 1.14162644231 1.08916708498 
1.19999764468 1.17111035214 0.999269521838 1.19999999944 1.06671500138 1.14251733951 1.19999836885 0.960020264281 0.904986765145 0.970241932988 
1.19999999612 0.890037681469 0.837277777903 1.14213143475 0.8751191196 1.14268715722 1.01013877981 0.697539527578 1.19999999996 1.19999999997 
1.19999999986 1.10586538486 1.00226602811 1.05319638211 0.975584300864 1.20000359605 1.06442870839 1.2000001285 1.14213048711 1.1265241218 
1.14213143477 1.12592618365 1.05044570418 1.20000000019 0.637592847218 1.2 0.738607057992 0.79370074442 0.69758084941 1.10621694438 
1.19999999706 1.16048238576 0.963669192602 1.20000001196 1.05054136386 0.945608313426 1.14213143475 1.14214559968 0.933633578687 0.97107326419 
1.1198225538 1.01332837635 0.938223745683 1.05214990087 1.04735831171 1.14213143477 1.19999999749 0.961787858637 1.14166119636 0.926892201868 
0.997827513871 0.839541354617 1.20000011514 1.19999624275 0.863917862831 1.14213125347 0.962278333727 1.19999935093 1.14225542576 1.19999862183 
1.08812657402 0.857165475192 0.883190071777 0.891639564853 1.14126792006 1.2 1.14213144743 1.03614907244 1.14100424062 0.984234458436 
0.885144570304 1.14212887423 1.20000000004 0.905916100042 1.2 1.02417498038 1.19999999993 1.2 0.842349926693 0.939414172539 
1.12847677767 0.9536916659 0.995255165417 1.1999999998 1.15035384962 0.70382225328 1.10260886259 1.01703403586 0.834127450598 1.1088834317 
0.982297749427 1.14211332679 1.20000032933 1.02806718388 1.19999999961 1.20000059843 1.1999982291 1.14091083781 0.929626455561 1.05186083814 
1.0152237818 0.934070931778 1.02647647232 1.14213095957 0.961885174895 1.20000010935 0.990146931592 1.19999998107 1.20000026487 1.01120829238 
0.687088433616 1.14213143477 0.878916490016 1.20000000029 1.16066202651 0.857330448934 1.07499869741 1.14259435209 0.948122756567 1.09231760291 
1.19999991995 1.00936821037 0.929764300235 0.994454069258 1.14212821451 1.20000000007 0.972945172371 1.07207604764 1.01895704954 0.842147573931 
0.984429128127 1.00339346705 1.20000053683 0.75640461451 1.05531945575 1.0045970512 0.924645184198 1.14213083658 1.20000057532 1.20000001389 
1.1421187805 1.19999982469 1.1999999881 1.13304032668 1.1302328614 1.14213213227 1.14012781754 1.19999956996 1.19999980462 0.997926009925 
1.2 1.14213144767 0.944878565907 1.16624005267 1.2 1.1042454068 0.619807359486 1.0215851427 1.14275493968 0.726237751886 
0.876920076909 1.01680951757 1.0602930778 0.7376780201 1.1421314261 1.1636949728 1.13293576698 1.14204033132 1.19999999996 1.20000000209 
0.990390377852 0.996523870627 0.980520036755 0.897450408381 1.18986425902 0.732987902433 1.13935713719 1.06130865561 1.20000062349 1.14213143478 
1.20000000002 1.19999999044 1.14211332679 0.769883348621 0.788055273173 1.2 1.2 1.03394862164 1.06649767887 1.2 
1.1999999993 0.814904496916 0.725091696293 0.992028243082 1.20000000586 0.995829776127 1.19284642298 0.791340115471 1.14213143477 1.20000001829 
1.01070317048 1.14213143477 1.19999999396 1.20000020299 1.19999999992 1.19999996209 0.748003405442 1.08568012459 0.627455035927 1.01061033639 
1.01240195369 0.809121991382 0.963580647688 0.635980399923 1.14213143482 1.1421311711 1.20000000009 0.910379662007 1.14038096458 0.953480837127 
1.11069744726 1.05994636254 1.14204617558 1.13952009087 1.20000000005 1.09982359675 0.651544294769 0.731424684769 1.20000000096 1.1421314507 
0.973554219124 0.94640003209 1.19999999936 0.90043025259 0.946493698634 1.14213143477 1.2 1.01494953162 1.02092750561 1.13936240277 
0.867010151323 1.0123649659 1.2000002586 1.01800965103 1.01867040164 0.884892928889 0.612103653976 1.12508897531 0.890940011541 1.14864751554 
1.00885524166 0.99820915028 1.19999999701 0.976656217988 0.965577972896 1.13364155295 1.08468849034 1.02127689738 1.14212807916 1.20000000012 
1.2000000148 1.14213126565 1.00875910276 0.952612686803 1.09991055576 0.714719659963 1.1999946586 1.20000006349 0.989777406873 1.14801912478 
1.00546257517 0.809682525627 0.946007511884 1.02160447979 1.04930576873 1.04846443049 1.1999999998 1.09181642905 1.14213143564 0.975076340993 
1.12654317198 1.14243022955 1.00361566794 1.2000000015 0.937190609988 1.09601856506 0.672048308793 0.988261955238 1.09118611288 1.19999999262 
1.08353403477 1.14213143477 1.20000000001 0.87051117359 0.827441977844 0.906286844331 1.20000000005 1.00894440875 1.14213143837 1.18460053399 
1.04769702605 0.949780493357 0.934788371374 1.14213023996 1.03740027329 1.20000001468 0.984034791873 1.11784915767 1.19999999983 0.996578318955 
0.667590082005 0.874957032301 0.973197316868 1.0281226971 1.20000000017 1.14239749256 1.02330379969 0.974404721724 0.885352961663 0.982259698931 
1.1999999919 1.03206914189 0.912199871875 0.926869823259 0.929863994805 1.19999999341 1.20000003634 1.14035874024 1.02183004732 1.14213143414 
1.00263579119 1.06889032649 1.11768656202 1.20000000055 1.14213554126 0.989445902722 1.20000000101 0.947841880158 0.983847210476 1.19999999948 
0.989073834653 1.14206927711 1.20000000001 1.03420921302 1.20000000001 1.10334858487 0.979506534631 0.998116685168 1.08241575626 1.14213143477 
0.658111397484 1.20000000144 1.11018389729 1.07262636405 1.10721273124 0.946052086432 1.02356394086 1.00250800104 1.14245012641 1.14213143477 
0.891231725924 1.11659835947 1.11137251415 0.651515248826 0.837778270253 1.14242728485 0.884534560209 0.935918678855 1.03732664309 0.992100817049 
0.666211538453 0.917670565112 1.19999999911 1.14260223436 0.986277589827 0.991074746347 1.03537396128 0.613163754217 1.19999637007 1.20000000238 
0.960179436733 1.19999999167 0.918403979676 1.19999999861 1.19999986212 1.19999973622 1.08612256165 0.906767992165 1.14213143477 0.83509871771 
1.02411771635 0.92392468825 0.785609700356 1.20000000003 1.00924888754 1.03153753823 1.19999999996 1.14211332687 0.935109013898 1.02763001962 
1.00372645762 0.558016462044 1.04385690815 1.142134428 1.01932310099 1.1398506069 1.20000000015 1.00319105362 1.05103156407 0.846269876425 
1.19999909939 1.19999999924 1.14133399617 1.03381359612 1.04920655198 0.994362115628 1.20000022687 1.15690061462 1.19999997873 1.14213066185 
1.0038447037 1.14213129828 1.02097120009 0.940425601713 1.14213143481 1.20000001356 1.20000000124 0.884284178061 0.877917554085 0.811347838695 
0.978809032591 0.691214560181 1.20000000073 0.904050288201 1.11715463142 1.14213774251 0.971950317176 1.2 1.20000000016 1.13770150733 
1.12001606837 0.888905896121 1.0124044258 1.09041685894 1.14711956637 1.07022272311 1.2000000242 0.890017756024 0.982705888432 1.19999999914 
1.14183089862 1.157329775 1.20000039751 1.02496864414 1.20000005359 0.920073972547 1.14213143479 0.86759312062 1.20000002089 1.19999732169 
1.08811466817 0.685211482399 1.14211332652 1.2 1.19999999962 0.709070089312 1.2 1.2 1.2 1.20000000043 
1.19999999083 1.14213056913 1.20000000007 1.19999952589 1.10237275388 1.12849029285 0.676728526839 1.00586506371 1.1420631711 1.04614563813 
1.20000000319 1.19999887997 1.14033648614 1.00396983943 1.19999901132 0.963662317196 1.00391395212 0.924460795821 1.06069424255 1.14213090308 
1.13733171436 1.11836812181 1.20000001289 1.08038548454 1.14213143477 1.15582537782 0.756767084118 1.14213143478 0.962885204349 1.20000000546 
0.665103480556 1.20000006971 0.958009955539 0.807288908609 0.905022331259 1.1999980624 1.14213153888 0.915412121981 1.05891192577 1.20000187024 
1.03826088745 1.02982867277 1.06602114659 1.09678387407 0.99698793069 1.20000010457 0.951408926427 1.14212872682 1.07086624375 0.996068013726 
1.0296021183 1.14213158814 1.12230525728 1.14423689789 0.90025237086 1.19999468486 1.20000041974 1.15153757571 1.14202510362 0.909309087527 
1.14213143477 1.1424094245 0.905535335687 1.18487551604 1.06103694903 0.832239418874 1.07059855646 1.19999998661 0.888346890253 1.01490668109 
0.857119828981 0.992522502955 1.14191159453 1.20000000154 1.04622117482 0.738178854284 1.0807685342 1.14213143477 0.749491644887 0.888753452212 
1.05305782485 1.10638672222 1.14210434769 1.20002128963 1.09509874721 1.15644088992 1.18080150856 1.14213143476 0.727352681657 1.01513790203 
0.601516903846 1.2000000014 1.04849918001 1.14213143981 1.19999980532 1.19999991802 1.02175049469 0.97622963868 0.551309642849 0.861468015585 
0.943553079956 1.20000000006 0.867249163314 1.14254387448 1.03823325306 0.734109014275 1.18965040113 1.19999998033 0.973664245384 1.0472983518 
1.16770046007 1.15125423246 1.14213143527 0.770374238558 0.670039914904 0.957519621252 1.01121251411 1.17333637442 0.750386013397 0.883641147329 
1.02314409933 1.14212086515 0.982778610221 1.19832681594 0.792937690989 1.14348147625 1.19999999145 0.994949038152 0.731655546611 0.935292809762 
0.548125456406 1.16885097996 0.975438159904 1.19999999962 1.19999952052 1.01780755067 0.69127715528 1.00078350145 1.19999979009 1.14213144135 
0.914905890394 1.15824246245 1.03120186522 0.880067772954 1.16633026488 1.19179945515 1.14212366009 0.816752032767 1.10172226075 1.11190483942 
0.994598140084 1.14242393462 1.18254023242 0.964742565811 0.714656416139 0.988731129661 1.10089891061 0.948216902275 0.934754757088 1.08755487361 
1.18395907426 1.09766899401 1.10175284495 0.985293898524 1.19999999974 0.739535530751 1.1421314846 0.987671465494 0.96208088109 1.01253067839 
1.19999999987 0.939780024484 0.992061680076 1.00747173081 1.19999999999 1.14213146865 0.931636917644 1.04195895207 1.2 0.952546329913 
1.01945394511 0.976805951287 1.20000000001 1.20000000016 0.688667498902 1.13619015454 1.14221540579 1.12910470569 1.20000000002 1.19999999998 
1.14213143692 0.900744535023 0.951966528544 1.19999999153 0.765033202648 1.13280428023 1.03740895977 1.20000000268 1.1421123476 1.20000004479 
1.19999970431 1.14212943311 0.949086317121 1.02631526946 0.988082273944 1.02589618902 1.20000006699 0.934435092115 1.19999965163 1.14183242624 
0.86434280468 1.19999999982 1.19999999639 0.744054430229 0.998652721743 1.14213146512 1.20000000366 1.016150509 1.19999999946 0.985684069959 
1.03242472599 1.02474487279 1.14213143477 1.01166302682 1.20000000033 1.07693587428 1.01661123049 0.944452466684 0.556353770701 1.20000035854 
1.02432966478 1.14143960766 0.664216945089 1.20000000764 0.895087766275 1.19999999994 1.14201200934 0.966918021669 0.983573843074 0.885076624537 
1.20000000025 1.08073337816 0.942135829227 1.00469917997 1.19999999999 0.929329908158 1.14213143479 1.00219115963 1.13703368315 0.842497749116 
0.955739684303 1.19999999984 1.15200846829 1.11286458114 1.14211332679 0.992610269437 1.04620859572 1.19999999902 0.820566004898 0.797493352906 
1.20000153689 0.864331820759 0.943880268602 1.10622385793 1.08967250224 0.636302842763 0.979194504287 1.12431923812 0.939286570356 1.14244909778 
1.14213056448 1.19999999294 0.835680063725 1.0340746804 1.19999999993 0.92522533932 1.11469396387 1.14122391754 1.19999999972 0.996837893976 
0.617142549932 1.14213135096 0.902697726391 1.18925690229 0.996817066917 0.91136349775 0.974674923161 1.19999983054 1.19999985438 1.0136670168 
0.968646544642 0.648803622434 0.662924429713 1.06362678988 0.602359594264 0.867826248999 1.01266795284 0.991159885874 1.2 1.14213143493 
0.953946125054 1.02713428326 1.20000000121 0.713205806872 1.18271795459 0.937585914033 1.18790054887 1.14211340763 0.778412580637 1.19999999977 
1.19999994396 0.94914552587 1.19999695104 1.19998101677 1.20000315601 0.866841909093 1.14213143477 1.08642237019 1.12024052091 1.20000218572 
1.14257949534 1.06680237621 1.20000000009 0.665359113801 0.536298390945 0.986588033389 1.19999999998 1.09119738876 0.981160255013 1.00163950431 
1.2 0.987631186159 1.06047892877 0.937664206222 1.14206542323 1.03049167129 1.2 1.14213143555 1.2 1.19999999999 
1.06197525316 1.02016535991 1.06040962821 0.643490504673 1.05664232062 1.14213143314 1.20000000007 1.1421245021 1.19999999999 0.936582541001 
0.955898445094 0.773520387892 1.20000008575 0.993902870776 1.19999999758 0.917561006268 1.14213175654 1.14211332647 1.19999996965 1.07912274741 
0.987650392822 0.674924752551 1.20000000005 0.988537825186 1.12129621111 0.970394186622 1.19999994893 1.14213143471 0.903678828171 1.09697663822 
1.03230719961 1.17245748269 0.953306406296 1.09882787131 1.14247464115 0.89837487578 0.888832526951 0.986795304783 1.18001723523 1.1459823278 
0.989268860688 0.854901997027 0.994591117994 0.897955972945 1.14711490578 1.19999999911 1.19999999328 1.14209648183 1.14211332679 1.2 
0.857327208682 0.965925917715 1.14213143477 1.07299437879 1.03394805507 1.12138100659 0.648133380359 1.01564030171 0.958286683277 1.14213143474 
0.690538289951 1.1421378918 1.06630029562 1.03903002577 1.14213143477 1.09083761399 1.10774371052 1.19999994342 1.2000004798 1.00735317051 
1.03940315352 1.14660968587 0.993403987178 0.912872035158 1.20000002393 0.74156034596 0.84590872318 0.962091676777 1.14213143477 1.03623179385 
0.798403570126 1.20000000009 1.01277888455 1.1143459756 1.14032741856 0.907139548786 1.19999999998 0.740796002157 0.932447119413 1.14211332679 
1.2 0.966140714062 1.14212988185 0.937809005763 0.974389579399 0.865360620188 0.978981742348 0.695855154701 1.20000006334 1.00111209851 
0.953632252304 1.18232595026 0.930020549333 1.20000000815 1.14130564646 1.0157982689 1.06122982402 1.02164700492 0.947694431506 1.1394967984 
0.979618069827 1.14213143472 0.863294575995 1.19999999997 0.777475901157 0.981138982594 0.78199410139 1.20000001907 1.20000001338 1.13423038428 
0.714638951761 0.838432018433 0.695092753796 1.16496305149 1.2000000952 0.976894723759 1.06514760192 1.14213452231 0.982138406386 1.02695476023 
1.19999863164 1.16857102731 1.20000000403 1.00085268521 0.691296885671 1.01779108331 0.975403863835 1.20000188179 0.548189534375 1.14213144135 
1.01998558087 0.958856589519 0.803339492353 0.528079383447 1.14213299852 1.20000000099 1.00063715988 1.1392130435 0.970717307831 1.12341248304 
1.20000006302 1.14085361518 1.2000000009 0.73883859914 1.14213144937 1.00218061627 1.14968559143 0.97607742077 1.03520115218 1.04480158689 
1.2000000019 1.19999992284 1.13970660728 1.09792014 0.981726285935 1.06732955488 1.14213143446 1.01767964442 0.860193051896 0.668745814403 
0.849427583452 1.1421320343 0.793917731209 1.14212396647 0.882456844377 0.988045534096 0.634164948157 1.13484837697 1.20000000144 1.1848347335 
1.14213156212 1.19999999989 1.20000000006 1.20000000042 1.07415576503 1.02943574572 0.986894877659 0.944724988506 1.20000000257 1.14211240497 
0.774319060329 1.14211332679 0.630694400168 1.19617251946 1.14212503683 0.881426908563 1.20000000123 0.828019935453 1.00023991401 1.19999999998 
1.20000000004 1.00457180085 0.984897471609 0.866583470901 0.969204177162 1.03024940259 1.13428647433 0.905661268466 0.810556568753 1.14213243525 
0.998651706161 1.00618117316 1.19999959079 0.612509688673 1.14228169014 0.549619128655 1.13849591577 1.19999994665 0.982780703735 1.19999945412 
0.986613181086 1.2 1.01058686678 0.796656007204 1.17185773815 1.01925890106 0.931552135273 1.14213143477 1.0431952735 1.20000000001 
1.04330319222 1.19999999987 1.20000000012 1.20000000519 1.01607873947 1.14213130902 0.915880112195 0.760504175706 1.19999999944 1.19999999349 
1.14213143479 0.959022497347 1.19999999976 0.809936794848 0.974852736911 1.00444000814 0.967727725654 1.09742243531 1.02369217533 1.13689323882 
1.13409947704 0.85035630601 0.88018492759 0.984449989848 0.851291932777 1.00270691537 1.1425938693 1.03547161178 1.06360410284 0.850621323861 
1.19999999971 1.19999995051 0.847273249403 0.940759392747 1.14212914755 1.19999999797 0.978806322113 1.13897464347 1.19999998635 1.0119143008 
0.946322565102 1.20000000174 0.758759552095 0.98146762943 1.1999999892 1.09749709139 1.19999999992 0.949304892861 1.03756032618 1.14245308026 
1.20000000004 1.14211332681 1.00397579793 0.973162293954 1.13678527692 0.882263637662 0.947371908032 1.19999992287 0.924452868903 1.16318864671 
0.679790732876 0.922423797263 1.07128028625 1.19999999999 0.945321922417 1.14211332685 0.886015594575 1.19999999993 1.02282491637 1.2 
1.20000000356 1.20000000006 1.00998087652 0.976763060189 0.998533249246 1.14213068712 1.06600021007 0.977512686223 1.2 1.01562521628 
1.14240284299 1.10150757237 1.02684724832 1.1425346381 1.14997685304 0.969725902688 1.20000000076 1.03911116874 0.574062271548 1.19999999994 
0.995783775663 0.815315068439 1.07883668768 0.974218203063 1.05058946866 1.14211026892 1.01474122464 1.1999999969 1.14213145216 1.2000000006 
1.15140380405 0.941641430348 1.10450923597 0.893032433269 0.988781342142 0.904512340256 1.19996995277 0.951578444686 1.01488881166 1.14247025718 
1.19999999985 1.2 0.972313521991 1.0748773819 1.14213143477 0.923357739938 0.999156377404 1.14211222767 0.744524916356 0.925163593129 
1.19999999992 1.09037998461 1.06561220401 1.19999999939 0.922815339796 0.876888318126 1.19999999584 0.964897272891 0.986126872217 1.14249224017 
1.14213143077 1.2 1.02394213827 1.2 0.983561506892 0.950065392421 0.613404727563 1.19999999998 1.06216933925 0.836371375578 
1.08449535033 1.14213123316 0.986202609084 0.959543700104 0.939350639631 1.20000000015 1.1999999994 1.00335298758 0.973611552617 1.01199408492 
1.0990359668 1.14212767129 1.0639446981 1.10225288711 1.19999999905 1.00594780182 1.10359125188 0.974804802108 0.971195452387 0.839693050702 
1.16666696748 0.882540463086 0.999357521721 1.20000000003 1.08532652813 1.14211332673 1.14250961554 1.01752170626 0.921537373883 1.20000008985 
1.1999999999 0.987930073501 0.923303908381 1.08836523913 1.09807727171 0.966229687131 1.14213145842 1.19999997594 1.11758127393 1.01897522651 
1.04515497417 1.20000000013 1.20000000002 0.663818878576 0.839676149298 1.01141312937 0.892845293994 1.2 1.14211332679 0.777079773364 
1.20000385333 1.19999649843 0.899308434602 1.19999856795 0.821605425567 1.06496371946 1.14211304274 0.898912173629 0.738665520438 1.14213143477 
0.757479411348 1.1641439593 1.08171031392 0.976825141993 1.01540932166 1.00991539476 1.1423770067 0.662523958047 0.91235169406 1.19999999404 
1.14213143487 1.00420130621 1.2000000025 1.19251124736 1.19437170926 0.806304859782 0.870149837399 1.11514395737 1.14212680649 0.738662007553 
1.19999999943 0.708708461416 0.987968623876 1.09945214021 1.2 1.142131435 1.14211316366 1.20000024388 1.13453114334 0.781468185147 
1.2000000002 0.739754275744 1.19999999539 1.04839033542 1.14203229836 0.945146766337 1.14213145411 0.939775697857 0.909594322827 0.874435620054 
1.20000005505 0.925691448078 1.14213143477 0.999555603953 1.14213143477 0.928551954324 1.20000043857 0.741282244518 1.08770912112 1.01626699114 
1.01066891748 0.969241108559 1.14213143755 0.977802279547 1.16601043274 1.14500948067 1.10076942675 0.905958886303 0.907886557034 0.710659997264 
1.14215991121 0.993318278928 1.14352365752 0.954425813809 1.1999479762 1.19992524654 1.14182447187 1.03188236207 1.07070300079 0.84207664246 
1.19999998614 1.02895649205 1.17538893454 0.638615162071 0.885391267342 1.14213143483 1.00258521531 0.822634701466 0.997060019093 1.20000032239 
1.20000000596 1.14213144803 1.08650161185 1.01146439929 1.2 0.890259075252 0.837836667192 1.03963389381 0.766240640411 1.14211332679 
1.13342946106 1.20000000019 0.903538639127 0.991045628737 0.895004861221 1.02229300375 1.20000000001 0.93163388126 1.19999999158 1.14212233712 
0.972247061157 1.14213000388 1.19438310043 1.2 1.19999999953 0.675960166412 1.20000000934 0.663397307961 1.11715228345 0.893523401882 
0.754813164916 1.10393571125 0.968118389598 1.1427019069 1.19999999999 1.20000000047 1.06210725751 1.14211332652 1.20000000001 0.940517691084 
0.992372074169 0.892744033096 1.15036607821 0.738723638979 1.11184199094 1.1999999989 1.16680159005 1.1424154985 0.934160043005 1.18522996811 
0.945038129448 1.20000000001 1.05799910162 1.12474245262 1.1432834736 1.20000016615 1.19999999999 1.01441284437 1.14211332648 1.200000001 
0.983820893796 1.0662923073 1.04897689648 1.20000000518 1.19999999691 1.14179083278 1.20000000002 1.20000000374 1.1999998823 1.14213143477 
1.20000022832 1.0239830123 0.995331893164 1.07335639489 0.897323925965 0.709651000934 1.14213143477 1.14213143476 0.840220729172 1.19999999997 
1.1999999833 1.20000057551 0.656516500674 0.994243993673 0.888000781324 1.01341797194 0.706072787153 1.14213143481 1.00890547669 1.00006731536 
0.888038038387 0.671487301585 1.14213143477 0.930460257337 0.826300705907 1.1423218282 1.06839275856 1.19999991757 1.10584080911 0.892467042416 
1.07398432505 1.20000010346 1.14211332541 1.03401044872 0.891603283571 1.20000005472 1.20000000006 0.784996207775 1.14213143482 0.990531268024 
1.01588659336 0.967477120774 0.974629920825 1.14252649481 0.767471883943 1.19999997629 1.14238082384 1.03272671218 1.20000008395 1.00554662007 
0.962791702063 0.929108618125 1.06814910554 1.19999998464 0.960842961866 1.14213143477 0.681638520834 1.19999999889 0.938291642292 1.17336124699 
1.14213143425 0.909240141041 1.04777335906 1.14381300517 0.933282742884 1.20000001904 1.00048742048 0.880440113286 1.19999999864 0.726246763918 
0.915491760121 0.956488326527 1.14248953496 1.00800979241 0.63171997557 1.1101880042 1.19999999299 0.893887523512 0.942302276618 1.19999996598 
1.01591874506 0.857663510169 1.14213143477 1.07309476339 0.966878203335 0.64821857816 1.12114998791 1.14213143474 0.958951512905 1.03423594825 
1.03341042478 1.07768035961 1.1421314505 0.850203572644 1.14213143477 1.01108790446 0.889469204077 0.985288543522 1.1999973177 0.882994055413 
1.19999999748 1.11145379328 1.19999999992 1.14212956547 1.14212700223 1.18976866395 1.15715596604 0.992290643535 0.695199183041 1.20000000031 
0.889129341197 1.12102471427 1.19999999999 0.68837189535 1.01323462784 1.13787627482 1.20000000022 1.14381043766 1.1421196517 1.14318606989 
0.842255471684 1.19999987269 1.03191212515 0.99332618783 0.954469119252 1.14351514853 1.14216081522 1.19999888708 1.07047238919 1.14182454685 
0.627953628924 1.14153519559 0.99076947353 1.02057821402 1.12739201953 1.14965424012 1.2000002781 1.10759953945 1.14211356505 0.969089844061 
0.895669480908 1.08941537648 1.16878566017 1.13162293215 1.19999998556 0.987340374748 1.20000000428 1.04462036532 0.994721717508 1.14213143635 
0.891491745913 1.14211332541 1.1999999927 1.0337432297 0.784693803906 1.14213143482 0.990392198528 1.1999999996 1.20000034215 1.0739411002 
1.14213141138 0.913661458657 0.860113659531 0.657034339058 1.04030180819 1.20000002357 1.2000002466 0.940073086436 0.946253499472 1.14213143481 
0.830705098744 1.20000000724 1.1421314353 1.20000019457 1.20000002472 0.870806729383 1.06267863869 1.14213143477 1.19999971496 1.0261359637 
1.05157100982 1.14212980765 0.989176686451 1.03460149789 0.980766122582 0.88221260946 0.983049350396 1.035593753 1.20000000006 1.1418676308 
0.950875920996 1.19999999278 0.967066962288 0.944224452346 1.19999992124 1.13309725324 1.14213083659 0.946674018174 0.935139100277 0.884471853737 
0.95201270069 1.03544642968 1.06944656757 0.968003691396 1.0732883006 1.03823573123 1.19999999976 1.14205433328 1.14293002466 1.19068404739 
1.1421133268 1.1999999971 1.147902308 1.20000070235 1.20000016635 1.20000025828 1.19999999959 1.20000000244 0.777910640694 0.950542022197 
1.15330739946 1.03341379241 1.14114054749 0.977912449518 0.890893944299 1.14213143477 0.923417103888 0.79649494544 1.20000001796 1.1146753247 
0.995177605294 0.727808833516 1.19999992797 1.20000027482 1.12976611584 1.20000002871 0.970426977736 0.981057148296 0.806202814263 1.14213143495 
0.936991341447 1.14211568438 0.896564030219 1.20000000013 1.00108294596 1.20000000077 0.890887860519 1.00472310378 0.778126679658 0.915885067139 
1.14213134358 0.92895402118 1.20000001294 1.20000000809 0.6656745037 0.995520968096 1.19999998842 1.20000000582 1.19999998389 0.925817317933 
1.14242594722 1.04349322906 1.20000002272 0.933839757349 0.850088854735 0.901161562264 1.20000000045 1.1999999991 0.962568730388 1.2 
0.726791232513 1.20000000094 1.04551782548 1.14211480188 1.2000000014 0.950047284778 1.12093187806 1.02238610825 1.20000000238 0.94294463085 
