-90.0239810018 -274.780982351 52.7150127473 29.3134397245 167.342161034 -336.644171512 -439.957959692 290.12695767 -154.66303926 421.194376052 
-327.977484118 103.895025398 -211.595983062 -461.686340963 461.686340963 228.423662343 -148.56948113 341.914861256 -33.5821448311 111.313800619 
-100.39432387 -339.144769187 441.043560734 39.6667046151 301.668442664 170.102019577 -461.686340963 -224.113519701 418.572286124 26.6041837612 
196.474695376 334.769132973 461.686340973 -443.849510895 80.5374307194 -316.980942261 -65.0750012473 -180.332293495 -31.7672829454 220.932004155 
-46.0266462399 -207.08212738 79.7392131099 333.591184644 225.796624852 -171.782826058 -461.686340963 456.282859434 -330.090082216 107.904199861 
38.4838964988 -223.438178862 -183.984646468 452.006383352 343.559484369 -322.620498144 165.114150863 273.467554155 -74.9594362311 -454.405272558 
232.478955351 -203.53622474 328.502174671 128.031908678 -129.544621906 455.661813273 -12.4626898791 -8.06997553277 -306.368685625 -436.655846455 
-461.686340963 -206.980453633 37.9315888649 -131.810856701 -333.308422597 -56.7725721989 256.598962581 461.686340963 152.041023989 331.329529211 
68.5163781382 332.317824406 -60.9633819322 -338.986902562 -88.4339087027 461.686340963 97.1545543155 -216.407433371 -461.686340963 209.070184704 
65.5613488255 92.3915586306 -57.0924429934 -213.445867002 214.831174716 338.956982183 457.342922976 -336.056006495 -461.686340963 -89.3287297853 
-49.4887945944 -37.9022113362 91.8937737559 -330.55799519 -302.211023329 -177.790465186 458.837382783 335.818593517 216.193600953 -461.686340963 
-461.686340963 328.508429099 52.4817200671 -208.246703601 -338.939102306 177.122682395 305.27359786 461.686340963 47.0012369958 -83.4317551474 
115.043494019 -461.686340963 -98.2853759715 -343.798501846 344.629365604 -230.975429531 17.1407549458 461.686350095 -116.341670038 230.240425886 
-332.349165234 211.309003706 182.023222007 -172.301403478 61.1175616884 -461.686340963 -208.922495592 329.078556924 461.686340963 -56.56091926 
39.7233245777 -274.668079597 345.301339475 -329.161483918 235.869971575 117.443496861 -461.686340963 -44.3568129219 461.686340963 -163.904905264 
461.686340963 -129.892937124 332.744256211 -339.502761442 -245.467242704 21.3038615257 -95.9775330257 -461.686340963 134.314310358 250.754121638 
22.8050634097 -461.686340963 -98.4515628628 316.666493646 180.760752769 79.3734804334 307.517296863 -333.489025264 461.686340963 -214.627704024 
237.714645469 -165.289374384 7.75469125626 -332.316690703 115.481649881 461.686340963 -236.450482907 343.69361224 -461.686340963 -40.4816012454 
-170.320669537 63.3285652574 -64.8295407595 82.2330661703 -193.048563666 338.028537914 -458.815746488 214.184208048 461.686340963 -325.851738397 
333.155288699 461.686335129 -62.3716419367 54.1458792708 -461.686340963 181.292968542 -224.219358125 199.405384812 -130.091875863 -335.881790315 
-72.9719888915 -214.703506018 -91.8219553788 461.686340963 -459.561755594 41.9399013057 348.452172959 168.380763857 -344.375161211 293.395421343 
173.915556338 202.182983788 -129.567823772 -256.467260424 51.2215044753 -340.919189983 -461.685442871 323.783841446 461.686340963 -36.3046637736 
139.16352424 455.236466231 -334.053650946 -65.3988003962 -223.075773882 -461.686340963 30.4549558757 322.725786732 219.320286017 -178.713771521 
182.684881638 461.686340963 199.38527642 -63.492306118 -461.686340963 -220.638289247 55.6918578524 -154.057490008 333.311146257 -330.912967322 
137.356383232 -266.804353917 -142.135157036 461.638407637 82.6790380898 -18.1892430896 268.987276462 -324.645732098 -454.558566327 335.112561076 
-461.686340963 461.686340963 339.284330248 -280.234539484 210.232244891 -38.0156801975 -336.46144164 -177.914753571 88.0711860569 -44.9297326301 
187.075768435 -175.723332378 311.356540801 -296.380536708 74.0046388747 -461.68634329 -406.934127392 461.686340963 319.778187378 -45.6685839658 
-30.237663556 -450.934908674 454.405271568 92.10497623 -280.426428418 216.7605571 -172.355777274 -89.8012694128 -403.160290544 342.873119541 
-343.801737965 -461.686340963 345.35290123 159.903899106 30.6106954598 -115.784122263 461.686340963 -233.928750964 -20.8901388105 282.06631289 
-176.893365877 -53.9912906661 -333.057094218 216.249811968 90.1700411871 -222.858967089 332.844464759 461.686340963 -461.686340963 75.7996528944 
120.291945683 -334.584492971 144.554484402 254.26189852 -81.7881852997 -207.003072039 337.059291816 -461.686340963 19.5941184211 461.686340963 
-169.086781967 -37.0803665186 -439.957962689 264.799967082 150.210959095 82.5951582007 -316.897663442 -193.495428639 461.686340964 341.331172668 
264.401019895 -335.923278514 -70.9363706626 -461.686340963 287.628459567 36.1728419455 -186.902107371 -214.164824913 223.247322521 444.431198892 
320.835688574 -161.330719026 -461.686340963 461.686341093 156.459662143 69.3800711481 289.552202897 -33.5085753293 -285.460430115 -402.738975584 
226.518328899 50.5209721416 -455.296312489 -113.604088125 -319.466470725 330.842263109 9.19424698661 -229.534700573 461.686364357 123.590374258 
38.9590200813 461.686341156 -59.3428309269 -224.094607762 170.294118184 331.447635533 -335.292169827 203.552605852 -461.686340963 -120.230254922 
238.970556547 -261.838401931 120.276092915 -38.472647898 53.3029350164 -461.686340963 -153.440285293 346.038800413 461.686340963 -340.697541296 
-278.658662591 -452.004414525 280.843141564 -92.2100322116 -183.531549305 -319.343871678 306.362222768 34.2976242511 160.883061554 453.430065825 
338.705893383 203.300966985 454.789805549 235.951599069 -4.84225280319 -439.957959284 86.3833306996 -200.327541329 -91.5505926788 -313.547281178 
-335.079750549 -461.686340962 333.070685557 -64.154585486 -214.160062539 -86.7683910349 461.686357975 179.071616253 57.4439744205 209.57288693 
-179.715173227 -331.768220429 -222.858852399 -67.3396698598 -461.686340896 44.718789992 330.327840771 461.686340963 209.859951898 119.188744718 
-219.245473158 331.02449824 -459.358496066 -70.8094648159 211.191543576 461.686340963 90.3739341629 61.6664520358 -339.448336248 -89.494935113 
84.5018716642 -148.787291981 -461.686340963 328.852355128 -341.299545606 461.686340963 303.954341219 -29.0441496184 178.876070767 -266.538338205 
-149.899978306 -461.686340963 331.353416309 -350.98141884 -102.158071636 215.979400449 98.0392431645 -264.328294142 -8.30277820072 440.932245406 
461.686340963 0.0639865612021 56.8467150211 299.031227164 -335.619543475 174.349465462 -209.501671678 -92.0578944773 -461.686340963 331.902047516 
-456.616165413 -207.68196057 179.402654359 349.280351157 -72.7885130657 -328.80808278 287.658152686 439.111150004 54.4586143161 -157.074411285 
461.686340963 -225.925981991 171.252190951 -102.147166802 -73.826032227 232.140369449 47.9457028658 -461.686340963 -333.635523345 329.094461757 
-138.757493158 169.866241766 -114.881703439 438.049548121 301.288122512 -461.686340963 -4.51042078275 122.91159162 -261.997283607 -342.615405385 
66.0055546208 -174.898475927 -333.265143049 74.3767942515 326.356709577 -244.729824739 447.178162495 196.841976085 -61.8198203726 -461.686340963 
347.461178271 -461.686340963 -335.007365854 144.717192142 461.686340963 265.617172611 -59.5968530216 -210.792530447 -129.361707974 38.895709042 
-246.020193853 87.1994497217 458.322551557 235.809468965 -461.686340963 338.402696989 -34.1234977011 -333.523782728 133.112846567 -157.169195115 
-55.5623902875 67.2616353152 -215.226460688 340.41561084 99.8600508661 -88.0660666358 -338.869460353 457.129571963 218.136950874 -461.686340963 
-461.686340965 451.976128513 -337.122192894 -227.95400575 -165.740450277 -36.2686659668 283.747155818 85.7151612383 425.721732114 203.979642115 
-334.4850189 149.922946187 461.686340831 -260.932638501 -77.1412112355 202.195300924 -191.450943682 328.672876603 37.2592968866 -461.686340963 
-229.825786447 -148.043883894 -335.204284831 -461.686340077 461.68633963 240.010496069 343.790263941 132.284646959 -75.4230589107 39.5323327501 
-108.177619784 338.012960778 113.859615472 -330.101987175 461.686340963 248.539624445 -40.4155380796 37.2130759084 -210.78417349 -461.686340963 
19.7046797525 461.686340963 -165.334793544 342.389575424 104.876972403 -37.7803354765 -328.032335687 -226.311353916 -459.75071115 221.817053227 
-460.418895477 -160.060428523 167.195875033 326.188380532 222.86176301 -35.7674090263 -411.940374565 461.686340963 48.9650113443 -286.556992684 
-264.745269677 206.967665006 328.821654856 -41.3986919736 461.686167842 161.775819617 -461.686340963 -340.628615747 34.2696212902 -145.676978385 
-335.168758245 455.998819152 -52.6569280989 340.062239992 -177.704039219 -232.326329058 218.886390436 -461.686340963 87.5964957844 75.0857046735 
461.686341278 314.725673767 334.803539255 -332.754224083 -458.815800077 -257.76930135 -189.025637903 185.690882751 -83.7652995383 63.2700563591 
-242.027191573 -39.750577855 221.038877073 -337.282612885 48.0057386347 312.935274571 -133.234618744 440.709024416 -461.686341087 164.648922548 
252.379615166 -264.329458598 -461.686340963 -335.583444803 344.028839175 -160.22450574 135.04595625 0.923997438753 -41.162938835 461.686340963 
-347.120869085 461.686341699 -39.511602478 -461.686340963 211.944138924 -292.63697772 -134.606982577 339.755427156 -170.849269147 87.9549095987 
104.346264225 155.621361935 334.353560155 286.219010093 -213.850734006 461.686340963 -461.686344437 -148.12993286 -330.583458726 -24.5314350193 
40.4778736301 -230.7697251 -73.3542290585 -333.013394038 336.300008164 -461.68634102 210.463644776 -183.177859204 461.686340963 106.739364301 
-343.225422291 337.524921967 -266.55890074 -461.686340963 -78.2477539461 20.032020673 224.698138462 456.900279678 -151.215448811 120.970418371 
218.868515476 -219.786881161 141.878945367 60.2140802282 461.686343599 -127.414464456 335.11525328 -333.009113592 -461.686340963 -66.5267765782 
-461.686340963 69.0941606788 -340.040057852 -220.178681478 -90.0698746857 89.0295874744 461.686340963 333.655404098 -61.1011762438 209.913820144 
-206.328734585 -461.686340963 221.0389624 -183.58630419 459.568595503 -331.761099528 100.964514744 -55.7187661885 65.2987684629 336.83105088 
-109.356890976 45.2119993608 208.432690228 -236.246717374 -461.686340963 -89.2172739413 162.755907767 460.771575021 333.363082232 -336.386065748 
-158.463832646 47.034996392 264.996733466 461.686340963 329.436528573 164.203821301 -461.686340963 -63.7223715526 -333.920983355 -210.962771127 
226.751378189 -171.241744076 -294.690840285 82.4980722401 -42.6099702966 -417.104190037 333.953689621 461.686340963 -459.082962848 99.5112815908 
210.980369584 461.686340963 -461.686340963 -335.423401847 57.979047897 335.69005494 -264.265178364 108.282025062 -165.037885995 -46.5787389888 
-27.5745509142 -461.686340963 -210.386176055 213.218909404 181.538679491 -96.6704487467 455.48755685 328.795472591 64.8663389854 -337.551230569 
-164.802478437 101.530428679 275.247143256 -125.778152979 -256.472109826 416.572395424 -8.34559319819 -340.122157152 127.021545444 -461.686340963 
-338.953913144 223.325320546 -150.023335139 -65.3409145895 454.405271568 -461.686340963 126.618849547 53.718616761 -230.666490891 346.171216879 
427.207637777 -344.400204525 167.288236367 -312.689178211 -96.1643291995 -198.504717589 -461.686340963 17.4771996454 296.610567936 142.935479017 
-461.686340963 328.567555626 -145.677458515 34.0688057731 207.037701489 -340.634688698 161.330648684 461.5336173 -264.747575383 -41.3214780049 
333.612063289 210.233197079 -330.080971478 29.218775676 -461.686340963 -305.366651794 -186.900070895 -68.927755577 461.686341657 82.1564458734 
327.549663282 -215.569326818 454.406535453 54.347031981 -337.793424039 -80.3784564452 -76.6697600831 174.785857387 205.301330035 -461.686340963 
-210.715658753 461.686340963 82.696902794 329.007369432 -333.820494172 69.5324391638 -57.5389451162 -461.686340963 -155.614345077 216.832872654 
222.31710216 325.408007757 454.403906833 -341.587314884 17.9942349583 -115.043895096 -241.966677681 -461.686340963 137.240684692 -96.3184588283 
61.5707299298 328.047457323 203.754616674 -314.702103689 185.291689371 453.989276297 -54.8728518717 -448.883458102 -190.903522371 -73.8328416399 
-295.882442465 -342.819643994 16.1407761876 -175.969513987 -83.1886336037 343.725018652 144.049070069 -461.686340963 254.701894415 460.647433197 
-208.590949387 -133.444163704 -313.044711516 -1.55602362113 446.429939171 167.383646013 296.381269453 39.6074405111 -454.405271719 420.390317797 
-461.345485359 337.354686343 -165.75415526 461.686339926 127.793435337 257.728990615 -408.409794286 -104.368292593 -281.932165787 0.361743473186 
6.56083780012 -320.763605763 -336.878447077 231.529819252 346.539556042 -208.429213077 132.336253143 -120.434170722 -461.686340963 459.003017097 
47.3406896461 -204.238487097 119.351256988 -328.054042912 461.686340963 208.787480759 -41.9787278614 -461.686340963 -113.136112396 329.745572709 
-39.597572013 116.512143242 -461.686341012 461.292650609 238.709563816 -403.284643023 340.410253467 22.6058312766 -284.914114507 -168.195256058 
461.686340963 -211.238032018 -61.451801323 59.9068942064 182.814385689 -176.850841981 306.45293876 -461.686340963 -334.089676893 329.803420166 
52.0963960625 265.803663273 -245.569703744 461.686340963 -52.5511791195 -335.539045867 165.591948589 328.155885237 -461.686340963 -170.828272874 
85.2622555219 -97.0005480399 -449.005589439 334.6296625 439.957959547 -282.017000455 209.584528719 -167.788748882 -25.4826928694 -337.822373491 
-119.184953086 38.8301911427 -74.9556133428 215.585291461 440.482478734 -461.686340963 157.601934886 309.669144228 -240.100638673 -343.457952903 
-87.8136572973 -208.055592443 461.686340963 -461.686340963 297.204675573 -83.9393818942 56.2499592998 167.805149848 -326.785538843 324.527946678 
-127.101456096 -246.793656544 210.640073077 -97.1578635019 29.9734444418 333.657801368 461.686340795 -461.686340963 155.107695242 -338.817448921 
318.749816848 -17.2279650403 -83.185019876 -275.722949988 445.392801364 -154.536149067 187.312013527 -344.347861656 -461.686340963 82.9388361559 
461.686340963 244.509846538 330.553619613 -106.529208761 -461.686402744 -222.255471899 -46.9752525369 53.4453547804 -338.794333178 179.181506596 
-12.6417116452 -278.146583252 -461.686340963 456.449449844 308.986831312 200.166688623 104.46942978 -154.853565474 -135.898576987 -348.046640946 
461.686340963 330.512940246 -461.686340963 -190.474018946 -263.041004974 79.0573395457 -332.682611623 -23.6479238011 206.361865368 -70.3624419373 
-453.023763468 228.586380256 -270.792548359 -71.575642689 120.430711495 -331.316144558 -166.478483124 461.686340985 337.621952894 51.7493581275 
-123.874646423 135.496084081 279.847532614 -342.12615506 3.74846078365 8.59380989299 -460.385743465 -231.515234427 271.908972636 431.161221654 
18.4607083241 339.683602557 209.914968584 -329.548039009 -455.926711127 461.686340963 -9.58523198745 -137.182155454 137.225759648 -217.594957843 
-116.171805162 24.7926860142 149.66663709 7.33164803985 -228.695631128 266.077645531 -461.686340963 346.473849643 -341.315615736 461.686340963 
188.117701091 -331.91165349 461.686340963 330.169821476 -0.0078933987689 -212.036006773 66.7255374088 -109.01174387 212.013274136 -461.686339314 
-355.296702479 105.195230003 -270.999443392 326.153519448 -9.19136437031 423.575190965 -144.28708878 -147.302425023 210.056849115 -461.686340963 
-206.485486958 -81.1691589296 33.5259565127 -335.539658107 78.6817132132 442.636980906 191.424172025 306.57123432 445.783116918 -461.686340963 
-333.226691804 -50.3072953039 65.4694395946 237.131479054 461.686340963 -461.686340963 329.235805397 170.294114283 -138.317476533 -209.594412443 
-51.9535584105 70.2437331934 -138.980845171 226.575248886 -331.226954912 -204.936125939 -461.686340963 337.446722662 461.686338944 140.407713132 
126.200124552 -180.38319317 -329.025047835 348.762941901 -258.383261309 -65.9654278576 -461.686340963 461.686340963 245.481980571 43.6043424178 
-461.686340963 -336.08222979 -96.9772729226 195.465973165 -213.024165783 155.282334445 459.881502828 55.1250888688 321.934794196 -66.6138888033 
441.394747765 187.521527162 -454.023990768 -273.756587711 76.7603494943 -113.212531252 307.532071442 -315.68750009 9.61441497128 -198.759541474 
461.686340211 -74.8984710493 205.666543695 327.630533114 63.8512251503 70.2427014959 -180.605828916 -453.768307496 -320.876831891 -272.249791743 
-461.686340963 95.5290133333 -87.4906207389 -337.673410304 -214.113678687 461.686340963 209.977492939 71.2730919662 333.676633255 -57.984322764 
-43.7814440157 95.5386010684 225.280620247 344.455607516 81.4916801469 -339.536505669 -222.699503181 -103.687874387 -461.686340963 461.686340963 
20.7553313931 139.36519239 335.898029379 -221.620553559 -461.686341219 -401.769409848 461.686340963 -95.0628780009 192.973998432 210.342856613 
-265.89649114 -205.191565316 461.686340767 329.45572257 -461.686340963 -88.9299451871 30.1229725966 -336.860574278 207.429072363 111.010169389 
-104.052864972 113.520477685 -451.233320945 -232.197055587 461.686340963 -287.752843333 9.33447354688 236.7407487 -407.427265207 332.362259327 
-341.169930588 -461.686367153 143.394094706 5.73948593127 -227.373037303 349.558504791 18.656671634 262.966858884 461.686340963 -118.079909265 
-461.686333184 -8.67010140819 140.426093652 461.686340963 -331.490924283 -212.06201601 344.820143415 -137.415523209 257.555287323 35.766287429 
-117.094098875 55.2879215577 257.567967876 -234.193101431 -461.686341044 -11.5421496333 139.02282963 461.686340963 344.846977793 -341.205692422 
-461.686340963 236.358140349 -39.1667013853 461.686340963 35.7869002517 123.200492948 -212.043425117 -163.457104713 331.577635622 -331.78752397 
241.442166125 -407.121374682 410.474764963 -1.91718243125 -461.686340501 384.849778139 -157.372429944 -83.4757075801 -279.186435651 129.706264241 
251.164239954 182.782857499 -333.90628113 277.202683406 85.7069368211 423.112888678 -134.659383811 -38.7315375673 -214.894469241 -461.686340963 
-138.134752811 32.6218828767 -461.686340963 407.511581206 -60.6285082569 -208.886212965 -333.99488534 431.546229496 149.569056925 268.80202982 
215.234518442 -185.651332634 -30.3058148116 -291.389117396 93.3735152023 -461.352930873 -117.220040884 328.060646163 -408.381591482 461.686340963 
248.23288528 -75.0416559764 -337.835407333 461.686340963 45.869614205 -209.664194732 -461.686340963 141.207209074 345.73506058 -80.2940782797 
-233.782712172 130.077719201 -461.686340351 238.190164663 89.3083488598 -112.306602811 461.686340963 -344.447301258 -11.4440857916 340.763966279 
228.235421567 322.240738631 456.946644702 157.019837429 -79.3491564053 -30.8549910816 -199.662900914 -327.019919219 35.4596496739 -461.686340963 
461.686340963 -29.9700597013 92.518404462 -121.536754579 -346.291770111 342.645377856 221.497275438 -461.686340963 -288.561846408 -173.465456241 
57.8947886716 301.638812428 -332.58907406 -215.260315942 -461.686340963 177.730776047 461.686340963 -73.7283823042 -87.2889411859 331.487365374 
-211.127733025 177.342371701 333.585871317 54.39560758 -85.9648560993 -461.686340963 -338.662861631 461.686340963 205.384518104 -74.1132457613 
-224.93961018 -107.470638725 340.590758156 -339.13546555 458.444609442 125.546349961 -13.9834663432 -461.686340963 243.882009874 102.871437147 
-337.716131403 -71.696261175 94.5524819564 -209.473651062 221.866525312 57.5020256241 -84.9164854531 343.756614392 461.686340963 -461.686346438 
-342.467525393 -2.68324404731 349.469618286 -100.973590921 124.658404349 -263.139968026 461.686340963 -147.762246318 248.776522635 -461.686340963 
-272.17192644 341.869512841 461.686340963 -21.270485801 100.838306297 -143.018545027 243.974134566 123.449187449 -461.686340963 -342.54328498 
21.0027594625 -159.665722841 -40.8176034718 -459.866685425 232.105190932 447.65766504 341.505046497 -333.196844441 107.561249236 -225.198280065 
-329.938887115 -461.686340963 -193.185373613 333.543062413 209.792304251 461.686340963 -186.874361767 65.9191219479 81.0523851731 -62.0498877159 
296.283938543 139.510725696 -404.673063924 -165.582681127 -461.686340963 -60.5912404298 -285.189013313 431.828685251 189.434946399 5.02282635254 
-343.433029204 127.738516579 -90.8862044585 -141.568480491 435.196369253 -461.686340963 0.021527324995 163.05191703 297.181321497 -264.164754067 
-336.454165362 -86.4009901176 153.057059265 -461.686340963 349.133456502 269.489185662 -209.642403899 3.89392197648 461.686340963 80.5757272593 
208.156866206 60.6959505596 -165.705075677 461.686340963 -461.686340963 91.7911686535 -222.858852379 332.609355705 -332.586850457 -68.263213665 
211.103743172 -211.873856792 461.686340963 335.615287613 -335.43068745 -60.1617229753 -180.728726741 -461.686340963 61.4994077894 97.1717544771 
230.877018009 104.869787948 -253.957708208 -330.373942559 461.686340963 341.765698063 -12.8979564357 -176.714076249 -461.686340963 -47.1311964211 
-333.388163524 232.77525939 -219.038637933 336.85824017 -40.1738635116 461.686340963 107.292775195 93.009729622 -159.110865371 -461.686340966 
274.786084878 331.490685358 461.686340963 -461.686340963 -330.912224782 165.26226903 -209.659119729 37.9245163556 10.8288823849 -118.990609355 
119.996579483 -455.150458585 -260.03756296 -329.978927261 -60.9911236513 28.0659677836 333.070167964 236.966291923 -162.502123386 458.79969222 
-230.499589922 149.780310091 -461.686340963 460.901663011 -105.095995066 329.226071881 258.988470185 -104.044903364 -335.001261324 26.9994149735 
-228.184481222 328.946081001 64.1349784733 -340.141140893 -461.686340963 200.869248748 -46.345065122 -138.97062699 185.311848245 454.405271566 
-186.810225155 71.6709704874 320.594450951 -316.67098994 444.72418902 1.51473031192 -69.0491303993 -316.853246407 -458.728891305 193.268622413 
280.722876567 334.251726755 32.8633986259 -34.9884708299 -126.07219041 -221.666501959 154.426672668 461.686340963 -333.291432862 -461.686340963 
123.209987657 -244.113453493 -461.686340963 -333.288818535 -33.6339909858 461.686340166 -158.469345871 32.7739904536 245.097602564 342.217649344 
13.4408866464 461.686340963 -230.628925784 -461.686340963 326.612406634 -334.416403648 45.0696568286 254.418822907 -113.314890469 170.294113797 
125.508463304 8.17217421753 -461.055618859 328.482002552 -114.825559125 461.686340963 -235.832717406 -409.509836461 -293.122661339 238.484178346 
-461.686340963 332.844348642 -54.0040045143 461.686340963 -222.858984336 90.1629062378 -333.068404939 75.7875189471 -176.905114241 216.242503079 
333.762902033 -65.6685613122 80.9456387853 -331.813374202 -461.686340963 67.8470635844 -208.846305876 461.686340963 -182.810204675 200.583987503 
14.4963363956 -126.738882086 -461.686340963 142.159316347 -339.493528146 -248.212765227 346.63563223 -81.3243405042 265.951953786 461.686340963 
-27.9993315 -201.7668835 -330.590012848 38.494286014 228.982251466 -461.686340963 -78.1018080002 322.737743411 159.818826647 456.863638632 
-210.08596285 278.151043787 155.444192792 52.8000659857 320.199169851 452.639274282 -93.445974337 -57.9790504245 -333.295184344 -461.686340963 
-460.224058812 461.686340963 300.816680351 -333.024397646 -222.858746349 68.8968215394 -29.1157597414 -143.403112416 350.683803477 187.051011286 
459.737596589 126.806045212 -104.772030153 247.577139771 115.043242035 345.275253993 -333.614342572 -223.417008616 -10.0626999174 -461.686425857 
-229.813511153 -69.7701578183 -144.986028916 50.9714028891 -335.69210864 -461.686340963 461.686340963 325.426231876 209.570927531 173.344991214 
175.152821974 -338.415642031 -245.708411714 329.492758216 -461.686340963 461.686340963 53.811909441 211.52800705 -18.3679949324 -117.241579494 
-253.015617785 -72.6655105613 -424.135174892 141.948237807 282.046799349 393.403854944 -163.091699139 34.6274476467 -319.270943933 175.926743533 
78.4032294924 -177.669128629 329.858846937 -401.043712148 -461.686340963 -48.2979134665 -291.57602714 94.2123580349 461.686340963 222.394207516 
348.245089007 461.686323318 12.4958639669 139.605237194 -250.541439464 263.951481386 -113.056507229 -125.580962578 -340.206588143 -461.686340963 
59.1235092263 193.652854398 -209.135214425 -461.686340963 -91.5294669202 -337.251571731 -63.8373339161 330.501276573 130.139162327 460.576301453 
-297.133835748 99.3315373859 320.050589292 194.773840603 -54.7511653711 -461.686340963 -170.801572462 453.528771304 -37.7959060679 -346.840380296 
-98.2561792362 -461.686340963 36.622197751 440.982386443 27.5978478345 -334.224777801 -212.725215454 301.481204447 418.572246196 170.55106309 
4.84796133642 -228.749365957 17.9016847201 262.082787147 142.499370077 461.686340963 -341.401781301 -461.686340963 349.449860739 -118.818133332 
461.686341054 -461.686340963 -337.565160189 -234.915861491 112.587975798 -67.5457921488 226.888614124 -147.403882966 344.61654291 -0.750883077453 
299.260600223 -346.126083972 154.613381845 -87.2986096548 422.312709583 30.1874936984 -461.000487959 -93.3446877233 -217.079393107 170.295160342 
211.084511402 331.24609083 -195.603258072 -461.686340963 103.630676775 6.54484569636 -106.718845659 -335.828877625 -304.703760883 441.693978667 
-244.415126308 21.6979970145 461.686340254 -339.40748569 -99.3448990106 -147.466826852 274.54522866 153.136834736 -461.686340963 348.33005313 
230.977969994 139.776853923 -461.686340963 341.325874475 82.2261116661 -261.555358348 -24.555945711 -341.682628104 461.686340963 -129.706864567 
142.551300263 20.3868628999 -249.735961066 252.770459213 327.865784911 -461.686340963 -127.51794234 -74.4156976775 461.686340963 -341.082315707 
-210.008089248 87.3554252394 -461.686340963 461.686340963 209.702782309 63.1593700068 -332.891403728 -64.4837777125 333.545084167 -164.540218572 
-461.686340963 184.901952989 -179.279790981 -334.240317267 59.8325157371 331.87177577 308.523526629 -66.5537629991 461.686340963 -223.254238718 
160.381472484 461.686340963 -461.686340963 -134.656585519 333.609231306 -1.12512856409 112.591655853 -240.566508742 -332.704743925 290.449547526 
168.358814925 -34.2348205329 -345.203060191 -461.686340963 -106.054943335 328.660364193 461.676840195 -232.701379904 53.3192397095 268.647524951 
223.784916079 -225.098303646 -461.686340963 461.686340963 -45.5857674391 -331.849050071 98.8016626799 60.7729801241 -165.55509784 335.584471592 
-247.885922057 268.037240536 15.2651099022 461.686340963 -123.715544662 346.875919045 143.548778429 -461.686340963 -339.644216579 -100.793358212 
-115.32426842 461.686340963 227.941740991 -461.686348049 -167.735269187 -283.208838428 -345.461673189 346.885260353 96.7813798103 -23.5261472013 
461.686340963 -220.204792353 -102.916685696 283.545998475 158.552839966 -343.484451887 32.0905394997 -458.857812623 345.716894655 -85.6449162221 
145.291646844 251.832184436 -86.6880511161 31.9822347588 -211.935472959 -339.484558444 459.191831964 335.264428819 -99.9732121523 -461.686341269 
-439.957956425 328.751792261 -74.9891218827 -310.535811529 79.723912215 457.29982866 204.629704386 -191.591140695 -0.324032978036 242.658733901 
132.878790507 -129.38105013 83.4657276743 457.867760872 -257.936666806 -312.779713862 -441.510140376 252.86425034 336.190761774 -6.83521628272 
-102.577961144 -331.89587076 68.4347304258 -14.1747068478 -211.678557288 -461.686340961 439.957961076 188.15408861 -166.562844045 319.67291431 
62.2408200107 -461.686340963 -61.0414286822 461.686348444 -207.545839877 -336.31189113 183.870000482 259.169906764 -82.6736716932 330.189916654 
-227.323584937 52.1082514684 -332.925669584 325.11014795 461.686340963 208.750245722 -461.686340963 -150.823364166 174.027945755 -69.0032789229 
-40.673866311 329.897188428 441.284397159 202.807464955 -461.686340963 -331.614625886 -299.215042806 81.5715673299 -46.5284022045 -175.333970098 
-75.6692150272 -110.05898685 -234.404691699 39.8685787275 224.901543454 -461.686340963 324.739097559 461.686340963 -337.9524176 164.038673498 
-333.283113564 -33.6489635252 123.18952238 32.7720024686 -244.106818691 342.192056651 245.059881724 461.686340963 -158.467172727 -461.686340963 
-461.686340963 -45.922939795 -334.373264394 209.33853998 123.751933476 54.8590606859 330.063546006 -267.271685571 -164.847242293 461.686340963 
-315.208171209 188.82603479 -191.532766743 447.651937161 65.5697464911 -39.9544702541 309.453714922 -318.435607119 -76.3178317443 -457.276619944 
-103.204067846 304.835237482 -461.686340963 279.410071733 -63.7574880322 184.108168724 454.315153839 -335.131169995 63.0588355469 -228.097425009 
454.405269943 -13.2484308761 -461.686340963 242.629918778 -264.571408339 -341.411160021 105.718501298 336.930484912 -137.248351937 127.586633091 
-171.712088425 76.5109755981 224.769942118 -333.392348316 -43.0046711874 169.09631463 -461.686340963 336.640560614 461.686340963 -260.330750248 
-270.69674406 101.696383608 -29.5096932022 -45.2250160229 -461.686340963 206.230745036 -175.799897731 461.686340963 -336.50660812 336.683329485 
-154.654889671 -347.896674703 -12.3658538313 456.425648667 -461.686340963 -277.98675779 200.306598913 -135.689244757 308.980953061 104.828365696 
56.3202320322 178.327666502 225.170664327 -218.196709244 461.686340963 -101.723425517 -336.068593332 2.88551799884 332.957539891 -461.686340963 
391.848936196 -461.686340963 269.281035358 17.361336694 -103.933000512 -227.384613694 148.799156631 432.72341627 -98.5685642596 -334.101494683 
98.1656334413 -456.875566537 -231.944929085 -330.034337999 340.078010386 225.261294355 449.16045224 -181.18126327 13.0930600185 -62.3791629583 
-297.854461062 -461.686340963 -331.800675865 102.911289766 336.638536755 227.372371028 -174.225164738 -45.0745598759 461.686340963 -23.1611608835 
198.615318596 -167.34495116 -461.686340963 168.057399386 -286.31970929 457.330614578 -403.721039553 325.922203445 44.0588250033 -51.3697378109 
-170.16994521 -289.083861461 -343.866528507 -88.7224896736 129.997930903 4.37715181482 242.594770391 338.862665036 454.405266967 -461.686340963 
277.564567644 432.44354894 163.965996671 57.9763077973 -339.674269168 -212.321054031 -458.690919631 -88.2039241277 25.183065418 340.717528329 
328.665375955 26.7837148154 461.686341776 -338.294166226 150.641687687 3.26801628285 -117.855096415 231.708839 -245.465414504 -461.686340963 
-67.5908454184 244.334765004 -460.551865905 342.043816059 -7.12085241892 -158.691220384 -282.529227345 461.686340963 -411.431174869 122.044703775 
169.991790448 126.737751781 428.594006419 286.690770395 -454.285390667 -127.561397826 -268.625771261 4.55000448073 -324.483983226 -217.212117068 
220.23082341 461.686340963 -156.04885416 -222.150764232 -334.01091886 116.270224411 342.876276382 64.8881359174 -59.0603251161 -461.67281419 
-344.460162063 -461.686340963 -264.265995251 219.283747063 333.580652077 67.0294300372 461.686340963 184.121701977 -57.0247331043 -154.099197318 
50.0306197767 -261.166729893 152.614699432 -142.424078502 -461.686340963 419.628411613 -340.87932067 284.23812701 3.91698796627 -21.5790514723 
439.957959592 -459.19603628 185.609912469 -244.498173198 315.844411798 57.9288827476 -65.9965041567 -178.088896516 -329.651985487 177.588939442 
-211.935419122 335.265484126 459.192163803 31.9809979419 145.291265774 -339.486006554 -99.9712769344 251.833871663 -461.686355258 -86.6895083808 
57.2937857506 -44.6521839488 333.270994219 -212.762004919 204.12903523 -331.614746475 -461.686340963 461.686340963 -107.652828836 179.443729564 
461.686340963 268.050790331 52.0974831566 -333.163900434 -57.5902883555 -223.950136482 -174.480161236 -461.686340963 168.637531037 330.257248904 
186.3766201 -244.950690465 223.187200291 -120.595779469 -373.185895179 197.128049006 -28.2684172608 60.5435891517 390.5854014 -387.761915418 
-206.686227194 -262.006518096 -80.6371074824 269.788908502 172.098112933 460.565397072 -454.73443852 45.0100431066 328.035114489 -337.268240278 
-461.686340963 451.42797468 -12.2857852426 -235.512686833 425.389246481 160.191231422 -128.481382585 -335.05436052 51.1292061299 285.005833419 
353.577650407 252.933505681 36.4194872456 -338.423859493 153.616216146 454.4052666 40.1041591788 -93.1641971134 -211.472700906 -461.686340963 
-54.8185006352 330.861863668 449.131166575 -454.405275515 178.435686976 -177.532462263 -215.750935987 55.5212700371 -327.62253625 209.314362016 
35.7687234187 -461.686343193 -12.1367232353 -331.524372791 141.206629996 255.627489776 -139.032471648 343.939152075 -212.059818989 461.686340963 
-289.850768223 461.686340963 -459.382108112 222.865687753 41.178793312 -184.711669663 -53.5887110552 323.849469603 -415.940257113 149.133605812 
-190.421109347 448.605221396 -222.858857707 316.169759055 -337.095138553 -79.1705029709 -461.686340963 69.9392047149 187.0256829 37.8889483165 
156.579830177 325.592172393 239.300726201 -207.954358537 -461.686340963 -83.453950611 -333.973189386 -30.6734531478 456.946282101 35.455770018 
91.2066820203 216.194746915 -171.503289957 -461.686340963 73.3791694826 -302.319881419 -49.5524817064 -340.53453116 332.944870249 461.686340963 
-161.10986316 178.86612985 -334.886441681 75.4530111175 303.73083053 461.686340963 -253.995066562 330.651469298 -461.686340963 -39.7493794501 
337.750660983 455.56844587 48.938621007 -461.686339192 -153.039882916 99.293649911 -214.550528712 212.789552298 -74.2704131779 -333.028179076 
-461.686340963 -63.5568164601 -334.247619032 331.067960234 -180.268977831 209.416631686 461.686340963 -211.758738171 56.3267931776 118.983064582 
-213.015588655 85.0214498336 461.686340963 57.9790502969 -165.435212466 201.57165732 -461.686340963 -62.434992269 -334.317370968 334.053516253 
19.9472638296 130.413946041 -461.686340963 -334.608808198 -146.545183002 -80.4053432702 -229.889856323 461.686340963 342.828056352 249.047560409 
-192.681636134 454.405271474 -64.1526778607 185.060575424 304.106942785 150.243093797 -316.854322794 350.367937053 44.7200290322 -454.405277548 
-62.4695215212 461.686361637 -332.066722554 -461.686342033 58.2319749359 334.149383213 -222.858757059 183.674421484 -178.307364039 206.125933725 
216.551293544 -331.36735787 -172.843630147 339.229673925 -222.882438483 67.7899443729 -461.686340963 86.3265117438 -58.2926863943 461.686340963 
50.1057767799 -333.157974573 461.686340963 -98.3047528077 -224.801208348 171.695458787 -73.8990171832 296.372515663 -461.686340963 332.272785424 
-111.960051765 -461.686340963 -225.683273654 316.084637989 449.299217065 222.859657558 143.301657775 -78.2651657093 -333.277910271 27.7348108371 
172.184775898 40.9749325545 163.565976416 -217.251000163 304.731410602 -69.8960558749 -461.686340963 -335.635092568 420.62336528 -179.686460579 
-138.440483153 -165.364137653 219.853375054 -289.73170946 -461.686340958 -349.864866706 89.3246904741 340.780307889 461.686340963 -24.8184993459 
349.042760898 -4.79783987949 -212.056838159 260.234720919 -461.685251182 461.686340963 -133.566947678 35.7720284721 -331.697534612 139.701157722 
-284.719380677 -39.7956037295 460.717868401 340.127590195 -168.061059496 23.6050801873 -461.686343972 -403.069962468 116.377823166 238.482635978 
-71.7603155872 454.405271312 351.691122344 -341.196266327 147.725744557 33.8440035292 -229.202682159 -140.970722476 -461.686340963 248.631416282 
-341.145953219 -239.16333058 140.096363381 -105.587216629 -461.686340963 266.825929411 345.367057209 -115.043749394 15.4673541778 460.055965052 
331.033350215 -191.794773398 40.5426540682 -314.192351 160.171933607 -461.686340963 87.2231824378 -69.6366457189 461.68634604 -316.671205019 
461.686340963 -179.147130848 -461.686340965 337.811389202 -53.3301957374 47.8572747852 111.759278547 -405.410622337 237.914817455 -289.862728314 
320.680711945 -273.333155831 439.957959411 -63.7086773824 -177.702361507 46.4815825563 164.530707266 -320.71326854 188.502501916 -448.147079881 
-206.465481402 208.163111329 -69.1764225137 -330.099159162 -461.686340963 65.3069493375 -64.8398753008 164.995662401 451.87815043 324.664615216 
45.7171911997 -449.424193323 203.719622223 461.037460455 -178.878483065 -438.559165107 117.18561511 -295.383221882 -57.9384202815 325.929903559 
343.143644445 -252.203728693 -176.703990733 -10.835568514 460.357593717 -455.887945104 212.199973013 -51.3180243264 -339.757314938 91.2268652817 
-129.306116228 -170.294125832 461.686340963 103.34229817 -21.8073129187 -285.387844945 334.551732135 -408.533299948 223.657538677 -457.814119735 
-461.686340963 -47.9498701686 -259.328146618 60.8607675866 211.212876936 181.636329431 -332.911698197 328.865020396 -169.419376129 461.686340963 
332.856571892 222.800393443 -461.686340963 -73.5403014263 -335.314382207 104.622380001 -255.851892577 -197.093764216 458.199542918 -5.02125870789 
456.351180114 -52.8257445433 -234.253739093 -178.449897749 -461.686340963 -335.685710226 340.61467904 74.3432638048 91.7406014027 219.417049115 
-334.207567046 186.731238182 461.686340963 73.125977926 -461.686340963 -45.5824724507 338.335309318 221.488342276 -172.357676748 -276.705468623 
23.9297881709 -160.637603369 461.630701357 -461.051538624 329.217502801 -279.965653417 -409.525348494 196.469190533 -100.78956621 151.588875747 
23.3716961673 -96.7158629259 -335.260522877 332.442084857 168.595763076 -461.686340963 262.808835702 461.686340963 30.1571775248 -209.990454065 
443.246256222 -73.1171640363 50.8758695343 190.286093559 135.133665112 -117.602155956 -339.83231102 -222.234481543 321.317004817 -461.686340963 
-210.61672017 229.35107108 336.294742768 95.0661351637 -85.9941098187 461.686340963 97.9666115151 -33.4364603747 -335.775688924 -461.686340963 
96.2139104713 327.744004798 -88.310942265 -461.686340963 71.726291462 -60.6654931533 199.35237982 -216.18944879 -338.688653098 448.337241313 
20.4070179801 -461.686340963 461.686340963 -105.474413249 161.139843559 256.657007978 27.2705183864 -219.598154211 -338.990870275 332.531702216 
387.600983444 -79.1235885258 249.614539382 -170.294114282 124.909480939 -460.077046571 383.889037911 142.503344756 -1.90028051899 -346.815469156 
70.9716266735 177.206552954 -332.78124163 -50.2206033661 -227.222033157 330.846313448 461.686340963 -183.046885807 301.668276503 -461.686340788 
-1.16385970338 -234.031011893 106.990979328 461.686340963 -125.829956859 -343.354228202 330.172146901 -28.0429625566 212.772420015 -461.686340963 
-4.63161986381 326.860257579 -213.866387748 8.33654889206 109.615799902 203.430330779 -338.190279748 -461.68634092 -118.00356488 449.692771118 
182.32636407 454.405196308 201.663745828 -328.847392342 -68.7806527849 -175.015216797 322.802464308 -445.962280791 51.6730074199 -295.160418495 
42.1179832139 -347.281271153 -461.686340963 198.520381698 -141.078042794 -69.5096876977 317.974375431 -244.651194063 449.423904137 96.1494297841 
237.855194734 111.322799401 -334.209539233 -159.199967472 -461.686340963 337.965481304 -31.349566918 -9.86211304 -284.129499603 461.686340963 
-335.484317666 -52.4083337993 -171.005879635 -247.182918771 270.935655152 324.480668562 47.2833812038 461.686340963 163.150530914 -461.686340963 
-332.47222583 84.9941745275 326.645300707 -461.686340963 -63.8220653765 -209.526652235 -166.798231637 447.675278359 65.0244627232 195.962010843 
345.154999856 461.686340963 127.583683073 -104.291000442 -126.014656729 12.7618614256 246.307545321 -340.929817429 -461.686340963 -250.417631334 
-340.640285982 -460.117798256 155.908201992 346.00697753 -216.126455121 -66.9789167051 265.119030569 -102.319062133 461.686340963 37.2769829808 
-98.8217824218 37.6493261825 -216.296213786 -461.686340963 289.104943587 14.1864610343 439.957961397 265.647363101 -343.12595973 154.551812444 
92.033550842 -337.243413588 306.048187416 -136.44805467 461.686340963 -7.71615404976 323.681140531 -259.488683879 -461.686340963 180.03150706 
240.083984905 118.626595599 -461.686340963 338.940567949 -37.2361783341 44.7510376043 -327.567366652 456.762030998 -158.20957212 -203.921746708 
-3.43723478318 325.136998647 -334.671914167 -461.686340963 240.066563074 -128.784184922 -245.881395616 30.7417456979 161.597707647 461.686340963 
461.686340963 -151.917598865 -214.087982815 -461.686340963 174.602141114 55.8313931943 -336.276246526 261.5025768 -72.8862783898 334.368201487 
-23.6654050142 -211.93685491 -192.687018689 215.720652025 -129.59999053 461.686342044 -461.686340949 338.052159514 -334.094733489 86.6026061022 
-253.344756251 334.246767005 163.388144582 -16.0397063013 -396.684187524 90.2443233684 281.485842708 -132.939799712 459.025438968 -446.107061344 
329.347838727 46.6589943171 -222.726696262 -170.294147519 166.770989379 249.622109747 -75.7067109338 -333.15630203 461.686340963 -461.686340963 
74.1755282107 170.294120013 327.717658759 -44.7453091671 454.405267193 -215.020289071 -317.072155338 208.898724188 -150.669788821 -454.251674961 
344.605631862 -337.561196074 -461.686345333 226.857901216 -234.928463328 461.686340963 -0.765752071898 112.559258314 -147.422382685 -67.565738338 
-458.927145662 -337.035485361 89.9431609395 14.056166823 209.910082262 -231.127989959 -163.759878166 461.365511047 -40.4309841832 336.607759277 
118.419958296 -215.109523524 -8.15424098998 103.093660005 239.457914959 461.686340963 -108.013262322 334.21800534 -341.330246052 -461.686340963 
-215.945504415 -97.4653557926 302.430942933 461.686340963 174.885399788 -2.00152287251 52.6953730077 330.005629804 -461.686340963 -335.531389625 
192.657306444 -338.397188105 -461.686340963 -212.918257059 334.657487498 58.3515744246 -120.448138497 461.686340963 195.499260217 -55.9563572013 
-59.9593568017 -177.859734609 70.79122253 341.610537168 -461.686340963 -210.416497608 219.58762734 -333.43084956 92.0970341235 461.686340925 
-223.889733135 -52.3755710748 -332.302823638 -461.686340963 430.80847776 142.221559622 -170.103095959 406.699353099 24.0837172029 264.542558872 
-461.686340963 -340.289034626 145.80258962 -212.301427864 40.260600014 -106.73206292 -327.219950783 240.817989164 457.943331552 355.103509237 
-328.426074944 -162.276196038 336.422938977 -461.686340963 461.686340928 -262.250449777 -8.94787731158 124.105308466 -22.7076704134 242.507740106 
53.9338675244 -49.2477099366 326.555489719 170.722846543 454.40527055 -237.364272649 -434.964552582 -154.659871264 -294.504201879 213.856379283 
-73.0936222966 48.7641876485 -81.0699735033 -461.686349609 461.686340963 -214.721663503 141.965778279 345.866787243 -334.539376532 248.465718037 
-461.686340963 271.914080375 -131.964118169 -69.9888870812 -214.474732481 344.201346909 -337.508179261 149.51630992 32.3204392864 461.686351856 
-46.2620732523 -331.910730547 103.89892092 -170.294124542 -297.171418658 -21.0165829164 224.18878528 329.181214976 461.686340963 -461.686340963 
-338.968628269 -461.686340963 -105.471054103 -219.582510634 27.2859741284 256.671332001 461.686340963 161.158230444 20.4216794471 332.537633562 
-227.455422564 -340.970687255 143.626824485 5.96959638883 263.233130214 -117.839436491 349.636304153 461.686340963 18.9564971036 -461.686340963 
123.021483158 454.405270856 124.646923363 -336.088988714 244.196493079 -460.189859853 -98.5626280828 -222.863248651 340.183311933 23.7171413859 
-6.46977649471 -303.029318882 -439.366765848 150.686199806 457.06559234 36.3844433381 327.55936263 246.249309716 -248.478648462 -123.689057235 
64.2210643986 202.353266817 -213.60638195 461.686340963 -337.6121827 195.924483247 -53.4989125485 336.17412142 -91.7764907694 -461.686340964 
33.3095793376 190.243423786 -85.0540268183 -326.805263143 315.412354543 87.8772722804 -264.981352186 -140.468730097 -439.957970066 441.179791705 
57.2140352717 180.298206758 -83.6282588539 334.288943543 461.686340963 -331.941654928 -212.397778783 -461.686340963 206.194027035 -71.1574106596 
-101.283867011 -342.060527607 351.788257244 -216.074864739 35.6685695006 -461.686340963 461.686340963 19.6825096355 159.081780815 275.947911262 
244.21601529 -461.686340963 30.1664979529 -71.9694299523 329.07159408 152.778129078 -119.494736642 -236.198015564 461.686340963 -337.451457977 
-335.237718515 266.527575495 176.911357572 -47.2973099344 -249.307661921 -461.686340963 73.7165756412 289.986544193 439.957975331 -169.186221509 
133.125702521 33.3311828109 -238.693223515 204.760821398 461.686340963 324.569362582 -461.686340963 -119.636299272 -338.269797563 -110.584025881 
265.533744636 24.1098025081 -116.740840883 149.103639121 6.75459451942 346.349612476 -341.513615966 -461.686379173 -229.016234416 461.686340963 
461.686340963 -152.360969369 99.9938670361 272.637814491 -28.8048124756 335.680131363 139.751317783 -461.686340963 -329.947674906 -204.191599292 
-11.4822233812 139.301014314 -341.222360601 55.6280322913 257.937538669 -234.277277849 -461.686340953 461.686340963 -117.088522518 344.94155075 
303.280702392 -13.6098416085 -212.127143104 325.857941135 93.978864629 461.686340963 -134.682691428 -330.564102392 -461.686340963 177.028427972 
14.3900274371 265.84564486 346.602788826 -248.232545022 461.686340963 -461.686340963 -339.409940016 -126.788791409 -81.4733955924 142.043206481 
-143.118380259 -163.118714751 214.347284141 -287.549373967 461.686340963 338.922870118 -24.1972892805 -351.873137061 -461.686340963 87.4672526993 
209.507461768 -107.489884017 -461.686340963 461.686340963 -214.678995663 332.440747637 -341.826769926 -69.0733818479 53.928137911 115.043735252 
-105.087859744 -209.129298138 -334.845239828 321.347105356 146.645360143 451.764034562 -461.686340963 236.181712462 -8.07441038226 19.0885791387 
162.967055354 -58.7965352708 318.760848654 52.341087575 -173.174679827 447.090847021 -209.584194874 -454.405271568 193.767407463 -315.686833003 
-101.602533096 -332.414365315 461.686340963 50.2401707917 331.248894991 -6.05488769773 -461.686340963 299.73814568 -208.637416739 172.446917843 
210.853082555 -70.5752993346 -334.716429239 335.605635362 53.8673898376 -149.546148709 102.891596915 461.68634075 -227.799045557 -461.686340963 
-262.548381681 -461.686340963 -157.779805752 216.126234501 73.7025642199 -341.016174642 -47.213379494 461.686340963 94.5326156071 332.068036018 
331.32474921 15.6918518577 274.342789837 -228.370485326 461.686340963 -461.686340963 37.3579999524 166.357028879 -106.125478001 -340.429036958 
-339.146744869 333.124701825 -78.0631167346 -212.488818445 -94.171585617 44.3891709197 209.382624577 -461.686340963 461.686340963 106.573241946 
-181.034729894 333.614023342 -461.686340963 209.339559816 68.3848144132 84.9529198832 -211.639369295 -334.24617319 461.686340963 -62.7073270476 
-308.030732734 -328.149340719 -461.686340963 210.230757433 337.512116909 461.686340963 -184.663719572 -55.2548007371 -47.5915591421 83.8736286722 
-458.672730004 447.619535929 -292.479854 -418.671987345 73.186749241 317.35387613 189.566035386 -68.9575362379 -187.694256562 -48.7128518652 
439.957973847 -104.855138243 37.9617362801 146.822841045 -334.004588436 -57.9790519467 -461.686340963 265.948682569 289.417353701 -224.184297467 
91.5994241567 208.959702993 -337.236512082 -88.6024366589 -143.834894564 333.85717799 460.251718859 -461.686340963 -237.208630944 27.3252128353 
-335.983335474 -459.627310223 9.95768564449 325.200655755 121.196749676 461.686340963 206.232648388 -226.54661523 327.333365147 -118.655822938 
180.871677104 205.109456015 -323.27923636 -166.905146282 329.251258922 -293.050725809 58.1231126701 -447.252672113 454.40527155 -58.4948825345 
203.763588444 94.141994471 -77.2612725134 -461.686340963 429.062694995 16.3110580613 455.125196844 -110.91718113 -338.359550108 -229.588910649 
226.281132292 -246.110828088 110.878732013 341.699713914 461.686340963 -461.686340963 17.9628352786 -121.889480563 -87.1392535408 -339.274376583 
-461.686345641 207.088250646 29.298121305 89.0597840188 461.683787285 -287.862251873 -406.764660237 -231.043626651 335.408346032 -98.7494212015 
82.7026146712 -166.689781072 332.26114604 461.686340963 -55.6530522732 -461.686340963 -344.116177535 -288.458018174 209.303585214 66.2385818082 
237.756629829 -236.432475246 -40.3903201686 7.77611309793 -332.273738423 -165.210410411 461.686340963 343.714002125 -461.686340963 115.532077897 
-58.9645542502 -461.686340963 48.3545374161 -123.229889546 -334.980534904 328.852195198 263.645634947 -209.902650612 461.686340963 161.917625235 
-461.686350047 -120.980771443 337.413469481 -343.184846919 210.23072375 18.22236838 -250.291268608 125.544840491 -127.254549161 461.686340963 
-461.686340963 -119.543382612 -342.867008447 0.761187772621 276.055234581 -234.143300007 163.553994941 305.775736956 81.5856966285 421.157504644 
319.620804917 390.585405244 -175.505080245 117.292882418 -18.9262988328 -252.387959669 -313.762477656 -116.031394572 -441.639484595 225.918448865 
173.620211613 461.686385678 344.154929069 -460.3357806 44.740085519 -344.203567399 -92.8972512484 296.195543015 -207.471174813 -1.26974233281e-05 
332.453421126 -38.6436812892 -461.686340963 -212.394420427 461.686340963 55.2628875535 -94.3362337406 172.498931096 296.616041814 -336.957679635 
77.0162215407 188.502524867 -208.856471227 -62.0676603626 -187.117143489 -461.277190064 415.659864952 -43.6917050374 439.957958508 -332.602389225 
162.473384873 334.813627273 -227.232943167 -56.061372477 -335.396191731 461.686340972 -155.653686857 58.5745161643 -461.686340963 218.155779367 
-49.5678815473 -334.143655581 -461.686340963 342.370209022 100.83081447 219.577992372 64.1802027658 461.686340963 -268.579192448 -171.003434627 
-63.6251924763 164.19594305 -158.365144818 461.686340963 -333.882654602 47.0641227118 -210.905453385 329.440429819 -461.686340963 264.973796054 
225.349003474 -198.69030681 460.987675085 117.532608685 -344.547268927 -317.614494675 347.922094548 15.4238646033 -461.686340963 -91.755664892 
335.942206688 88.7940731164 461.202461333 -457.395963271 -241.607280001 -169.668066192 209.747649264 -337.678243751 -45.1717032773 1.58867967545 
30.476580714 450.689134302 -461.024084446 320.64499623 -333.030571622 125.27295244 -130.805145413 226.682974466 -8.10960771508 -216.82009459 
-141.878992926 142.040686195 -461.686340963 295.087754895 168.476537988 423.881151529 -83.2354323217 17.7847755016 -341.464585643 -260.605416113 
431.710632573 220.560952953 -460.461408255 -197.399560685 26.0845714662 -73.3481705158 326.131719725 -220.751461312 100.928142493 -337.673228029 
-233.023681568 340.015509703 211.77289175 -201.69520865 -342.265444097 -461.686340963 7.54883952958 443.890914898 -95.8343400671 116.225120682 
-333.470601942 -60.0408883063 70.6656751113 341.581420868 -177.947909909 219.526249692 -210.485868472 461.686340963 92.0890397463 -461.686340963 
-461.686340963 340.162512026 -51.8934139708 -335.705089026 457.236710908 217.19552465 91.1151187534 -171.083476588 68.9299991041 -251.455185834 
47.4430586193 -461.686340963 -211.760691162 448.525760521 170.294151839 320.883179168 -93.5410789989 202.148839195 -26.2170014444 -332.335862656 
461.686340993 -461.686340504 93.0629627514 220.1770976 27.4676048577 -235.225397862 -136.02817678 -73.7529993455 344.231472528 -338.379278736 
115.514075142 -332.28561674 343.724542309 -236.448025153 7.75762068728 -40.4493292692 237.754068044 -165.251039668 -461.686340963 461.686340963 
0.94275334156 339.894779632 210.625292737 -273.499593763 92.4078509931 -84.3562925568 -152.488463623 -400.317090715 461.686340963 203.723098691 
-335.384314436 82.3031732833 222.233366588 -170.45727938 -46.9456130607 461.686340963 -243.071331466 -461.686340963 87.4145132043 330.545665939 
-241.619297532 461.19383245 -169.65329149 -457.39419752 -337.681964767 -45.1584218125 1.57423864982 209.739021192 88.810203108 335.929526281 
454.475057373 -461.686340963 237.881121484 -112.397747281 347.651992434 -236.658545209 18.5225732766 -342.638123839 13.9949658531 132.345628662 
-287.222523502 -415.4127594 67.6899195285 -454.405271568 -163.916456154 104.327057567 338.502941018 450.303171964 -42.9932185309 219.975100967 
336.452684689 223.801703026 75.8406615127 -224.898403312 -166.954910174 -332.088536939 105.426139142 -461.686340963 -48.4363826171 461.686340963 
352.144269995 -106.928871153 -233.827892216 -344.246693323 159.636531352 -461.686342978 439.957829578 15.5010256902 59.1131050381 274.799567094 
-156.7120243 222.69245243 336.328931123 153.794068974 -461.686340963 -253.845190021 -31.0616189973 461.686340963 80.3350955076 -331.342555022 
430.406264332 -143.886294161 311.256329804 56.865836915 -40.9453394167 -447.332292642 178.950644464 -395.243879755 -278.449897385 201.004125973 
-37.9844573652 341.543937812 461.684269168 -461.686340963 -165.505233434 241.449231246 86.3469797759 -329.914190472 123.933745975 -210.691672185 
-461.686340963 -249.392640019 -185.040084011 41.5331469299 461.108676443 156.384441615 -338.015062059 346.646961305 -66.7303405994 278.981174305 
-128.188506811 333.547718628 447.367076166 -245.980265024 80.8313958158 201.557049562 -11.4647112 -135.21672086 -340.527561749 -461.686340963 
419.366253931 -332.389620311 -461.112479514 100.027611032 -12.6635829382 -216.210755277 287.798219747 -127.409920981 124.570135082 175.107025769 
222.869832452 11.372950114 108.373475558 347.457381391 -209.22044226 459.50318316 -461.686340963 -331.251496848 -327.640096995 -103.187712217 
210.79468894 -254.137760521 -461.686340963 334.792282093 -66.6562330205 461.255001516 82.6928086761 -4.46328003351 -185.120066092 -332.389566965 
