45.7185940763
45.1263527779
44.7170333928
45.296871313
45.5468822291
45.6959425978
45.479895081
45.815447966
44.9072980778
46.0301268844
45.3875649812
45.7457975736
45.7728374351
45.5063453234
43.2584013129
44.8819822432
46.0819385499
45.3169591745
45.7834885085
45.6912768768
43.1779048132
45.6830914447
45.9848150444
43.0984026695
45.7123825153
45.5050307877
45.768596714
45.5230937988
44.7228504079
43.5868603752
45.693922485
45.6019764894
45.1944185142
45.3916201942
43.9893359781
45.6853352135
46.030293938
45.0992582718
45.8961953696
43.1030033975
45.3950361393
45.8479527951
45.7836807603
45.8193899256
45.3721954026
45.5807105174
45.5408144258
44.8171866124
45.6854679892
46.0155583761
45.710680999
45.7292662247
45.5953924406
45.7591712356
46.0878899422
45.0461991662
45.8788856565
45.8183827142
44.7044739584
45.8037154977
44.9765721206
42.6577371061
45.7759510329
43.1661804087
43.6985618142
45.8053859969
45.5515676348
45.9360891229
45.7951067047
45.8526906849
45.1804689374
45.8246123745
45.5524014189
45.3099779715
45.8586870524
45.6874749215
45.729326545
45.1492234381
45.6530263494
42.9389749818
45.7929905649
45.8399344492
39.6248042263
45.7757506982
43.5130722582
45.7931354231
43.9043876821
44.7367761909
43.8346759076
45.7793965578
45.6196516449
46.1319854839
46.0928986057
44.7717591167
45.6128477007
45.8183826782
43.1370937074
45.6196513677
45.3523245475
45.7514261781
45.43876758
45.752722542
45.133036266
43.4018655128
45.6816362503
44.0250966198
45.7019928094
46.0391449266
45.9705583542
43.54191383
45.3823161844
45.6733796369
45.6372522004
45.6293961291
45.3100351548
45.7836811466
45.7419504681
45.0015756089
45.9688485079
45.5881857932
45.6158146314
42.5411136729
45.5507294087
46.0931832823
43.6838433005
45.6491855133
40.0834110641
45.927584527
43.3972253469
45.8843201643
45.4663140012
46.0606056262
45.8638624262
45.4988009757
44.7807457967
41.1815883687
45.058095496
46.0318045095
44.8724987468
45.7192555202
45.4461940472
45.7613890893
45.7722837413
45.3454885049
45.9844343077
45.5334012566
45.5562795317
45.0955710617
44.3704627839
46.1016291378
45.5626196618
44.830749397
45.7922999509
45.5468827941
45.60186557
45.832822425
45.8183827677
43.1562469418
45.5781263777
45.9487612971
45.7836928905
45.9793600256
43.1503073961
45.831908046
45.6551547924
45.6901967625
45.6612993754
45.6382142189
43.0081312977
45.9461588412
45.935820782
46.0928743166
45.2241246328
43.2424301189
43.5837246485
45.7184472808
44.6761681955
45.2916429595
46.1435882523
45.5344209978
42.2071828766
44.4267718806
45.4656171646
45.1932056437
45.8670327753
42.8836859519
45.8393864889
44.9586785631
45.8967356886
45.3869405789
46.1210326594
45.8111983354
45.7880070602
45.520657776
45.8609969799
45.7719405807
45.2871192526
45.4657743493
45.6233296057
45.8465952185
44.793235179
45.9884254236
45.6372183662
45.623510683
46.331069343
46.0783225391
45.1470006035
45.690415801
45.4221332825
45.3070516351
45.509931879
45.0858104191
45.6668639975
45.5348698056
45.8100919937
45.6492566725
45.6657361939
45.7847963107
45.9096596148
44.816744934
45.6170439926
46.0928983941
45.7784839248
45.5333876801
45.2421730939
45.1463794192
45.8586648575
42.6207850397
46.0013403399
43.2855591462
45.6008274639
44.9683249336
45.9630923178
45.3099785312
45.8100922056
45.77645033
44.4890699648
44.5697839423
45.234873518
45.4170803599
45.6667997676
45.4592454495
45.8052942171
45.7700078688
45.537169851
45.578125545
45.8183827261
45.8888416575
46.0302939698
45.5517252861
45.8472789477
45.6573932965
45.5953926601
45.4522663059
45.3991389022
45.8455919133
45.2778443722
45.7411394424
45.7641356755
46.031087569
45.0232838178
45.3744983259
45.7765163035
45.6029929942
45.0896327683
43.5467832898
43.4209737508
45.2175450753
43.4154163131
45.3623607691
43.3690362498
45.6390566665
45.6095245035
44.7701689208
45.5612840524
45.8888878587
45.1196705761
44.4722460026
44.4412093734
44.5887854035
45.2648188753
43.5885993283
45.3745811529
45.0159967572
45.5873753745
43.698321147
45.8039582164
45.5373039222
45.6337367107
45.740339309
43.8668651255
45.8039585946
45.6922765855
45.8266024877
45.6190588036
45.6874304334
44.3698335634
45.1358036267
45.9844165369
45.6298873941
43.89834627
45.7689145444
45.7784404016
45.1876473345
45.7493557964
45.7773961702
45.8320537105
43.3881854671
45.7865598491
46.0302401573
43.3553494785
45.2718504738
45.4778008289
44.8462051078
46.0025186929
44.8381001193
45.4490109643
45.8201372122
43.2950968173
45.795860856
45.5409290369
45.8024633597
45.0180006794
45.7568656607
43.190998485
44.451887676
44.5938512101
45.6029929389
45.8610169941
45.3545680373
45.8432038747
45.0901364474
46.1702111062
45.860996962
45.8726451512
45.4757106913
45.9683978013
45.8433397091
45.6466624991
45.8819502122
42.4467846813
46.0301821304
45.2505241718
45.7958607636
45.5507095554
46.1070336445
43.5922159879
44.9869022275
45.4275435792
45.6382276967
45.7064227017
45.9458853689
43.4110311632
45.8577310097
45.5535816549
45.6025735751
45.5342997415
45.859398439
45.5980555472
45.65533629
45.662333305
45.2504514599
45.8301349929
45.7986472688
43.7810364719
45.9529115772
45.5231577885
45.8843109867
45.0638295422
43.8178619843
44.0239911525
45.3140719778
45.9980953591
45.7705926823
45.5174829808
45.9762013094
45.8100925782
45.9872976738
45.4598126825
45.3915016315
45.5909675033
43.0563356736
43.0081089319
45.6092876455
45.2725407587
44.5788731377
