0.86228486629 1.30000103187 1.14212817153 0.81043136666 0.911873103102 1.02548373282 1.29999968181 1.14066586509 1.29999999996 0.877969686004 
0.902749823817 0.899457773514 1.14213143477 0.892233082815 1.14213190521 0.746426292125 0.958477921405 1.06483466476 0.905169364143 1.3 
0.879401832755 1.16503479587 0.992697797821 1.15743976235 1.30000002734 0.838403626352 1.07531156081 0.774278567521 1.30000001535 1.14213143477 
1.29999999986 1.10085308799 1.06976634073 0.908977809233 1.27700443254 0.845451597972 0.995041367456 1.14213143502 0.966281116287 0.99679615715 
1.27492183623 1.29999927239 0.926704662079 1.30000000025 1.19994101675 0.984368817282 1.06088267199 1.04263726136 1.1421305852 1.00173488127 
0.979491469351 1.01176244989 1.14213144405 1.3 1.26333950142 0.63442629401 0.953256188851 0.940841408334 1.18814010441 0.914403791916 
1.05197108362 1.00614398457 1.30000000009 1.14211095461 1.3 1.02651903976 0.992377522735 1.29999999992 1.30000000006 1.29999999999 
1.19009238807 1.14210945735 0.997762527011 0.994746074526 1.15497370103 1.14213114791 0.630387058383 0.887115845163 1.29555227247 1.29999999791 
1.15799775039 0.994888917432 1.29999999951 0.814011314009 1.30000000495 1.17496510528 0.632240090319 1.30000000181 1.14213143477 1.1421314348 
0.892339966271 0.953164553069 1.03743444256 0.603948583773 1.3 1.14186520701 0.974863737369 1.03221511874 1.14213192778 0.939348377016 
0.883780825461 1.13031850152 1.03915214961 1.11676528811 0.96381003868 1.29999994842 1.09733586226 1.14213143498 1.27634947128 0.871488542179 
0.614054015651 1.30000005337 0.978602630808 0.994897847316 1.16053603511 1.07476422015 1.03820279816 1.1421300308 0.983823628288 1.30000037806 
1.14211016474 1.06217922056 0.890208406791 1.17107754765 1.14213143477 1.30000000002 1.30000000031 0.974378445997 1.29999999994 0.878946062948 
1.01918956861 1.14213143477 1.05953823532 1.02355754476 0.98063524096 1.30000005199 1.13967077928 0.863614540577 1.29999992914 1.29999997113 
1.29999999235 0.640845789974 0.983371553654 1.01931336622 0.761815558339 1.29999996929 1.29999994224 1.14213143477 0.853958264636 0.759780089264 
1.0849864914 1.10042991758 1.22324710713 0.939551939885 1.01842441602 1.24339149455 1.09727725945 1.14243653425 0.982365558578 1.30000009762 
0.948005101955 0.974071151394 1.14192410252 1.14213172294 1.06002861873 1.04080228634 1.30000000006 0.922203395214 0.891540697624 0.600326352032 
0.985433988043 1.30000000129 0.984816895005 1.0833674143 1.04479010982 1.1421109544 0.7461528185 1.14213143517 1.06036533041 1.3 
0.943170926095 0.979573530935 0.984681724198 1.29999997653 1.14213089175 1.30000000046 1.03270160205 1.29999999599 0.889634086679 1.14165855526 
0.981591633505 0.962982328204 1.30000011357 0.977864044643 1.14233855858 1.07523629206 0.991807541498 1.19300306427 0.944118590403 1.29998178289 
1.14213143475 1.02272184518 0.889106326953 1.26543267496 1.00601950059 1.02781892695 0.703394233954 0.964740386385 1.29999999998 1.3 
1.30000004389 1.10456862199 1.20596844422 0.789895924476 0.988876586476 1.00999645015 0.812941204993 0.982105673907 0.944601029774 1.14245060249 
0.983850201089 1.1425137932 1.29999999957 0.993968691824 0.777114225221 1.12807722253 1.14213143477 1.09331214503 0.992777558108 0.752481030697 
1.10973406187 1.02018826286 1.30000015029 1.14211095475 1.05830139556 0.84020008388 1.29999999996 0.841066295252 0.970398014099 0.604119219976 
1.04088404575 1.14155996697 1.29999967087 0.905653510724 0.919543101464 0.972985914443 0.864071220509 1.14213143477 1.01533005472 1.30000025895 
0.699366317974 1.14213143565 1.30000000064 0.784979759333 0.8946831527 0.997186429247 1.29999999998 1.0136873896 1.28865331939 1.01981749598 
1.1421308366 1.18433066276 1.29999989924 1.2942567794 0.96868911027 0.627493080593 1.30000037991 0.995445544979 1.02563550546 1.20949425234 
0.695360492027 1.29999999999 1.00734633073 1.14732825142 0.985504947287 0.651651790263 1.00399744921 1.05569582228 0.89386774343 1.12322366628 
1.30000000044 1.29999999997 0.578387469469 0.96143611704 1.2999999999 1.14213083659 1.30000000067 1.29999999996 1.29999999994 0.74659653012 
1.3 0.770034473315 1.14211095476 0.993908820504 1.30000000083 1.13677945059 1.30000001048 0.98880551552 1.27702559332 1.29999999958 
0.602220765885 1.0284578212 0.951359275171 0.981350588674 1.29999999999 1.14213147296 1.00685915292 1.24403217839 0.925181608636 1.29999999965 
1.07640472924 1.15322911098 1.30000000082 1.04422485339 0.687588921503 1.14211000771 0.979127416759 1.29999983007 0.84502908585 1.14202210484 
1.02593027196 1.01780181106 0.892282630695 1.00290277144 1.29999975399 1.09153587382 0.959959564759 0.971691126557 1.14249462278 0.963270578497 
1.14213143477 0.836366343679 1.29999997729 0.852389407394 1.13498730759 1.12836023691 0.832646260828 0.981517099497 1.14190392702 0.939838307528 
0.961444397527 1.03138604162 1.14210066515 1.1462810169 1.29999999908 1.10635339311 0.622185240925 1.14231666393 1.30000000009 1.3000000006 
1.14212730568 1.30000000075 1.06083311499 1.29999987618 0.982333106203 1.05223260979 1.24182090673 0.970947380498 1.11928525715 1.00023840971 
1.02322377557 1.3 0.953630648107 1.03186389748 1.14108833666 1.16545086203 1.04033112947 0.96479432406 1.14213143477 0.962516527318 
0.967984969149 1.14181602172 1.14213143594 1.08070676819 0.872287827763 0.713148070176 1.04012033782 0.975539461569 0.873814777885 1.30000000872 
1.01686321695 1.14213143477 0.654450584921 1.07759872701 1.14212809987 0.815905618526 1.29997234954 0.99866344599 0.997049946836 1.19197818035 
1.14213143441 1.29999999978 1.29999999554 1.30000002811 1.03776232507 0.810130584272 1.29999999702 0.88008908462 0.999330142649 1.30000000062 
1.14211095457 1.29999999999 0.715160379292 1.12511646379 0.996541043577 1.27605061959 1.17754200537 1.00500240464 1.12344230095 1.27150426744 
0.711719181028 0.931099054726 1.09186417699 1.14213117319 1.14179189834 0.992701962733 1.04204761256 1.25316392123 0.8902243308 1.30000000253 
0.995603539312 0.732550533169 1.09331818256 0.996651692527 1.00140558976 1.03620642799 1.23027626474 1.14212867862 0.953220071062 0.823658730509 
0.757719762543 1.13077599279 1.27591797027 1.25794072578 1.14212901239 0.992139126885 1.04416213893 1.00953269547 1.02607974467 1.29999991309 
1.14213143709 0.891296952108 1.30000000232 1.02141261594 1.24030936616 0.999423572934 0.956569225395 0.990603453625 0.928344460317 1.30000000557 
0.908496058494 1.14065704107 1.02691701448 1.21198098694 0.98467269031 0.844202140468 1.14213143477 1.29999999996 0.881268557814 1.29999999984 
1.25701234072 1.29999999406 0.648510053436 1.30000008454 1.00286464444 0.997231511351 1.14213143477 1.12445656511 0.760714140128 1.06698211734 
1.055818223 1.20098894478 0.846695417725 0.831335536591 1.0741553008 0.855565357166 1.14213143477 1.29999999995 0.901067023501 1.29999999999 
1.30000000285 1.29999999499 1.11482282628 1.30000000005 0.839978411356 1.14121705355 1.1421306055 0.998695893128 0.930664179872 1.03455964229 
0.927709908342 1.3 1.3 1.16737646506 1.1421158814 1.01376144646 1.07582607092 1.14244068883 0.981824846866 0.942324759127 
1.16279217213 1.21597728085 1.14213143477 1.01511007247 1.18713108146 1.03995954133 1.14164205812 1.30000000101 1.30000000402 1.0384844453 
1.0317190716 0.883198895487 1.11947789233 1.14075550421 0.912562532137 1.098045095 0.893622278536 1.21402058068 1.00725743909 1.14170779504 
1.04554309846 0.88524034137 1.00940671442 1.13823187049 0.729901577481 1.16574248215 1.14213143478 0.885401905078 1.30000014443 0.942180807932 
1.30000000008 1.14213143476 0.972737208689 0.942518131494 1.13781809349 1.14213143477 0.95414270019 1.078462686 0.748124800327 0.672700448119 
0.963811904612 0.834027423012 1.24500480452 1.11480670917 1.13475769426 0.971142740933 0.925216848491 0.959366987076 1.00724087975 1.14249766942 
0.875431482775 1.14213143477 1.30000000008 0.950989419205 0.991028917402 1.29999999994 1.03561401387 1.09202941289 0.969191589524 1.05282562314 
0.610287360583 0.806061727231 1.26893642586 1.01785441915 1.27259504228 1.26355179938 0.583556986096 1.14213143492 0.985245303818 0.992783181819 
0.981184254864 0.966848601614 1.29999999829 1.03099291767 1.29999999817 0.801310288993 1.14100966821 0.936926955332 1.142130767 1.30000000001 
0.976874227081 1.04440752268 0.947229144503 0.58610729238 1.30000004832 1.2999999954 1.01084513389 1.18682358865 1.29999999998 1.14212655321 
1.14213143477 0.652635971661 1.30000039278 1.14213143474 1.01896051854 0.784460743427 0.964934681877 1.29581551543 0.942797362301 1.07251582614 
1.14213143477 1.13276612343 1.04441610119 0.645170293162 1.29999999838 1.14562875158 1.08889294501 1.02611922303 1.3 0.528898991774 
1.14213143477 1.00987725911 0.855286840967 1.04086764998 1.28663910712 0.99854125168 1.30000003024 1.03733178253 0.869317845514 1.01128426838 
1.25689813585 0.544033252735 1.1421314348 1.00979235935 0.90890087317 1.21369156934 0.794417411339 1.14970232287 0.961207848029 0.955221004369 
1.1421759207 1.30000000556 1.04462866465 1.02198741954 0.935752624304 1.14213143477 1.00663981191 1.30000000021 1.09189297848 1.30000001471 
1.29999999961 0.985323279387 1.30000000001 0.835106869255 0.896801154417 1.16242449555 1.14212872818 0.880613571461 1.01606786132 0.776089444987 
1.01444395321 0.984538741065 1.05572883986 1.139169832 1.00756144495 1.02401502082 1.30000000008 1.14213143478 0.973788955482 0.889947371033 
0.863333668997 1.18145284079 0.915971331003 1.14220811949 1.14213143477 0.958057923254 1.29999999994 1.07777020012 0.872159645572 0.689801970425 
1.1420008616 1.05930420776 1.05481410503 1.00247563035 0.776506829403 0.89610890452 1.04677301663 1.14239574451 0.9982187995 1.15716136474 
0.952494194752 1.22484066982 1.01226022763 1.03173748248 1.3 1.05122276317 1.0291050635 1.14209349824 1.3 1.04685096406 
0.983606890948 1.01755716949 1.14213143487 0.88314244197 1.30000003773 1.26590270488 0.611041207767 1.29999994721 1.03343946129 0.579684150977 
1.14213143476 0.893337343896 0.88444066469 1.07840765791 1.14213143487 0.79532027499 0.752265962277 1.02325747083 1.0472240926 1.30000000109 
0.732971210805 1.29999995057 0.97903864888 0.9624458625 1.05578984977 1.15877572919 1.14213095023 1.14186191472 0.841741068703 1.29999999948 
1.14213143477 1.00193658854 1.08575058727 0.968876283689 0.732676278995 1.14213143477 0.73799636845 0.982659612166 0.794433418193 1.04228175082 
1.14213143517 1.08788874714 0.985643323631 1.00514358529 1.04628616934 1.30000001035 0.67523989452 1.11802850874 0.9851922833 1.11892084028 
0.850188383409 1.02140599126 0.964351110882 1.0754151946 1.19169706827 1.14003914096 1.06763891205 1.14130592488 1.04413770917 0.926137826574 
1.13938189493 1.299999187 1.14213085145 0.995961665124 0.620149556079 1.2999999416 1.29999997099 1.03386735879 0.883771166947 1.30000442029 
1.3000001834 0.944015512266 0.929704456558 1.21012828808 1.14213143477 1.04122994072 1.0363197904 1.30000102748 1.14131699399 0.878367732854 
0.934470538662 1.29380043946 1.14213143453 0.668699489431 0.915455018206 1.3000000805 1.3000000042 0.973055708079 1.14242460156 1.03877464869 
0.938534347413 0.748437871912 0.999909114338 0.828246609988 0.992081419803 1.14242742754 0.889789491431 0.83118602535 1.29999999845 1.1223903921 
0.905173614049 0.816212873468 1.01688072616 1.30000004808 0.985153971194 1.04301933247 1.14213143477 0.988882812286 0.859027943305 1.29999988623 
0.813011416668 1.3 1.00066094979 0.759949977194 1.14211185939 1.26633311843 1.19130643413 1.14212411048 0.636622943488 0.872737160411 
0.570751517221 1.02065014776 1.14213146884 1.12787467707 0.963484714617 0.976130926283 1.14585058516 1.30000000001 0.979982613947 0.891826043349 
1.13707559038 1.30000000042 1.29999999979 0.682218893984 1.29999999937 1.09205563215 1.14213143477 0.995282019261 1.10641903668 1.01941959629 
1.02773503384 1.29999999951 0.888718401354 0.943068647279 1.29999999997 1.14251667625 1.1419499288 1.03360742049 0.996691264022 0.939668887905 
1.29999999999 1.12405575926 1.10669475262 1.27170235338 1.02186662869 0.69045747699 1.29999999424 1.14212997326 1.14211241944 1.0011050358 
0.799294960688 0.770621159117 1.08653983519 1.01413799272 1.14213384103 1.17483158934 0.969814455457 1.02777654922 1.14251022191 1.29999999099 
0.892751679962 1.14213143478 1.30000039474 1.30000001112 1.29999998309 1.14088284669 1.02471323085 1.06306800488 1.30000002469 1.30000007153 
0.962191474258 0.978427997623 0.578099930759 1.30000000521 1.30000000416 1.14213132615 1.29999998067 1.29999997726 0.98434562301 0.998168300998 
1.29998716119 0.78052542461 1.30000000368 1.29997026903 1.09749716391 1.29999913154 0.994427883051 1.29999876224 0.753112272457 1.14213035692 
1.1421314348 0.788621958138 1.00980096824 1.00696101792 1.26138906439 0.544806799776 0.910310591353 1.14977062124 1.21399527764 0.961630591282 
0.665935143706 1.29131663219 1.14213143474 1.29999999871 1.14244494019 1.29999999945 0.909716633257 1.01369174705 1.0137643391 1.2477908102 
0.983299565475 0.76713931423 0.680265887612 1.14212916066 1.14348431916 0.934169824761 1.14252210404 0.975006333454 1.09071544767 1.11541089014 
0.886734289593 0.987520373735 1.09502876997 1.07075069794 0.908568373423 0.692570857674 0.931385731784 1.14241543735 0.891227420443 1.10525220194 
1.14104426686 1.00741702117 1.08666335101 1.30000000008 1.14211394527 0.997543770769 0.89253775574 1.08046918512 1.29999999999 1.30000000142 
0.804916507757 1.03318666169 1.14211095475 0.983857337138 0.834395877491 1.08198997706 0.909263255478 1.30000000005 1.14272961029 1.14259058682 
0.801312114796 1.03098908409 1.30000000031 1.29999999997 1.3000000038 0.96688386557 1.14213076715 0.981167109456 1.14100924542 0.936922815265 
1.00559092417 0.676420088338 1.30000000009 1.14213143477 0.985460298742 1.3 0.653412983916 1.04137259983 1.10089140686 0.803141107587 
1.01394203262 1.01370972657 1.24785552317 0.909712063156 1.14244500592 0.666059873975 1.29999999953 1.29123369991 1.14213143474 1.29999999975 
1.02605324458 1.30000000058 1.30000021112 1.23526605909 0.983924353518 1.30000001044 1.29999999997 0.99819192671 1.1421274753 1.2999999876 
1.30000031366 0.862368517684 0.892952260819 0.96530630869 1.14114377118 0.866947422336 1.03184962944 0.778240343613 1.14213143477 1.15108886958 
1.29999670307 1.1104677571 1.14384547709 0.768720016998 1.08523752099 1.02721614346 1.00035817174 1.14213143477 1.09630203557 1.08477989374 
1.14121843404 1.14213095562 0.919838715327 1.29999999217 1.29999984621 1.29999927425 0.848353033578 1.02422511618 1.30000014091 1.00095866689 
0.831245589006 1.15629438977 1.30000000025 1.07152353553 1.30000000002 0.845570490777 1.14213143477 1.02138591735 1.14214236222 1.15678696517 
0.620150214589 0.805224626681 1.29999999995 1.29999999994 1.3 0.979757546296 1.14212769576 1.22308883582 1.11535808357 0.87345408974 
0.999915130301 1.30000000083 1.2371300739 1.29999997385 1.14213026558 0.97696765603 0.819375536956 1.30000013357 0.957146198453 0.862458595932 
1.29535956402 0.961945926848 1.04563680889 1.30000000002 1.18774231807 1.04007564805 0.622679836166 1.29999999999 1.14210108391 1.14232331039 
1.29999999959 0.865317960897 0.918734384032 0.998743375918 1.09670944416 1.01602806621 1.14213047607 1.30000000002 1.30000003592 0.995840209542 
1.09005270947 0.975324370259 0.643587105868 0.92822826373 1.14210497742 0.823328061902 0.991852405593 1.14699315002 1.16121221796 1.14213143477 
0.903918985374 0.996007041659 1.03121443422 0.997268846722 1.1207365618 0.916402850476 1.10009265054 1.14243798123 0.939925882069 0.909865377149 
1.29999960044 1.29999999976 0.802820591952 1.07315455694 1.01400607525 1.0322296479 1.14206851019 0.637402125773 1.01656464765 1.01428239248 
1.02745545297 1.11386934551 0.611059418834 1.00571344573 0.776043254602 1.15774658684 0.855168539556 1.14213143461 0.718253469039 1.29999999941 
1.02207441738 1.30000000097 1.06599148402 1.3000006146 0.98657189608 1.14213143483 0.645702330998 1.05230387687 1.19793395731 1.17906323206 
1.14211095532 0.989582108248 1.25621887225 1.2999999966 1.02016809474 1.30000012238 0.939115119669 1.29999975247 1.30000000003 1.03995775578 
1.13868388213 1.01925583628 1.03436162697 1.3 1.14986791617 1.09758312723 0.850977288659 0.957200653579 1.14272568565 1.01063996245 
1.00724582787 1.29999990715 1.1421145422 1.29999998593 1.30000000001 1.28408595284 0.883379953182 1.09164100206 0.892183898727 0.995831684383 
0.995596015483 0.732505450263 1.03602346257 0.953252204823 1.14212868007 1.09333530317 1.22988472818 0.823557465051 0.996667022664 1.00123737955 
0.928710509762 1.13787653691 1.17562313782 1.29999998856 0.949619863356 1.04076595434 0.980691234648 1.14213143478 1.10652396475 1.00728470789 
0.864610835517 0.947722510683 1.29999999999 0.965771527925 1.14217048815 1.14213143477 1.08387434597 0.804127083949 1.05078079075 1.06472802521 
1.26885980706 1.07111964605 0.622536662681 1.01398521501 0.999870212304 1.06747658874 1.29999985276 1.00170264072 1.02844875329 1.14347535227 
0.935485471963 1.14212767469 1.30000000013 1.00712975501 1.13743739449 1.07650250094 0.803740774012 0.824925667836 1.22625209589 1.2999999465 
1.16978935984 0.964335849491 1.01868910424 0.993172006347 1.14089149978 1.3 1.14213061718 1.15651810721 1.12752411633 0.883346328817 
0.841273485056 1.29999999817 1.29999999998 0.926570897683 0.534735064878 1.07994718834 1.14213047878 1.29999999974 1.30000000008 0.765106948351 
1.14213143479 1.13696456574 1.30000003151 1.04418986816 0.71622625155 1.09445379973 1.00478217897 0.723698565712 1.12662447831 1.2397389149 
0.959524037333 1.14249633987 1.10782737964 1.04748129404 1.01938804702 0.896431123334 1.23947864647 0.988639543497 1.11792925177 1.27476845602 
1.30000000013 1.26404990636 1.00321986907 1.1421314775 0.696147475159 1.3000000001 1.29999999999 1.06020187245 1.14388500589 1.00359495763 
1.14213143564 1.30000000001 0.804814555923 0.997762315928 1.29999999997 1.01075696721 0.7969776232 0.876461561861 1.01702265139 0.97714339868 
1.29999849746 1.08292871802 1.29999999958 1.10048310689 0.798594709822 1.29999999959 0.950859597027 1.14211095428 1.30000000006 1.300000009 
0.929101771732 1.03740322525 1.30000000077 1.1421314351 1.30000000201 1.04765910544 0.561148902026 0.970553941697 1.23119325816 1.10283413058 
1.14482152346 0.910013798145 1.3000000295 1.21583829414 1.29999988202 0.964012388706 0.729933270796 1.29999885901 1.14212616481 0.989662124685 
1.22837157222 0.904184530629 0.84493046799 1.07364763336 1.14213648651 0.989644752876 1.15192916721 1.29999999997 0.582732103848 1.14213143477 
0.783047740346 0.954799892577 1.02845525353 0.907525887791 1.00824877442 1.12245873037 0.911063415845 1.14246505725 1.1257504508 0.756733475755 
0.961771382161 0.993263209564 1.17240156725 1.3 1.30000000004 1.092609445 1.02582883673 1.14211095458 1.14251166817 0.778635618543 
1.12924325353 0.981635356768 0.950388400006 1.18081267381 0.988501815001 1.25131900963 1.09871533755 0.714024424 0.931951762909 1.14241677569 
1.29999999999 1.14211095593 1.3 1.03042572515 0.813215600192 1.04571962585 0.925431648379 1.0416091318 1.02073826358 0.848483467708 
1.18580785022 0.811725837354 1.3 0.950217099571 1.29999999997 1.3 1.3 1.14211095466 0.98127721899 1.08786644263 
1.01352342608 1.14212858234 0.814713188987 1.02866839771 1.29999999959 1.30000000156 0.679850613991 1.30000000384 1.14230055778 1.01674007968 
1.10655445652 1.29999999847 1.13224280892 1.14071954944 0.946944565628 1.2999999998 1.29999999968 1.02306781654 1.1423693386 1.08143756775 
1.29999999995 1.14208269235 1.05538311599 0.934428340613 1.00936612381 1.16593125529 1.24680899773 1.14212935864 0.914018248938 1.1176674293 
1.29997306885 0.955024508406 1.30000003413 1.30000000141 1.29999995581 0.948495772534 1.142766656 0.78881467668 0.946375793636 1.01569317585 
0.867955407775 1.03621552974 1.12930431306 1.082489586 0.9281176207 1.00955174421 0.985274234556 1.02467562739 1.1424087446 0.80879466572 
1.00811340708 1.30000011081 0.96205628896 1.29998925863 1.0085310917 1.05552474778 1.00179936512 0.905114872687 0.766392087037 1.14213143973 
0.99531742675 1.30000000044 1.04059147783 1.14213143744 1.00550966305 1.18719814137 0.875762321324 1.04117177785 0.991337235147 1.29999992558 
1.14213143477 0.745365165263 0.965613077184 1.29999999995 0.675922024801 0.915995292791 1.14213143477 0.960013490622 1.09032902771 1.07826228297 
0.992674001129 1.18440403264 1.29999999903 0.993961706534 1.30000000036 0.900814716126 0.935430746698 0.973288284693 1.142131434 1.14213143894 
1.12160533882 1.06002457798 1.11755600855 0.998031103799 0.994318350612 0.904781725477 0.911600163946 1.14249983718 0.960169097135 0.892142072448 
1.3 1.14179708715 1.29999999955 0.729161857897 1.07199331898 1.0649030234 1.14213120978 1.01107142054 0.910819577459 0.949201396565 
0.793049144868 1.14213141599 1.00012649884 1.30000000615 1.2999999478 1.02430860616 1.2999999604 0.892263534342 0.904488253719 0.887055848366 
1.05870391516 1.3 0.960776652577 0.921663042948 0.744515486191 1.14213143477 0.690106652155 1.16097145058 0.940811885034 1.09332003263 
0.779202622044 1.07321028102 1.29999999992 0.821920014704 0.951616447895 0.928343987325 1.14213143477 1.29999999918 1.20276027997 1.29999995126 
1.14243655657 0.847412154037 1.10477652679 0.941015979685 0.869349816504 1.26277954532 1.16475083385 0.886828453264 0.989397386745 1.04201511097 
1.18736892922 0.99949206915 0.996748005849 1.14033844335 1.02664977162 0.634382043679 1.30000001185 1.29999967302 1.15526414652 1.2999995714 
1.04469864437 1.2999999836 1.06447250291 0.87513714335 1.11848149678 0.903540191061 0.823260308886 1.29999999999 1.14213143477 0.805381549411 
1.14119786792 0.890083395304 1.05702021949 0.966811857163 1.08379435304 1.13964515034 0.928962469748 1.01953284413 0.871897563011 1.1845152934 
1.30000000006 1.29999997589 1.00174662271 1.06090329984 1.1421305848 0.926702534996 1.19985412631 0.984374949737 1.27491348982 1.04265587177 
1.00083908422 1.00563814354 0.959756860658 1.15827664757 1.14213143476 1.13421905697 0.815753907499 1.29999956232 0.888354166622 1.29999997391 
0.976522921069 0.886188921533 1.14089003403 0.864563987855 0.966276236224 1.00942061168 0.861358821756 1.02833715403 1.14212777963 1.05899244022 
1.29999999999 1.03099180909 1.3000000001 1.14100961541 0.80130832302 0.936928243789 0.981162993929 1.14213076711 0.966855753517 1.29999999972 
0.977235434229 1.30000000004 1.29999999972 1.25789641792 1.14211095428 0.727499450622 1.30000000002 1.30000001637 0.788377602848 1.27513973215 
0.980222945476 1.14213144546 0.992405149142 1.23529314393 1.29999999348 1.00208239435 0.871480247903 1.29999999591 0.975866917545 1.17105890793 
0.899124659201 0.850893347185 1.08163747933 0.901621535846 1.13672596067 1.10201843364 1.14242552451 1.02427930122 0.936899603902 0.989127777061 
1.1421303201 1.30000001962 1.30000000004 1.02171127129 0.975519215396 0.887714334225 1.30000010799 1.01924705856 1.14164246202 0.921725058921 
0.830594597542 0.957743055581 1.1421295297 1.15860328904 1.03702799953 1.01236924626 1.29999999982 1.04842630405 0.990924842762 1.14179876265 
1.30000007581 1.10610179354 1.09968747346 0.780327428815 0.944159132133 0.61944566185 1.30000000001 1.14213143477 1.0452362462 0.997046244922 
1.00952939552 1.14213052868 0.813356702479 1.29999999999 0.758226356294 1.3 0.950296726932 0.689784833463 1.14176404287 1.04892928415 
1.1409422145 0.711200262491 0.917482356497 1.20860718132 0.889549465228 0.943757859888 1.14195059194 0.936243952432 1.0191829477 1.30000000009 
0.614104472921 1.14213136416 0.979379999821 1.1845312936 0.922520453413 1.00846590798 0.99973949348 0.975131578802 1.29999999999 1.25199198207 
1.01536558203 0.939323403582 0.827925309646 1.10591357447 0.87178697868 1.20450771718 1.26718467614 1.14193688626 1.04010154146 0.971638528332 
0.940591788991 1.09692369763 1.06656456011 1.14243953526 0.706910420453 0.984639054006 1.29999997749 1.29999999634 1.09635566692 1.29999928045 
1.29999999998 1.30000072571 0.746637960877 1.14211095428 1.29999999999 1.29999814073 1.29999996924 0.986596908033 0.726848123907 1.3000000001 
1.10273921334 1.01481162789 0.956734262865 0.98532137967 0.899403021215 1.11822099475 0.987473033364 0.986147899084 1.0911165544 1.14248711107 
0.956477181758 0.99057755593 1.29948257866 0.900098472234 0.960303587147 1.14205523273 1.04508723009 1.29999997111 1.14249741245 1.02421371874 
1.1052450234 0.887037708013 0.987668391392 0.891907657019 1.14241540183 0.906485505383 1.09449130045 0.693804465457 1.07083176265 0.931445310185 
1.08294604627 1.14213143477 0.85012578755 1.16069022214 1.05507045833 0.806714698861 1.06841979274 1.29999999978 0.689674126999 1.05344136513 
1.26071077557 1.00526708399 1.29999999938 1.3 1.02855151019 0.982835213423 0.714409827585 1.24873318743 1.1421314325 0.584283406437 
0.985316176287 1.14213143477 1.2999997944 1.14213171792 0.758985446257 1.29999996387 0.643671803776 1.3000000888 1.2999999909 1.19775596437 
1.00108993153 1.09193180171 1.02989059329 1.00099896195 0.872067799755 1.12788959969 1.22533819195 1.26423615616 1.14212999907 1.30000000356 
1.29999999445 1.02831896217 1.00896077512 1.3000000009 1.14050311354 1.01964209296 1.13587811055 1.29999999995 0.692672182821 1.14211095475 
1.29999998549 1.08024098508 1.2999999945 0.974408049389 1.10220483551 1.30000001279 1.00817554987 1.1371918293 0.878595221257 1.14213143489 
1.14213143502 0.970516595679 1.22731393181 1.00639081179 1.30000009965 1.21705915691 0.542323766498 1.29999618971 1.02002940621 1.06791454273 
0.899774073529 1.08938244475 1.06571576231 0.937015142786 1.1424208383 0.933472266316 0.986026312958 0.863377103421 1.1986757212 1.29999999933 
1.30000010806 0.676083404081 0.872449056111 1.14209443725 1.3000000036 1.28793595656 1.29999999215 1.07189091815 1.07853557872 1.29999998604 
1.14213143477 1.25060765564 0.974466894242 1.25454835709 0.771556070167 1.30000000027 1.19548768309 1.3 1.30000000008 1.07742358981 
1.17504442423 0.889767591558 1.13886551474 1.04170884606 1.19393040237 1.29999999872 0.616648510417 1.14213143472 1.0021387514 0.843536356949 
0.744738115721 1.17224435627 0.974151493958 1.16760306117 1.29999997978 0.948119281439 1.14213157128 1.30000003807 1.14199155756 1.21578340456 
0.985717744867 1.25270088007 0.834050025839 1.29999908303 1.03886410683 1.30000002771 1.02287938607 0.985614333505 1.14212977445 0.618097551042 
0.982678414261 1.30000000001 1.30000000001 0.961588434067 1.14213143477 1.0691043746 0.88778121355 0.665905364102 0.981022109948 0.911628707288 
0.881304525353 1.09488153382 0.860244012422 0.720099211724 1.00013675151 1.10040168541 1.04501212595 0.988697068992 0.937272177459 1.14243041431 
1.14213143477 1.14216692449 1.29999999207 0.884316696786 1.29999970051 1.11219418261 0.913145383519 1.14199662908 1.07151605705 0.820282679451 
1.29999685949 0.62333214531 0.599472203665 1.09024356989 1.14408006665 0.999708782747 0.994899900274 1.11489832022 1.07502895904 0.843042681973 
1.00496183627 1.14213143488 0.930843589417 1.1421098558 1.29999997895 1.29999999166 1.30000002306 1.30000000201 0.852595321616 1.07493397334 
1.02889869179 1.14213143526 1.03345894603 1.00208664873 0.556767352231 1.0063744525 0.972011493624 1.00174490558 1.25372523629 1.23278539319 
1.14194397911 1.04512812683 1.08920319526 0.964335222752 1.14213183416 1.30000000004 1.04954882763 1.08638322792 0.975680485852 1.30000000078 
1.1634521604 0.944346133528 0.98073312746 1.30000000002 1.29999999721 0.889743037603 1.03179668893 1.14213080764 0.984731684055 1.14162538785 
1.13699845475 1.30000169876 1.14213143479 1.09928923568 0.807791643037 1.0233717011 0.965390480206 0.939916579565 0.93978176125 1.00432111347 
0.956868650667 0.777363572389 1.27810460705 0.929182288661 0.911741706536 0.986183852096 0.797152277911 0.998868703118 1.08749726791 1.14239092407 
1.03596714737 0.977893587352 1.22730403169 0.988595214738 1.2999859571 0.99704866715 1.124316616 0.614012995934 1.08170919185 1.14374366424 
0.812919253817 1.137030469 0.965656933523 1.29999998857 1.07906017895 1.29999999996 0.933304457108 1.02185108364 1.14211095477 0.894383050167 
1.30000005115 0.612918311838 0.985826850646 1.03001093118 0.960872745612 0.994567105483 1.14213097762 1.26075075568 1.206739355 0.984707701664 
0.97471868949 1.12847239517 1.08043342078 0.940379360973 0.970565453339 1.03826353203 1.14243928883 1.29999993112 0.871880765102 1.21756329681 
1.21090860514 1.29999999998 1.29999999991 0.972695974507 1.01064011483 0.683049688278 1.14212583437 1.12594109402 0.912876196486 1.16931116249 
1.18544393676 1.29999946985 1.14211552849 1.29999995738 1.12663829227 1.02574485929 1.29999998362 1.17359919929 0.898013504691 0.98784737891 
1.1424185983 0.640503681243 1.18891342685 0.98323109464 1.14213143477 1.16858316084 1.14211989681 0.99590900226 0.899119821591 1.29998132175 
0.942173603057 1.03525432885 0.709023965404 1.23818995171 1.2999999743 1.10372975777 1.2999999941 1.14244390579 1.10818928262 0.987589917691 
1.29999996225 1.29999996437 1.28815053262 1.30000000033 1.14212882272 0.809608722256 0.940921375968 0.931795518427 1.01290443056 1.13882959556 
1.14212865814 0.653178581444 1.16773467941 1.11819159745 1.00961452772 0.90495778276 0.961444846271 1.14250365362 0.957540666085 1.1732535607 
1.28615248302 1.14249986811 0.960627434964 1.11787060662 0.903895092305 1.02776649079 0.897751996644 0.990027458938 1.04354717996 1.10440670216 
1.3 1.25887975849 1.14213165107 0.976246504041 1.3 1.02257658867 0.621730369757 1.1145522177 0.948115363834 1.14213135977 
1.29999983577 1.00210814945 1.1108268521 1.00120958047 0.90265700439 1.1421307936 1.09182897966 1.30000000146 1.29999999981 0.933515515561 
1.12014216778 0.718965799944 0.965159792669 0.585208618792 1.30000000031 0.974560517 1.08020907946 0.896505725695 1.01763352664 1.14704063253 
0.889279087401 1.14212746739 1.03759379868 0.989184676901 1.30000005313 1.16935749939 1.29999937177 1.29999975999 1.00153269411 1.30000000021 
1.2330302976 1.29999999769 1.00511832885 0.840131653142 1.20132754383 1.29509913106 0.628530868158 0.99760737855 1.1421314357 0.996819191863 
0.823470647108 1.00898193055 0.668738212983 1.30000000211 1.03839438454 1.16279591298 1.20077103453 1.29999999988 1.29999999945 1.14213143465 
1.02004546383 1.0545492357 0.767784360844 1.09562852537 1.02253174299 1.14211095256 1.29999997791 1.29999999995 1.14213143485 1.22085878536 
1.06748246627 1.12482089033 1.14213143477 0.754298111631 1.18093047171 1.29999999967 1.14213143475 0.763561688961 0.689178501588 0.920691437989 
0.898943525928 0.938534319257 1.14242851468 1.11441404646 0.760832745418 1.20034244642 1.19314701014 1.29999998187 0.992910891119 1.29999999634 
0.98159649072 1.0174158666 1.26763532549 1.10576351794 0.6744695147 0.774295669057 1.0124947181 1.14213143477 1.30000000099 1.29999999999 
0.964012343806 1.22533203033 0.611114214531 1.27491066781 1.28876451413 1.14213143477 1.01721713573 1.30000016791 1.10226015161 0.603294968158 
1.30000000023 1.2999999999 1.00925372572 1.14213143477 1.08653213816 1.14214295146 1.20697135945 0.967187849668 0.60229502076 1.14497719722 
1.14244183128 1.12391225888 0.960641753383 0.828455970788 1.09272297609 1.01430737762 0.968483692367 1.14004660986 0.976174910834 0.655573328541 
1.1372932711 0.939621842092 1.29999999988 1.29999999998 1.14250111692 1.18555687336 0.848759134515 0.960331085911 0.984877548894 0.672461936363 
0.923174902307 0.883787533942 1.30000000007 1.14213066056 1.06995362057 1.3 1.01100280712 0.621739168254 1.3 0.997026868486 
0.987560248106 0.88675197099 1.10525781114 0.931344612787 1.14241533868 0.692594623268 1.07077998957 0.90857067807 0.891212682114 1.09504456125 
1.23568126748 1.29999987486 1.14240869286 0.89249380518 0.868538639419 0.936070908248 1.10642128155 1.09936987445 0.987351759471 0.975075030818 
1.14213126421 1.09995014608 0.864925147971 1.09438798259 0.995732776265 1.30000000003 1.13433974513 0.777119070355 0.983764133453 1.03954777629 
1.29999999711 1.14212980122 0.984300421086 0.937885490136 1.16091358585 1.2999999999 0.983207946318 1.02512373884 1.04294032965 1.30000000118 
1.14211582339 0.921772892005 1.03945915737 0.919366996641 1.30000001021 0.745248257779 1.03798306177 1.30000013512 0.960585937653 1.00435875217 
0.965590847223 1.14015686314 1.19434697541 1.14125489847 0.92726291556 1.07209908156 1.06690497123 0.849979251688 1.04664200136 1.02081889603 
1.03994031278 1.02726820123 1.30000000016 1.06635443441 0.716853978872 1.1506816087 1.14213143477 1.02945141285 1.0519404925 1.04699722888 
1.04051218234 0.993714947484 0.99773619313 1.03741029643 0.757219555406 0.625331640261 1.29999999997 1.02848332347 1.2646836712 1.142129496 
1.29999994363 0.931562508575 1.03403062485 1.11271124517 1.14213142993 0.785969608382 1.0055368365 1.30000000188 1.07097486799 0.855435555664 
1.08938267686 1.07827665048 1.14213143477 1.27822080377 1.02825959439 1.14213134279 0.958402270213 1.30000000186 0.776041700756 0.609490988042 
0.987017520532 1.29999999884 1.11221058418 1.14213143477 0.947363778927 1.1582389092 1.02593678132 1.30000003857 0.777461180934 0.889450640663 
1.21124555468 0.888049038645 1.27524608565 1.14213062851 1.00183924243 1.0117482755 0.63503680847 1.24048627313 1.13523596011 0.934388592036 
0.98551475662 1.04678704742 1.11719798862 1.08763697966 1.14213143517 0.985141280069 1.11773658376 1.30000012083 0.675341868995 1.00512234599 
0.899248532197 1.14242836426 0.993075175782 0.938474490794 1.29999999806 1.20016231434 1.19314648252 1.11441527219 1.29999997955 0.761336438324 
1.28683349906 0.966844435427 1.11636674138 1.03290673929 0.600767270333 0.989087807745 0.797023680231 1.04497644455 1.14635942961 1.14213143472 
1.10608486134 0.954416222329 1.14213143475 1.29999997222 1.2999999523 1.06265933095 1.29999998699 1.17822406914 1.07479678685 1.00055192491 
0.824107316216 1.06310891663 1.0953467703 1.29999998464 1.14213143477 1.05274675223 1.04085618623 0.888479014365 1.27322015244 1.15438766805 
0.82041719331 1.04898390882 1.16680096807 0.786882762588 1.14213143346 1.29994018544 1.14213143477 1.05462862757 0.55480706327 1.16691384982 
1.01658838708 1.0997359509 1.04610761459 1.29999998671 0.907290609165 1.14240918884 0.822115664099 1.14204151557 1.00132230791 1.15103572354 
1.17719262866 1.29653559432 0.961455537274 1.30000000683 0.62416754307 1.04071550771 1.14213143479 1.14009534596 1.14213140341 1.29999993247 
1.09225988856 0.910303189335 1.14259336877 1.02083487872 1.14188769925 1.30000000529 0.96816247068 0.843913225756 0.857343153122 1.03841242566 
0.836423869162 1.00616198866 1.29999999982 1.0794555737 1.14213143477 0.714275236256 1.03017928959 0.968897419539 0.889757380824 1.14200173263 
1.30000017521 1.14213143477 1.29940507071 1.14680091369 0.911856928432 1.11545679988 1.17343799346 1.03041533525 1.14093962761 0.859096500301 
0.630949768505 1.13190923884 1.29756793019 1.03299597036 1.29999998981 0.999871445235 1.10945536567 0.992258074659 0.994430341861 1.14213143534 
1.29999882651 1.17078301712 0.980170648708 1.2347296054 1.14213144554 1.2999999974 0.992532863207 0.975642960685 1.0020985025 0.871533273973 
1.29999999807 1.30000000269 1.29999999996 0.981193526185 0.936928418695 1.03099555624 0.966848215477 1.14100976754 0.801311038743 1.14213076702 
0.706580180286 0.992744058869 0.986413823704 1.01886921161 0.759818961305 0.929581090449 1.14241160549 1.05382914507 1.05218078551 1.08889873973 
1.14108850298 1.3 1.16545967724 1.04031887064 1.14213143477 1.03184440397 0.953612660178 0.962515475322 1.02315155062 0.964782974787 
0.863478629545 1.14220874362 1.2999999986 0.917182102854 1.07783653329 0.689832438341 0.872119931517 1.14213143477 1.18198613448 1.08304030654 
1.01363837327 1.04242940324 1.29999999165 1.16924853177 1.09786546938 1.01718518023 0.638756548267 1.29999996351 1.14286241859 1.14210824828 
0.951115850851 1.0171038686 1.29999449129 0.938928490117 1.13952904485 0.915783372555 0.870107595104 1.14212968416 0.939588880021 1.30000000132 
0.884757721188 0.943158538488 1.0475700103 1.1382158206 0.729760313832 1.16601504618 1.3 1.14213143478 0.885718061045 1.00913071809 
1.00594165954 1.10732325824 1.18619143759 1.14213143607 0.982031569978 1.27927195538 1.00959391941 0.702477157393 1.30000000002 1.08224267308 
0.638328801742 1.16512141067 1.3 1.29999999989 1.08804541654 1.3 1.14213143894 0.607784275719 1.14213143459 1.00107010148 
1.00392862936 1.05489363702 1.3 1.0334472105 1.14213143307 1.16414544254 0.591575163581 0.97358848601 1.29999999905 1.14212721459 
1.14213143823 1.29999985382 0.982853594312 1.0774535544 1.14213143477 0.744780948667 0.931595982667 0.781206648435 0.863252989191 0.892472582443 
1.05386533718 1.04580762136 1.13912235642 0.996631821745 0.91468121738 1.14213143777 1.03327908771 0.840771365598 1.30000000016 0.942964518599 
1.30000025189 1.02883518038 0.623539501856 1.29999989123 1.14212820501 1.29999998546 0.762967265386 0.99727487975 1.03489472169 1.29999999932 
0.713770163679 1.00210399518 0.978888258489 1.16562033521 1.02324610898 1.14213143692 0.696725184369 0.976082053307 1.0366197206 1.08744665148 
0.963985161649 1.1419486373 1.14326430224 1.06952893732 1.3 0.92165831178 1.28439367527 0.856879298875 1.14213143477 1.3 
1.16553002918 1.13340431432 1.14213143477 1.0849219696 1.09457243374 0.876100754811 1.14206768002 0.990667980664 1.2999999997 1.3 
0.716396715125 1.23249013379 1.29999999401 1.02682842968 1.28960835344 1.14213083659 1.03614526314 1.27451111025 0.944918941867 1.30000000001 
0.882492664986 1.14114678975 1.14213143947 0.850289830817 1.29999999985 1.10881310583 1.19746486925 1.03275394906 1.21071675081 1.30000000019 
1.03223020029 1.2999999998 1.14213144974 1.01975120584 0.863803308027 0.832661996916 0.81036930843 1.18307071918 1.30000000049 0.949686852945 
1.14213143477 0.688291857739 0.932978624787 1.04200515283 1.29999999993 1.14213341416 1.21465245358 0.77226857535 1.12124656522 1.05034642581 
1.14213143477 0.919694394134 1.04678344907 1.29999999999 1.3 1.21631049699 0.719208287997 1.14184220759 0.912013659027 1.26082607192 
1.00040271605 1.29999999993 0.913491023298 1.29999999823 0.958707173472 1.08242422328 1.14213143496 1.299999992 0.767866776123 1.14211095392 
1.3000000261 1.03397921138 0.833604407347 0.655719647089 0.838121268708 1.00689744924 1.14082583187 1.14212335787 1.25210884572 1.29999999993 
1.30000000948 1.30000000336 1.01659805105 1.01033734551 0.883082574104 1.29999999947 1.21369269278 1.30000004197 0.683805920529 1.14213146474 
1.14205246933 0.983585433873 1.06040592727 1.29999775161 1.05015793656 1.03295425428 0.968164156996 1.14213143477 0.970062924659 1.30000055992 
0.939832879776 1.13925675684 1.14212913411 0.687669564664 0.805613115444 0.986918888991 1.29999999999 1.1593115451 1.3 1.01546128048 
0.99167011346 0.868366517427 1.30000003712 1.00036127174 1.23315930585 1.2999999941 0.906650096851 1.13320150192 1.14213143481 1.13665556845 
1.0459654569 0.963409987984 1.07995947394 1.14183190388 1.08403000088 1.30000000001 1.05654596396 1.087446762 0.90798713304 0.738503189808 
1.14213143478 0.868129692178 1.04507661963 0.894423207778 0.917934007807 1.3000000002 1.299999996 1.13880770879 1.07327836152 1.01315853501 
0.895035709471 0.980202061794 1.0881627017 0.863920999061 1.142511715 1.06517325672 0.983816109274 0.964043567673 1.11759960168 0.811100663685 
0.99975812505 1.1421314351 1.09801078091 0.989873045954 0.670279190663 1.03351814882 1.12958111084 0.99231076691 1.30000000119 1.29999999923 
1.29999979006 0.553231869486 1.00283795317 1.13843205392 1.14275086008 1.29999983386 1.29999994538 0.942200035139 0.991825609364 1.01309929985 
1.10970737531 1.06784799149 1.30000000003 1.29999999977 0.883661280926 1.05889135094 1.30000573614 0.962891271738 1.2999996178 1.14211095463 
0.670544722349 1.06449636864 0.934503548118 1.3 0.939051654667 1.14211095474 1.29534598723 1.3 0.986325835555 1.3 
0.90946046473 1.15751462952 1.05970821679 0.635443272947 0.954588042884 1.06422881049 0.971796417772 0.793056514688 1.14213143513 1.04498954486 
1.30000002168 0.917976707404 1.29999999999 1.07911024426 1.30000000057 1.05065432633 1.14211095475 0.63517264072 1.0066016076 1.15649442725 
0.978977009597 0.992972018858 1.07117908377 1.14212972874 0.723976937835 1.02306727757 1.27670114628 1.26026265091 1.0023515884 1.30000103703 
0.915372087395 1.12503704589 0.986426235996 1.29999999991 1.07475378846 1.30000024919 0.767874267001 1.1421109585 1.30000446729 0.96617686074 
0.93242508898 1.14213144516 0.630608822853 0.835359458893 0.977006576019 1.00894559707 1.28782284858 0.910317698919 1.28744602408 1.29999990608 
1.14214927432 1.14213143477 0.615102531438 0.748081384088 0.609812034648 0.593652498511 0.964666147185 1.29999999596 0.885092784217 1.02063100573 
1.14211503474 1.27155736664 1.15960566303 1.29999989023 1.12744418808 0.993760247992 0.632595440424 1.29999999943 1.14213113736 0.823396535436 
1.01892167999 0.968619451812 0.804151640339 1.30000000119 1.14212756497 1.29999999885 0.997450978434 1.23942183469 0.960709183534 1.10964806682 
1.14108831279 1.0596789108 1.29999999996 1.300000002 1.02278107214 0.777901951112 1.29999999871 1.02465714481 1.14213141783 1.30000000019 
0.715117031114 1.20013009516 1.14213143477 1.30000000081 1.2457106977 1.00942225298 0.965293755118 1.29999999958 0.793047116686 1.02463479161 
1.14213143477 1.13956725839 1.29999999984 0.639294196781 1.25856717278 1.01944102531 1.14283077186 1.29999999946 0.888084659866 1.21770945954 
1.30000000002 1.1596705977 0.823391975725 1.1421150389 1.27154281048 1.12752652573 0.632578478564 1.14213113685 1.29999999988 0.993748466602 
1.29999985966 0.72190674303 1.08095805513 1.08419663613 1.29999999964 0.902332955184 0.914884041762 1.14194264485 0.835626022467 1.14213143477 
0.895545879209 1.14244283772 1.06700747146 0.643709085543 0.864661751937 1.068167424 0.941915411525 0.841344853926 1.14213143477 0.992965618115 
1.14213144584 1.03064257677 1.29999981825 0.884680279537 1.14213143467 1.06060977633 1.29999997466 0.626335669734 0.988257962369 0.841650483375 
0.996261667806 1.30000772141 1.29999999487 1.29999858208 1.13973265421 1.28908934587 1.0336498271 0.8826455024 0.620035415939 1.14213085458 
1.2999997661 1.30000000026 1.29999999989 1.29999985714 0.607845418903 1.3000000011 1.29999998068 1.14213006071 1.2999999226 0.984611754083 
0.966495353429 0.803479146054 1.30000000031 1.01639997764 0.650947040308 1.13403287396 0.955338223838 1.1421312462 1.14213143482 0.908217745595 
0.910487632877 1.1175163552 0.871807177936 0.997565752655 0.911973181351 1.12198234456 1.14249991703 0.994562286653 1.05595770439 0.960151286512 
1.10463190025 1.19605935029 0.899321744687 0.786304972907 1.29999999987 1.3 1.00099357405 1.14212994796 1.14213143898 0.960249538306 
1.00425218531 1.30000127597 1.29999796293 1.05447252088 1.29999461162 1.23348597705 1.14213143451 0.996994864975 0.882964282234 1.02277296082 
1.3 1.10944119038 1.14243059427 1.29999999996 1.19566038595 0.854094121155 0.960414373601 0.938739549413 0.991118324191 0.892861583295 
1.05289515413 1.14213148565 0.963378566296 0.997026049625 1.01387867851 1.30000000004 0.822934323393 0.975721191555 1.03388025303 1.13786277267 
1.0092000967 1.29999999933 1.03645103946 1.1663870633 1.13408354643 1.14211095444 1.30000000391 1.3000000001 1.14761738128 0.906922167526 
0.945972958456 0.907898380799 1.3 1.02904946087 1.140802157 0.837138936889 0.966396450603 1.14212878254 1.3 0.914057058289 
0.822023847417 1.14212757802 1.30000000004 0.861109586273 1.14095169958 0.867239751235 0.853869594499 1.02350517985 1.02822805827 1.29999995596 
1.14182300132 1.14710952176 0.951162689384 0.994654139381 1.06465844686 0.853991350363 1.15748005758 1.03143510451 1.14213436854 1.29997766993 
0.866700862028 1.08642817515 1.14213143477 1.30000000415 0.985889925023 1.129934066 0.876127796816 0.82959563253 0.742138775727 1.14213143477 
1.24636737225 0.958448316503 1.07064430258 1.29999917367 1.02386910229 1.00110670836 1.14213139606 1.25486836723 0.611905925827 1.12716572386 
0.973858746842 1.14213167131 0.938359771762 1.30000000002 1.03672078789 1.03566966656 1.14186392056 0.951495887303 0.602285870217 0.915267995413 
0.873926649054 1.30000014644 1.03882653239 0.70926938489 1.03402409891 1.00859987319 1.14213078702 1.30000001112 0.857170754163 1.30000000018 
1.29999999976 1.29999999985 1.14213143652 1.30000000014 1.30000000001 1.29999999996 1.14210368094 1.05776556045 1.29999999999 0.993082484465 
0.992468693187 1.23927462035 0.927828833262 0.962191389728 0.647356234215 0.584949917548 1.06250068792 0.973338974746 0.649492600979 1.14213143483 
0.88968715591 1.08515401673 1.3 1.00325905934 1.14211095473 1.02038398121 0.950682161893 1.13521426191 0.798821805627 1.29999999999 
0.889129856856 1.14213143477 0.890709192685 1.14137173778 1.06672008183 1.30000006015 0.846941614347 1.03732371047 0.616621292337 0.894239866266 
0.818344246253 1.14213143477 1.10866159234 0.928355180121 0.804589781807 1.06617441043 1.05086184643 1.3 1.00325676023 1.3 
1.04224373972 0.993448375825 1.14213143462 1.2496492772 1.1424315503 0.774971551833 0.912587339707 0.937041761637 1.06133148931 0.66605680558 
1.16181878218 1.02437041829 0.949372294992 1.17659347732 1.14233690485 1.095033477 0.984994376217 1.30000000135 0.976104667758 1.00684465102 
1.14213143477 0.991939969273 0.904862568752 0.646960481005 1.30000005716 1.00667510191 1.30000001567 1.00216838196 1.29999999941 0.666294630744 
0.641848237797 0.872472367026 1.11218117578 1.14213143577 1.3 1.28410577075 0.997160286834 0.976863265258 1.11964663173 1.23313251275 
1.26758282416 0.913004553588 1.00846639313 0.809043713049 1.01286427933 1.29999998926 1.14213143488 1.0201339426 1.13088559256 1.18263960361 
0.968874963307 1.30000000005 1.29999999999 1.08010151843 1.14211097669 0.961329123809 1.3 1.09518427443 1.01462401764 0.802366577375 
1.00474405986 0.947624065462 1.1424007534 0.757896305441 1.01340698878 1.29999988719 1.16478157967 1.0566124306 0.924011674398 1.12664307619 
0.651068815866 1.09937978889 1.14224823049 1.29999999999 1.29999997862 1.3 1.03895886418 0.992657888696 1.0203438427 1.04110642815 
1.03965075205 1.07924940718 0.903816265161 1.2999999994 1.0215490694 0.732076235888 1.13560082282 1.25196232447 1.14159585372 1.30000030499 
1.11580570826 1.14213143477 1.24819621535 1.28664349033 1.07560779444 0.775386945184 1.30001266634 0.968987412437 0.947936659135 1.30000094494 
0.78153083848 0.971361766817 0.689347425796 0.967695354483 1.14213143477 1.01486169602 0.982546520768 1.29999999962 1.2999999999 1.29999999991 
1.1088090723 1.2107663398 1.30000000026 0.85032614787 1.14213143948 1.19737821021 0.88249874187 1.14114783538 1.03280689333 1.30000000007 
1.14213087712 1.01010463173 1.30000000247 0.884654470205 1.29999998424 0.891341521494 0.921812131215 1.26686401737 1.11516517213 1.00710461545 
1.01366922916 0.981146772307 1.29999985485 1.22301933655 1.14213144861 0.994966414084 1.0188202424 1.29999998292 0.971836588459 0.943984653573 
0.954036325769 0.908606096844 1.14213143477 1.02051030166 1.11543528518 0.838871477632 1.14213143477 0.884459745774 0.739649413274 1.10235872889 
1.29438884722 1.30000003553 0.890893350419 0.832650737303 1.01051972361 0.977730775999 1.24610610974 1.14221911095 0.71427011784 0.799048688165 
1.01306434386 0.6721801547 1.14213054273 0.922331094511 0.992317315825 0.756358627485 0.957925936283 1.14249222729 1.14197462155 1.18772095633 
0.998919373057 0.929191952717 0.9108306821 1.08747978029 1.27813813008 0.986173418391 0.777159849975 1.14239094728 0.797151900109 0.956909095383 
1.00033670111 1.00225605741 1.03925978288 0.60882535637 1.14461927652 0.952263723437 0.900186703579 1.10025470926 1.10828895448 1.29999999918 
0.979760130611 1.14408764907 1.14211524196 1.08586080554 1.29999999895 1.29999989762 1.02029859924 1.03306108024 0.661941484218 1.01026877379 
0.991821691793 0.977363952082 0.936589160936 0.910460223769 1.12845561253 1.03105725745 1.14242659276 0.906363972531 1.11036776808 1.12150302579 
1.0341855338 1.01587472779 1.14213143474 0.857595023685 1.12122368467 0.958830867852 1.07304463696 0.648204775295 1.14213143477 0.966714932974 
1.00690252117 1.29999999993 1.14244892603 0.994110929997 1.05773395472 1.1419007356 1.02752275655 0.943403032954 0.815515216524 0.847341363986 
1.16966131762 1.12492511816 0.970267236705 0.970602996754 1.3 1.14211097381 0.814002818972 1.3 1.01078253341 1.07548525835 
1.04346045076 1.05814002609 0.790379715723 0.956886723843 1.30000000003 1.29999999999 1.14211095475 0.67697183518 0.814375573832 1.30000000003 
0.950413406273 0.938143142194 0.973396445905 1.03620320476 0.602158608467 1.29999999772 1.14213165981 1.14187156415 1.03553563111 0.915105026715 
1.14213143481 1.1421314149 1.03617795882 1.30000000717 0.808949116282 0.947093480831 0.683670201088 0.904034907039 0.9446680655 1.30000005909 
1.3 1.28413880363 1.14213143577 0.872453569315 1.11964213003 0.641865827825 1.23293309882 0.976839858669 0.997128941211 1.11215955617 
1.00880917401 0.662547101131 0.989338165653 1.1425097017 0.963017523051 1.14189659157 1.18042990423 0.734543581246 1.0915370411 1.22409866724 
1.14188553911 1.00036609953 0.98460891013 1.14213037849 1.05260456949 1.30000000114 1.3 1.0010221896 1.18262572775 1.02877176322 
1.29999999991 1.03315035985 1.29999990792 1.14213144552 1.05545272563 0.841667188922 1.29999979302 1.14213143477 0.667020995713 1.05071531511 
1.3 1.13771296395 1.14262734625 1.17891516345 0.993678270053 0.953988884338 0.977519378712 1.30000000077 0.884034725593 1.29999999965 
1.21644584559 0.866584813875 1.0906645642 0.985697723318 1.04419749225 1.14163125381 1.14691133509 0.995334138073 1.15297826532 1.0431076305 
1.14243965856 1.29999995199 1.29975670082 1.09745240854 1.3000000222 0.940575404158 1.09623379977 1.06876695089 0.707024567702 0.984593339001 
1.30000000002 1.21511094045 1.30000000005 1.01600238227 0.99151985611 1.3 1.21490371138 1.14211461817 1.27192673377 1.01083462527 
1.14213143477 1.30000000519 0.888103330834 0.886473778449 0.974932711238 1.14213143478 1.08618634389 0.785870078261 0.977744390395 1.24891894221 
1.1421109547 1.04634887697 1.30000000006 1.29999997951 0.830417750977 0.953006924676 1.02275312718 1.30000000002 0.638336350942 1.14088125114 
0.963676365632 1.14136833652 0.924490063337 0.842520414945 1.14010111969 1.07115848278 1.02263709497 1.19305735073 1.07231395403 1.01436228346 
0.919828379529 0.976700335868 1.29999999971 1.2555783232 1.00554512179 0.741503484321 1.29999999975 1.0227116997 1.14213147535 1.30000000024 
0.75404402925 0.895892253176 0.652436216493 1.00303429547 0.999151502245 1.14213144504 1.10238638683 1.29999999998 1.29999999964 1.29999999951 
0.745926051499 0.909653051352 1.00155959115 1.14210856811 1.30000000089 1.10148105028 1.3 1.14213143493 1.07727665365 0.825758798754 
1.05617177954 1.13892814095 1.0208989013 0.833499164141 0.944192697604 0.756986735711 1.14128036264 1.1781598927 1.07177950675 1.17566790915 
1.02576916255 1.04561126524 0.973303398733 0.918069231054 1.16697437064 1.29999999816 1.07988106487 0.949031211444 1.14246262171 0.926205873948 
1.14249335479 1.29999999915 1.14039835097 0.957858394966 1.29999997464 0.741098202132 0.935581840282 0.99921334658 1.1039639267 1.14211261051 
1.0492604443 0.569673428807 1.14213143477 0.772091355959 0.875798435293 1.29998823469 1.0001631364 1.13039236771 1.14213143169 1.13425748583 
1.14201776631 1.3000010961 1.05875672829 1.11070743709 0.81630128374 1.04679613618 0.974645344357 1.29999995818 1.1567377279 1.30000000261 
1.14213100246 1.07436853887 0.914309796314 1.30000001328 1.26954134934 1.00114255128 0.920179321513 1.0097511387 1.27972518289 0.639633682947 
1.12059125911 1.14244657224 1.08605108941 0.994674553952 0.942966065766 0.983163844479 1.07512933793 0.769103708796 0.900767348189 1.09548320865 
1.12755497755 1.14213143477 1.22668810715 0.932842183549 1.14213143319 0.969820919655 0.684058346476 1.05059154728 1.30000755696 1.30000463563 
1.10061123412 0.867932582655 1.14242395621 0.988894074108 0.898005086977 1.0867900139 0.908221658628 0.990675200914 0.936319353453 1.16424637807 
1.12057285979 1.14700240773 0.961976072351 1.03436806025 1.29999999999 0.958819048657 0.712680149643 1.14222235849 1.3 1.0939823458 
0.845186014958 1.14213644014 1.07334344786 1.15260210631 0.58411691297 1.29999999968 1.22759163303 0.90438495754 0.989438079224 1.14213143477 
1.29999999998 0.984244671745 1.29999999998 0.76679656996 0.807714339214 1.0396000661 1.14337593999 0.92696656036 1.29999999983 1.14211096952 
1.30000061415 1.04971246207 1.0764807801 1.30001487246 0.896437989296 1.14187758602 1.14213143478 1.1544543707 0.886569281252 1.00342113182 
0.93695989298 0.781388547006 1.14211095475 0.877874301554 1.11721200681 1.30000033904 1.3000000002 1.02599946984 1.29999994082 1.05162254549 
0.913667105192 0.631089783398 0.780301382147 1.14237630508 1.1118683627 0.982612832755 1.09659961146 0.94501326766 1.29999999985 1.0593515414 
0.918212264956 0.891359698318 1.1421314133 0.632187166344 1.12869355469 1.28002827344 1.24757681521 1.03206172374 1.14213143477 1.29999999842 
1.00893035804 1.14198613671 1.3 0.838278954411 1.30000000017 1.05073886406 1.14213006612 1.30000000008 1.11018447939 1.13865575386 
0.88183068988 1.30000020888 1.29999983127 1.04830536448 1.0072784096 0.966486704299 0.857080709804 1.14250176443 1.14211054824 1.29999984631 
0.990377099819 1.1424239278 1.10594517888 0.849363428063 0.970761110889 1.06078548862 0.906290991063 1.1272309459 0.93604910165 0.903541891375 
1.19312460952 1.29999997671 0.899063365823 1.29999998852 1.20030161686 0.992995602985 0.938542395988 1.14242854253 1.11439342928 0.760919718256 
0.723759978369 1.14422517629 1.1495923652 1.08651683305 1.29999968914 0.864458440911 1.03292953921 1.02627842327 1.14209967699 1.06235765973 
1.29999965801 1.01758763365 1.02962388857 1.12469764235 1.00883133951 0.748027079854 1.14213145718 1.04283165502 1.02915327444 1.01432051853 
0.883083058359 0.983815019711 1.14212930297 1.26661367214 1.02445991434 1.2999999999 1.02188390297 1.29650817826 0.954620143285 1.30000007936 
0.61770501543 0.943031032121 1.30000000213 1.29999999403 0.996112023549 1.14213090326 0.995084112606 1.19699447641 0.987605342334 1.24739370382 
0.906129711196 0.916504924589 1.14211095475 1.09306739935 1.29999999997 1.02208845407 1.06751209433 0.840364489483 1.09712189079 0.694821615634 
1.30000000001 1.13749220345 0.991515301263 1.01785611105 1.29999999998 0.703411235079 0.738685864974 1.16978177678 1.3 1.14211094695 
1.29999998725 1.29999999313 1.300000009 0.924223295408 0.918358461738 1.14123865678 1.14213143045 0.852711352928 1.03238697839 0.895284227232 
0.923679077258 1.14213143494 0.950609703396 0.954271178774 1.02498253316 0.994025365358 1.29999999345 1.13240437625 1.12911207466 0.743370587308 
1.04919686852 1.27472736857 1.3000000001 0.835021017482 1.29999999985 1.13648315866 1.14259467477 1.14213143474 0.94472421164 1.11611032803 
