1.13989569739 0.984500196389 1.02005985494 0.947457708949 1.03852640508 1.14213143478 1.36050815893 1.20406289259 0.823218913709 1.14633730907 
1.32198819454 1.41102982278 1.07939325304 1.30127145368 1.14199984951 1.14213142016 0.934059576924 0.840542477634 1.00492340653 0.72454399722 
1.14147508938 0.851475443583 0.920645255952 1.28765799527 1.05265263687 0.962612005388 0.971255870239 1.14213033831 1.0412181362 1.54797068048 
0.820463465611 1.22201061881 0.885174053853 1.2471317175 1.0137822369 0.981606869126 1.14213098806 0.989818136188 1.19615377987 1.66344955751 
1.14211078912 0.719972728323 1.14211963552 1.17224366931 0.863919761538 1.30573429745 1.16097236061 1.0032330304 0.98760343877 0.655830156234 
1.05173765927 0.911935719282 1.16753381337 1.00271551507 1.47198075773 1.14212959049 1.00868359485 1.48017688997 1.0141030816 1.14196582692 
1.12922253662 0.971262214891 0.993713342467 1.14209551074 0.894757354624 1.14213143477 0.669291151242 1.01383490143 0.862862952303 1.03147100597 
0.937702643561 1.26889518958 1.18222873805 0.634034348946 0.873036134509 1.14213143477 1.14213136446 1.01530684141 1.40990506498 1.10269281022 
1.14213145075 1.02948623615 0.996887635263 0.559438122982 1.01389125915 1.23694998993 0.976356284531 1.01696214304 1.03469898627 1.18393828667 
0.967519737694 0.740842592799 1.14213143477 0.877840547853 0.700304836576 0.94959500244 1.14213143477 1.33777306308 1.08128231654 1.09859249158 
1.14245490694 1.0067371841 0.975991424451 1.01208041179 0.913361231761 1.3863305112 0.96794430013 1.39865062029 1.07542065081 0.875297901341 
1.09557017301 1.34543042069 1.11644327454 0.834360191272 0.816589321701 0.966074814988 1.13533520597 1.02121687833 1.1421314348 0.998727728119 
1.10727640946 0.816041507019 0.853252591571 1.13899099474 1.57694197927 1.01348014199 1.38689911085 1.14213143141 0.971817577456 1.47366331592 
1.16393079128 0.988800307697 0.89774864552 0.93628648006 0.907718368231 1.14242390359 0.867604437131 1.08653587649 1.10061121133 0.990691269764 
1.56146469937 1.14213084615 0.933329635314 1.01529626872 1.205705657 0.99952076717 1.19702618599 0.637827162948 1.13910874667 1.25223798721 
0.618212322 0.922663098021 0.982343708453 0.803711443738 0.993641389069 1.06512092786 1.27151172917 1.08973898297 0.983028364258 1.14332861314 
1.2430460752 1.01211618788 1.05315057495 1.11462267035 1.14213067569 0.943485604036 1.03568079011 1.22354484532 1.63367006996 0.982509286138 
0.968796500657 1.58151328979 0.724593363726 1.14213141305 1.14052317972 1.02525222293 1.3791935941 0.844069196053 1.36821134328 0.84488899357 
1.07590924806 0.849660527704 1.02153252244 1.14002092389 0.926335566682 1.14131149254 1.044819981 0.964238268593 1.06777746934 1.19131113839 
1.2300297576 1.21865320889 0.959567881352 1.04632823863 0.981513371723 1.08216215321 1.14213138157 1.0458756062 1.14211577165 0.573634217976 
0.830951103897 0.940260304799 1.00188128535 0.990411943405 1.14249714204 1.07648335932 0.95947366829 0.807146893311 0.991537982183 1.10738484473 
1.12309372893 1.14213164806 0.698502483076 0.845437609868 0.850375028841 0.919060374404 1.09774421979 1.02639498109 1.14213143477 0.922284322433 
1.14232814133 1.02785393731 1.14140415263 1.03832892175 1.03737296399 1.10295889894 0.941568940951 0.821223765065 1.2661505668 0.900928193626 
0.894499981768 0.994060007697 1.15834015144 1.14198373237 1.14234787192 1.05016797966 0.994374950061 1.05966634441 1.04518610566 0.785930846345 
1.14212865971 0.653279732076 1.17313938631 1.14250348078 0.957557212562 1.16777730617 1.11819391789 1.00957197902 0.904506029772 0.961392991952 
0.994305170039 0.998073611411 1.05423525872 0.960142369801 1.1175525033 1.12155323902 0.911561395733 1.1424997659 0.905337825908 0.890352352062 
0.943522390615 0.982432225993 1.14213067662 1.01211731049 1.24296852249 1.11456750499 1.22353285101 1.03567904645 1.05317330505 1.63341430201 
1.13632376964 0.967144471678 0.954430471923 0.915875060325 1.00258687712 1.03023231641 0.929705635383 1.14211581217 1.10296342608 1.17183050592 
1.07747598805 0.963572899938 1.21249679385 0.95465961399 1.10924425347 1.11398341142 1.18092619848 1.01312496593 1.14251211444 1.06152065586 
0.864956424213 1.23060206768 1.22407911161 1.14734415547 1.22305573501 1.14213031687 0.786135442621 1.61519701274 0.968941937253 1.02173647195 
1.25940794764 1.09241750102 1.14213143477 1.08639269315 1.14131744871 0.970296843585 1.42983261663 1.07539375191 0.791531591909 0.910412064889 
1.08635120197 1.17680981424 1.0327125494 0.887051258398 0.791247838526 1.14211245723 1.14286593606 1.37082990588 0.975949574066 1.02849249826 
1.31357611671 1.63010765632 1.14213032236 0.993921688435 1.07613001874 0.972148474701 1.17948236636 1.5167537135 1.04819925328 1.14179279676 
1.03742396399 1.40563153884 1.55884437628 1.00848413064 0.820417344762 1.14213070092 1.14134482563 0.982207015435 1.61232538615 0.930377079758 
1.14213143477 0.874870413325 0.820773868697 1.14124339516 0.88617858975 0.887205452086 1.08579089482 1.03577022003 1.02198451877 1.37733602809 
0.663481074646 0.95540921766 1.08931649606 0.984181407032 1.14201704839 1.13311308335 1.01613884036 0.963171652664 1.12508099104 1.55607031373 
0.78780627182 1.06903195464 1.14213143477 1.02681306358 1.10919843037 0.996261491391 1.19150635486 1.14189292659 1.20117947026 1.16336951543 
0.920919751516 1.09892698775 1.04433917753 0.708942049576 0.999152047989 0.902451311308 1.14213097275 1.1414646311 1.11037107401 1.55832641344 
1.24492813672 0.8527334206 1.14212925309 1.1726684731 0.966173706773 0.804232270246 1.17614813746 1.01035736254 0.975379419722 1.14251989554 
1.00166997585 1.48802948771 1.1421315621 1.14213051242 1.0264086605 1.08253008152 0.780858065644 0.930698978666 0.819250909749 1.18512985474 
1.14156818832 1.14213043239 1.534072174 0.659074353343 0.842795578889 0.852284810595 1.01835768047 0.803899926149 1.04390684002 0.989886121201 
1.00303963645 0.96666021548 0.775543311379 0.771914652342 0.946940282876 1.14213156237 0.873429347416 1.02660596097 1.19201894831 1.14213099632 
1.00979328799 1.14213143478 0.995424619574 1.13660246027 0.986803564835 1.00436629492 0.902074246901 1.48184287274 1.07154358138 1.03265303452 
1.36026298956 1.27949907343 1.14213143947 1.80101339137 1.01173845835 1.00562930957 1.04569023068 0.68986691143 0.993601872549 0.856854974639 
0.982065107671 1.55810358212 0.820466421759 1.03754761203 1.00877577587 1.40358849678 1.14135215394 0.930166620644 1.14213069359 1.61016567434 
1.00781450491 0.982706049671 1.14135147989 1.03755843332 1.61445990191 1.55865207534 0.820426929657 1.14213070136 1.40550914993 0.930441666594 
0.902708497673 1.31014047353 1.04265470824 0.996188954698 1.14212941228 0.976880946372 1.05091801843 1.14195555506 1.38599513649 1.01471384222 
0.884171729341 1.24516447387 0.875647015763 0.965601988011 0.984703041697 1.0939912706 0.949158449191 1.00319067153 0.86076211824 1.14251708788 
1.02320198003 1.26728500236 1.08535961666 1.08904517299 0.970431621785 1.01049025781 1.0334202791 1.26052294426 1.14206150393 0.992732659233 
0.886996430085 1.07846311101 1.46115109396 0.943320795966 0.87891223785 1.14213011845 0.981438760631 1.14164566564 1.04688853997 0.862244125752 
1.06929818037 0.963439483426 1.05015598098 0.9566778629 1.21595507757 1.03310308638 1.50369488011 1.14213164482 1.14197640701 1.52385900536 
0.990003344574 0.652591962162 0.829206587898 1.14193043783 1.54294468439 1.0695048651 1.14213143477 0.788832724622 0.956731840342 1.073796773 
0.556307188397 1.12558515919 1.01686726574 1.14213143483 1.02649666859 0.939810736924 1.22654189137 1.36912033114 1.18135418405 0.967853207299 
0.908232813581 0.881926878906 0.995467506167 0.996923959935 0.954512573817 1.3831183743 1.24887036011 1.09177349847 1.14212785386 1.00508029333 
1.1421276768 1.06000721542 1.02924521378 0.984015833551 0.892466943466 0.997475398627 0.859257417402 0.864166070187 1.14087179249 0.97750076784 
0.714564284456 1.14213143477 1.14213143477 0.88700201342 0.932254064725 1.05307719366 1.31864310418 1.17649441621 0.942330842504 1.11720263306 
1.02684395617 1.15267136663 1.1576086659 1.04430356439 1.06008496744 0.990905888945 1.04038119999 1.20898893927 1.1430299631 0.628242730697 
0.936340470101 0.60358304116 0.968917820124 0.668256754273 1.17111796494 1.06109633948 0.919474969422 1.14215221922 1.13227844408 1.41297104745 
1.06586171872 0.994523847926 1.11368797947 1.14213143477 1.21348068375 1.1419513506 0.955747690717 0.827636125094 0.986764115383 0.918427059144 
1.14213143481 1.13411224659 0.991716985067 1.50574193455 1.02861238104 0.941830142975 0.845250733623 1.12054232197 0.997240614553 0.966827587071 
0.969715162541 1.14206980661 1.02459368434 0.978469645213 1.09480213661 1.17821610519 1.28300830388 1.45448802631 0.990200225795 1.02787089939 
1.14213143477 0.832460210318 0.830660477728 0.935066977946 0.995273994896 1.00677631121 1.14212630837 1.19227604856 1.16785651915 0.64937994787 
0.980859837975 1.28819258173 1.13558819123 1.0484279617 1.14213143477 1.25648544233 1.14213142493 1.32525642587 0.62363013084 1.00430482328 
1.02463756814 1.26738456029 0.970658309279 1.08849255501 1.27428928551 0.993226889199 1.0314174564 1.08461133142 1.01088674809 1.14206229036 
0.91268499977 1.02618301088 1.17105452109 0.984033080127 1.24738603378 1.67770650209 1.14212974381 1.01844059058 1.13075452622 0.698053888333 
1.14213143511 0.543400334993 1.22835553236 1.01762673332 1.00471954686 0.971446370798 1.34254405629 1.06869332743 1.22387084672 1.27099831144 
1.06176867409 0.991484223042 0.91606584239 0.997678752413 0.978969117612 1.14250159736 1.1171892569 1.12614107165 0.960379622323 0.800278740209 
1.18921185735 0.687211059777 0.968788567738 1.14256769406 1.51963101408 0.979830391972 1.485460521 1.06389282202 1.00816573195 0.948141121339 
0.991603574186 0.64276549146 0.824949217289 1.165660292 1.14213143477 1.09473559524 0.923939086994 1.14816929312 0.978643295512 1.14210806261 
0.93285736673 1.06260801857 1.14213143496 1.13702725854 0.983488517513 1.32079293179 1.25927363904 1.12488736762 1.4495807429 1.53149800889 
1.63754347041 0.958030751621 1.6042626063 0.768203159004 1.14213147959 1.0164706232 1.12364485992 1.06308182873 0.823520971066 1.14205543818 
1.23407542089 1.14251222276 0.855373379701 1.01248341814 0.896604588567 1.14735487265 1.04196437536 0.964220277254 0.986649010558 1.10236654852 
1.44673623986 1.23080276238 1.01485586764 0.848402965686 1.14213018402 0.609569582922 1.03076315487 1.14212275144 1.20304453076 0.997418995161 
1.27196362367 1.26120780838 0.805824790027 0.985216948382 1.26889188186 0.992788619172 0.583552272391 1.14213143493 0.610233103716 1.01778673239 
1.10432129505 1.14213143499 1.05931998727 0.940561087537 1.23602265988 0.851720796766 1.20041586642 0.604907025569 0.879557100391 1.33997180866 
1.01811055781 1.08048084352 1.1950429895 0.881341375941 1.14243212025 1.02249140588 1.33833972812 1.30627851902 1.14211603172 0.938601166179 
0.839380446926 1.14209552919 0.744087876526 0.8955652856 1.16960363668 0.923700661313 1.05464774423 0.995258293796 1.14213166383 1.06054173474 
1.00220170148 0.980609686798 0.978874515367 1.0395441811 1.14235745079 0.965542432412 0.752577266221 1.11569391755 1.11511776874 1.24464429269 
1.14241213642 0.924723187627 0.720124659739 0.984261374277 1.08568649964 1.01704629414 0.88023694441 0.928992477037 0.929684048926 0.985392662875 
1.22972670176 1.14213144713 1.05992370625 1.19571449915 1.26376498476 0.974826744001 1.02382229413 0.97732849827 1.41459205283 0.936690235171 
1.04174207079 1.28513480279 1.16334778221 0.989894184204 0.770590585715 1.03192140417 1.14119436289 1.08973049811 1.14213568073 1.39210751339 
1.09520840118 1.1416880505 1.1881825291 1.00892150358 0.613273972359 0.966531809349 1.04232253626 1.14213143477 1.05062363303 0.999532206101 
1.17847966085 1.08496223419 1.37263954651 0.985487489715 1.03194334998 1.42208270303 0.766480734456 1.14213143477 1.01999265985 1.18098510432 
1.19631804457 1.63672652992 1.10088743403 0.988419333208 0.945047075363 1.1827671348 0.879693840568 1.22816622538 0.938370449517 1.14241468003 
0.932445248581 0.935066780129 1.07314119316 1.14213143415 0.703549007887 1.3416731602 0.80028091243 1.14213143477 1.02053279448 0.795073164684 
1.14180819232 0.957809752495 1.14213015386 1.16405903064 0.992928991688 1.49540246497 1.04982137057 1.01538088747 0.984544454624 1.50906216758 
0.937570081596 1.18247570589 1.14213136469 1.26894760528 1.41005316854 0.634054022334 1.01536567116 1.1026962956 1.14213143477 0.87318674784 
0.923484931394 1.23786967825 0.959531403684 1.14250293298 1.00312903536 1.04680385717 1.13200148618 0.984484160042 1.12807235071 0.960941301798 
1.06215354568 1.09260029758 1.51911399505 1.13475606889 1.22979380603 0.857412512089 0.878827937779 0.974746629043 1.14213111423 1.02250882049 
1.00042285157 1.17940809461 1.05040122594 1.01563954388 0.998982156371 1.14184049511 1.50660319194 1.14213011796 1.4947825077 0.977104581629 
1.02450375355 1.18792962646 1.14052869054 1.36792594725 0.967852846245 1.14213143477 0.969825602858 0.953224614618 0.976743311312 1.04041039579 
1.05942154744 0.865357391651 0.979813199698 1.00155443427 1.02989323374 1.14212768284 0.977611295866 0.892131607154 0.855188823816 1.14097784357 
1.46142347632 1.14165807981 0.870519410863 1.04713863899 0.884590386784 0.982296573023 0.946537231692 1.07280416914 0.88657096234 1.14213012575 
1.22004557277 0.991296025794 1.14203806975 1.13076002235 0.933579733389 0.779054141061 0.998639779346 1.58475968491 0.813148679072 0.990561114061 
0.904607077656 1.00784518503 1.18772359802 1.08086431383 1.1672053044 0.824290632004 0.974276213011 1.15993444715 1.14191972565 0.640113859498 
1.21824665698 0.958978535465 0.896662480564 1.39931250811 1.18589850318 1.14213036116 0.946466286452 1.04543226607 1.14609081102 1.31795658668 
1.1421160316 1.19530674868 0.881387261256 1.30672686983 0.938597735675 1.33865833541 1.14243211039 1.0229569252 1.08052583173 1.01812587536 
0.747537869368 1.09080372028 0.773928040597 1.27791359659 0.999988739685 0.848308107115 1.14213143477 1.00232272453 0.855716635139 1.05698843008 
0.624782804306 1.01180537844 1.25228120632 1.1421306857 0.896382390467 0.832105413927 1.29946087349 1.00125013188 1.21825041304 0.887556503765 
1.08416544407 1.14213143477 1.30572257506 1.35157898473 1.07043736321 1.14213143321 1.04215943078 0.561712772672 1.00339840483 1.0318731551 
1.61143809926 0.893935835993 1.13919508837 1.01515666963 1.45381992504 0.883996772198 0.928704297574 0.973408052726 1.17677191174 1.14208162664 
1.14213141172 1.01059986203 1.45471841278 0.924116539518 1.01490310711 1.14182438744 0.633686897851 1.12640949336 1.06250097436 1.02968784782 
1.14051455606 1.02422122484 1.37070403625 0.97019994434 0.959042409695 1.14213143477 0.978167233728 1.18802510561 0.953216894651 1.03963559058 
1.77061733698 0.740176211565 0.984454363114 1.39807636232 0.995420230921 0.991976034507 0.987230515522 1.14213143644 1.36264328411 1.22619214156 
1.14055012265 0.950846272448 1.02471557549 1.36922786821 0.977878282408 1.03890920468 1.14213143477 1.18796401033 0.970336035525 0.954412369821 
1.02887584377 1.25564793473 1.0021504966 1.03319943724 0.556712533919 1.00641499626 0.97198008779 1.00168767968 1.14213143525 1.2327298862 
1.18498835217 0.934608695098 0.833377402188 1.14212249643 0.864755308438 0.989769301441 0.647456152571 0.99362172745 1.01726769228 1.14213143477 
1.35200403527 1.06384606047 1.14213144807 1.55818857601 1.06269080194 0.713869972975 1.01489752337 0.845575719918 1.03596975546 1.14213143477 
0.91181052863 1.01918137081 0.966175170901 0.952515803681 1.14244116895 1.19612012411 0.938794553599 1.14067208446 1.31021926272 1.43730998935 
1.3076903722 1.33948585913 1.02418603857 1.19609199966 0.938608449712 1.01816119903 1.08053349735 1.14243212535 1.14211604769 0.881883253544 
1.05492907178 1.28923220892 1.04451179484 1.14199579185 0.841099387962 0.82924826073 1.03284043458 0.966752123377 1.14213143477 0.709589084101 
0.709552948941 0.679805770852 1.06238558255 0.910268487566 0.908197921005 1.11997261011 1.14213144366 0.752934668434 0.871057628091 0.847865444761 
0.950168228627 1.14211263499 0.946000751001 1.15052163141 1.0503654343 1.1424574051 1.14575018433 0.838590796335 1.00224461664 0.979449409338 
1.14213143477 1.01172845547 1.00317827666 0.649271611431 1.14212755956 0.831042800682 1.19568773634 0.996092530638 1.11697259739 0.821238525709 
1.02469431266 0.808815247046 0.985280485414 0.867926745156 0.92809817128 1.00944581796 1.08249557138 1.03619273373 1.12931596395 1.1424086992 
0.604092102318 1.31746683799 1.00901430268 1.14423604321 0.978424672341 1.08639891567 1.08569287905 1.00485287097 1.09359945465 1.00609210701 
0.967619100163 0.997158176646 1.12796515806 0.854280891943 0.980837966463 1.13367339474 1.07498750194 0.761562342482 1.53290515759 1.14213143474 
1.09044142605 1.03729371278 0.659093735089 1.02610427844 1.07180340035 1.05952252943 0.978653633843 1.14213143477 1.14213168056 0.983319459071 
1.14213065005 1.18758206399 0.877320095949 1.01372831535 0.958643809196 0.940768329885 1.14251365112 0.757490724359 0.964369604936 0.636075279494 
0.921515535901 0.931912278447 1.01118396138 1.61164065649 1.13865022229 1.16081426171 1.07088739286 0.892776087585 1.14208176616 0.954722082388 
0.724017286525 1.04141436386 0.847336568 1.10375095252 1.01714467688 0.953857582653 0.969342712747 1.41971009187 1.14246978847 0.884115771265 
0.946615522927 1.01873742186 0.980480939962 1.13102702128 1.11479138271 1.14955476068 1.01915356165 0.965687353096 1.05720825956 1.14241546094 
1.16525892745 0.950209053972 1.14246926434 1.0072046716 1.01540953458 0.776200117439 1.14212487634 0.8779614245 1.19147888462 0.645412137221 
1.14213143552 0.94773724288 1.21846156329 1.00267276964 1.35336702174 1.06415219035 0.641460460066 1.25224357419 1.00019100636 1.14740526508 
0.93804603436 0.811356666349 1.08641177765 1.63115500732 0.988348422909 1.10059365747 1.14241378848 0.87384453831 1.22954400884 1.13694242095 
0.852107918952 1.05523410628 0.947599507035 1.14245852792 1.06681052727 0.993444473073 0.641939359874 1.14213143477 1.45891123406 0.958553891918 
1.08655745806 1.01947907732 0.800751038459 1.26197460785 1.14209753882 1.00828095126 1.14279186099 1.03161168918 1.01624776189 0.96776535662 
1.07263276797 1.14213143484 0.991436088737 1.32315137229 1.37456459832 1.59526469989 1.03621411107 0.935778304019 0.728191132381 1.20344301545 
0.884474311498 1.0460005793 0.993472052048 1.30877221657 0.771426304041 1.14213033156 0.609806855361 1.16427573654 1.14260514256 1.11413959431 
0.966623705636 1.14252129195 0.650596502641 0.768954826803 0.998450261447 1.16189214685 0.908236093837 1.1219919722 1.00643613682 1.14212661316 
0.885408953964 0.928704553196 1.00548431074 1.11997730993 1.22537421814 1.43088157316 1.13713388929 1.14210594739 0.945384396393 0.931815948397 
1.32515862806 1.04858097233 1.14213142502 0.623829009029 1.26605692571 0.991618208562 1.28824423196 1.14213143477 1.13580394777 0.981398756066 
1.02332174744 0.91420369796 1.13800357362 1.78041917327 1.11389024399 1.22833227294 0.7818249143 1.14213143478 1.19699414093 0.772354036509 
0.980432620377 1.11884593537 0.877830709962 1.00565112377 1.32688003067 1.02140535609 1.2379824463 1.14213117003 0.880633586529 1.23491262688 
1.10520505982 1.07132181534 0.680495805666 1.42746860612 1.14213143477 0.758546215362 1.32855521463 0.807850753093 0.907601081986 1.14213143476 
1.14258296524 1.14212864128 0.95401118835 1.13380627208 1.2350433012 0.678634993106 0.987435797661 0.984704748812 0.94247158272 1.08882523882 
1.14213173054 1.40807206176 1.28543856735 1.13080984135 1.76092298474 0.975678724481 0.988895111846 1.18252149351 0.984125842856 1.00703001565 
1.00901384751 1.07440789105 1.23960997913 1.13711066343 0.94191513852 0.938334485293 1.38933141016 0.930133186952 0.881423713283 1.14210791099 
0.930227397186 1.40410447965 0.982153418275 1.03749527988 1.14134948125 0.820470414637 1.61090960398 1.55836570298 1.00869239382 1.14213069804 
1.14214198738 0.895555987886 0.977020817732 0.667673260538 0.774140539376 1.23112011041 1.05379050538 1.03933775738 0.934659359009 0.894223315672 
1.14204154815 1.13162637308 0.800256499012 1.14707387057 0.904370985181 1.58903542501 1.02165804045 1.20819337456 0.93478584495 0.992691521779 
0.876172659563 1.16686854175 1.08866642066 1.03386816548 0.768248742957 1.14241167446 0.929601144749 0.986312978434 1.0924487334 0.724136855522 
1.03950860952 1.14213143472 1.03483046604 1.11751322828 1.28798334042 0.794831884368 0.981525486862 1.14656780777 0.602413748342 0.96551534708 
0.872588337464 0.938024859971 1.10230735999 1.14213136381 1.18155191364 0.633998795563 1.26900458719 1.14213143477 1.01525967755 1.41017953828 
1.13874859314 1.01212214332 0.93768251614 1.0063228242 1.46944344078 0.90228179816 0.918603051411 0.945594424488 0.96193767995 1.14213143478 
1.14213005084 1.14102115663 0.8287955622 0.93984816657 1.58362002584 1.03191805122 0.990651423054 1.11562862653 0.914970865894 1.67084531619 
0.566158677799 1.14212998398 1.14213143477 1.60607718838 1.19911678751 1.04471764582 1.00822503012 1.06768228945 1.07105052072 1.16765000837 
0.935473733635 1.02966539762 1.04991568032 0.974283430757 1.56720728239 1.00516846754 1.23743195657 1.14213008562 0.900080005394 0.944814817206 
0.963199189924 0.738855596391 1.47544382519 0.566452497283 1.03683228343 1.24274114509 0.981956613254 1.02911115338 1.1421314348 1.22150370183 
1.38592289589 0.965367571349 0.995137454605 0.939719641022 1.3777129446 1.09860008655 0.987157165448 1.14260183565 1.01023573404 0.95518699799 
0.94259603617 1.04070855056 1.27390042791 0.877160795257 1.02014225542 0.462185046117 0.804907309372 1.14220656031 1.25835045428 1.04744522899 
0.754796299954 1.52776560837 1.05039343007 0.955489914266 1.1417289459 1.14213108518 1.08925208985 1.04726989746 0.921651932014 1.05351191924 
1.14177848144 1.01539477373 1.04593439703 1.24141442053 1.3586860634 1.02152449405 0.859131594378 1.08547129577 1.0627543908 1.14213143477 
1.1421314348 1.47047969088 0.963428693154 1.22169010339 1.03685081038 1.24175883963 1.02915716401 0.566415923299 0.738881063311 0.980497186052 
1.1421314346 1.04149260815 1.07440327369 1.01682299673 1.15910006602 1.02085200999 0.569717023182 1.06919668942 1.07406359009 1.14212996971 
0.76276713417 0.934764156035 1.0033362274 1.07537187562 1.04117322233 1.14213067479 1.55406410741 1.14151441266 0.851741818562 0.779893730443 
1.04292877805 1.14213143477 0.599182365598 1.08467892384 1.01688992056 0.898341539482 1.34307331286 1.03407519059 1.1415836285 0.850861655499 
1.01524954363 1.27019560199 0.865743168585 1.40449406948 1.1870996165 1.14213136439 0.936277551369 0.633991288779 1.14213143477 1.10201758622 
0.993650436166 0.972000553003 1.14247801471 1.11884604604 1.00886856887 1.10066331691 1.04639434028 1.05629072187 0.954048351893 0.927187120681 
1.02102027806 0.99973473296 1.04899638809 1.14213027258 0.972718413155 1.32175882015 1.04251249147 0.853314239477 1.54407886678 1.14162257688 
1.14213143477 1.09461101707 1.00219818674 1.07581209358 0.580358122581 1.19834521262 1.14213143446 1.05159736622 0.917862360202 1.44195230498 
1.0088075497 1.08066729291 0.779824377562 1.06371258826 1.21809028593 0.843474769467 1.14210567761 1.1421314715 0.960593767882 0.952620407552 
1.14212929209 0.998664411479 0.637663953723 1.09722969421 1.21371154583 1.0018329894 1.06486926496 0.928598088536 1.26627857573 1.22521001412 
1.18090941097 1.14250581648 0.895173433952 0.963313674215 1.10468870392 0.921752937936 1.14213143477 0.891117066859 0.850469280456 0.681488340073 
0.954836932034 0.838426997964 1.0226782499 1.6478499534 1.14212950987 0.832216420897 1.60507898875 1.1402468238 0.922187531442 0.93929162652 
1.29077099068 0.827461451416 1.2392359626 1.09170606835 1.09558080693 1.06728622491 0.966143424791 1.1421268217 1.00550051191 0.940751877637 
1.31502836104 1.07273258709 1.04756139887 1.17649419364 1.14213036721 1.62911795886 0.990346045365 0.971401857409 1.14178395744 1.5185875043 
1.14245510787 1.00449436665 1.14213143477 0.655761700924 0.946567739808 1.11554773397 1.17368659482 1.07228538266 1.02661399905 1.30274910409 
1.14213069806 1.14134916367 1.03750695045 0.82043878392 1.55838007655 0.930235179251 1.61088681527 0.982224214397 1.00866273158 1.40418868621 
0.978544671033 1.07935359119 0.862910225867 1.0087374233 1.58966544129 1.14213047263 1.01927569156 1.13432496502 1.23980385517 1.04861292329 
1.12215881597 0.923961530842 1.01347264398 0.745421706354 0.955418042172 0.822570415566 0.960392904282 0.899068699439 1.49118861614 1.14213141477 
1.30705286616 0.767114606248 0.977164008013 1.14253110695 0.983591520699 1.14416161708 1.02686521989 0.670920447962 1.14212936948 1.12342403043 
1.0228241194 1.14213143477 0.87493267981 1.08585284117 0.821261989072 1.37784973323 1.03573861183 1.1412432468 0.886261642386 0.887330759338 
1.29463993696 0.623278295279 1.09019668352 0.842667480932 0.598827634633 1.07600287085 1.12236171467 0.994022642492 0.998563251733 1.14407803201 
0.888308127943 1.14213000076 1.03545462319 0.997822056695 0.974140292708 1.14180977134 1.00894997066 0.971939162559 1.44984392354 1.04887922497 
1.04347122506 1.51788145422 0.93205745234 1.14213143517 1.44673723651 1.24415891421 1.03364287484 0.994901213896 0.703920399005 1.40170182297 
0.978350669724 0.991099520119 0.872236810921 0.891236817702 0.978349543522 1.11831831181 0.723979731824 1.10791643902 0.93883225522 1.14243768175 
0.994934050953 0.872219590402 1.14252115957 0.96677449448 1.04244825366 1.03455916397 0.865373907742 0.983432464449 1.00733283246 1.08745481588 
1.14213116744 1.11895205696 1.02135635254 1.23521051516 1.00412471531 0.877887608228 0.880797885889 0.980644101785 1.23908588154 1.31830291278 
1.55869299877 0.950645612732 1.21603838087 1.05225963477 1.61042820112 1.142129623 1.14183704777 0.974712978252 0.955043586804 1.04648695658 
1.2953969193 1.11006424738 1.14213143483 1.20985049919 1.45482503513 0.946076495806 0.931833210728 1.53481388143 1.02256142432 0.966272134059 
0.931603075428 1.14213143532 1.04082250964 1.42508267495 1.40137907047 1.03357605473 1.24467385307 0.995406160167 1.52038918534 0.704013791827 
1.14213143477 1.09205628515 0.979990765472 1.03055509899 0.667164670237 0.78091617487 1.24048279327 1.36866504176 1.14213143476 1.07791040288 
1.14212997196 1.0743336496 1.15813933396 1.01703507439 0.566981581055 1.02099257085 1.07048554163 1.14213143461 1.0414979492 1.07325964553 
1.5815178565 1.14052416989 1.36804230536 0.844972471278 0.724529671396 1.02536666849 0.968665123074 1.14213141298 1.37923097497 0.844054603444 
1.14251663762 0.846432944821 1.17554217932 1.12950947143 1.14212907587 1.01243340604 0.814510347886 1.2452948211 0.982112803171 0.965247656036 
1.00017278734 1.10077721314 1.14403555936 1.0784128381 1.00061126357 1.14211252494 1.3076937568 1.09227787847 1.21125019237 1.12054957383 
1.11067044134 1.02783743774 0.9468534897 1.30468081697 1.14213143477 1.14245589128 1.00349596584 1.07242105546 0.656318136981 1.17567726746 
1.48238637476 1.14213535759 1.44475544303 0.964958977043 0.985547734398 0.858078229873 1.07233878467 1.00281016202 1.01167111936 0.641497930511 
0.99421674103 1.52673561067 1.14342189962 0.761661260785 1.08060692391 1.10755226438 0.958925904007 1.06871479486 0.990423237031 0.968237495193 
1.10960358152 1.08898501205 1.0188382155 1.09493004695 1.25138943319 1.14209294184 0.971167325327 1.001834232 1.38352545004 1.45241353945 
1.03094149671 0.90608927251 1.14242591264 0.984704480669 1.13433829974 0.991812699294 1.12149787354 0.912431488548 0.93648671632 1.11028906087 
0.846298998211 1.50573108673 0.966834330498 0.997540136205 1.14213143481 0.987577102631 1.13421540791 1.11758663271 0.942072319926 1.03188691863 
1.20622477004 1.13459270387 1.20501006388 1.01237598407 1.56496313617 1.14213085888 1.00149421374 0.932889665841 0.635741379944 1.25200113094 
1.21851703031 1.1420700293 1.26489908824 1.06716170707 1.00505184477 1.26637648168 0.970907859213 1.02545917949 1.45781113749 1.02569748003 
0.95276519855 1.14211376858 1.14212979832 0.989598992226 0.906988864163 1.21103203169 0.690643585841 0.815351561116 1.1757615573 1.17465171426 
0.863884339579 1.00314940016 0.992741729458 0.975286746828 0.935076966481 1.19373514177 1.23845793169 1.14213005061 1.59380175555 1.36340937701 
0.816961348904 1.21682314517 0.997360701 0.771744653675 0.997741145123 0.933755340745 1.58295738761 0.990458780149 1.13039598109 1.14203663345 
1.20605559734 1.27617996292 1.24446183244 0.888413297081 1.14213064913 1.01260012908 0.934146781511 1.00231216888 0.635161073161 1.13649003919 
1.36663332884 1.14213143477 0.819862982331 1.06200479427 1.12105296604 1.04154994738 0.897634977218 1.1414845087 0.870580917383 1.2796873426 
1.06854018673 0.623984733046 1.14408779191 1.3298425458 0.994735440669 1.09042091719 1.12060863031 0.840831921631 0.998410697696 0.598611093967 
0.906488092015 0.990534766034 1.14242649607 1.0304522912 0.936699984404 0.9109924973 1.1106088998 1.12290134408 0.991892819257 1.1357878269 
1.01014651151 1.22911368722 0.954012064115 1.00848501336 0.751503823484 1.14246764292 0.949925967837 1.14212870332 1.33090228243 1.17309011395 
0.998408384934 0.776349641433 1.22036615966 0.992393346277 0.933881328164 0.813192732785 0.99117130309 1.58446866579 1.13070115756 1.14203783674 
1.14249261188 0.672043868846 1.14541933071 1.14213053125 1.18769026689 0.756369823787 0.923024902668 0.992295778441 1.01328810354 0.958045921754 
1.14213143493 1.26890435368 0.610189384788 0.985188749366 0.805193515355 0.9927931353 1.25901074085 1.27215525298 1.01782180704 0.58358851295 
1.14213073254 0.993915214464 1.00235159225 0.952039205989 0.883127778148 0.632575676823 1.20480968775 1.00362217616 1.26390257804 1.24007527311 
1.02257410688 0.939098449169 0.834728086446 1.65110296332 1.14023151812 1.60507152445 0.92287909422 0.955028214061 1.14212950418 0.838417154607 
1.01913458964 1.43742995788 0.912551228758 1.31049388434 0.939233193785 1.19644871889 0.966154872138 1.14246499817 0.952567154795 1.14069510618 
1.02469300923 0.985284384127 1.08249583611 0.928094806741 1.1424086914 0.808827863781 1.12930795557 0.867924631148 1.00944282033 1.03620069369 
1.09540564022 1.08848284185 1.28329902476 1.21336749181 1.00052562411 0.955656572705 1.14210833245 0.743281593769 0.970326678777 1.25614421333 
1.15185416184 0.845032224501 0.973253279284 0.78794145106 0.655000952211 1.06346535952 1.00074198925 1.14254324897 1.14213143477 0.97609920058 
0.767538665342 1.14211204389 0.821341741749 1.096007146 1.1947876625 0.63059679029 1.00002206657 1.25893369833 0.875063118231 1.14212475046 
1.04784292072 1.23947166038 0.896484233318 1.2747380074 1.10782429854 1.01938648735 0.959535591097 1.14249639492 0.988654715268 1.11792414639 
0.832216065452 0.885789698003 1.0964851128 0.812139369918 1.29797188579 1.04677756242 0.589741033627 1.1421313868 0.949363604121 1.01963128214 
0.805721461789 1.03055097067 1.14176944096 1.21472569952 1.39086376556 0.967879894976 1.05883894466 1.04683999058 1.14213143477 0.987816376861 
1.23144802401 0.686050517904 0.999938713886 1.1421314355 1.14879308715 0.634558374986 0.898756492681 1.25608558171 1.35639243354 1.00179419872 
0.701225133716 1.08129459791 1.3402232438 1.14213143477 0.96256351224 0.739920567714 1.14213143477 0.958684848311 0.867206620409 1.08068484304 
0.99591682674 0.649968249289 1.08039206403 0.823721730256 1.14213143477 1.19383624682 1.01110033622 0.830683879975 1.14212716383 1.01458356678 
1.14101641608 1.03183524933 1.11636077898 1.58339221071 1.14213003686 1.66776050274 0.991349456545 0.828806803852 0.914936604335 0.939443858592 
0.806687770586 1.22334898535 1.14176310729 1.03318242229 1.38859976093 0.96413432895 1.04729664394 1.14213143477 1.05919195866 0.983504960458 
0.857512659145 1.33220304758 1.14088913994 1.0302361784 0.742288777309 1.1421290568 1.04409575391 0.921856652316 1.591632759 1.10702917145 
1.00178754621 0.556777939127 1.25363432848 1.23282186752 1.02887394454 1.00206336956 1.00635053684 0.972078356867 1.14213143526 1.03346854837 
1.07286302375 0.917118192555 0.879199077317 1.00673999592 1.01531038244 1.14254777959 0.976070489439 1.38665862078 0.967789855718 1.39887203653 
0.862934631689 1.30116404639 0.702549592257 1.0357784141 1.14124769887 1.00430213513 0.922750084892 1.0443170217 1.57044610782 1.14212973497 
0.931065400385 1.08087225409 1.1421158375 1.1424678092 1.0287057174 0.951466392989 1.00842760739 1.29933816636 0.98000406214 1.01029915309 
1.68507229717 1.04078447803 0.906325406639 1.14146761008 0.875256285855 1.12194596892 0.880728341967 1.14213143477 1.13670160523 1.35911928383 
0.597029305586 1.00075699767 1.05008366482 0.93856314714 1.00117802642 1.1421314161 1.14211657936 1.15855085878 0.963301134062 1.10592174179 
1.0705838319 1.38164789204 0.76077166886 0.848333448303 0.930860109557 1.1425978509 1.00785184908 0.945766415979 0.882088942492 1.10803445705 
1.09058120631 1.14213168109 0.97868669922 1.03732997613 1.14213143477 0.983784476856 1.06089044099 1.02601876924 1.07154643189 0.658967305265 
0.987315397138 1.11854165188 0.881995489274 1.18579803151 1.101321479 0.954242561508 1.14247918459 1.35279612832 0.734318909031 1.11608763762 
1.15070545133 1.1693480056 0.643345192732 0.85129425632 0.870817842987 1.14212092491 0.99735679922 1.14213143477 0.920802550591 1.17576464082 
0.677097952563 1.14213143477 0.883701196188 1.19508071634 1.24914934401 1.60060725892 0.971043782488 1.14213074208 0.911071201823 1.00691796641 
0.706475140357 1.14241149369 1.05212234481 0.992751376498 1.01889253598 1.08891813007 0.759965316401 0.929534088796 0.986353180147 1.05356168449 
1.2369123212 0.677348609333 0.980175519957 0.72349006164 1.25002657139 0.98388299883 1.39471723789 1.14247663634 1.03406744429 0.949174661855 
1.04124754606 1.05124926425 1.14147946116 1.28843369633 0.920738940057 1.14213033712 1.54799073896 0.962876491335 0.972089434684 0.85145536589 
1.12153518281 1.35935134851 1.23677718121 0.636042147431 1.14213143504 0.998780888934 1.23795440081 0.680188436943 0.920347270432 1.00041165436 
1.1421303455 1.23426490775 1.11342392002 1.12078306413 1.11099696225 0.972345079118 1.27105145287 1.01885337912 0.861010016267 1.01054550529 
1.36484869163 0.732192582096 1.1422506557 1.28656122764 1.01519883303 1.23403706357 0.859988127038 1.02059162787 1.02244221221 1.10086508168 
0.995392458211 0.999577457829 0.915154541802 1.36963434712 1.1421285718 1.26240777144 1.26597536674 0.842740885056 1.34246652796 0.941047916316 
1.14423017488 1.3501091109 0.996380500076 0.998751723198 1.09348244315 0.99974928647 0.83982789636 0.838257195107 0.775676684246 0.616513748476 
1.08565474768 1.19379169698 1.00466102893 1.14213156952 0.843097096605 0.96879426328 0.833220696902 1.14213095883 0.987707740058 1.03713761143 
1.09143167367 1.04635909155 1.14213105307 1.53799419968 0.891055556465 1.14165790776 0.838661324149 0.738068978024 1.01263203684 0.974276286814 
1.02303326874 0.976276372858 0.975430644076 1.0024699979 0.713793165888 1.03523716844 1.1421314371 1.08803626336 1.16529800074 0.696381866586 
1.21683498812 1.00270302928 1.24551912022 0.641531771617 0.999739289344 1.14471888312 1.14213143538 1.35350646319 0.94913419811 1.065543562 
1.04663400573 1.11848780219 1.21931740552 0.865001873537 0.971953233845 0.998147161603 1.23731303438 1.01034421236 1.28125066036 1.14212965852 
1.04021631054 0.991356637674 1.14298354016 0.947801137078 0.987147357333 1.29609141547 0.695116632821 1.35996440913 0.998631199755 0.919269881409 
0.440449266779 0.625941471647 0.907285419167 1.12976057099 0.581325327457 1.11560344645 1.09787499129 1.43983752733 1.14234351521 1.1880095542 
1.14025555982 0.875700981776 1.0342824225 1.0261061407 1.01009042845 0.928715700906 1.25114206698 1.00610926095 0.994742493605 1.14128583693 
1.15167510162 1.14235905229 1.21664908616 1.18238621321 0.66316379652 0.96715536727 0.978589210932 1.02097351698 1.15041338645 1.02796387016 
1.01058808325 1.23432282842 1.27052213388 1.10986933743 1.14213034742 0.861001087574 0.972448869886 1.12226532748 1.01765775421 1.11319542073 
1.14209082978 1.52864723106 0.775322197148 0.975012426995 1.13461781686 1.07690175411 1.01569533891 1.13863739426 1.06162364008 1.13274267936 
1.22313345167 1.01776342319 1.06955398148 0.543380092932 1.27534219561 1.00480841543 0.971339643948 1.34242813952 1.22822216975 1.14213143509 
1.12141266107 0.986984717718 1.09450979002 1.08797223065 1.02487021041 0.847113409033 0.940774033206 1.21021624716 1.14243990891 0.806064494544 
0.658018148286 0.975457901414 0.976251962311 0.971135989391 1.14213151116 0.860839516243 1.17467286435 1.06857645644 1.02749754582 1.14213143477 
0.920761486807 1.28820394535 1.05181066999 1.54803961393 1.04126077477 1.14147701047 0.851451793899 0.971767341726 0.962836818717 1.14213033944 
1.14256028387 0.663498954121 0.944613674053 0.965900140694 0.977660936224 1.15838407671 0.799626952726 1.14213143477 1.00669242188 1.06519111738 
0.884807694084 0.80930487396 0.757026800924 0.946041185065 1.06665922646 0.549492407116 1.14213143238 1.18842336235 1.49261254632 1.14213143477 
1.60497675131 1.14212951121 0.835331760017 0.938925993043 1.02251221414 0.924401820665 1.1402227483 0.955292748406 0.838274902501 1.65409989054 
1.23500241 1.11823465175 1.01923430408 1.14213109899 1.32115270829 0.875208426954 0.878165814838 1.2364625854 0.979088783128 0.938242182213 
1.05325341961 1.14212993043 1.14197561922 0.880582014476 0.748807516669 0.999873451252 0.976663058708 1.01899802194 1.06630448212 0.941383848608 
0.979601337067 1.05925850098 1.14078095911 1.14212757246 0.901135952714 0.984940413529 0.858494589382 1.02799971183 0.861403405088 1.01734909928 
1.09466892546 1.00593307097 0.975685060909 1.09932913373 0.603718941901 1.00942074487 1.08678697633 1.00327214367 1.31735348743 1.14429042196 
1.06769706044 0.994632963835 1.3763115485 1.12555474852 1.56568230369 1.14202943102 0.91759000621 1.46640643162 1.1421314359 0.887605765451 
0.896091565897 1.01172375301 0.887748690781 0.831400507664 1.00131730074 0.624707546276 1.21601840529 1.25227213044 1.29866258985 1.14213068769 
1.14213143477 1.03577763429 1.37746180065 0.887314746489 0.820916446174 0.874990580982 1.02255371489 1.08637008713 0.88629984856 1.14124228631 
0.928362483189 1.14213158051 0.915757302282 1.16855139696 1.00975380836 1.1421166964 1.07169537864 0.743636842617 1.09864526065 0.84187859868 
0.835739427264 1.14212951862 1.60517222457 0.920598889555 1.64811821561 0.939407692115 1.02277046121 0.954576838635 0.838430597891 1.14023847361 
1.04267473612 1.14213152682 0.715039676101 0.989959613715 1.05813861685 1.14213143477 0.679441670445 0.924535553105 1.0757384741 0.991658900968 
1.08538313394 1.14212959635 1.46408220276 1.46641396035 1.01528643272 1.14198585065 0.807853866191 1.01688612359 0.997703338576 1.05357518352 
0.842268695238 1.09039809778 1.12226029664 0.998484123105 1.07629896365 0.59896799492 0.622976632246 1.14408679155 0.993875365318 1.29706216422 
1.09958831939 1.17618174282 1.01488512173 0.940257496687 1.41020562382 0.633696597483 1.2687008872 1.14213136034 0.872797036228 1.14213143477 
1.06946215175 1.06128581023 0.594027854 1.34427034429 1.20311558656 1.02119006514 1.11786085396 1.37469674004 0.8431454552 1.14211013505 
1.08863559521 1.09320338294 0.986306117661 1.16693943642 0.724080322025 0.876151733751 0.76822735322 1.03387041029 0.929610117209 1.14241169806 
1.18727076955 1.31941744059 1.00427931968 1.14245645687 1.07283641808 1.11318440284 1.0410727296 0.947080413704 0.658668824998 1.14213143477 
0.903969519563 1.13887598669 1.46705699717 0.944839609268 0.937196940359 1.14213143478 1.01329003579 1.00652000426 0.918767672819 0.961502789106 
1.45336720705 1.03318119443 0.782081806256 1.14213143768 0.957726259076 1.03442990934 1.00659972825 0.963390089802 0.972510073895 1.14166963779 
0.672184278343 0.742981586325 1.42034909796 1.00267173702 1.19664698484 0.946549578675 1.14213155693 1.10682319183 1.14213112927 1.0431263983 
1.14163351643 0.918806419617 1.11513775126 1.27114916792 1.04907821647 0.798584900807 1.3995589459 1.04278124591 1.14213143477 0.964626851435 
0.777884499291 0.904274335237 1.01455479046 1.06632538859 0.961959604095 1.14250693454 1.22042674445 1.11699793323 1.49466947256 0.980135519174 
0.977514705911 1.05053993665 1.01624666085 1.17958567112 1.50632079385 1.49427671136 1.14213012258 0.998873052992 1.00050620175 1.14184153788 
0.761040318071 1.10240155882 0.896738550934 0.938615114761 0.863622966203 1.11637554602 0.908889723604 1.14243394254 0.989095161102 0.869655165513 
0.921676331737 1.33550642214 0.901410448123 1.14074969886 1.1421287144 0.902337863886 0.834829682857 1.59648881768 0.962558412026 1.02842694352 
1.1938107399 1.14212716471 0.650257531127 0.995721439264 0.830645396814 1.14213143477 0.823503127741 1.01132946049 1.00838598901 1.11367307062 
0.719833142276 1.14213143477 1.05111486816 1.09067703561 1.16108646898 1.03596306995 1.10237349132 1.14186644762 1.38743334597 0.987709794066 
1.14242402029 0.906072205091 1.06174741031 0.99037254953 1.10591578669 0.936076939831 0.970860080199 1.12672359857 0.903520908119 0.84971644312 
1.01687510804 1.03182551489 1.43778638721 1.02048554287 1.03484992214 1.14213143477 0.812187493109 0.959784389896 1.04624133477 1.14166745942 
0.962858658433 1.05178195318 1.54797336399 0.851417323705 0.920728952814 1.28816229602 1.1414774582 0.971714045941 1.04127636466 1.14213033823 
1.46480757297 1.22200659664 1.30723475161 1.1421314348 1.02220520643 0.861161162611 0.565579275582 0.726862667556 0.964294025082 1.04206773557 
1.14213109727 1.13501974313 0.978364969627 1.05918877574 1.02257250247 0.85833781772 1.33818252707 1.0705101419 1.23437961718 0.881267844751 
0.997515422149 1.51140331148 1.00136136635 1.17647229804 0.838932996791 1.17694998488 0.798892088557 1.07246589943 0.834737295687 1.14213743623 
0.992161508342 0.934145699093 0.99173723201 1.14203797284 1.58463881514 1.22048742131 0.812641676924 0.787438031563 1.13073557028 0.998530279272 
1.47897852804 1.14212962466 1.0142402933 0.910205806435 1.47142188318 1.00272338049 1.0088507662 1.14196710184 1.0519818545 1.16946879559 
1.03599249129 1.03544352345 1.4388720481 0.753832867132 0.952644739833 0.970649365088 0.99510417288 1.14172287233 0.992191853912 1.14213143749 
1.03806707495 1.05853865158 0.996345035085 0.999101357757 1.26481857819 1.23075996837 1.03185615995 1.14212727274 1.07033391819 0.99454296847 
0.755470614458 0.973253594765 1.323085763 1.1143811487 0.645997957392 1.14213143477 0.696704812244 1.14213143477 0.938464961212 1.08506604817 
0.991858629668 1.14213143477 1.65387861932 0.924998109494 1.14210071315 1.12567965962 1.12226213047 1.15639803941 0.640165238102 0.992604226187 
1.03509052629 1.08329285254 0.722024138412 1.16691670295 0.975701079163 1.02302854311 0.693849332281 1.14213143662 1.00281031098 0.976909742003 
