1.14017714973 0.993995549405 1.01682932339 0.928320049954 1.05624834887 1.14213143479 1.10582741332 1.0568272151 0.817787045413 1.10753806742 
1.13728758704 1.06022819473 1.06811694418 0.889281509472 1.1420110958 1.14212663663 1.12376244118 0.805510471852 1.01892011104 0.766051084634 
1.14187361081 0.824082401728 0.873242503329 0.99171952197 1.0584168182 0.972924840848 0.922825350696 1.14213143477 1.0864110525 0.89436638346 
0.787751024251 0.987937619395 0.813751455404 1.15908810552 0.994032001519 0.988809408008 1.14212949751 0.987916366891 1.15889354044 1.15908809052 
1.14212199321 0.734043670593 1.14211938196 1.0541743682 0.830833412501 0.998558518024 1.09512542329 1.03999922753 0.962685867097 0.668225406042 
1.09249880833 0.926989461369 1.13133692024 1.06851542511 1.00797189327 1.14212562598 0.990725731197 1.05140620176 1.02271611875 1.14208069968 
1.12922253662 0.971262214891 0.993713342467 1.14209551074 0.894757354624 1.14213143477 0.669291151242 1.01383490143 0.862862952303 1.03147100597 
1.00419415204 1.14203058176 1.12110291079 0.620565545482 0.793430411718 1.14213105185 1.14213094241 1.03238154146 1.1346053896 1.12528115786 
1.14249763541 1.09123274956 1.01146339699 0.771129307957 0.945188001582 1.14263670548 0.982837990277 1.01336122389 1.03449826972 0.872111933626 
0.979377544872 0.743094077987 1.14213143477 0.854769185133 0.679449361179 0.963916946946 1.14213143476 1.10765019556 1.09221614965 1.0926065598 
1.14232908455 1.00615580362 1.03251769946 1.02116036762 0.899515880001 1.14227194086 0.961202974171 1.04542467437 1.05514733474 0.963689994608 
1.07884350354 1.05407903139 1.04172032138 1.02406935637 0.796044543793 0.987297882317 1.14088227655 1.11147196837 1.14213143477 1.07009498405 
1.02476246225 1.14240745375 0.921848745799 1.14092579489 1.14248993359 1.00083616984 0.956467659539 1.14248984663 0.967614965182 1.12065416093 
1.02628420775 0.983040169791 0.886802174395 0.95300361095 0.898395218689 1.14227239204 0.884973668029 1.10689140754 1.10156157225 0.980410392473 
1.08262012093 1.14212758783 0.91235502491 1.07981692162 1.10590801888 1.01205499231 1.10743695591 0.646183425395 1.01207102739 1.10952958316 
0.597752806871 0.890192304773 0.967616368234 0.870136029044 1.01112039834 1.09450206595 0.941589768751 1.09054415561 0.941279831429 1.14230946593 
1.15918043652 0.996245150647 1.03403896679 1.06946075167 1.14212851105 1.05605650529 1.03687947246 1.12496411384 1.15918009234 0.984642644473 
1.01148162852 0.845261933469 0.597215752062 1.14213143477 1.14187649893 1.06664615735 1.03336568095 0.791912196742 0.616475844509 0.838146409118 
1.08763444205 0.891861593739 1.01852871453 1.13886139245 0.929454574386 1.14146545367 1.14568174152 1.01923325286 1.0719340431 1.14568176815 
1.08208586952 0.894395916311 0.922544971794 1.04843805599 1.07765975821 0.987686090122 1.14213129206 1.01081326304 1.14211519035 0.541982459003 
0.885409205509 0.920226690116 0.99928988829 1.07159551246 1.1421546744 1.0759869792 0.992340294292 0.809682694438 0.975117496018 1.11502187435 
1.12309372893 1.14213164806 0.698502483076 0.845437609868 0.850375028841 0.919060374404 1.09774421979 1.02639498109 1.14213143477 0.922284322433 
1.14221079087 1.00835227385 1.14133775511 1.03507715537 1.07220265221 1.13703549861 0.937189291056 0.824682774997 1.08718700365 0.902404116559 
0.849050593312 0.94843494642 1.14310283243 1.14202704821 1.14310284016 1.14300925712 0.972645135427 1.14302020124 1.08647067776 0.532416503954 
1.14213028567 0.632925948841 1.12218893224 1.14220037936 1.03600977204 1.02371698075 1.12921478613 1.00943051612 0.902393763697 0.986687648484 
0.992010480971 0.998079111125 1.05286634935 0.964962096353 1.14240548554 1.12207914061 0.911976807158 1.1424055585 0.904053150893 0.886230642481 
1.05483012025 0.989198577429 1.14212884889 0.99714864504 1.15951173114 1.03840601473 1.12766686893 1.04069174329 1.03492024478 1.15951126933 
1.13511027069 0.979610600615 0.950626757816 0.913773440299 0.998166207155 1.07627137812 0.929345100979 1.14211577812 1.06962284019 1.02879613112 
1.07837349681 0.98406161458 1.14121495114 0.953255338472 1.11507946961 1.14240372431 1.04845870482 1.01875496894 1.14240471926 1.05098579141 
0.767244666602 1.14239412106 1.06739421807 1.06192861448 0.893732053679 1.14239259896 0.784288362265 0.934758373458 1.00756964029 1.02675981557 
1.05347817468 0.985714511088 1.14213143477 0.997751919756 1.1393895297 0.945048991563 1.11553957092 1.07282850129 0.767754456532 0.885636492119 
1.09237512048 1.11760006832 1.02541347689 0.918254866955 0.786842972853 1.14211428287 1.14224371942 1.12059963725 0.989875488655 1.0312134653 
1.05515860255 1.13168201125 1.14212918921 0.959523780404 1.08034231527 0.959218829656 1.11363863846 1.08142020873 1.08740743012 1.14200166379 
1.05495235114 1.03896563058 0.910220322299 1.03272580904 0.797342777667 1.14213143477 1.1415956058 0.974975382599 1.06999539861 0.888341253395 
1.14213143477 1.00798085693 0.849275126405 1.14164086958 0.998105485708 0.981693998247 1.05672787349 1.03935789045 1.12913084675 1.1415645362 
0.717058844852 0.964258325135 1.11102003163 0.968606536689 1.14205600376 1.05954145442 0.646188029802 0.76250623146 1.13390974885 1.14225140551 
0.77546169469 1.02991634517 1.14213143477 1.03106436323 1.14894861989 1.02624128444 1.12541248185 1.14152081261 1.14894909522 1.0935602712 
0.918881055475 0.997283976004 1.1080246709 0.720477106213 1.01650460154 0.900291513798 1.14213143477 1.1419831825 1.12067666061 0.905157323539 
1.10403350068 0.857700078499 1.14212840718 1.07886140365 1.00527746952 0.818954023235 0.926944449055 1.03328621815 0.931405031421 1.14226310829 
0.970083785438 1.13936726305 1.142139655 1.14211658679 0.990728781427 1.12607949364 0.780630870261 1.05637021859 1.11595230922 1.09059850135 
1.14201811053 1.14213143477 0.904678249688 0.660734510718 0.823197234048 0.858743566705 1.1007567065 0.812248455599 1.11071373323 0.989886069933 
1.03927793763 0.968192870779 0.788995019557 0.772208229472 0.934076526211 1.14213157489 0.85094738726 1.04695364327 1.03264690542 1.14213051885 
0.966706977219 1.14213143477 0.885615220204 1.14053076642 0.982989238262 1.02522090374 1.08549958484 0.879109737424 0.987924917464 1.01243381172 
1.26733098672 1.24889074092 1.14213143477 1.26733100058 1.00146157885 1.02269394061 1.13888117356 0.710842720729 0.965537720193 0.781913671213 
0.974753920042 0.912330462752 0.797477559031 1.05520774062 1.03250260744 1.03679391293 1.14160072686 0.888249601739 1.14213143477 1.06974667636 
1.03453879549 0.976111741312 1.14162120024 1.05690732948 1.06709906877 0.899516523027 0.797533729893 1.14213143477 1.03499800669 0.887531819563 
0.876731136161 1.0353389578 1.01640473495 1.05036450328 1.14212638624 0.99610076812 1.0918663034 1.14205396388 1.05291309139 1.01812074144 
0.877660526238 1.08334445912 0.850015374773 0.968615344539 0.981132437967 1.09625221883 0.946608013828 1.04695610641 0.868547538414 1.14227321876 
1.14269528526 1.14269749526 1.0852211009 1.06234917164 0.959898153056 1.01587290909 0.978685591519 0.688638634396 1.14210885442 0.902253524596 
0.876096518643 1.07732077208 1.13644399425 0.950083780794 0.879297927587 1.14212645729 1.00985367555 1.14192119346 1.08177377573 0.869162357196 
1.04416163424 0.897481340404 0.9852867803 0.882513981721 0.877133215206 1.11680173604 1.14214671345 1.14213707141 1.14206472957 0.834525870774 
1.0185708622 0.950358288684 0.88709443303 1.14095522623 1.13372391005 0.871234901133 1.14213143477 0.747017075318 1.06116679758 1.02433142915 
0.995205156148 1.08301067913 1.01402977587 1.14227657256 1.05483365832 0.960691841276 1.14229418715 0.991396935824 0.851903765838 0.972799308761 
0.875493548302 0.862707732255 1.00198062382 0.968969277708 0.789977307086 1.14483700011 1.14483700011 1.01717151426 1.14213091415 1.09888860915 
1.1421276768 1.06000721542 1.02924521378 0.984015833551 0.892466943466 0.997475398627 0.859257417402 0.864166070187 1.14087179249 0.97750076784 
0.708455968748 1.14213143477 1.14213143477 0.932518911168 1.0075086095 1.18802509964 1.18802820831 1.16281569226 0.858082263521 1.11242711799 
0.960556314629 1.13732929652 1.14323777755 1.10616209569 1.07648070001 1.04449366581 1.1219845169 1.12486309858 1.14323884365 0.630814271642 
1.10705047895 0.703769449584 0.969916043205 0.675060678615 1.1341971452 1.00785744706 0.902485379583 1.14221612797 1.09678621736 1.13838494626 
1.00793104829 1.03240110487 1.10484411787 1.14213143477 1.12131612643 1.14093771128 0.960811882344 0.843228713559 1.125487121 0.938605604435 
1.14243903424 0.983891035308 1.06410282983 1.14244171974 0.970738955622 1.06178820034 1.00908273246 0.950858972614 1.00641973932 0.817615681435 
0.971184191328 1.14202354737 1.02994214724 0.971204154489 1.15266387489 1.15266388925 1.03885619494 0.958105063582 0.902843225995 1.07284712644 
1.14213143477 0.843190897099 0.822959613887 0.934298951702 1.02684801359 1.00524380255 1.14212324569 1.06127126366 0.985506043151 0.656987824632 
0.890612810279 1.21448659804 1.17016161728 1.03744199924 1.14213143477 1.21382140616 1.14213127303 1.21448661533 0.620978485699 1.09060796153 
1.14279887755 1.14280228791 0.939344955508 1.08237308537 0.962417834996 0.907761907259 1.00398173653 1.08539562209 1.01826802021 1.14210881975 
1.02645026571 1.00410397348 1.14265773614 0.971877293735 1.14265775566 1.12205395377 1.14213116018 1.13731754779 1.13946867362 0.625888246764 
1.14222670185 0.743006170053 1.14225989738 1.0115641549 0.980676328251 0.954948475425 1.11997455077 1.04779499667 0.939492142646 1.05718686368 
1.06031359825 0.991492992739 0.916431307716 0.995091513351 0.976937494175 1.14240572978 1.14239892394 1.12661419604 0.965368728604 0.798286008202 
1.14132286167 0.747235403522 0.977813934639 1.14228365868 1.13861414888 1.01869451765 0.979760004047 1.06263994888 1.01562483448 0.963805456834 
1.03433447702 0.645121944479 0.801350186738 1.00284708838 1.14213143477 1.11364286387 0.955793435742 1.09644177781 0.973616389148 1.14208972078 
0.8999817268 1.09467160373 1.1421314348 1.29107740187 0.970274338377 1.2910818184 0.837902343095 1.13157017056 1.29108045216 1.29108259365 
0.832443834658 0.914659398442 1.14222919926 0.772382580861 1.14213144259 1.09408635692 0.866031884754 1.02389908221 0.909808254136 1.14186424054 
1.1404303603 1.14217041035 0.833257585696 1.01342656474 0.887331722042 1.08396285056 1.07796102575 0.978055666932 0.974902603171 1.12272743279 
1.08277356884 0.875789566489 1.09857336796 0.844104644473 1.14213143477 0.586619947279 1.09142181658 1.14212650549 1.10780975963 1.023629451 
1.09018983647 0.818345459371 0.90956487785 0.980088402868 1.14246499093 1.12462747306 0.88246949183 1.14245337455 0.600194340388 1.03084374811 
0.941197400075 1.14213143477 1.0852331182 0.985248505308 1.09078439322 0.970276489723 1.12118938545 0.621455547375 0.940668419361 1.10094175171 
1.01833638899 1.10308373377 1.02903030772 0.839847073311 1.14222976392 0.954425385348 1.06789667271 1.00047721121 1.14213143477 0.912551271313 
0.847333406242 1.14211763126 0.745744973159 0.895419903377 1.0544379468 0.969017057169 0.911847296943 0.976385367876 1.14213288788 1.1125692215 
1.01597431681 1.03884914322 1.02444445935 1.03823686115 1.14228716408 0.960039237695 0.744610414917 1.09153777913 1.08759598533 1.05157451218 
1.14241213642 0.924723187627 0.720124659739 0.984261374277 1.08568649964 1.01704629414 0.88023694441 0.928992477037 0.929684048926 0.985392662875 
1.14219023932 1.1421849808 1.07729654076 1.01629080848 0.839955030237 0.987850220153 1.00570490161 1.05669180195 0.891574047098 1.13553723274 
0.925920850011 0.816351141336 0.905498336697 1.02951060615 0.791307626092 0.884817260627 1.13934874232 1.03286095517 1.14213143512 1.12338630577 
1.08743441917 1.1419027648 1.07840320524 1.03983458345 0.614863603614 0.957992726443 1.07890351695 1.14213143477 1.08123892376 1.00039750842 
1.08956380387 1.11637989746 0.972760810622 1.05303327491 0.917538141762 1.12457629062 0.883398663734 1.14213143477 1.07528553027 1.0746852444 
1.00545400737 0.823003832632 0.974596111225 1.01614465565 0.920471281635 0.725307927647 1.04696948657 1.26111025255 0.985650931268 1.14259038926 
0.984612606682 0.909748660334 1.07794083659 1.14213142039 0.569040398369 1.14170383702 0.772537725167 1.14213143477 1.12746127889 1.04234625293 
1.14203102274 0.962429887558 1.14212775006 1.12128399475 1.0226634104 1.12110305265 1.08170424545 0.99901064066 0.978739891047 0.966038494702 
0.997583654091 1.12347685128 1.14213102113 1.14156294878 1.13596223093 0.61912552438 1.0396915195 1.12626532646 1.14213095619 0.801793112499 
0.90487269665 1.13792802235 0.949321726592 1.14223417106 0.985097980657 1.11621009636 1.12930231115 0.901636422089 1.12461046762 0.994583859212 
0.981218293232 1.07253817497 1.11058087473 1.13520917123 1.14218944464 0.856538058554 0.749713898894 0.938098642097 1.1422138192 1.04905572204 
1.02555524113 1.13114762142 1.08847439419 1.00621188231 0.979024845555 1.142026432 1.00985917705 1.14212603652 1.14061566102 0.98682993658 
1.04894745931 1.06790404076 1.14167109028 1.11505324477 0.848919867399 1.14213143477 0.958292268197 1.04632216563 0.973323120863 1.07604257055 
1.05942154744 0.865357391651 0.979813199698 1.00155443427 1.02989323374 1.14212768284 0.977611295866 0.892131607154 0.855188823816 1.14097784357 
1.13659197735 1.14192733537 0.877421750245 1.08216297 0.884975457512 1.01073102741 0.953352972248 1.07168075508 0.875729091747 1.14212648561 
1.14281433163 1.05571414315 1.14105781725 1.14196897771 0.890884340413 0.747398847152 1.05161633642 1.14281927906 0.975372113546 1.04799861567 
0.803656982665 1.00914569651 1.00631643633 1.08022034545 1.14231643845 0.719292606195 0.958452021109 1.07308185763 1.14218030327 0.661704068776 
0.880308200226 0.980960962737 0.900835141864 1.09955437041 1.14185945001 1.1421311452 1.11063224003 0.877158544943 1.14231007393 0.978143384982 
1.14213143477 1.02944212185 0.839899175889 1.00094436242 0.912280358691 1.06854950605 1.14222910329 0.954683123292 1.10301971265 1.01837169159 
0.74320963904 1.0918828478 0.787626157374 1.14143763676 0.994900967385 0.831190867235 1.14213143477 1.05511931923 0.855360825503 0.993250341994 
0.617769460017 0.982053784949 1.14300960028 1.14213143609 0.767326707696 1.00109689279 1.14313303371 1.0142582844 1.09174966447 0.917871960853 
1.19048275998 1.14213143477 1.1822690903 1.19048555233 1.05762196393 1.14213143235 1.09048059409 0.594907089649 0.93754139339 0.915456928566 
1.00097139798 0.850759936186 1.13570839462 1.00212441775 1.03423534098 1.05392789828 0.939639680679 0.971357441716 1.14035296005 1.14211720739 
1.14213134575 1.01132170775 1.13877685662 0.905141985117 0.989338784891 1.14196613578 0.628233331866 1.10868559392 1.09278163576 1.0310817378 
1.14167152657 1.03965074184 1.09462553434 0.961723473314 0.805384602656 1.14213143477 0.964100864077 1.06165865375 1.04238497964 1.04780018213 
1.31086890605 0.613102158422 0.992109036625 1.31087278174 0.991902951366 0.774698655697 0.947701107037 1.14213143477 1.3108728481 1.20234146225 
1.14168333513 0.808956824141 1.04115451058 1.09485309764 0.964269569214 1.04815462749 1.14213143477 1.06187579151 0.961718228431 1.04218760373 
1.02325590867 1.14809606999 1.14880698454 1.01260440113 0.544071363494 0.996686451926 0.964441033347 0.90152023467 1.142132209 1.14880827117 
1.02227612497 0.915184943628 0.818308240445 1.14211557004 0.880725048462 0.989480941465 0.652152511445 1.04115236217 1.0179351008 1.14213143477 
1.0816854867 1.07852783109 1.14213158551 0.935769616057 1.08759201104 0.728035737557 0.956602371097 0.864893881903 1.04870331236 1.14213143477 
0.894705621274 1.04017255724 0.983385094308 0.93665133715 1.14241962325 1.14241957793 0.986841588862 1.12395996506 1.10690171146 1.12933537489 
1.00122081562 1.07028711992 0.95539461682 1.03015749099 0.911547155106 1.01844607407 1.10310449629 1.1422256287 1.14213143477 0.840006473545 
1.01413159351 1.09294671947 1.04249723079 1.1418471546 0.905649594081 0.825244230672 0.997148517523 0.969034873337 1.14213143477 0.688838919015 
0.703465569451 0.689301917838 1.05289047076 0.913451490046 0.907925093234 1.11995062065 1.14213144367 0.752937107977 0.872001915663 0.843920962895 
0.954530859335 1.14210264701 0.961402593873 0.943179858181 1.07551643166 1.14227115036 1.00191587865 0.824027843679 1.02650230901 1.00973177678 
1.14213143477 1.01136332955 1.00393615279 0.656250169841 1.14212480226 0.822015461626 1.04215390793 1.04365169411 1.1251264314 0.831860908818 
1.02469431266 0.808815247046 0.985280485414 0.867926745156 0.92809817128 1.00944581796 1.08249557138 1.03619273373 1.12931596395 1.1424086992 
0.603827651965 1.12771962531 1.01815810467 1.14241728713 0.937715072194 1.0523269207 1.08122186899 1.14241728228 1.09359426373 1.00966429095 
0.900825255573 1.00069886843 1.00973685718 1.14320701244 1.04216458463 1.13961349864 1.08298511413 0.75696377405 1.14320701244 1.14291534541 
1.09044142605 1.03729371278 0.659093735089 1.02610427844 1.07180340035 1.05952252943 0.978653633843 1.14213143477 1.14213168056 0.983319459071 
1.14213063851 1.09972825705 0.88143363884 1.03057131829 0.961332717515 0.882124243645 1.14233032058 0.754172901405 0.977611896018 0.636222041835 
0.93865485977 0.976068523898 1.01299104118 1.14232749159 1.1405794727 0.593788471229 0.890096175632 0.757209020243 1.14229875797 0.936877752247 
0.722511741621 1.02819833204 0.85251580377 1.02622304954 1.02485120575 0.979309124857 1.03441745281 1.09082296467 1.14213445629 1.13844112555 
0.945071493878 1.01126214052 1.00967053527 1.13855181981 1.13164464772 1.0698949405 1.01433412576 0.933147685348 1.01242844237 1.1423249688 
1.13439919171 0.949626168278 1.14228604532 0.99221818254 1.08913368486 0.77176464336 1.14212456067 0.908913457423 1.12679920675 0.662819692892 
1.14213143477 0.969569247188 1.05476662555 1.05843602064 1.13426015475 0.626429843816 0.660040969335 1.14199043965 1.03529917578 1.06716828282 
1.14092276236 1.11411671847 1.13904622772 1.12487694473 0.729206676103 0.978703903153 1.14212675109 0.871701547125 1.13394078402 0.812773278841 
0.844625581202 1.0391802471 0.996194217584 1.14214031818 1.0747328069 0.991383166258 0.574146352554 1.14213143477 0.963208295296 1.05138684702 
1.08193846356 1.02185404565 0.80210742488 0.865200881464 1.14210279406 1.1395543069 1.1421849494 1.04210891306 1.03435329289 0.972974422591 
1.07824307766 1.14213143477 0.975559642472 1.26669771693 1.08117924089 1.26670165593 0.926614071217 0.954061401787 0.713626561588 1.22940497648 
0.910294501428 1.03325800714 1.04939552385 1.14076875788 0.7370172871 1.1421289932 0.594432718681 1.09397164112 1.14224476469 1.12978770483 
1.00611965624 1.14225173783 0.660605547795 0.765081986271 1.01800006411 1.02958068554 0.956829524271 1.12622759557 1.02993927144 1.14212696562 
0.874414296219 0.951182891126 1.00818354242 0.993636102775 0.977116942632 1.04432565267 1.13683694829 1.14211576774 0.949181714187 1.00378087996 
1.21525271692 1.03648832966 1.1421312727 0.624376466413 1.21429962708 1.00846041522 1.215252702 1.14213143477 1.16971147413 0.941658366531 
0.9996184003 0.92938794355 1.13731290235 1.15330983203 1.15331191852 0.854073513892 0.596789651732 1.14213145182 1.15316299153 0.852605797946 
0.966604486785 1.11899758484 0.877689291602 0.991490675986 1.01317284386 1.0441030838 0.919397639037 1.14231433838 0.754544608471 1.14231520726 
1.10473484026 1.08485104326 0.648508130976 1.09285217318 1.14213143477 0.763202938769 1.03740019572 0.784059065592 0.917067469876 1.14213143472 
1.14233833102 1.14212627455 0.915232877369 1.11437133087 1.12097862305 0.679751931944 1.04146051701 0.996759973204 0.933472026223 1.04479366465 
1.14226253343 1.03304291831 1.11253694808 1.12417946466 1.13518390334 1.03954837338 0.959795257759 1.14120851103 0.997843717649 1.0107232723 
1.01209526485 1.12985376149 1.04084505041 1.13740371349 0.944501168987 0.97669573811 1.10062297126 0.95128630498 0.872420422956 1.14211631372 
0.88831124873 1.03777471735 0.974873807867 1.05515068752 1.14159936424 0.797468196434 1.07004985789 0.912109993383 1.03255828747 1.14213143477 
1.14213237621 0.894531185058 0.990993598235 0.860346516411 0.714488075098 1.10255932385 1.02692733203 1.03625397108 0.92656940094 0.890031919812 
1.14248623851 1.1340316496 0.852808868586 1.14216570386 0.913103927927 1.14248639395 1.01806499343 1.1403064092 0.934827831575 0.945243446292 
0.87095752872 1.04509315577 1.0915505612 1.01042051775 0.767211965386 1.14234834492 0.899357394813 0.984991532709 1.06484754323 0.716400933819 
1.01078000431 1.14213142829 1.02649905021 1.0169018675 1.14082071852 0.892919185681 0.866254427828 1.14235172539 0.573895438035 1.14235171874 
0.788871398926 1.006850366 1.12470617392 1.14213094628 1.12364238959 0.620370490851 1.13918309572 1.14213093853 1.03300594466 1.13690065533 
1.14181329206 1.0930474725 0.861584382312 1.11683129057 0.897655833136 1.05637136522 0.926314896737 0.922700566441 0.961461361295 1.14213143477 
1.14213143477 1.14155669004 0.82177980066 0.86878663237 0.890378086074 1.02974004827 1.07668068483 1.08080792436 0.609713724125 0.892501047175 
0.563021269538 1.1427453958 1.14213143477 1.14274679531 1.02681331532 1.05299719464 0.939095683819 0.960954805234 1.06001512281 1.10325811869 
0.903677876338 1.0963287276 1.04619126297 0.959829461488 1.15164935504 1.00104661365 1.15164960631 1.14212744763 0.989007291481 1.08752724186 
0.966171951243 0.719992174287 0.919666655812 0.757083790443 1.03689694769 0.854911733721 0.984005764896 1.0214865388 1.14241643189 1.14242083592 
1.09532742369 0.96134514477 1.12647757984 0.930716761092 1.13948579788 1.09928126784 1.06307585768 1.14216521351 1.01221125346 0.952783409022 
0.944212881827 1.01058030423 1.04280871695 0.857242382047 1.03610810569 0.452276856415 0.798273415128 1.14219474819 0.911793593625 1.05426760921 
0.760802320851 0.904380816771 1.04906499903 0.953476610964 1.1420671237 1.14213143477 1.1360757201 1.12290911317 0.92164795265 1.05479934473 
1.14134214785 1.00011241355 1.04687542819 1.03426806147 1.15830148408 0.820866135195 1.12463689386 1.1034452862 1.0815794757 1.14213143477 
1.14243202697 0.91344849539 0.966640534654 1.14243256402 1.03673599051 0.854433642677 1.02080164006 0.75479540575 0.719312932242 0.978635470257 
1.14213143445 1.0195328081 1.07613808836 1.01308537839 0.958238188643 1.03679887973 0.554548693847 1.05751026069 1.11494741262 1.14213005455 
0.777815706378 0.95793364335 1.00729071356 0.973721321108 1.10927540287 1.14213143477 0.887422508131 1.14200516213 0.831270281413 0.79350102191 
1.05201324028 1.14213143477 0.816029612589 1.05994502032 0.996807109707 1.03150660108 1.13997373311 0.890354856482 1.14146392325 0.986757768894 
1.0335862692 1.1418316172 0.792729518401 1.13969664238 1.13110751341 1.14213097106 1.00184584966 0.620572884708 1.1421310173 1.12676931054 
0.982964790671 0.972399869484 1.14220891512 1.12142624321 1.13617087625 1.08505934364 1.04461513788 1.04400825807 0.978315807377 0.931638635454 
0.654876185571 0.719949519353 1.00327850976 1.20886629752 1.17805612268 1.15846589577 1.14212223158 1.04267476375 0.869831289904 1.14211315363 
1.14211875996 1.09666875098 1.0018922142 1.07215577045 0.556501213683 1.13628907695 1.14213143425 1.09577097414 1.04958781979 1.13755017345 
0.996570491638 1.08015789498 0.782957794504 1.07352809371 1.06987362894 0.860337249863 1.14211951783 1.14213169013 0.984790436181 0.967753106261 
1.14213106701 1.00120951431 0.628168724156 1.06953633243 1.1190998552 0.975088004377 1.13988324824 1.00150828145 1.14379406884 1.14379404986 
1.10882313281 1.14232866154 0.881626576496 0.970605783898 1.11376464356 0.94152215678 1.14213143477 0.864507510783 0.848970305463 0.700410015394 
1.08818426701 0.934099055476 0.982560217794 1.01362623243 1.14223191526 1.12938050041 0.867225273093 1.06524846407 1.13174957233 0.720942540478 
1.01655762307 0.869105817335 1.14231366314 1.09160407002 0.817971993489 1.02300648226 0.928507168518 1.14229860903 0.99367746317 0.991045802786 
1.05186708608 1.0746873286 1.09898417978 1.11202816259 1.14212824491 1.13945329437 0.955345408935 0.962433976262 1.14202334651 1.09461689106 
1.14227567135 1.00262482214 1.14213143477 0.645736358892 0.987544497831 1.09811068012 1.05903041993 1.07292715819 0.987978849337 1.09838132451 
1.14213143477 1.1415992702 1.05514936264 0.797439850251 0.912032600987 0.888327681869 1.07007040392 0.974939432384 1.03245394388 1.03781779331 
0.967543974798 1.1184752649 0.812664536692 1.0030726529 1.15370211761 1.14212923598 0.998316680521 0.965364620829 1.1537021176 0.91059020155 
1.11517562327 0.840428451497 1.04795867195 0.78674629024 1.10631829166 0.806539620669 0.836643375099 0.898955757756 1.14222865987 1.14213143779 
1.07706069796 0.683016580381 1.02862934228 1.14234290426 0.987381412092 1.12737011725 0.956710208552 0.670172632641 1.14212684453 1.14234239491 
1.10374090753 1.14213143477 0.998759263852 1.04932392109 0.838918008426 1.1387839357 1.05483162133 1.14155934458 0.990407495547 0.977841413571 
1.11692407639 0.623314264983 1.10703483653 0.82651937915 0.648255123846 1.07905438767 1.10724802229 0.981921497473 1.00961986429 1.14233401001 
0.87686121723 1.14212601153 1.0342623984 1.02790501504 0.979945731778 1.14199912674 1.00933730315 0.978820294255 1.12698199497 1.08610751297 
0.838251306193 0.884676373757 1.08977343778 1.14212196988 1.02207156573 1.08964014436 1.01151132066 1.13348649597 0.767326410668 0.958691794479 
0.97471605343 0.970473316744 0.87711630326 0.891500608009 1.04865205498 1.11824175139 0.730574794154 1.10700633323 1.0131535494 1.14215052761 
1.01038586041 0.872120739459 1.14244256361 0.971734621862 1.03641528219 1.03496090438 0.863083619727 0.982606484465 1.00816946637 1.08841022314 
1.14232535834 1.11906937759 1.03924909249 1.14231356729 0.990144725769 0.877774447706 0.754539490379 0.976071183023 0.919120311032 1.02886621228 
1.06832462195 1.02320554128 1.07620484908 1.10564003559 1.14430785484 1.14213155877 1.14208964756 1.12390307075 0.987691572505 1.05431487467 
1.05649483208 1.07751254523 1.14213143477 1.38049629489 1.38047793603 0.97490927072 0.910645645921 1.38049635526 1.01062689606 0.850445773841 
1.1156455821 1.1422420141 1.04872265189 0.798758846255 1.1398691978 1.01351380922 1.14225063144 0.991097160201 1.02936725876 0.746609047172 
1.14213143477 1.12731788845 0.976529503036 1.0152719733 0.554179559392 0.854072251225 1.13418159331 1.08029926144 1.14213143313 1.11455445302 
1.14213004827 1.07608492715 0.958038318359 1.01334956254 0.5520266864 1.03663029385 1.05853472472 1.14213143446 1.01974391667 1.11446437699 
0.856461007929 1.1419619889 0.68963103343 0.86207000287 0.608570217858 1.08453823994 1.04106117975 1.14213143477 0.996042532151 0.806445756281 
1.14221500899 0.855907034081 1.10745009048 1.11986419235 1.14212858223 0.99738013673 0.741272939152 1.10699432536 0.921635025219 0.932240426726 
1.02723648687 1.13703061921 1.14229353828 1.13867512826 0.971335907901 1.14213143477 1.10780173527 1.06680924926 0.818198784062 1.12152346629 
1.09321245779 0.988701224857 0.988171481206 1.10137412581 1.14213143477 1.14227644827 1.001618023 1.07307276986 0.646217977875 1.06088221305 
0.882574371078 1.14217974211 0.941721824779 1.09294869274 0.83161711499 0.838608572225 1.07678005562 0.97732603859 1.05701595016 0.651581969802 
0.997998459144 1.07788095948 1.14258960395 0.762235153454 1.14258921057 1.11482139253 0.973121661073 1.06105368145 0.972730474739 0.950976890479 
1.14240107564 0.747703597756 1.00941311954 1.09485087999 0.857972813347 1.14211341227 0.968043479497 0.807264376573 1.14240110774 0.772983355396 
1.03094149671 0.90608927251 1.14242591264 0.984704480669 1.13433829974 0.991812699294 1.12149787354 0.912431488548 0.93648671632 1.11028906087 
0.61619567105 1.28884450205 0.607333577032 1.02205543623 1.14213143477 1.28810108375 0.965729639098 0.990774799604 1.28884450101 1.04167136194 
1.11061663349 1.020487888 1.11474250353 1.07887926572 1.08909740385 1.14212748732 1.01393931361 0.912055750022 0.643800420491 1.10965700683 
1.10173328485 1.1420587328 1.02865209632 1.10223140894 1.01183337109 1.15264504375 0.96487471303 1.04529688597 0.987360629629 1.15264446761 
0.969376283456 1.14211567468 1.14212719121 1.01426001284 0.934373550414 1.12313733272 0.742455057732 0.767175717501 1.00279029324 1.10319966997 
0.822821830142 0.995335845283 0.798969445682 0.962772565543 0.959730825002 1.15381649737 1.15677828148 1.14212784398 1.1567782812 1.15620250683 
0.818768207284 1.0113856806 1.15808245099 0.823700237423 0.997668938916 0.93642646527 1.15808328465 0.960215182237 1.13276122134 1.14207391053 
1.11001455948 1.14296692887 1.14296687776 0.765812645926 1.14213143964 0.983674358739 0.982789452361 1.01537334629 0.626352138688 0.766047964852 
1.1599739789 1.14213143477 0.834944210251 1.1599739794 1.15970430144 1.04112698903 1.005577419 1.14164669721 0.999009125486 1.07112238317 
1.12243199963 0.62047552831 1.14217731744 1.14167118723 0.986215143902 1.11929388134 1.09017105117 0.813404099265 1.01993417955 0.717338912164 
0.906488092015 0.990534766034 1.14242649607 1.0304522912 0.936699984404 0.9109924973 1.1106088998 1.12290134408 0.991892819257 1.1357878269 
0.994312009984 1.07571963554 0.764387846637 1.01481044384 0.798253752584 1.14222316579 0.938739559357 1.14211948928 1.00790195745 1.07615072038 
0.805538976941 0.70597617792 1.14256360789 1.10469835404 0.884660984295 0.869283912114 1.02555765243 1.14256361815 1.1417978321 1.14107052014 
1.14229243981 0.680371701705 1.02473003327 1.14213058035 1.10390346113 0.752111911583 0.93443124143 0.991527236753 1.01692266694 0.954641439521 
1.14228999754 1.14228999644 0.582751908228 0.972971963703 1.02958433994 1.11767357566 0.802114624117 1.14093124776 1.02154285841 0.978515172378 
1.14213145923 1.08625213537 0.994430656544 0.975123024098 0.777578562499 0.638168021964 0.822971976556 0.948333429098 1.14456074468 1.14449607892 
1.00457467075 0.815750058597 0.748395131823 0.944723008185 1.08680967826 1.14123713049 1.14195093528 1.08427333755 1.142275071 0.907749067407 
1.03508575337 1.14072043995 0.881063197485 1.12413739908 0.955482464644 1.13557767122 0.940154961857 1.14227246543 0.990260146558 1.1228484582 
1.02469300923 0.985284384127 1.08249583611 0.928094806741 1.1424086914 0.808827863781 1.12930795557 0.867924631148 1.00944282033 1.03620069369 
1.09453616457 1.08899612051 0.985453681982 0.933428493774 1.00366028537 0.874228532176 1.14214263317 0.746019559992 0.938107880027 1.14231315387 
1.0343721607 0.856259932371 0.952904487873 0.781620334548 0.700108565491 1.06169245219 1.00102898845 1.14226010774 1.14213143477 0.971253391793 
0.776656405508 1.14212412226 0.842021362505 1.09680145707 1.0580463194 0.62195160371 1.03727453401 0.969690630941 0.845789364465 1.14212404541 
0.933415200075 1.09376746945 0.910983492345 1.12987371009 1.12661257603 1.13741945671 0.950991024041 1.14232819549 0.985994121175 1.14232720834 
0.762164280311 0.939579027062 1.10373700265 0.963547558841 1.14232289438 1.1418971284 0.57526444138 1.14214643445 0.80185542219 0.889539645582 
1.02888512426 1.09556237857 1.14178902767 0.993584855005 1.15805276825 0.879904274044 1.01264077877 1.05917040787 1.14213143477 0.980288864228 
1.11428649858 0.563863537127 1.02150419897 1.14213143477 1.11048535461 0.658163810431 0.942500409659 1.1411817133 1.03826565966 1.06166002122 
0.679789118354 1.09268795577 1.11347398939 1.14213143476 0.977789937681 0.742155103072 1.14213143477 0.967999784955 0.843112763322 1.07481275485 
1.04447625861 0.656225252396 1.08655960375 0.834462163959 1.14213143477 1.04051936669 1.0064350963 0.822124282786 1.14212387802 1.01937585521 
1.14152688265 1.0339597922 1.11319962272 0.862644790392 1.14213143477 1.14158814104 1.0087711661 0.804120412164 0.802299428369 0.872257348271 
1.02886313939 0.993703564835 1.14178862142 1.09997297247 1.15805372916 0.879880931512 1.05921226276 1.14213143477 1.01261020698 0.980237347796 
0.84398548996 0.942272843916 1.14144566401 1.06269621661 0.767662480926 1.14211706595 1.05279475633 0.869317026124 0.999017230725 1.13101602572 
0.950363614226 0.601177203109 0.905674904422 1.14226581152 1.02495756742 1.13165224707 0.997168118246 0.973544733443 1.14222412203 0.722532594318 
1.04719397306 0.893297274662 0.958983905858 1.00431138607 1.0313134722 1.14239800289 1.02856094692 1.13140913993 0.961761272369 1.04086212496 
0.843190363885 0.980798234403 0.67725185064 1.07493467481 1.14172956436 1.01276440294 0.873270271246 1.06382352967 0.942099916575 1.14213143477 
0.872831006418 1.08965742691 1.14213143477 1.14232127013 1.02885101688 0.969742362493 1.01669017335 1.13384913329 0.935702498034 0.901023133274 
1.14194377623 1.03965551482 0.98490322877 1.1416918728 0.95147342656 1.03836540456 0.877099213286 1.14213143477 1.13127170515 0.963895423904 
0.658509702115 1.01862542982 1.05473180369 0.936299842898 1.00115462868 1.1421314198 1.14211657936 1.11150237796 0.96234108358 1.13080340731 
0.965604139652 1.12809813653 1.13576158763 0.716208906994 0.890372225913 1.14217834434 0.606497128001 1.04658555333 1.09265500412 1.14213143477 
1.09058120631 1.14213168109 0.97868669922 1.03732997613 1.14213143477 0.983784476856 1.06089044099 1.02601876924 1.07154643189 0.658967305265 
1.10583195984 1.12241054992 1.01851421139 0.893745075561 1.14193427427 1.14213128012 1.13351930665 0.685998948026 0.937526887466 1.04806387315 
1.09362405107 0.972990166845 0.653858146359 0.869791378719 0.894123579484 1.14210282094 1.04648350209 1.14213143477 0.94506101311 1.0104750007 
0.879332605116 1.14213143477 1.05774028893 0.807013050411 1.05639414117 1.13701091474 1.02107745825 1.14186777896 1.08750377752 1.0292468252 
0.706475140357 1.14241149369 1.05212234481 0.992751376498 1.01889253598 1.08891813007 0.759965316401 0.929534088796 0.986353180147 1.05356168449 
1.09003719607 0.671267773482 1.00883393868 0.726270452817 1.12234450644 0.967199485591 1.03721867813 1.14234153567 1.0237221316 0.977241327878 
1.0864672498 1.05721012495 1.14187533984 0.99206940482 0.873316629524 1.14213143477 0.894813468114 0.97318569107 0.923011022063 0.824265717184 
1.1060808931 1.03913199783 1.14177728783 0.669948678423 1.14213143477 1.02600444287 1.0570487158 0.571700703113 0.982526297002 1.06284439671 
1.14225475947 1.14228472185 1.07620682074 1.11936159447 1.1200352046 0.938825886507 0.944944181199 1.02475959499 0.7790759523 1.02412223102 
1.14066192892 0.788967844908 1.14237429872 1.1423463003 1.01110370237 1.14153414243 0.808002271215 0.997537748871 1.01203773369 0.868762560046 
0.987525405726 0.972982177617 0.971225000249 1.15308391119 1.14213008482 1.15308383282 1.15232901121 0.817815908035 1.15303632858 0.813406873508 
1.14228370011 1.14082227377 0.991241855016 1.01079092543 1.11069570966 1.00531458931 0.878449108472 0.816588796739 0.652955580313 0.614518480703 
1.08573915946 1.03510151351 1.04347908243 1.14213158101 0.823987485018 0.970672115303 0.843109345074 1.14213043326 0.988681402217 1.05820871211 
0.990159011175 1.10344646819 1.14213143477 0.885916260413 0.867051703172 1.14202075241 0.845671344928 0.74901858075 1.00971565132 0.995618533296 
1.02060304913 0.972100530353 0.816726977296 1.02490880469 0.592590749231 0.978564355247 1.14213701896 1.05413990635 1.14214677254 0.617589415803 
1.01258776704 1.0645064709 1.13932040093 0.659933260448 1.03147854115 1.109989767 1.14213143477 1.13641217942 0.967877251078 0.626139387946 
1.09087261852 1.10809455458 0.880710663281 0.779045567827 0.936077404839 1.03020128585 1.14225002999 1.01366344852 0.972669084446 1.14226795811 
1.09488213628 1.01478181005 1.14226962173 1.02199057026 0.945644798167 1.08209445624 0.653058148057 1.1327561865 0.921512322466 1.14127506154 
0.515445672502 0.574700601861 0.991852142575 1.12040545069 0.604413185516 1.13073068693 1.0923124193 0.894779378112 1.14222168725 1.11833005575 
1.14037865144 0.876551891819 1.03429138843 1.15716178932 0.998307895769 0.929951538942 1.15717002098 1.01915432963 0.979010177528 1.14141862589 
1.07635060867 1.14231187587 1.13112217287 1.11323564387 0.597104504381 1.02337549877 1.01160186675 1.0273517681 1.06346503999 0.848934828525 
1.02421427444 1.14228486999 0.945003110196 1.12094893017 1.14225358013 0.778960917125 0.938928599641 1.11954975052 1.02455490097 1.07606987688 
1.14227539364 1.14216862627 0.844052061904 0.942970376749 0.805714686806 1.12341918129 1.01901374492 0.863667619586 1.05416400399 1.13270276359 
0.94029081402 1.01217601983 1.04618351144 0.81221094366 1.04058868141 0.921314261238 0.970290230647 1.1182926373 1.14229309402 1.14228548868 
1.14236932379 0.989820562549 1.09513370723 1.0860697282 1.02013046478 0.847177520791 0.944938503528 1.02233592528 1.1423740584 0.826132807949 
0.667064182093 0.967769826767 0.970986988266 0.996864387638 1.14213148996 0.864310548598 1.04046582654 1.06375720691 1.00850060872 1.14213143477 
0.873338102726 0.991973346217 1.05769421271 0.894668057141 1.08648611168 1.14187440896 0.82418436507 0.922955433246 0.973148485047 1.14213143477 
1.14223944502 0.680714771207 0.961639832441 0.963351159825 0.983108551621 1.0368824493 0.77443725765 1.14213143477 0.981986827082 1.06911260479 
0.901492697531 0.751061310744 0.75125737204 0.960220093536 1.09502115972 0.522698380217 1.14213143218 1.12356247145 1.07424025447 1.14213143477 
1.1413992631 1.14213143496 1.11616910398 0.934724322153 1.02341331644 1.01762882045 1.14154634919 0.883158637527 1.14138832346 1.09930501047 
1.14228725139 1.11844829226 1.04101685471 1.14233837742 1.01180443362 0.874846828636 0.754184442666 0.916252403693 0.965817980253 0.926898430336 
1.05325341961 1.14212993043 1.14197561922 0.880582014476 0.748807516669 0.999873451252 0.976663058708 1.01899802194 1.06630448212 0.941383848608 
0.979601337067 1.05925850098 1.14078095911 1.14212757246 0.901135952714 0.984940413529 0.858494589382 1.02799971183 0.861403405088 1.01734909928 
1.10086234583 1.00537987467 0.938243491539 1.10144811989 0.600225630575 1.02378280815 1.10343800489 1.14240681558 1.1422806284 1.14245419656 
1.0007234203 1.06026720524 1.07438511681 1.10391347836 1.13666036508 1.14206566754 0.876835315759 1.03355938239 1.14217825588 1.01253842595 
0.766606095105 0.985614124259 0.920040475288 1.00517792332 1.0150801436 0.61562610281 1.10828340758 1.14307299408 1.14307300553 1.14213143143 
1.14213143477 1.05942195702 1.14112740108 0.984579508066 0.864549363305 0.997860903748 1.11117702876 1.05707993282 1.00858407906 1.14171211718 
0.956917590251 1.14213221516 0.90101568088 1.04293176703 0.985426700102 1.14212589891 1.08922876978 0.744826854792 0.953991363618 0.849048137176 
0.809647533908 1.14222969964 0.788413819447 1.1243070243 0.946922480548 0.968638071211 1.08327977154 0.859950926434 1.14132538581 1.14169269224 
1.04267473612 1.14213152682 0.715039676101 0.989959613715 1.05813861685 1.14213143477 0.679441670445 0.924535553105 1.0757384741 0.991658900968 
1.04318248014 1.14213107874 0.98230371314 1.04688688859 1.01518197986 1.14202129835 0.824852451214 0.913215139873 1.00941443673 1.03174710611 
0.82604910782 1.10674517432 1.10712413842 1.00956079754 1.07814466985 0.648390104372 0.623276156466 1.14233136247 0.983274869327 1.11992333277 
1.12685265532 1.10816431261 1.0330712372 1.00946636543 1.1186255764 0.619119932498 1.1387409637 1.14213089794 0.78450515692 1.14213103795 
0.880281800643 1.07209075814 0.700700987432 1.13629361433 1.13727928927 1.01623191136 1.13684364696 1.14217193814 1.01359523285 1.14209893 
1.09152263295 1.06561361556 0.984981477359 1.0451532122 0.716363584726 0.870938080891 0.767190920012 1.01041285404 0.899368432791 1.14234836674 
1.07502071835 1.12554593336 1.0023661612 1.14227995996 1.07359445352 1.09571631255 0.999174730008 0.991294058181 0.647522803684 1.14213143477 
1.0424495283 1.1418899463 0.906759258614 0.913734910931 0.860223599552 1.14213143477 1.06413508687 1.08984442198 0.92258136425 0.976448306867 
1.14259379829 1.08459019465 0.71953366222 1.14256785661 0.95208078896 1.03004884312 1.14120052671 0.922507796305 0.964504422833 1.14182252153 
0.656751481765 0.744321693017 0.99569443684 1.02818152548 1.08153977238 0.96179001246 1.14213205792 1.10418399293 1.14213088463 0.985104159434 
1.14177293342 1.04188991738 1.12412637415 1.0365355709 1.15607275884 0.784970376059 1.1560727827 1.05507335772 1.14213143477 1.0037377507 
0.727905352522 1.14631946082 0.94116760708 1.14632128 1.02307647888 1.14271964284 1.10601731579 1.14317684791 1.14632146859 0.9875190923 
0.986661686022 1.08947077145 1.00925461972 1.12630523828 1.00760077009 1.14102028432 1.14212612589 0.989643143779 1.02528554941 1.14202982493 
0.761040318071 1.10240155882 0.896738550934 0.938615114761 0.863622966203 1.11637554602 0.908889723604 1.14243394254 0.989095161102 0.869655165513 
0.872603729189 0.978803730317 0.908664183946 1.14136384782 1.14211849998 0.970035394014 0.85659004959 0.982219698101 0.961692053158 1.06068060646 
1.03984687928 1.14212397824 0.656622202311 1.04394728773 0.821812092893 1.14213143477 0.834309759557 1.00853544753 1.01132737147 1.1212592156 
0.797086251451 1.14213143477 1.06168931564 0.99644658478 1.12968486131 1.14128305027 0.976780102283 1.14175692925 1.1418246533 0.97861927129 
1.14242402029 0.906072205091 1.06174741031 0.99037254953 1.10591578669 0.936076939831 0.970860080199 1.12672359857 0.903520908119 0.84971644312 
0.957270196938 1.08955969668 1.14198536177 1.05962927187 0.887018042696 1.14213143477 1.13562104664 0.91245196014 1.05438584953 1.14151020986 
0.973155264323 1.05764951171 0.894541515597 0.82413578442 0.873317778224 0.99196054359 1.14187459703 0.922927157187 1.08649887932 1.14213143477 
0.836916500575 1.14223722168 0.928213575305 1.14226324801 1.02236541221 1.13941703857 0.584790390506 0.735131838138 0.944548613883 1.02874348832 
1.14232896502 1.13514080318 0.971508721712 1.03359711313 1.04083908598 0.858106459004 1.03882298936 0.939309346174 1.14228477965 0.754204231143 
1.00701735383 1.03282432445 1.00906108826 0.891643552623 0.819220596702 1.12013272338 0.810567978928 1.07136151961 0.803367683845 1.14212294677 
0.992099345102 0.936846177849 0.961410471617 1.14207496413 1.15801873797 1.01302134813 0.814444555834 0.839138850164 1.13308726908 1.15801117506 
1.05126242911 1.14212556333 1.02287966272 0.925276050892 1.00841484949 1.06775289634 0.990931469091 1.1420816088 1.09295057552 1.13368347751 
1.04093656316 1.10673945429 1.14252893214 0.726940581225 0.950773661614 0.965055363218 1.14084876999 1.14188835121 0.964805486804 1.14241441607 
1.15816255735 1.07149579551 0.987405541448 0.986873273137 1.1581626075 1.13792491288 1.05297876047 1.14213121536 1.06573633222 0.927484328464 
0.770064939863 0.955648061601 1.20051317729 1.13366890332 0.687909927245 1.14213143477 0.550519237676 1.14213143477 0.925025871767 1.08197547227 
1.29315102802 1.14213143477 1.29318667884 1.29318455641 1.1419180014 1.07620035776 1.15654347242 1.08756206436 0.632710796523 0.995112000842 
0.959525359754 0.989733284384 0.546306053994 1.14232833623 0.956431210188 1.01879494623 0.693356626549 1.14232980392 0.986094586464 0.847857255225 
