460.462152542 -460.638700996 342.385972072 90.6665553952 -24.3537453994 250.847284552 133.785830925 -345.651989352 -143.366801676 -218.57770694 
-239.647114164 -55.233732154 330.762000989 39.3964222748 461.686340963 207.926235955 -461.686340963 -344.084315241 165.600870742 -131.145495366 
461.686340963 -330.705433624 58.0174887966 84.550224859 -461.686340963 -223.280410839 -164.988177978 220.173094523 339.224950386 -34.5153559198 
-117.753593846 -67.9974847996 -226.05139874 56.1151218248 134.984404799 -461.686340963 326.913709463 457.847080612 -333.375055164 187.696619992 
187.334190149 54.4096088593 461.592810271 319.145703987 -332.494249911 -69.9425342451 -212.928557311 199.508605882 -461.686340963 -113.371112085 
332.177422947 -329.110667532 -190.861419082 70.699395109 -57.8061676259 203.708930414 -461.653224462 -192.783072218 97.6564920271 461.686340963 
332.367379467 -107.597358959 187.459411396 461.686340963 51.9137042933 194.746082292 -74.2861737096 -335.443780303 -234.082164315 -461.686340963 
-131.896575601 316.743822559 -335.956934351 -51.8541118268 -230.776656468 151.938258309 461.680534021 197.433702408 5.21109981248 -461.686340963 
329.061830825 -189.444764214 -328.266606247 69.0189713612 203.83637433 -53.1204617915 461.686340963 81.9224394149 -461.686340963 -183.954675644 
103.857854825 -228.278379668 58.9780785119 -148.605669104 214.092712479 -461.686340963 461.686340963 -94.0516681308 339.949500836 -333.669385385 
193.394601567 34.6924632855 335.177532709 -176.70269526 -330.691122654 -218.511784875 461.686340963 -63.456535232 -461.686340963 87.2469731905 
-461.686340963 -191.603527809 -315.512280948 33.1628735813 -323.302481562 -81.4618213808 461.646999243 158.277561235 244.656300219 348.052480773 
-203.169171748 -327.664742795 -151.676500274 461.686340963 -48.2832856736 347.6554497 35.7695868013 252.744584421 -461.686340963 134.592673273 
-341.489140534 329.579657098 4.68162142168 301.604378804 58.2063406343 174.316152947 -460.644369958 -206.726629484 461.686340963 -87.8636433283 
43.2584418818 308.303675169 -461.686340963 461.686340963 -234.998867709 200.223621964 163.578700616 -72.4212727182 -105.052375873 -345.907757055 
-94.8914947936 -207.281064164 461.686340963 62.715029565 244.263047644 331.773926678 -79.272378261 -461.686340963 -337.040101725 173.525354337 
60.3192516192 143.157901649 -461.686340963 -254.463784003 327.684455209 -333.913934768 -31.3333338496 -150.467080914 189.410121637 457.967305751 
-461.686340963 -54.6920024515 -206.554446477 216.371213145 461.686340963 333.709162726 74.5548095326 -328.174791978 81.7788858 -156.334957094 
-349.06996837 -209.612353476 345.704798816 246.081681691 -80.3765406554 461.686340963 -461.686340963 -69.2264948698 141.355059402 49.1927686826 
-341.307218226 0.314225732683 -1.67841943718 346.897212925 -108.768880646 -224.000258908 461.669333611 -461.686340963 143.669034965 233.066970457 
23.6435508099 -98.3114586061 -461.686340963 -224.68772751 160.721365428 -337.44392772 294.425703119 115.043474921 332.941837034 461.686340963 
346.413683132 -67.494999322 219.659607107 93.7264654982 -108.832585435 -221.720468915 -461.686340963 58.9229750696 461.686340963 -339.757365691 
121.531230331 265.004322342 335.062144892 -15.4717276708 -286.657554531 -390.530266518 460.19681062 -169.158820503 11.5937531446 174.319525128 
105.586050399 -247.370100857 -151.532679308 461.493238356 226.59461878 -339.118552417 -4.98103991499 -461.679849168 344.869243766 -36.6404068193 
461.069566365 -79.9842851893 327.199059476 53.5678485924 -209.653650881 -461.686340963 -81.1850712786 191.825221067 -331.421406904 186.225932218 
333.889227018 -337.823357187 -461.686340963 288.729827322 35.9124466308 461.686340963 11.0115259446 159.197705186 -109.153418816 -237.722351883 
-334.042252751 458.143508224 326.936801816 141.817719692 58.5416867443 -257.067586598 -153.93042805 -34.5914104371 -461.686340963 187.922668946 
461.686340963 16.9988115918 -339.810376224 -101.800139494 346.764152324 -240.713769111 -461.686340963 269.768970658 143.408112013 -134.746138071 
-29.9967266103 337.744070658 -317.297500956 461.686340963 -461.686340963 82.1689732944 -333.688681139 -111.694681527 204.954150247 -183.207630624 
-204.895094163 57.179178886 -333.054712086 -460.912144946 -60.0584117577 324.689262335 -125.72764094 209.733472808 461.686340963 127.071981695 
-157.712011212 333.708160228 246.001172415 -268.915646424 460.193374635 106.061555433 94.7666114678 -461.686340963 -14.0917624442 -337.80807189 
334.001589794 -326.038064984 -461.686340963 -180.003570349 -181.590905847 461.686340963 68.7529508474 -42.0453015954 155.349971308 209.910367898 
73.7163959929 -186.420640517 215.280791934 60.4762474856 -189.978162793 -461.297083585 -337.946832883 -54.2920552696 336.900965463 460.416916043 
336.64528652 -167.330992657 -42.3768730484 -461.686340963 -329.639318583 226.217286556 461.686340963 -225.654802371 86.0946138295 41.3542259768 
231.656708957 -252.618489858 -188.796024589 461.686340963 -332.186418052 153.0676878 -461.686340963 337.830819967 -65.1879865616 51.8936796496 
159.2619434 -61.0306424365 -461.686340963 353.494247363 276.582862114 -339.313272407 -86.5248475977 -210.823981509 461.686340963 51.4405075654 
-63.1434163851 335.348586161 229.007422038 -222.889434091 -177.542170773 167.204648435 -460.789975961 461.682838466 52.480797479 -325.250167883 
-336.599423424 73.3157405877 339.501065253 -102.694733718 149.737645024 -214.558732331 215.820417854 461.686340963 -461.686340963 -43.651743674 
-325.348489417 -250.653812994 458.57144161 322.639477201 191.729810439 -19.005016648 -143.459880695 197.259315361 -461.686340963 57.7363781958 
153.928072956 -338.354145486 73.4486816955 461.686340963 207.165848792 -215.630426675 -191.292336732 -459.312258735 -61.8454757698 332.171002194 
461.686340963 209.468882791 -48.382421378 -202.984654284 -330.312375579 118.743976296 81.1111700594 -134.007373003 337.711261614 -461.686340963 
196.229590233 -461.686340963 -181.02996043 -194.940317475 -328.907591689 56.6140691262 -49.3854974239 185.046881376 314.169060054 461.686340963 
-461.527563095 247.725040939 132.220071936 461.686340963 34.5753018001 342.558545866 -27.6388689543 -158.114785435 -332.853654335 -213.135520049 
-247.441463132 -339.178959796 320.170009253 184.449041957 160.917283736 458.892173681 -120.642779155 -91.1321000708 -461.686340963 36.8776437083 
-225.550888402 -42.4240277648 -329.56931962 336.598659854 -461.686340963 -167.32855289 461.686340963 41.3662194286 226.045686263 86.0799209589 
-461.686340963 -225.556860528 461.686340963 336.670165133 86.001205276 -41.8675469276 -329.786575169 225.592921182 -167.45867073 41.3591107177 
-327.95170747 -218.246115816 -461.686340963 73.3895018673 208.745350924 -168.705090249 334.362688016 461.686323878 -53.9781128993 100.564807366 
16.7686302576 -461.686340963 -208.098563951 303.7753636 328.440800581 461.686340963 -327.100937518 50.8877948365 -91.3585037459 173.885487474 
-23.920103612 91.0842241257 -343.691251991 -461.647099005 461.686340963 -37.5775071568 -160.210626986 197.753977686 332.888188029 -285.662379495 
-331.43730877 -461.686340963 -45.9202225073 -165.064313321 -223.924365407 216.924948103 79.2373511825 461.686340963 337.101041247 108.962312131 
-321.084251744 -14.3677200982 328.425818421 -255.205427846 -163.749851697 -461.540680503 220.875148179 -33.7102895269 460.142906619 102.8619965 
158.139444889 -159.874217374 -276.173043395 461.686340963 48.9666347057 -56.9035608735 237.604016871 -343.627951332 -461.686340963 338.297861697 
69.0923430678 -461.686340963 82.2882983686 330.757380801 -181.312386006 -325.73957233 -55.9087398176 208.724979984 -182.776989166 461.686340963 
-231.678592528 -68.713480721 224.287947071 460.272069035 -198.323733179 50.8826375564 165.089943803 -337.695466117 332.092475114 -461.686264741 
243.971762235 -21.2727334097 341.863901687 -143.017929434 -461.686340963 100.836064933 -272.173808566 123.454078106 461.686340963 -342.540365924 
213.407892563 461.686340963 48.6743097776 -65.1818767621 -229.183990822 91.7886228603 -103.901547529 -461.686340963 -342.146753664 341.626024191 
461.414343966 -220.688068956 -95.5470438061 333.006264071 52.3290948673 271.267946641 -461.602866152 -342.225865476 169.928502849 33.3781555695 
-128.906771393 95.8194040337 356.312930484 -241.902894021 183.06908273 451.077156091 -324.465853983 314.027146701 -439.971274002 -14.8821971712 
338.188075464 166.539232315 -461.686340963 242.897412886 53.5148012166 461.686340963 -330.952039757 -166.754284673 -215.402212177 -65.6636310974 
328.881693514 461.686340963 -334.545043536 -106.948941564 -233.834056198 147.904209481 16.6285478622 -461.686340963 233.975510747 9.83734967794 
-23.8324446985 332.289897198 -30.0763012558 461.686317938 -338.003623181 97.7269011618 -169.549059864 -285.569925263 209.038099674 -461.686304054 
182.973612062 -231.433903057 47.4147436101 -460.368846619 196.371055026 -105.345514853 461.686340963 317.948784952 -340.442513861 -79.1331620991 
-162.313957024 325.991776028 -277.481997265 206.983829412 143.130758905 -332.940712365 461.686340963 -2.07997930801 -41.3808890163 -461.686340963 
-24.7459335013 88.4958407581 461.686340963 -461.686340962 201.689253565 -285.997914978 -160.864513231 -343.733462471 -37.4566367738 336.2040507 
-214.441416829 223.028480818 -335.537329043 458.304414906 43.6641840811 157.014595408 329.453561278 -76.8757760444 -461.686069515 -83.6758406114 
333.671276402 66.1785462381 -58.1842239182 81.3722703488 -323.268320072 461.66483282 -215.436019401 -461.686340963 -173.178868515 207.024321228 
-461.686340963 -337.480047842 3.32821401281 334.370191226 -115.882766931 153.658956208 30.4719216935 461.686340963 283.322798694 -243.630944379 
-189.946600737 63.6572657276 461.686340963 193.498389296 -197.958462346 332.536176618 -59.2719069504 -461.686340963 80.7388726989 -331.515731707 
199.434825378 -60.5824252149 64.3965603772 319.099726693 201.34462672 -461.343320913 -207.865362604 -339.883169745 -83.077630684 461.686340963 
-84.7880750845 -461.686009045 276.214262209 157.758826733 343.6449356 -208.924372028 -94.854898987 461.686340963 37.5080418473 -345.589925327 
108.841696893 -19.2905057207 229.914568228 -279.996907377 -32.9829957539 -461.628567132 -161.703325708 336.275228418 -342.231466387 455.293346053 
-458.858148769 158.416655085 -99.7900536293 36.2102072042 9.65068703893 -335.482340495 -209.393148967 289.301478417 330.40613176 461.686340963 
36.0063904237 -93.9355328499 -211.66824973 -331.536669846 174.975740206 -48.4974127275 -461.686340963 461.686340963 321.135464106 200.505536973 
-461.683597233 170.455511567 -206.599611578 461.686340963 -92.4581246488 -329.499625614 36.5652346598 329.529986401 21.2795952309 260.566887719 
-461.686340963 328.99327748 110.958582091 459.272042266 -348.505737616 -168.520240438 224.600615432 -137.52337263 -9.82088871416 -294.928025937 
82.6030360126 336.981748776 -174.278280015 208.957257388 -62.8622067038 -461.686340963 -217.056891296 -317.019319208 461.686340963 57.4392962286 
-131.091029725 461.686340963 -229.535898008 -335.32395807 207.933078933 -461.686340963 -68.9281953445 121.692055435 64.3485763667 336.075093672 
-20.6373017873 -254.617094759 335.529739116 -461.686340963 195.378419493 461.686340963 -337.179964982 1.90435703081 116.745094953 -137.287947624 
183.899133157 -198.465878532 -74.1516364051 -326.911777112 461.686340963 -454.839725796 -57.042830952 67.5408579235 307.577438873 329.014902858 
-20.1922443483 328.200280325 -461.686340963 77.1321543211 -300.311261676 461.686340963 -70.7497836722 201.211888442 -172.639134345 -328.060371672 
118.570613875 120.626518001 -214.298311325 -304.91738455 -114.5933307 -436.185403003 459.634230241 347.100690617 256.59678066 7.30566919196 
-336.055612318 461.686340963 -182.400815427 -42.2818852622 78.0973068119 150.866150805 -461.686342257 221.981204525 339.029939426 -228.429298348 
-86.6865670385 -319.806562676 -238.463426781 37.159434035 207.479712066 -189.395601851 71.7356585718 296.886874439 452.815066795 -442.897683086 
-461.686340963 45.8071907854 448.155809612 80.0731896977 -334.753918832 -213.26682598 -171.47004318 -72.149070214 320.071410792 187.025656786 
58.9921489395 -340.954746445 347.538370157 461.686340963 229.727970838 -57.1569629221 -180.812756273 119.392116259 -461.686340963 -295.997235356 
461.686340963 105.488643465 210.718201467 -332.348285108 71.1391528811 -184.581149788 334.559460133 -459.217113675 -190.536387697 -54.6933795333 
-131.950773924 -336.026272762 461.686340963 315.959974873 4.80435037989 -50.5662548573 198.613439008 -461.686340963 150.13430678 -230.287744141 
-20.5558849244 -333.579491075 -223.460800012 148.154266623 335.144573917 29.8799074169 461.649400883 -115.997347908 -458.01097368 282.672278274 
-76.9327902655 -461.686340963 198.987744895 -336.211432335 46.7422061376 -134.251446145 -234.575464623 461.686340963 336.403328454 118.496723068 
-459.474794009 -331.932908929 334.899619358 -190.836853133 69.273247574 461.686340963 -52.1132428796 210.034114482 -184.804419541 105.259423032 
339.081924177 -335.359818523 461.686340963 -164.417061126 116.9784658 230.758873388 8.94287395721 -22.0883291393 -235.450964783 -461.574088993 
-22.1787106177 121.69762836 -143.855645618 99.9859377639 341.663538871 243.079441333 -342.734667188 -461.686340963 -272.937082794 461.686340963 
-45.8698670286 461.686340963 109.199173746 337.251430672 -223.88967127 79.2784195683 -165.034064626 -461.686340963 -331.409040358 217.024293661 
-88.931405332 343.803907144 231.207758749 461.686340963 -105.993771667 117.738489028 -340.803912876 22.9082993148 -213.090520101 -460.672638117 
-270.145345398 -26.2111414354 -14.3811563614 -342.30701051 105.366973595 -153.362534492 461.686340963 -461.462883494 333.124731758 215.553584574 
-334.07088267 144.434796106 57.1791658872 -106.526204533 175.677626777 461.686340963 -458.984281783 -212.346833978 -46.0905027515 300.618102277 
461.686340963 -174.260256242 208.959429701 -317.052719166 57.4020209142 -217.147827854 -62.8537482774 -461.686340963 336.979246874 82.6159198573 
-185.031131455 -18.3475638519 -334.2490652 -276.179154493 170.351190142 -104.272668483 309.779483436 68.4986963088 -448.140739563 309.308727922 
-66.1785686625 459.798142277 -337.235019831 328.912982591 -235.304859384 -113.806662677 28.507062203 220.669524508 146.905143736 -461.686340963 
-169.233425794 106.294656067 -332.096549762 -45.6894597951 343.607215582 461.686340963 -461.686340963 226.068761051 48.5780510241 -257.19816495 
12.9907308651 -125.82709803 460.400374525 345.367985502 -132.040315556 -240.647256856 -461.663094386 -340.361264312 143.686455957 266.621428496 
213.503731065 170.066537041 -81.4722668537 -207.661129616 -338.556187042 461.686340963 -38.2986039654 65.3688240394 335.964740249 -461.686340963 
461.686340963 337.892237598 -158.898547579 9.31564691822 117.047420051 231.070441325 -235.136994789 -330.888223428 -18.6284971889 -461.363850371 
203.323920257 57.643135757 -461.686340963 -307.1300856 164.135140956 -62.2851225554 456.659584841 334.136678991 -185.742049555 -329.451415411 
461.686340963 116.868558137 337.943182581 -159.329054662 -235.29386657 -461.330895953 230.696131592 -330.975626975 9.12942244961 -19.0035739641 
105.243890079 209.859615063 -327.739779503 -196.776487015 81.72934498 -461.686340963 461.686340963 -147.25497287 332.14169252 -37.4449580017 
315.916477198 -331.807129175 53.6053426472 461.686340963 -223.263352805 -98.2363997296 -72.1773091538 199.347606761 -461.686340963 190.340821096 
-150.998534002 -461.686340963 -9.58307141466 164.240559117 298.354827983 44.2614252472 440.522651185 -224.437635342 -328.734681649 441.397155256 
-332.602563863 -13.8424608207 340.693152071 461.447845292 208.010541897 97.2528732469 -165.898114146 -461.686340963 -263.470426853 -44.0318497945 
-317.118407156 -217.368676967 -461.686340963 -174.231528302 57.2379125485 82.6107625895 336.99254159 -62.889600592 461.686340963 208.958186292 
332.669249022 80.8904199797 -172.359090894 461.686340963 -53.4785465378 -330.094575187 79.1234101645 -461.686340963 224.502640569 -205.76702722 
110.607329227 -394.21298617 439.995812244 285.390291403 -418.51402904 -0.45022899822 220.717977191 296.08642818 -167.277329205 -153.369861462 
-344.080768638 461.686340963 209.183550056 -51.6948165484 -163.814060172 80.2513729677 320.527976869 -277.467593294 194.379736082 -461.686340963 
180.656889292 -108.422533356 -461.686340963 -82.5470792449 461.686340963 43.8640336638 313.635964568 197.912293792 -336.102871925 -234.829489316 
-461.68634096 -155.517674552 329.195795746 -224.308397244 308.641684731 63.1643113087 461.686340963 -55.1831008529 -334.500133591 185.19885846 
12.64771975 -355.317553252 253.752739316 166.679253449 -236.179343515 -103.308939986 -461.678404467 44.7654672504 324.600771913 461.686340963 
-206.315294034 351.152833563 -461.686340963 -333.860798149 153.335237373 460.966196091 46.4441043192 -214.91227964 -79.6841094323 260.710322451 
-334.117152819 -461.686340963 218.75325764 71.4109417432 340.714972342 -226.736905934 -175.679589127 461.686340963 -56.6816575652 88.1132432314 
461.686340963 321.596999086 -461.686340963 194.763385333 -333.252225886 -101.62295993 47.8815348918 -225.464855709 179.452703322 -54.7989712147 
-91.3292730331 -461.295988691 350.219392957 16.0275508225 461.42869731 -129.118576953 133.642537385 -245.51020807 255.410430204 -339.267473716 
-337.510576361 -87.8559686417 -461.686340963 -216.430337636 92.5609096226 460.044379875 329.945551142 -64.5641132088 187.800708785 64.5855911065 
-213.244682442 68.201445025 340.436227841 -182.484641785 -461.686340963 72.8085055846 -333.060891086 461.339249924 -68.6669127169 203.096383846 
332.279596376 194.680554275 67.6582611465 192.261536895 -320.858211328 -202.703652195 461.677986267 -49.0131338115 -455.610011463 -90.566040339 
320.106327758 -461.661246575 -348.719664122 260.473223441 -243.629515659 -120.379479746 -93.4241444688 140.185229122 461.602149321 22.7363760788 
449.504429495 -159.903486838 -461.686340963 92.8511077982 53.4468520604 314.898659554 221.744395608 -212.479656015 -41.6224526333 -331.39039254 
-342.716262189 -461.686340963 93.4410086488 -39.1756805171 340.82193744 87.3852678031 219.944759664 461.632870178 -276.79835459 -141.490021855 
334.092811251 214.034409478 -178.086489695 -62.2190673485 461.089687005 -332.551773797 75.4383598916 -225.534674195 -460.932017815 159.801214809 
34.4439970398 333.390758259 -461.411509218 -213.935684642 -182.278404353 197.620802696 91.7186167705 457.074364807 -333.714688921 -58.6338975689 
-119.968719338 -240.51157643 186.992964366 326.456256941 -337.30049281 455.665369006 -5.03924040122 -454.228707287 50.6730704189 238.727994681 
197.851638325 61.4305389248 -91.8905041639 -207.813312166 -336.802790034 320.261326623 -58.2836768406 -461.686340963 192.648713009 461.686340963 
-461.686340963 -75.9398528941 346.53999249 135.62747792 -140.795189333 12.6229030982 460.542036222 265.387070015 -339.312987176 -245.319623722 
-1.88115429588 206.927372055 461.686340963 -41.4431134048 -333.054836333 -461.686340963 326.110083873 143.128704551 -277.53037274 -162.912543853 
342.593829717 116.536060967 455.722629594 146.232584073 -18.8623897687 -340.193436776 -251.959864826 262.386591867 -461.686340963 -136.183336438 
461.686340963 -336.479798581 -137.651205063 -461.686340963 199.947655455 115.042037647 -78.6454676796 331.785961093 -235.23298574 45.0477023421 
-460.715907328 343.447172138 220.81914482 -336.38137172 72.6895903809 -200.687257172 -73.7913102924 -138.854216625 113.820120249 461.686340963 
55.0508489709 457.679999697 -461.686340963 328.531070175 -326.266562191 -24.4796281672 195.314858806 177.980595249 -250.872979711 -143.43135399 
196.070911009 -226.104649347 -329.217272859 -460.367864325 70.6138047947 -185.647618544 455.523415301 -71.0552867519 331.309659989 55.3703187083 
347.143258699 143.002508395 -140.142576693 461.329126764 -339.438737453 -243.335022326 10.7981593127 -76.5875719722 -461.686340963 263.881649921 
41.3103447993 -167.323291479 -225.590720851 336.618626833 461.686340963 -329.594588456 86.0878150904 -42.4087698824 -461.686340963 226.10011473 
201.677683744 -335.243183829 -356.485933725 -63.7752571692 28.8926577856 67.6329337964 -126.459223277 -224.695739507 325.121949956 356.501496778 
276.380048871 461.686340963 156.082740701 -461.686340963 -220.952410622 35.8453094494 -338.033467 -83.9326252484 -87.8894314099 349.248050219 
-328.91657839 -181.54059251 461.686340963 -461.686340963 -54.0020762157 186.530753506 305.329459444 329.672559009 67.0002812451 -223.813392553 
-461.686340963 461.397309791 188.201990031 145.889133126 313.395318237 -189.756582591 -322.066754331 7.36008792295 14.449563762 -124.76064152 
-230.380842573 -130.110082041 -461.686340963 461.686340963 -336.012502526 -52.0683457604 316.148280556 151.689387406 197.237191205 6.28929068166 
461.686340963 342.876124289 111.302079339 -290.998831254 -173.429688601 -39.1756298418 -461.358642292 -336.449087987 -1.48370862621 226.04960612 
225.155398051 461.433387086 -336.900405078 79.4510565446 -29.1421848942 331.80666309 -461.686340963 -120.54937091 -208.029341101 81.3773108913 
220.821093434 94.5517354424 461.686340963 -179.889621156 -59.9267929083 -461.686340963 0.331847657053 -242.652243132 340.482286115 -331.743949924 
-63.1708450244 -181.00233116 -461.686340963 454.798772052 197.190536219 86.3699050931 64.8956363271 329.636988567 -211.511221434 -334.055207261 
461.686340963 -335.230505182 202.591177715 74.5428639442 -85.1882129047 -461.686340963 -207.18734123 99.0800104391 331.857250912 -44.7352729226 
-69.3053842906 461.1382347 70.0961960154 -333.93150401 -215.48787921 -461.686340963 332.682613367 183.985678755 47.5893522872 -181.130000241 
264.730920754 -329.534246473 -159.669712025 318.231929378 458.481123211 -86.5914817846 0.0312419112906 206.147590437 70.3975271958 -461.686340963 
-116.936292255 -53.9323382133 -215.56597735 135.789477954 461.686340962 206.530536277 74.6561054649 338.087854554 -461.684788014 -332.751710273 
461.686340963 168.620942433 338.208968649 -338.384803422 65.4566218709 -170.292471251 -59.6693106364 -461.686340989 -205.703513968 231.028349017 
331.779870629 202.695054561 461.686340963 -44.0567170845 -85.2084330585 -461.686340963 99.2802504446 75.1832777131 -335.281741752 -206.936425009 
461.621250155 -175.447459088 339.530350852 -9.36594507988 -335.800027841 -45.3585749104 217.085741515 -250.95162291 -461.68632863 98.1399959408 
-118.85262188 133.900094603 -461.686340963 72.0354691177 339.552718608 213.913376478 -41.3664075422 461.686340963 -333.434501705 -206.860101223 
337.172608532 228.054613875 -215.625648563 -461.686340963 156.223512745 -336.851522311 50.6566499602 -183.268614431 461.686340963 -68.4920659803 
197.448969972 316.441929496 -230.229525809 5.05051791995 -336.256797942 461.681563531 -131.916288812 -51.8406478131 151.242326292 -461.630451066 
333.480703438 -204.781277153 158.926897971 461.686340963 37.6547756577 -108.716712326 -329.155422495 -461.686340695 290.430384371 42.2660583872 
-113.827319475 52.6917626416 200.802394507 -67.0756618904 333.68767892 -209.70929105 461.686340963 -461.686340963 -337.46525426 184.293645893 
98.9920611721 -240.895285264 2.46115706922 340.028109312 218.494836672 -49.2933545928 461.686340963 -461.553770952 -155.672629851 -340.83102985 
115.201079767 -185.571432122 -189.318653137 331.517478789 206.6536292 -50.6033232626 461.686388042 67.3627842728 -461.686340963 -327.871066517 
330.425533089 222.54948328 -83.7973633863 -74.3355350381 -337.814820927 459.774602449 -461.685910688 -215.32097379 46.6547620475 161.411350362 
-461.686340963 -67.1240370409 -104.413888491 62.1264552945 344.646378442 -215.7374737 459.610863177 -339.349619016 91.9177028997 219.389989898 
-208.395191803 -334.085888544 314.100671875 313.600546437 175.529400423 17.5366816152 -96.9834913593 461.686340963 -457.435212183 87.9531279376 
202.311688914 -61.6382751647 58.3840369905 -179.28544213 -210.389918382 -461.686340963 461.686340963 337.933012609 84.8692627222 -326.142725481 
73.5365949604 -190.12095928 337.409704019 -337.805678292 213.111494628 -186.192332803 60.1332071311 -461.288681868 460.254822221 -53.5200662054 
-60.6532283535 85.9926532559 461.655675747 216.654571228 72.0412267094 -223.944219778 -172.697050251 339.226884823 -461.686340963 -323.678654539 
226.099347888 461.686340963 336.617107067 -329.584332543 -42.4090275752 41.316854257 86.0946963556 -225.558701794 -461.686340963 -167.317113632 
455.534524675 -187.606062451 -193.797003326 98.9439437585 193.746125943 328.807954041 -461.686340963 -55.3019959435 59.0599939306 -329.628990246 
-435.992211212 454.41277811 244.819808244 -172.552179507 -299.929494019 -59.8911548979 144.147060333 -172.006587179 31.2351815256 349.753714473 
-320.34519032 -204.922189506 193.391561034 59.7027760669 181.579733818 328.76103074 -461.686340963 -79.4298203965 456.693637125 -66.8309635597 
-66.8517589845 233.226466099 -243.342697783 -461.686340963 -189.568852857 52.1854881667 340.324538542 461.686340963 -331.158035843 153.291961611 
-351.270988829 -78.1277004876 329.327361037 -225.984698668 -100.612161268 45.3811843978 -461.686340963 461.686340963 234.456961054 165.857471998 
-331.556700298 215.198093925 -461.686340963 78.0499313075 -165.920824277 461.686340963 -224.04811672 107.346435255 -46.9094706212 337.248978323 
-461.686340963 166.79406497 -212.427611304 273.356557595 353.11757977 16.1016320358 77.1604038832 461.665256364 -334.111263992 -87.4211135417 
-461.686340963 331.964377935 -221.689016964 33.126062094 49.8279569648 -337.12549749 -89.6781489684 461.686340963 298.563122486 161.036103229 
53.7119298847 22.2325124449 175.901816585 306.509516003 -210.737945883 -339.619762964 -91.0934482361 326.805372463 -461.686340963 461.686340963 
330.208180283 -336.462723767 115.036392686 45.1088601333 -461.686340963 -137.656770714 -235.243635324 461.686340963 -78.6368094721 201.176340243 
-202.00107786 107.234552856 -333.280809472 35.4132451665 -79.8047467455 217.376671476 461.686341033 -196.057606379 -461.686340963 335.463181679 
-184.119736238 -461.686340963 332.223944995 -63.2656895919 -255.141086664 460.455645803 89.31111201 203.873578342 -9.02823387996 -339.772195861 
-332.392105377 327.636188709 -461.686340963 122.870793951 0.376376762277 233.159594996 -73.8000296788 461.686340963 -188.725377519 -209.741090545 
98.5480144565 -461.686340963 83.1479649622 -222.854989204 220.130648832 -153.833367227 -334.357992814 -49.9705524082 461.686340963 344.670053937 
97.915316518 339.468733695 -335.860244098 -9.81645659193 217.044739425 -45.5844671132 -251.335653715 461.62073354 -175.634994191 -461.686340963 
-60.0091639022 461.686340963 81.1487175067 -155.855644833 -210.240522207 333.551478136 -461.686340963 211.055956341 65.9105944389 -334.103574505 
66.0713981259 -254.958659537 327.016432235 -140.548674918 461.686340963 188.444033511 -23.4312827492 -320.763260446 -461.686340963 190.038221686 
110.84807477 -209.183909202 -102.128847933 337.968511058 -461.686340963 458.719644566 -41.0909533054 43.6260197242 206.339284815 -328.701255537 
-224.074211421 -461.686340963 71.9077147417 -323.932307666 461.655134401 -60.8937154208 85.8889991336 339.240313735 216.632253584 -172.938607474 
-16.5314817071 300.5906021 163.938305867 -281.639330929 -155.649628939 -450.994748801 66.3023946019 289.939075346 447.868218219 -109.510793092 
250.984222416 44.0494530559 184.236426209 -225.406154058 -328.050304626 -461.686340963 -177.203224279 332.501077838 460.628719998 -67.1529518126 
-334.77090115 -55.4431450662 16.8937383137 -461.686340963 208.766835754 331.54845582 461.686176929 -182.105126955 89.1335371009 -235.855803852 
-215.721587727 -5.13729850502 172.28041388 -96.3011999937 -335.443196595 332.353332444 -461.686340963 54.3130075392 297.031595996 461.686340963 
11.4901172603 -117.938909849 16.5903939615 257.088811036 326.67531793 -337.546569036 452.476371575 -461.686340963 156.107806927 -242.962700843 
-234.624579367 -104.639122508 164.002069442 461.686340963 43.8228973207 308.648756203 202.442975159 -461.686340963 -71.8069425302 -345.782938776 
-169.214566009 333.574771656 207.857334341 -461.686340963 -21.1247057454 95.1489470696 461.680778052 -24.7492946808 -281.6295 -337.726773729 
-461.686340963 177.798029934 458.326518335 183.942360875 -340.655913944 -254.364324959 -122.895784782 38.9664326746 -74.9128185596 319.830714576 
-185.828097686 91.43820165 -62.128012911 455.971083515 -461.686340963 -329.43167817 64.5521872095 330.182673497 196.939182259 -308.752796567 
-210.964090902 -77.8093931848 -338.640709931 159.558957482 -461.686340963 -84.3623062867 38.3125270007 349.138928599 461.686340959 278.368209035 
147.418856003 29.2613069484 -338.88030999 -235.779279824 328.480529461 459.742724353 -461.684903439 221.579503828 -85.0338415274 -111.514975529 
62.4390278864 228.286342139 -55.9429791222 -461.605521149 -183.966656218 336.307750782 168.351690974 461.686340956 -218.084607184 -330.134535777 
45.9939934879 -78.1342255891 158.332210565 -350.489958517 461.686340963 328.55244537 -461.686340963 -228.406944958 233.316136198 -101.517216925 
-5.01626417688 -96.4208830824 172.052950577 -215.884909084 296.843268007 54.0604406638 461.686340963 -461.686340963 332.378098226 -335.50265139 
184.97504647 -319.106091342 -197.723620104 -461.686340963 -170.294744608 70.5517575713 195.894283361 461.686340963 -58.2787836887 325.011264474 
-335.68068969 127.399736199 -85.4888003545 -461.686340963 -98.6540034246 -208.887985031 344.128334193 32.0838250815 461.686340963 238.633820566 
51.037358482 -116.297336367 -339.32048726 461.639990947 321.807826352 -229.451631156 -72.2673407701 -461.681356287 190.800538352 178.785493306 
330.72850514 -96.6042479453 4.72505451949 461.686340963 -208.973521781 -331.105996316 160.947264028 -461.686004399 246.985343621 31.5377333474 
336.309876025 152.468543789 215.518858892 -461.476584901 -225.654071882 -66.9281846896 -100.387346055 461.579844635 36.4482490039 -337.690204069 
339.115883765 123.511978289 37.8087476761 304.516251572 460.84627813 -77.2356203506 -461.675792645 -200.535541899 178.184193208 -325.778223383 
-21.1850653762 -47.4459181698 -334.098009494 -265.048915553 -172.163860451 92.7225627404 331.108457239 205.561817312 461.611667732 -461.686340963 
-461.686340942 329.198549334 461.686340963 308.641586005 185.19929689 -155.517542371 -334.500285245 -224.309632253 63.1639943231 -55.1831010079 
-461.68634096 -343.288450587 201.096022324 -53.8674142603 43.8345081342 -287.65773688 336.401780577 -171.035160127 461.686340963 74.7410499424 
-210.518041322 -461.686340963 81.4563429866 -336.095832487 225.423022108 343.251437895 -86.3512770042 -44.9644843282 459.713747581 96.8634043437 
56.198621987 181.846123558 -208.890133552 -461.686340963 316.882810068 -85.0062530409 201.231654952 -77.6708695074 -336.472772939 461.686340963 
-118.176480733 -337.111736954 30.9820606494 -248.473815117 461.67001876 -461.686280591 283.896913029 156.615454127 330.653684168 27.2878204004 
358.434942382 -123.795013855 263.796004256 -268.772299736 20.3476070353 -111.093801026 -0.0372365288508 313.148464711 141.316131809 -406.387913302 
-65.0872424927 -461.686340963 461.686340963 -333.501763552 56.4584948375 -176.893230465 -219.401526929 338.387774909 227.194938809 155.478756278 
-345.529950517 -121.230646408 458.729982679 320.509468071 28.6785413737 -86.1347906721 -461.686340963 140.673008725 -242.992147107 261.864440088 
214.584718042 340.375505381 -95.2555886751 461.686340963 -461.686340839 -230.923552318 57.9866575478 106.287763004 -146.236438193 -337.014337451 
198.194324875 -81.8212995775 -336.255380436 -234.462441941 181.652803983 313.955471853 -108.085365267 44.3566987245 461.686340963 -461.686340963 
461.686340963 336.25124799 -117.332076672 -32.9997239873 230.66752351 85.6217564516 -461.686340963 -337.006786558 -208.40619457 71.1551494895 
-65.087146996 -333.50602235 461.686340963 -461.686340963 56.4723107586 -176.899977722 338.400396778 227.210455013 -219.432578872 155.475388745 
-336.70107133 93.4469364795 461.453040122 342.748032307 -209.003599417 234.830900233 -461.686340963 84.2209522162 -18.7110620548 -99.1962473957 
-154.463512444 75.8559107389 209.098405268 -49.0563448546 97.8237262154 -326.719687026 -461.686340963 461.686340963 330.632702839 -204.988111372 
-461.686340963 -329.131645766 87.2727073938 34.3833143155 -175.282182584 194.245451573 335.225972592 -218.366809838 461.686340963 -62.7911606762 
-336.216695439 89.3913059868 -207.47576746 340.765379363 461.686340963 -461.686340963 75.0142637704 -112.277788475 -28.3389417031 226.827766156 
208.884379832 335.818411762 461.686340963 -69.8963391817 86.9071556744 59.9424243557 -164.9693038 -324.104622206 -461.686340963 -210.543533503 
50.75120413 337.341739994 153.192316004 461.686340963 -202.293653098 -198.69748708 -67.2739207125 230.353824368 -461.099636158 -333.025555526 
233.432709647 -6.78821150844 347.287896847 -341.31223667 -128.092217332 459.772444098 125.150645824 -461.686340963 5.38685068497 -226.572740712 
-453.717056746 -309.591466319 -22.6109278602 95.3919405419 -326.793131693 -188.451075888 -129.350989069 337.728027254 218.523460473 444.149305086 
-334.130723049 -56.6944526476 -175.69120055 -461.686340963 461.686340963 88.1039992365 -226.804885251 71.3930955363 340.663138264 218.712012051 
339.855956344 57.818194511 164.179945374 -339.638907411 461.265512574 220.208017354 -70.6108731646 -89.0001589151 -217.109194188 -461.686340963 
-101.490063482 52.0544956969 -70.5055778356 -331.431467869 -222.909504137 461.686340963 194.897804661 195.029518927 -461.686340963 316.647343033 
64.8972120828 220.814282284 -173.832748927 -60.6020093891 335.545760009 -340.473601621 -239.816096778 461.686340963 -461.686340963 193.417139382 
-211.242612616 182.816299905 -461.686340963 -334.092131118 -61.4510686433 461.686340963 -176.7743321 306.451188636 329.763583407 59.8992142069 
-457.34367656 59.811019134 332.678596507 -110.033990053 -345.632048961 -222.268636137 -69.3205255291 195.512204778 142.572080352 461.686340963 
339.246807161 -461.686340963 461.686340963 84.5550696598 58.0162250371 220.172902622 -34.4828042176 -223.216893324 -164.943445349 -330.691044683 
29.9141982614 -242.743941767 142.280710994 -84.2857372425 321.805880086 461.083567757 -348.998954344 -120.342128104 -461.686340963 263.79385114 
336.287041579 56.5104028599 -461.686340963 -188.570457203 -55.2195660692 461.686340963 199.788567921 -329.223529719 -193.154868165 102.309309034 
-316.925577325 -446.379172832 188.570393373 -200.557415073 461.686286961 -69.2203681763 -442.045262037 51.9230338878 326.37173832 54.2965509044 
215.415761453 461.314706226 -461.686340963 58.9940413918 332.742032226 174.726368256 -344.535132378 -66.9701917032 -313.38629092 -190.882874451 
162.436578222 -350.780730814 461.686340963 230.992714923 327.706661682 -461.684219301 48.4630219772 -229.025193147 -105.049397952 -74.3733071473 
-333.787275862 315.099903124 198.861297327 55.0134168219 -18.8836322641 -139.125168508 -251.510466494 461.686340963 -461.686340963 185.740378722 
67.6575743372 337.750342739 212.109607742 -48.6953084382 -216.20684407 461.686340963 -461.686340963 -112.657418024 -334.36810547 139.997508407 
83.3276473492 456.996857258 206.954748423 -168.388615129 62.9952739387 -460.113010505 326.184568426 -325.072639993 -60.24934095 -203.12711438 
-349.47908337 260.936143842 139.417892838 -92.8087891772 461.686340963 24.380332487 321.160034607 -244.612781151 -461.686340963 -120.801060646 
-59.9284376648 -461.590710768 198.396248243 -192.649457119 461.686340963 -334.800827517 57.0590133824 89.0244231088 -207.762808988 336.726582611 
334.404163891 248.139773559 175.984128823 -275.984283633 458.153077309 70.1707381768 -39.0815059502 -461.306737959 -322.263915859 -152.012402537 
-259.943371162 -164.317766128 -351.159342004 -416.378428935 7.65556001414 372.041738884 288.209155186 -42.1792308653 191.451880873 84.0366237658 
461.686340963 -211.377244138 -461.686340963 -339.122697076 346.948549836 -82.4462310044 42.3072309137 147.315304041 -76.9593305341 257.097809421 
83.85628348 185.888436733 -326.439460969 -460.801439424 -245.579063934 461.686340963 323.545318939 -42.9071952569 -158.561228741 -30.8289629736 
102.392531504 56.3944961874 199.783432859 -55.1471826204 336.270618678 -193.261626489 461.686340963 -188.79745119 -329.193398729 -461.686340963 
335.623779364 81.2032478335 -50.2659621909 461.686340963 -178.279455057 -303.059068339 -31.5242936198 195.628562857 -461.686340963 -330.042495051 
-171.801363955 82.2376862221 -461.686340963 67.7118426141 207.102223462 -322.396693894 461.648255616 -214.1498691 -57.0617300391 331.136418094 
51.3699798132 332.861665754 461.686340963 -461.270489565 -66.3654470029 -226.68612964 304.152293969 -352.707928203 178.061177633 -151.686135447 
221.510141638 -461.686340939 91.8748398113 -136.562084022 -40.4644332114 -341.619799137 -254.414568054 341.688289435 73.8578662248 461.660784072 
58.0170208479 84.5633017248 -461.686340963 -34.4912751114 339.247772647 461.686340963 -330.698679654 -164.957321632 -223.239297832 220.183951873 
-55.2845928173 223.460004593 -209.063024043 99.0919106159 76.3459400985 -461.686340963 -338.352038517 460.545345773 -87.75554668 343.125318873 
-461.686340963 -339.635933164 -223.333513559 -125.818826481 337.763018274 213.4998122 461.686340963 -109.938867566 17.1036739244 103.050134989 
-70.2312376739 120.022223053 -188.628001523 34.7826554406 339.150084277 -461.686340963 461.686340963 -267.196731528 -342.465561342 245.070479575 
46.8554723224 -332.506100142 114.984019891 331.915746092 200.688532393 -137.708364537 -232.276770628 -76.5803128362 461.686340963 -461.686340963 
333.927773063 217.217854415 461.686340963 -331.320639777 -206.426026606 70.177080529 -461.686340963 100.704363212 -55.6645616782 -151.671578931 
-342.560080075 -21.2682855709 461.686340963 243.743572496 -461.686340963 100.773264031 -272.162115777 341.341126387 123.197295497 -143.008380448 
325.833998318 461.660246945 -237.726661318 -461.653853309 11.8229222646 253.469791675 -102.685912144 45.099071954 -354.237682143 165.077997474 
331.436370042 -221.703384617 116.841421611 -461.303999962 222.289452914 461.68622926 -86.8932613487 -78.0549958872 31.8077794379 -331.243679955 
-234.510260193 459.784580447 -461.686340963 -113.238006561 221.426118436 -67.1414742355 147.624122318 -337.430057211 29.0945125687 328.231525764 
229.572172969 339.492439898 49.7707791194 153.338800552 -189.928369895 -253.515429316 -66.9349477795 -461.686340963 -332.716769083 461.686340963 
-461.686340963 61.4879471968 -334.610273757 199.943544412 122.800716082 461.686340963 329.933670832 -229.951220284 -71.3212444164 -129.988498113 
-8.60910941446 111.139055943 -143.315269199 -457.842459526 237.657776989 191.119182137 342.221464175 -226.284088017 -329.312738067 461.148469355 
63.6082685536 -61.8204234191 -209.176990326 -461.686340963 -332.613493634 461.686340963 216.852535825 -158.269615328 340.129991709 93.8829170005 
-174.533240034 212.461867429 -71.9415597516 -202.356705815 95.5767283439 461.686340963 -326.579706217 -457.784634527 54.5945199194 329.007742267 
-226.16921543 329.096983621 -461.686340963 234.326212651 45.2281600939 -100.775604774 -78.3778611513 165.763644935 461.686340963 -351.244388351 
-461.686340963 -335.900203713 197.327031987 -130.998332826 5.62398427513 -52.16932553 316.420542345 461.686340963 -230.424714133 152.557519482 
-182.975495362 -320.680362079 -331.79486075 -456.378664822 173.486959667 444.780179363 -46.8900198647 61.8255432844 -23.837094118 307.905692834 
461.686340963 67.0107691867 329.668260272 -181.537144905 -223.833610827 -328.91159953 -53.9967467764 -461.686340963 305.339936488 186.539250611 
-173.813364832 -325.84923259 85.5683856073 -61.7979552799 339.079725299 -226.379772201 -461.686340963 71.541482957 216.300798072 461.650956576 
-37.0521274094 461.686340963 -170.210105205 -333.620359904 110.422640781 222.485204627 337.4458361 -288.210929065 -461.281780182 0.141023119075 
-141.729766318 -461.686340963 -18.7834861737 237.823060215 -240.671663797 344.287409564 -331.769566655 112.169240057 2.50540438163 461.686340963 
-119.683066059 -225.887960337 -85.7954736195 196.290058827 319.420941947 -461.686340963 54.3959230213 -334.472662716 461.686340963 181.010172198 
461.686340963 -231.113920069 -187.289828905 -331.68966493 -461.686340963 -64.7312970451 56.4708035452 336.226637842 224.584733186 163.38715579 
-97.2252403246 -335.289033076 460.660206591 -209.703295531 339.023833824 199.094289549 -461.686340963 86.6128226671 5.12378741004 293.272431729 
105.200461008 334.828168079 -190.912830435 -332.626751282 -52.6906085706 -184.895404902 209.60047621 69.7786343377 -459.640818711 461.686340963 
-90.5613950963 461.686340963 11.7583367854 300.974230599 -209.106082368 -461.686340963 58.9079118403 175.876304084 331.285921935 -336.006666314 
74.2501792463 97.8365523542 -461.686340963 461.512642556 236.742060875 -139.194593009 -269.963611348 -17.7413202958 -341.843210827 343.356307535 
313.85592516 461.686340963 -81.8389164058 197.85425109 44.3744559536 181.697788127 -234.588590035 -108.200252822 -461.686340963 -336.124299627 
-71.4778757397 228.187513224 339.278528013 -249.373517665 -190.811644246 -461.686340963 -332.168283577 461.686340963 48.808903375 151.419758723 
174.627989852 57.1374338061 -91.6349800885 331.824466909 461.686340963 299.309701986 -335.542362139 -461.686340963 0.000195069159312 -209.280387704 
149.567562599 -457.430693345 52.7659233927 -216.904741225 -175.676469155 234.916049296 -66.0162694167 -331.298772588 341.422976962 461.686340963 
-223.208093671 -461.686340963 -34.5020566187 -330.685349004 58.0168306241 84.5541189484 461.686340963 -164.96369769 339.242162359 220.169010167 
216.295166268 -55.9884782835 -217.87934673 335.359364177 100.03874724 -461.686340963 69.3045364336 -342.130689997 461.67485307 -90.5809915721 
330.972094281 -336.282949062 461.686340963 -461.686340963 118.311672071 -134.434046702 202.212971168 -77.4042317638 47.170579055 -234.861893754 
240.441199947 -68.8323633204 -259.085490634 -182.596736365 439.004402544 -459.1555252 -318.11659773 339.66976271 63.1242793577 189.172684153 
-461.686340963 -84.6184980743 349.237169804 277.882001327 37.6617759073 -78.2694759855 -211.306208994 158.979584486 461.686340963 -338.912320242 
-192.826960321 203.496559961 97.6624961062 -329.260247539 -57.9258503163 70.4900907439 -461.653897692 461.686340963 332.132950671 -191.22898758 
344.040940691 -461.686340963 -142.15283297 -19.5077138308 -240.380025994 2.47704510198 -333.040539875 461.68452277 112.562561333 235.324821627 
-337.013439099 -63.1981758326 215.277447633 -245.961821106 53.4220277751 166.380920774 -461.686340963 340.194782364 -177.519743831 461.682987125 
-278.671166933 -345.440142978 313.806586313 -156.453194366 -122.87808265 -23.7731811689 62.3951004876 461.686320376 -461.686340963 188.520979601 
67.327498155 220.466603795 -336.568776968 -195.807152435 461.686340963 -461.686340963 -78.1405405772 339.022390287 -64.1529393469 186.192696705 
-461.686340963 -312.085025255 69.9591118147 -52.3988290165 461.686340963 91.0984746237 -189.560370369 333.453008132 -160.949606312 210.771418657 
