-38.7372916904 -37.3397667752 309.836543046 452.71596704 -240.669629834 -387.450205301 -39.6971294104 187.795518211 357.132350354 -402.722965656 
-220.514317291 -424.105928585 230.166685786 212.594595132 8.70006920351 -411.098658537 -21.4801116682 302.223556368 431.638762352 441.624695185 
-7.7839932624 -322.275053131 458.944109586 -173.698784633 -13.1410150804 405.111217704 -131.321701439 -406.642568602 313.202689248 -398.129220066 
447.185285027 -206.053913278 -403.352695309 -459.068710546 441.586655166 -28.9142662389 -290.147238169 59.4377175354 292.87579768 -79.1343423355 
-422.095384034 209.353767272 -29.7872141801 188.078390382 -319.152522385 -428.30616917 -96.1377032374 416.366538846 -2.38309636695 448.384841214 
188.998014884 185.95901058 420.435596087 -198.217306489 -421.704573508 -414.390016152 -29.3089866136 -193.762459471 451.382565314 -28.9233094393 
214.889450657 -179.373974243 422.036459389 -2.33036367166 16.7486302379 -418.607612336 455.840691962 317.229219221 -398.256216501 -10.4389436302 
-442.589951691 186.403390918 -290.507689708 459.336790573 280.744975294 -436.075243126 -20.7226563986 417.342914308 -164.490169797 27.5458018305 
-230.548958157 -235.545034379 186.714352954 -236.293590028 -10.9437768158 -459.257118586 -13.1285187284 427.673745152 -29.0415799714 421.882529659 
450.199592093 -400.356631272 -458.760867298 437.160838106 27.0121831926 -9.36297061476 -24.029335318 -169.458378092 295.450803817 264.942191158 
-419.243570892 439.44744751 -195.561241755 -118.893592281 -319.436775525 407.424321582 26.5361546673 -430.707976092 -6.00131170709 -123.388288657 
28.7048774037 -398.046801364 -177.563432612 -251.642903361 330.158396376 49.0796697126 -29.3582642958 129.400356458 -391.545665801 303.802324168 
-105.41409949 -325.446818305 436.163064575 -19.7628579278 -457.281425887 275.801326606 266.540529394 -237.609216067 -6.27132388915 -13.2651585546 
190.493910257 323.473883367 462.30463211 -200.908061034 -132.450016735 -428.221207353 -37.2948923211 -65.445879528 -5.20019267008 -432.19258377 
-359.369790082 -344.142277591 -28.3892775485 -10.9607952804 -370.92379565 416.030077818 -136.868251741 456.196440853 -154.078806564 281.287975154 
451.910016746 -98.5721039911 29.0465881509 127.444639167 391.795231475 -203.306246645 -427.347695031 2.96770377874 -315.529316759 -428.593328933 
-458.505024845 438.930925052 -0.353619815431 385.321647332 -289.666241267 -318.858346443 256.008402151 -95.4403982219 -78.0343679215 58.4860375636 
-9.94670833641 -383.425210773 -102.848614465 -401.019169455 22.8372975734 278.396185055 -156.975423115 -324.969912771 313.478999563 434.6494402 
-277.925808303 -8.44304634286 306.302351527 -268.724813043 454.678892332 -29.0468425172 10.7060001725 -236.147312189 157.476838172 -459.504228091 
-310.985299215 -207.779191946 462.493577563 305.032559473 -446.551182486 -63.2513695774 -29.1814695686 28.9945659389 -431.803390746 79.3103498881 
-142.322865012 131.407906425 -29.0468425174 -189.645335532 -433.224209737 293.329685673 -187.883373256 448.065822562 319.893525388 4.11131881287 
305.547466404 -457.136177762 43.9663049079 297.996945295 449.250611476 50.478124166 -29.0468425436 -172.091344957 -29.0467086209 312.635724534 
-445.957856528 378.632418295 -212.450721963 -216.780047752 180.962571083 -247.948920059 40.8376892805 -423.921434223 244.169129756 12.860244697 
67.1359261104 389.823388467 -436.209794839 -12.8750908077 -219.520412712 -229.969450729 462.285794295 28.7270727467 307.192113561 -142.132794332 
-33.9291161885 454.753719064 186.429642467 -459.228971394 5.89872703902 -13.7828195244 -231.94219805 419.982065299 278.962644755 -224.332839033 
318.884657524 314.695234408 -26.7637740959 -212.984092228 -213.01806782 -0.753154232408 461.906388273 -433.71927696 -5.98247791067 -346.039058375 
-318.721701669 57.0912513681 -290.298830959 439.366374856 -458.84411348 383.669223958 -97.4588959773 258.292746717 -0.484386222828 -79.1521736957 
-25.9325051943 -379.49288237 312.579274049 450.592122285 305.174254621 -394.047672124 -29.0195344428 -375.608680528 -44.816299433 -163.468431166 
33.9608495233 -193.035669341 -201.249648117 28.4055650262 11.0013348705 -192.594512629 297.236119406 448.692188137 -413.804060176 -423.366665783 
-411.486404027 -459.00176575 -188.744024022 35.1752350311 -184.32495375 -237.811418944 444.594360067 17.8928766258 -16.6754398384 444.157557278 
-53.5173180669 271.191087357 -390.692183953 232.009864614 40.8648879062 449.779213719 -66.2604461383 -6.32778281851 -299.127448943 -314.711511596 
231.433280794 184.399636353 -28.9249642529 425.544911872 -421.741736912 -28.8978436017 -456.896210674 213.678527992 434.969481482 -226.877121164 
-194.882737343 -197.908176197 -408.870353402 458.475076281 420.851224948 -32.1281319451 189.710005402 -423.983473125 289.994553685 -39.095375456 
312.918959506 -122.928468742 -397.329424547 -11.9410125998 -322.266069623 -403.2474197 17.4597678967 403.604383018 -135.027982465 459.997387397 
-399.571040765 386.492706606 -112.498446985 -26.9207904466 -320.697964898 435.711040346 1.52186524916 263.169929272 132.568137362 -221.819870695 
18.0461419296 458.369319788 28.7192285532 298.007431329 -230.013840799 -193.330323712 -190.911135448 -411.041927247 -5.83155112156 -459.362812347 
67.798367638 238.139093141 -401.336155562 405.349164912 -421.787461796 431.117392527 36.1422502328 11.2526316976 -207.510479138 -216.497532597 
306.523707046 -170.743682988 269.76703771 450.42146931 436.793036834 25.2396105672 -408.69078277 -24.254709783 -28.9205057715 -401.958050231 
-327.979619305 387.739528457 -53.7038098158 188.809366511 -224.979539685 286.51365751 -39.6220457483 417.424974623 -0.385057490822 -453.357695214 
435.377626604 -208.621626301 -456.000452108 -0.0159693846275 -201.170007864 390.792353669 -418.942081996 47.1134773892 -64.8960886138 247.031596807 
-6.18581188141 -411.679588301 -404.870133185 -104.300641073 -322.693617436 446.863490262 -172.114822406 441.904112041 314.814604069 -16.0747772206 
417.909526488 -28.8770854912 425.061929361 -418.516212197 186.245306977 -459.037319443 209.243543321 -170.737004035 185.086970557 -28.8782902271 
-30.3036987623 -389.598183722 38.259941942 -25.7529124329 460.423881156 309.652770622 -157.579184219 -374.106030783 187.298841415 409.954199776 
-377.902796494 313.251664251 -333.494140578 -120.2157801 433.160552019 51.1649540484 -159.202239144 452.627159643 -24.724743761 102.869675821 
403.670328828 -397.771163002 -322.275141501 312.984383084 -12.1879835204 -122.759398486 17.6963224415 459.996632833 -403.356320557 -135.2213438 
-11.8903747138 403.666538802 17.0035766592 312.885110498 -135.627395812 -395.998039423 -322.249240391 -403.643654014 -123.625686671 459.997080075 
-322.066478029 407.549335952 -9.22669855979 -198.471628239 -412.020056554 -125.683927742 190.435654436 -29.0469777607 -424.271150574 428.057258899 
461.544181971 2.59314408126 10.5983466794 -200.78539075 324.686642379 -3.25433592622 -316.065023156 -206.274603447 -415.258891079 -428.423863142 
-227.50066766 -452.636292468 308.446561111 -28.2573799865 3.56178052965 460.234998405 -14.5857943381 15.8556236612 -239.829056592 -362.872786322 
-321.49568526 -11.4046119101 -428.364157624 -131.159307377 404.702551708 -408.171030288 -196.156685276 -3.90006572076 315.464422758 449.225864785 
-332.520571208 461.695234435 324.702596759 384.850985837 -121.123523509 2.4767634238 -202.30807896 -460.478303115 41.2643833899 134.837183988 
433.813441725 -12.3424345574 -365.702930192 19.9274391706 -214.659886239 236.013789044 -393.463497226 308.513969467 -21.1545054906 240.569963097 
-234.169737678 -28.6321011033 423.937167938 -208.040765208 -199.451513167 185.955336075 -459.081695002 20.6066741994 423.112686523 18.9789050758 
399.78156954 20.7627849577 404.471815768 40.2419575838 -416.924097618 -459.397910553 -75.3818908558 -206.013306132 -265.165964314 29.0474458769 
-391.980086816 -404.958690338 310.39249154 -52.9429886695 -29.0468425171 -183.605394964 -374.031502643 445.333085413 -22.8963846727 309.672130294 
18.5703631225 -29.0285205925 -459.53684676 457.577429489 70.2459854832 259.415617269 -257.971829051 -29.0040372155 309.564193174 298.004675437 
19.3399221745 234.014853323 3.8690336296 -225.118817442 -206.450984042 374.462870803 28.9051276238 -251.936921503 -430.232629443 460.499199213 
129.642394236 350.60887479 295.005838673 385.011676563 39.1107329565 -99.6445954677 -295.482315025 -332.503130132 142.899150381 -118.365279323 
240.064766953 431.333870195 -11.4654296774 -390.259076652 -222.801367306 -18.077631288 234.994672814 431.263995448 -408.887575424 53.1626325098 
-201.760539092 17.7397934873 318.186283865 -449.609935761 -138.831165613 -6.82561147366 -227.812904732 -24.6575503443 332.462837392 461.980261182 
-225.81614575 -273.273936813 460.706934278 17.2432994283 -314.503270622 -449.242974544 9.15738221977 292.427261894 8.48434698663 25.5529147973 
-424.147316328 -399.9368542 21.6640871744 28.2723162475 417.842958209 -180.826018411 -28.8910296246 190.407566051 310.602993113 454.916079477 
9.83428021894 184.272532698 369.640187049 412.848965659 -438.939744264 -319.894723038 -29.0226345737 -232.005741109 459.995709901 5.26393735446 
-227.057172276 -453.130053003 17.6037623603 -29.0468425288 -0.806834378555 -362.595207231 -14.0323478604 308.401611515 460.242602925 -242.235696096 
23.6570421681 405.271097357 264.330716642 55.8175438319 -459.852057151 -61.1015871734 -245.960036578 -237.640540511 -29.0489912496 454.049517205 
-202.17634336 -202.511815703 -447.10923934 437.33778387 -330.194774667 29.2170969997 408.871666952 -11.588900437 -121.173822368 20.233250848 
-25.7626140048 315.060821728 462.389781287 318.372482664 -8.63627169444 -435.518925595 -214.762801473 9.54584606118 -214.789883402 -391.920469509 
420.866076924 -180.668717733 28.4140385692 -419.194732094 -201.522114417 -193.297810724 -423.081561105 -28.4422795176 454.609773798 188.26827601 
416.042423165 458.454821796 13.0884965394 186.136646452 -415.154171218 31.7621258083 -412.434147626 -190.773538001 -192.579964215 -28.1760473603 
453.837347132 29.0494699227 -370.688948695 -39.1002388117 308.495883059 -411.935689732 -48.8031032339 -24.1497395034 183.267899048 -199.26136937 
163.805902068 461.385519015 -150.941496913 -367.559672466 -460.524060561 -29.5041694811 119.378134634 316.343824102 310.001074889 79.6526080879 
-37.1843078685 -433.973055521 -413.750960616 -199.384495363 461.992005 290.870600568 71.7336840619 -193.530606284 322.593777243 -8.59168200809 
-172.084864227 -416.181940532 10.0561475037 233.926231155 -427.910829149 459.547976179 -29.0463005663 -17.3177693993 192.814367541 415.897418684 
2.46746067068 9.69744463261 6.55497572154 6.35823259311 -452.374206926 -323.559108241 -224.846984569 -212.647592214 461.260376111 379.716323442 
-28.9028510254 -324.098314237 394.236877185 48.1579845729 292.042750207 -123.248698047 168.41985324 440.76169451 73.5333572378 -342.175426312 
433.737484146 198.522841541 -120.030680669 -19.4629525199 -453.20053203 -6.57167139443 408.108942534 -336.742213752 -26.3273398288 -221.847170709 
442.851689413 -15.7803545742 -401.141364831 293.86058764 -188.005852966 -28.1759970154 -164.98574425 445.905601284 -457.736390041 268.785120841 
461.300785789 -150.25355993 -191.635515894 -5.23574282814 -418.310057034 29.046840188 315.380377518 -216.983140866 249.088823196 -428.343704308 
-423.711799159 -416.857209092 -196.734944153 -134.79854614 -2.8338451669 83.2433821602 459.010344035 12.6238227268 -203.231601327 324.075285549 
-461.295383631 -215.358713849 14.1861782666 250.782842068 350.640975082 22.0212544772 456.515294441 30.3820595363 -124.276739424 -324.945901942 
446.919819127 90.5544481653 -339.019499731 78.8364698795 337.671428222 -152.479396863 -45.2909715316 272.627413177 -375.898833011 -215.289449088 
-217.749091698 -29.0468425174 -418.492817811 -208.009408414 14.2892423155 436.426363078 29.0467800616 -405.791736619 267.600332308 401.84363433 
-2.6188209142 -139.839195753 395.475782792 414.770357443 207.665751402 -365.589171864 -237.091995343 -353.587076547 92.8758801704 131.50153951 
-4.10263540914 -112.206184001 111.022488796 454.736759622 -317.963854266 -96.2687341302 429.56048495 -456.248366257 -106.927588226 -321.88495 
458.75818322 311.360643539 304.349796368 -19.8626597935 80.6517901496 -261.722249751 114.980578141 -442.774152404 -15.6636995081 -354.07981387 
-22.322787081 449.888502522 -411.091703557 187.014646136 -193.947561133 -196.332662352 296.235471529 -31.7638470028 420.588544247 -413.21283038 
-442.561154877 -290.475667611 -20.3325787505 186.238635018 -164.251475229 459.417815665 416.787772402 28.0911497828 -436.664153616 281.631344587 
461.305908104 -300.351297574 309.0326655 -437.307507663 317.547848854 -213.759593617 2.15234216279 -429.959203353 32.4045275997 -206.388058327 
-200.315659549 -29.0468425172 -5.75586517358 289.772157653 -459.658404418 441.824807869 -397.943158606 10.985470767 -222.126994905 446.943827706 
-31.5457410008 186.801583714 288.673006021 420.447155945 -196.277891844 -15.0848052116 -418.946860846 -411.413610457 -203.769207877 449.932228658 
310.851696591 -219.073840855 -26.8015330646 -416.983046757 3.05568117851 -400.365241055 462.036536825 -208.056295912 397.38754931 29.9354083582 
-405.465183349 445.90379053 -51.9535406231 -184.142701498 310.605856268 -392.54637088 309.465220462 -29.0468425169 -373.400067287 -25.4761439068 
-428.330590859 -6.89477819064 449.180681015 313.990669405 404.724569277 -196.147794693 -131.191151675 -11.5325038987 -321.52578806 -408.124281816 
-234.437604709 307.371474542 -250.547404059 -26.5442232128 449.792144164 85.715520697 -258.333058739 -461.157906735 -14.1917992739 37.0711268031 
-375.369825855 460.950109522 -144.721402467 309.92062857 -449.911712291 66.5717709703 -3.77029758066 -30.8156905229 -225.025184638 82.2549039595 
256.059061146 396.638200607 -10.9721189346 366.201098651 -234.279025129 -3.10039193139 -50.4358433426 -214.138859893 -459.530596132 191.745351643 
-26.3215887091 -119.984499807 -19.4459520478 -336.704118622 -221.801359011 408.066151038 -453.222529145 -5.93893713901 198.54260714 433.751802302 
-38.7291009423 208.996898739 295.670307149 -364.427649049 430.086977225 450.118914583 -342.918218332 -196.104426205 -17.596256058 186.055635393 
457.387300341 43.9934741659 266.671753097 -253.13567178 -397.480270615 -106.504715366 -460.805662431 406.408966383 -77.6905618576 -28.9852835693 
-9.18613856659 -431.755705559 -320.793664906 -229.74262559 308.536050797 -13.8933901847 -3.61124316563 84.7216448659 459.542902848 383.586356416 
-384.106073819 444.387441182 -21.8853184543 306.643371881 -165.71437898 -393.99596054 -29.0457084318 309.167443963 -43.2829328974 -377.606171524 
-409.780932824 430.187779415 -428.849772997 -89.0259008657 -305.299627261 -1.80940292631 287.038178547 -201.491777183 239.437612092 16.7094769057 
-28.9760653786 310.780963746 -414.558876542 462.013083938 9.06278916348 -400.167514029 397.586800727 -214.008920618 -204.244262009 31.5996184102 
-91.2979870642 131.183793014 3.53285559072 -201.095153978 432.115006829 -91.3584894954 68.8377144726 -307.621499997 -422.844588529 323.610446893 
-28.7781980836 8.63865369463 310.725768241 -414.821051647 397.487246867 31.8604794928 -400.405058209 -214.329891444 462.024800188 -204.543456063 
449.935191727 -19.3132481372 -325.433154005 -109.200106978 -237.236970132 -21.3406126199 3.02048101434 437.599705916 -271.901034247 -460.243337691 
185.067575858 187.926183543 17.1662162639 -28.9098037761 -405.122043062 -185.403812128 456.242979391 416.442299282 -28.9591095164 -420.680570904 
-140.813916636 -15.4382572453 -461.996259014 117.806928726 351.292903675 459.814481922 121.496382558 404.376820703 -323.335985107 -137.34570956 
-315.832586748 461.728280947 -192.77983208 30.9347301488 -412.365831436 234.281686684 -125.786294318 6.20282082474 363.996765558 -431.923033873 
-336.743766751 407.962227333 -4.02893146842 -119.837400831 -221.606151375 433.802183049 198.611666036 -453.391275821 -26.3084661707 -19.36846886 
190.052995967 -182.622182203 429.142130852 -27.346245037 -397.662849149 -322.925551296 454.917939758 -16.6764708419 -404.33556713 -102.810806358 
164.278321422 229.269566827 142.803580239 363.097877168 -197.071048395 -251.99095969 -406.386166281 -97.7109534677 -14.5150793775 348.667298322 
308.031768012 -16.2652594845 -226.911503869 -137.317058408 104.850590314 -454.702769346 198.193178802 -369.652103049 418.780001777 -29.0468425165 
-425.237483313 -178.854743728 -18.5237176846 454.264839952 -28.8786812043 23.7099151036 184.310767987 417.117706297 316.495614302 -397.781949634 
-29.0468425443 434.914991395 323.882654189 -404.458837694 -202.488072245 -117.08707282 -1.27879512485 106.29987854 256.384547616 -423.100194856 
461.803447684 286.943977783 385.772890012 -431.288374571 -335.507576499 -3.05814531077 -22.5565581304 -209.633408653 -211.000679414 23.3237906304 
-100.61299605 300.50078378 4.76570814056 -318.914931184 143.06858245 -30.245939875 -105.178451741 409.118120176 -450.36694466 -239.366311567 
-318.641941199 -3.99467292687 40.891402402 -175.075000155 285.576661871 402.917659215 -121.651133217 -29.0468425576 -459.033067139 453.203037384 
-28.9375080479 184.904379276 -29.0468425173 418.599470143 291.834605507 -115.97657633 -459.586723929 -403.724926835 -235.457638133 459.151515724 
452.589546889 -32.1003423919 301.491951603 -461.573503653 -14.8403131274 -166.340000741 -15.2574611506 -391.003759401 -237.293377827 313.1574065 
315.028312158 275.273855244 -2.46370872487 -63.7607953747 452.354599644 42.0443028772 -174.849383873 -437.895252308 -421.875857028 -199.162390494 
-409.902831853 457.001416037 -190.262615661 424.377408275 -24.8190205676 -186.860834738 221.198605987 31.7943509992 22.7037864947 -414.678258687 
202.228138093 -230.356540729 -457.105033903 419.26463905 -137.742798983 -414.863064174 -19.6312053929 -163.113116045 77.1459432584 452.735141312 
-333.561954481 -28.8503826446 299.949983243 378.1844725 -355.590408749 -134.865901143 452.185347645 -155.949001137 29.7132879871 163.976612642 
39.8586891748 -135.803661556 20.2711934092 -140.59479573 454.746804342 338.686432025 -405.903170436 410.262825964 -425.874657819 -321.54564597 
309.484819796 -29.0230498875 -206.01486934 -460.13444986 283.198662323 453.341906124 48.9699871717 -29.4701073653 -340.882002886 156.462467711 
250.410434257 -218.24280095 -426.447021552 -102.244069559 -33.7698449246 -223.605622756 -455.620900693 403.680618677 35.0179250755 433.523184796 
456.645431 -319.415472838 -31.2223597944 409.577670899 -238.327368928 -106.168290667 123.38034856 65.5543929616 186.955007211 -458.826523324 
5.5096001696 370.300420599 -229.556142124 156.097833765 136.762955303 -76.7077431798 462.282132631 -87.3701139648 -459.4110954 395.307882897 
-228.974187469 -458.293035454 452.482486325 -412.458640703 -195.043013667 196.092453339 -208.623573997 29.0467574068 419.594559405 -28.9874400995 
-29.0467686931 455.525235787 305.412960599 -53.1204774322 -88.4565637955 -389.623929651 -38.1049472519 -378.268378084 313.108939588 -389.052115324 
-231.86559181 412.875532474 -28.9361943143 459.991795074 -319.773193356 10.1862427759 184.434187276 -438.940411765 369.600167376 -12.3722630447 
309.613771266 447.58088544 -76.2544789547 -72.8227224461 118.623153273 -312.171355993 216.466944991 -380.293680571 -12.2645989137 441.197098662 
-9.34995834772 284.595110709 440.720159234 -29.046842517 -11.2250070517 448.066095116 -169.091516699 -234.340856675 -397.525883016 -459.76501356 
36.7286157301 308.706479756 53.2258950693 -183.808004945 -456.145256521 -411.368178751 -184.060927306 440.329277083 448.299188326 -23.5258725524 
-453.585393845 -60.7602991617 -0.904441471276 223.414615858 -327.0019711 275.110927403 -229.894837026 426.496851695 387.600441029 -79.612306197 
-411.210083261 403.318901446 -194.845801623 39.4836597825 -184.053980263 -419.543244243 77.8314224611 27.5933360774 -182.765757602 425.474277179 
304.770547335 -50.4997079583 -95.2712460983 -31.8744840661 312.975029143 -387.926032083 -396.289698409 455.401676764 -25.8193782377 -379.344887879 
460.000148167 -122.796721509 403.645050387 312.961525022 17.5757642031 -322.258181616 -135.119659513 -397.701964678 -12.0133691054 -403.321779201 
-415.345848281 317.442839964 -294.80692421 -173.872695984 388.873263759 53.219839107 -422.880513568 49.4491495393 -142.025449771 294.784556276 
-242.39182664 -26.0988387625 -18.8770688093 -28.7723718798 48.4041627523 -460.343979047 290.742559387 -235.590419933 453.245731773 302.52917202 
-324.179990471 -118.2698788 -0.604693257606 -7.02077877488 -344.674597684 -422.473452622 -199.256951476 323.37495288 -23.2820998623 404.772977223 
-14.677602457 -31.3347598321 421.687028407 -239.08156134 173.674610576 420.955492676 196.164920417 -462.136117281 238.035257315 -246.608127959 
280.123457863 -443.170418636 26.6870699488 -19.9628189238 -289.665373046 459.323312116 186.741119024 -436.158877292 417.435385461 -162.741280506 
-27.8563568712 309.31458395 25.7094809284 -155.217787718 -391.631682593 -177.426854627 31.6408445997 316.158682466 462.505827729 -403.35383294 
-402.554450605 30.7900027275 -315.678078578 454.855437868 -393.374391942 311.395522315 3.06051453585 280.539748954 -98.1922421691 -158.90781337 
88.3245408888 -213.729905867 7.55409479272 -425.598532292 -13.6193410964 28.5754099431 462.578296679 392.817479102 311.863762689 -223.489228233 
107.106932473 425.074930709 -8.29734358832 83.5675644258 -64.8859037132 453.535590129 -457.632013028 -280.213052598 -97.5952380334 -318.707906517 
-4.97547424786 315.279912672 -7.53704214599 -231.181618923 278.04147792 27.5215066778 1.89340806138 451.111014654 -224.965550578 -459.784669953 
-440.11722879 33.3855503452 -195.235539737 -318.826620337 408.847263578 -2.92669915706 -185.340455068 -423.671073892 440.011082334 -116.726133643 
357.577030326 222.137908008 -422.076210177 -177.502678041 38.8715899781 -155.566569068 462.597209189 -413.242469851 56.2333571352 -26.1675981951 
447.450842412 -406.200745244 -171.580116429 441.325071041 -29.0468425244 -413.056421833 -169.569646086 289.722887194 -29.0591353787 277.392516911 
22.5873837152 430.657481576 243.180172642 -198.268919824 -209.160608716 430.11436894 10.5012701214 29.0468251136 -413.451436376 -400.19422662 
-225.60904719 -8.25001066584 -6.20079767081 -459.827361068 278.238313146 27.3908036906 451.07281683 -231.578141103 315.267764876 1.97308205667 
-27.983023278 -427.688855092 282.196514991 462.009919446 -204.933878846 -210.929259312 58.1334717197 387.550532538 29.0469401409 -419.054222582 
446.828189172 441.938968905 -7.86563826611 -171.333517507 294.91801146 -409.588168325 -399.898928761 -24.6674349558 -319.368890799 -25.5647682583 
255.938542009 -402.081416327 -93.8917728948 -9.35589928475 432.491164225 -315.730133437 -221.976413784 424.00849875 26.3210299095 116.708446882 
417.335729937 186.691240203 280.211211333 -162.465088949 -288.574640589 -20.2550573762 -442.58354648 459.337637656 -436.284178414 28.0110350567 
319.319690951 406.316740326 -433.807267557 -3.00549830092 -211.974222143 -449.272715453 186.228318361 -29.0468444451 -200.421561817 459.940019764 
448.297815 210.889280355 415.757728132 -450.38339121 188.953576127 -96.9338379142 -29.0468425172 23.4660113192 -315.076575294 -423.526155557 
-422.955516108 393.93247847 462.444331886 285.505086642 63.8352789485 -113.989448762 -21.6104243651 30.0962422109 -434.864643367 -262.747802493 
448.014647126 422.924874999 -421.161566635 195.312814193 -173.46019132 209.16929033 -21.4324202565 -457.161399131 -28.9125579406 185.566611958 
-259.346946473 405.524324935 454.026335496 -237.697268087 261.701285659 44.1798110895 -29.050248495 27.6256988232 -459.663905934 -71.3521347983 
-12.8047665095 -457.206942602 450.093522998 -233.002305535 296.844517866 48.6629353599 -45.4759408957 313.06993064 290.839806489 42.5167944819 
190.215360328 -161.885826418 339.346584845 -196.50630754 -427.650296427 -30.881289608 -325.03811249 24.2254857099 62.697991859 452.329452531 
1.77735416741 105.882233088 -439.759113798 425.882837361 -98.5212660474 -6.70174929283 11.1852727577 -214.714848577 453.821859762 -327.133843802 
-197.46604924 420.784030021 292.648461672 189.831539486 -409.965505281 -202.116368999 458.540514729 -32.1946383865 -40.378480178 -426.343468123 
-453.434498906 453.607561557 -29.2895827006 33.1439735894 -225.976362554 404.689951742 -124.272026961 276.82762386 -11.5101464013 -329.757812842 
-403.322265854 17.5975853413 312.959448225 -322.274504791 -397.690278133 459.999738626 -135.121465621 403.665370299 -12.1028589895 -122.807484261 
77.7434827102 421.96745064 -419.054214997 451.136970761 -70.4405543406 -284.137021085 -28.6249085253 206.552788809 -458.745241096 187.039062791 
130.656322401 86.6230210959 291.267791681 -82.7717869104 -330.236835358 166.062277251 -77.4133190693 429.308006509 -460.634023712 -224.49893977 
-333.307591688 -8.62389008213 -223.824441884 -447.245971624 424.803225642 219.266108155 -0.760904746157 454.85948888 -68.5681628922 -223.986143204 
133.519226607 -398.492491587 392.379303256 -0.225889759699 -112.364443037 -221.790393204 265.542038901 -23.4856144544 -321.79308072 435.638169368 
286.254360798 455.107881537 -207.617774445 -403.395024462 -183.873795527 22.5454578717 -28.8212323124 28.7754224562 398.018363258 -431.55538755 
-321.368546195 -408.983626183 -11.1988999402 -196.619937 -130.390123925 -28.9625457385 404.624016737 449.534109785 -428.332092579 289.499145489 
19.8965710952 57.1819728211 -30.3899561914 -373.053047552 271.80604953 -388.960650428 455.292403233 -29.213744306 318.648212163 263.405024949 
-29.0468425173 320.934413607 -138.125665662 460.51505959 -137.998616068 290.280754209 77.4687933492 8.25094939314 -185.951365445 -433.121945226 
-205.972871755 461.200423641 -427.475050684 -208.098394299 -71.3799340684 -302.674464953 -413.191086952 326.428196437 22.2312985707 -0.0632633967353 
-234.391299625 284.564474693 448.06717195 -459.761165838 -29.0468425184 440.718350845 -397.519124585 -10.0139480723 -169.036448599 -11.3685961504 
-233.482982037 449.555452494 188.71417214 -81.5164689161 -454.787967854 -257.007641443 29.0461106688 417.990455947 -29.0468425172 248.079336576 
-73.1943772034 21.0833688548 -320.658002762 -366.311333456 384.891817993 38.788797834 125.530223366 -102.864468925 442.652567642 -312.619932006 
-320.478930144 -209.842420734 -22.2531332451 47.8465131007 269.040101081 398.841696794 -455.933428896 20.3343674172 -111.782775827 411.551497055 
-450.853972802 28.9876481401 454.150214871 405.380504554 60.7641956232 -435.039769256 -258.068868141 197.643812848 -15.1409463999 296.977119358 
-418.942123563 281.686564341 -204.738664763 461.981575664 56.3765768078 -210.817996513 387.306819178 -27.9717467068 -427.600607771 29.0455015147 
-386.641057929 23.9727173591 299.959152665 434.805178194 -98.2799402859 285.78403861 -9.15440697175 -402.005307866 -165.487767201 -318.656400634 
-455.907471229 385.007589768 190.575720963 -53.3782103102 -27.1131384994 421.573131391 283.49687416 -330.177174002 -2.05954422926 -222.919306759 
448.866136323 411.813686694 -450.529417797 253.609034727 -29.0411010145 -46.2908124033 222.727420455 -224.297784646 -30.556044145 185.953799051 
404.607456536 -7.7175295982 -225.986536936 -329.487699696 -29.2938678954 -453.389419669 453.627334638 277.778422585 33.055800594 -124.016065575 
-339.221973377 -350.523086558 -95.3607591185 -366.200941539 -105.936162197 -53.8174398895 215.58464403 359.226460249 -112.142583318 425.870553453 
387.529844262 -89.0575555421 -423.553081097 403.762180035 -212.71736157 27.5985397661 -424.062590766 -208.394822259 37.418774511 175.548937934 
-222.021780931 -134.831634284 390.665579623 29.0236416891 14.5384503847 -232.097689934 10.8508286219 -424.555994398 -453.008405919 397.130630624 
63.8517971247 462.275963338 -429.179153444 -433.678948816 286.505291211 320.520219123 -29.0468425171 -136.06878435 -209.304227872 -9.42100144673 
-229.970824144 -447.125072207 461.555395648 383.65575452 -323.101363615 314.989983851 94.1950109592 -24.4719014121 -22.6219109738 -151.230765414 
-371.526213325 -154.704579178 -136.52813496 -11.8562777528 -359.708301076 -343.856801732 414.985729477 -28.3611729455 456.313630603 280.439145235 
-5.73815219527 -274.368084286 -2.57658769681 8.16380419377 -225.553508155 -450.362906338 18.8922462637 461.034456151 304.109778861 -314.798085345 
-19.806257625 -426.582760412 -55.6425771685 423.691457739 311.67886783 -255.237296084 445.51448591 216.592880279 -433.296361778 209.801249873 
-422.804097352 452.568767644 -53.4373743689 74.2877636587 3.34262157069 323.63146492 -457.697549195 -286.566747541 -71.731891334 -201.902850101 
-10.6004258454 -235.626419342 -313.824842141 -14.6852841023 21.7519642871 453.918566874 -460.188754876 302.645374743 -29.0468425472 -290.34089226 
-74.6111981535 -460.758209374 269.609314343 -396.680579653 -251.032662305 44.4321522052 -29.0582216951 405.980762618 453.790464676 -176.530091553 
-211.139932168 -401.934354811 75.5658988365 29.6865931314 -423.680025219 241.453545357 430.433500043 -5.63783629883 407.625336145 -216.22370877 
22.0904349973 455.106636808 -433.033303108 290.896356636 29.0121497556 -194.15458733 -26.2146260268 -401.857820223 398.742352726 -183.210060328 
462.283578172 -434.506875617 -429.28618955 63.3965789686 -209.433473683 -136.372826189 -9.32194145585 -29.0468425204 320.493846244 286.105886637 
423.205512785 -334.62709808 -112.873818943 -12.6137932158 430.113538478 -456.55306994 -224.49341733 -3.44547433424 99.7970637128 212.725392995 
-190.720586326 72.8401841264 -236.736925002 28.8965146721 451.192273532 27.983486881 307.981041816 -460.580631585 -28.7136164848 -244.779541276 
-459.388176337 447.658451764 309.682802306 -28.8587665574 189.648668822 -401.194842202 -203.202411223 -11.1806146386 419.500586556 -233.059269992 
-199.401696985 -451.583291608 462.301899531 27.0837087813 3.0738773046 -321.848497188 28.4360841999 -3.6088540722 390.067609914 -220.577107259 
-263.73364775 -90.2107253289 408.832685646 -28.2439722226 -403.6048466 457.244303436 -184.023227603 29.8898477556 -460.306045306 272.615861018 
313.318833401 445.314272503 42.1842513324 -198.893285439 35.6966245635 -299.8778149 29.130341051 196.09139315 -426.401045768 -253.678089601 
461.266323425 -434.092158244 -318.169789077 363.000645662 -123.955275053 231.383097962 -186.880147594 -413.518113761 29.6379420085 5.97542294475 
-29.0468426833 323.879721915 -1.27836334172 -202.487565372 -423.099988547 434.915034343 256.384875117 -404.458053933 -117.086099774 106.301019436 
-29.046842546 308.87550104 3.06709190962 -162.053554549 459.84134127 -361.222083135 -230.68030433 107.200920292 17.6149757917 -455.75391968 
-27.7007732323 3.87835642389 -231.147456448 316.534861365 56.8245870816 293.219607972 277.349404295 -459.770249194 -44.6615269763 451.533854881 
208.47882944 -424.677872145 -5.26770825758 -3.87420420803 186.238608317 453.795727461 415.555733499 -427.289332879 -316.133460553 -28.9028695792 
42.5762283455 -314.772798966 460.649948727 259.574226227 8.2777633975 28.5927870116 -207.250516149 -431.492849815 322.330160704 -212.791984441 
13.6209905176 36.448685779 379.39924027 251.097347818 -461.319011838 -239.679760386 462.59683204 -235.703074752 144.346582238 -131.543533046 
86.9495170627 -12.8577705472 -29.0468426921 228.560530002 -216.194939601 427.008526723 -407.005640753 260.422247353 -402.626982714 434.927636709 
304.80544074 -106.966028229 32.3708584406 -333.116073717 160.812216603 453.580447395 -24.5042034509 -155.445907699 -339.423045212 377.245507391 
29.3051368562 299.543536582 -170.277309741 -24.0674162904 -29.0468434959 -399.151737096 -458.949990961 449.736062317 437.930647894 272.064336803 
416.984992544 454.403289828 311.457464954 -398.014884981 -424.768841432 184.683119149 -179.070429716 23.2587056803 -26.7705923226 -28.9470850971 
-1.11467104738 311.135454673 277.709691041 -386.267038528 -400.42321345 -115.828148032 3.11932811637 -315.564793808 -97.9189168857 456.437966776 
86.9379350396 228.555391006 -29.0468425202 -17.8142481389 -216.186649803 427.005351706 260.440102393 -402.617135831 -406.991028817 434.928730887 
-315.89034746 -175.618998494 -19.6028710245 309.450988056 -3.92340161909 -397.781054239 4.14693927797 453.945531605 -404.042264057 278.134131542 
435.257509427 -190.519100558 24.3164124756 -459.512811151 451.350663687 -326.51944216 -18.7137025383 13.9638612732 -217.99210244 -104.958452829 
-5.81960005654 -320.985634225 -123.367752715 438.703412615 -120.334185417 -418.84319127 -198.19087159 407.492541656 24.4427279577 -429.820597432 
-316.406155394 -175.259296795 -98.8432597977 311.562298999 -12.8169322308 -0.384871155638 455.701801355 285.908933096 -401.713091879 -402.859997565 
-25.587015904 193.982564279 -26.2143507201 -454.468580037 453.43311089 -229.856356063 431.843970891 -329.304203349 -8.46173630527 -98.5416461514 
-222.715746697 262.474564757 435.670546188 -28.1938446126 415.055995105 -408.355487559 64.4497646646 -400.622292979 33.6910892691 -194.197011438 
74.3201499254 -217.359823435 304.616523352 310.979955115 -443.826062624 -44.1968962017 -437.311326762 -27.9988588512 462.260262845 84.9997652387 
81.3509037375 -130.34432803 -150.335202342 414.222993309 326.441231534 -421.5698175 81.2103633713 314.796750476 30.9392428053 -126.626793672 
-318.627490371 -459.03226214 -121.638257896 -3.8276226816 -29.0468425172 453.204800771 402.874518229 -175.090953133 285.324520377 40.7479674888 
245.165281495 -65.6126181879 430.708321898 311.044271813 -32.3780422271 -406.626135165 -425.450009281 453.033849169 65.9641935451 -10.9582041334 
-126.722955701 75.7805874508 456.561879196 188.013621054 -405.346602255 -18.1741220679 418.536217208 -418.474237179 -28.6462691774 192.179689446 
201.539446196 -405.832073246 -416.231539686 -17.9093757137 209.555586936 -226.129569004 394.329438402 -9.52520601198 28.337929971 419.232965401 
-97.725526306 -424.22134181 -5.94449851809 -318.668586604 112.125419767 -4.1926260786 427.064476047 -203.716794808 323.278021742 -109.644618572 
-63.4225709251 -151.546494528 -194.888503347 449.021431288 302.710380753 52.5072307099 -428.834785385 -418.247102459 439.12126993 23.3876254129 
313.179414145 -13.1471051401 -8.33781572622 -173.846043785 458.944350661 -406.642658904 -398.20416068 405.151527145 -131.365339744 -322.290375796 
161.4151188 -338.210691926 -153.761144705 453.933173201 -331.752115075 33.8182837543 301.862767857 -109.154139736 -6.10483044464 372.281565088 
-232.205905131 -459.043841572 -29.0468414892 421.513640917 206.745382364 -3.19030539013 -4.80632708576 186.270235486 -419.356380868 450.494993001 
335.081812002 117.941847916 -421.513670953 -209.598242979 28.8673925151 -442.158583763 -134.821500301 459.330465048 -199.871474206 -206.976891639 
408.881199618 31.9886343794 15.4274808806 -458.757822216 -283.353069668 -86.0236751477 295.82287893 -11.8972438406 -199.290353599 -420.425499957 
-432.666903316 298.672586944 28.8671095503 400.128141624 -205.75990619 -8.08086499923 91.5022631244 -401.465467991 -117.034210148 455.82407037 
-318.993224478 184.636753678 416.671139131 -459.13802395 288.238333158 -45.305013283 387.195879615 -28.8293933426 -0.559754005135 -171.162715554 
-169.574424326 282.458607136 -410.436957463 -400.490000554 -114.504243463 -23.5263682117 -28.9877669484 448.520985637 278.918600575 439.957799065 
454.115938622 66.1679283886 118.107145838 430.732969293 -161.291494918 -41.5010354987 -192.084359789 -328.273369107 -458.518361018 -106.830079885 
296.534080168 377.490032434 -156.694428795 452.30731409 28.356138537 168.170869415 -332.414954061 -354.774832719 -28.6381569801 -134.36948724 
207.395291537 28.8313010438 3.7516584445 -419.594209253 -1.56242849049 -210.174486113 -459.009325923 429.336168535 412.482405695 -229.542974565 
-199.531319963 389.334986397 -427.436317487 370.879203519 57.0155042588 170.919575072 460.140374821 32.0517097069 -331.264356518 36.974421816 
-59.5960213537 180.650828515 -300.256182573 200.08390798 409.18159839 -91.9395694896 360.765910241 -217.760419641 -324.162374595 99.9175350258 
-29.046842517 -6.539281702 28.8612315056 -313.311577963 304.977891215 454.284077783 -459.937429408 132.465681015 -237.035662653 -289.201976469 
228.69914088 -422.775703951 -226.968640681 36.0515594735 308.797155707 17.3574276651 -197.629116259 459.899682851 -433.926080693 -205.946828227 
450.479117466 -459.051133801 -4.66786208958 206.82479959 -232.223164176 -419.306144214 -3.10948033775 421.406825655 186.427334999 -28.8712025207 
-213.623001761 -454.521189504 -208.364507749 12.968934906 -426.356218945 -206.497426493 460.61583432 3.33555290301 2.9777285294 322.981011008 
-121.879344703 437.714021646 -11.6323466707 -205.768568748 23.1367585244 -331.122962273 29.3483190805 409.465263531 -440.475738567 -197.143511233 
-207.68771983 317.931314095 -5.09911325958 -28.8401106685 16.0223841915 -402.576424054 -204.426187458 268.683149514 -426.458932504 436.159933917 
49.7160935714 -29.0468427064 452.48547446 162.80391497 -454.661433963 310.652434353 -317.903433437 288.681499315 -159.413031112 -29.2491461398 
458.944198852 -173.775098065 -13.1679565183 -398.17465128 313.178386008 -8.10911368604 -322.282245378 -131.350570681 405.137308812 -406.637459521 
-459.120963002 54.3047672679 17.3158997629 451.108744574 -228.715941691 -11.0973959355 314.132245973 -38.0787494631 280.827001621 298.467056215 
-28.333701516 309.541738987 -396.298938859 444.564732089 250.737389572 30.3721163891 -17.7037293285 -110.29448317 236.043752151 -450.084715738 
-279.980387936 -446.448162714 -21.9302062356 460.410835571 313.282413556 27.77302466 18.3305852217 377.241073118 -308.432424299 -111.997590395 
-459.651278314 279.575289837 448.077162595 -232.652457342 -10.6931761897 440.701586996 -399.401954174 -168.264707042 -8.9552467057 28.8990291032 
189.094370264 -408.033199039 -29.0468425172 -321.619925118 -101.826438959 -202.395521204 -13.956965167 450.801152791 -421.648163411 436.164663616 
309.651136855 -405.027076812 -13.606893348 -392.124900428 -29.0468425193 -183.636697059 -374.041175759 310.94919069 445.41651914 -53.134990608 
-212.82661975 29.2502280735 -336.154633525 -25.462709962 461.85332491 385.931960809 -3.22163306915 -209.222540427 288.194521744 -431.808654176 
321.496684903 77.0901879077 187.169032372 -32.0733831803 -221.914874039 29.0404720255 453.435761375 -137.621881056 -460.597998904 312.107417724 
-397.984538596 44.1008271029 -28.8425826811 -104.36353785 406.052940305 457.203616279 -75.5889452304 267.263815056 -460.768703187 -252.475417416 
-401.118344041 264.582983698 -223.412688902 435.622950474 -111.520367574 385.923491517 131.02057788 0.924754395671 -320.133198412 -27.1478386 
-29.0447898595 -458.282084239 294.758673386 -183.458852635 445.545375603 -22.153915521 193.598429801 -400.8777933 -169.122933959 443.209923649 
-134.077118689 -448.810628695 -414.394710928 59.2460180281 -217.443182763 420.314302001 216.996792931 215.918746668 -229.698211969 -12.3364116312 
-166.758992665 -458.218661009 -99.6275148441 -11.30605763 -320.243175595 -29.0468425173 35.5296105747 434.020831634 286.815144206 452.102413249 
428.119053924 -410.124014512 -413.988405743 -171.432665581 451.779301455 -25.8261243241 225.185989234 -59.9320291931 -183.326524371 189.358053741 
-403.277926564 -207.510326643 -28.8155739965 398.101338718 22.6308804761 -183.768733387 455.060160839 -431.585873811 28.7695478447 286.940599452 
26.8042919197 -293.381561709 417.393109598 -442.881808461 -168.025639973 459.316959007 187.359534043 -19.535820606 279.265142787 -435.738457407 
56.9005761785 -224.67838204 311.9431981 38.731399428 -3.96842715025 124.169700588 -193.103331824 -458.217684342 297.97411299 -218.137037555 
-0.593481087057 -23.3561636274 323.37953057 -118.273930737 404.760146316 -324.185292419 -344.680372563 -7.08653832682 -199.254010752 -422.469454187 
-122.853580324 -327.446381987 453.688494939 -453.236277171 277.309917463 403.144303174 27.9146086135 -226.079681249 31.7431932366 -29.3269387842 
-180.782023354 -27.8929572658 -395.669885411 319.17097192 24.5446276857 -405.554572173 305.421168263 -152.022623525 32.2492708504 462.590302341 
-439.39495435 28.6810282151 -209.529871216 -211.344460615 393.356430203 307.811717777 -237.029962407 8.1335072875 462.441548081 4.3498204536 
446.558361501 -401.097989348 -190.665248429 417.881072128 186.467452858 -28.6826138979 -459.176873367 312.857445165 -26.9364725912 -182.546982834 
-8.24174726568 400.13992158 -422.116258852 -214.61559051 29.0466317306 68.7768635301 -215.483187101 247.118099921 -404.283469572 432.358041942 
451.464830976 317.394015474 37.1695324646 20.6661964059 -204.184577823 -416.561501314 0.358728573028 -190.164126377 153.922234232 356.577203601 
449.943476266 288.540815382 420.411403741 186.844785849 -418.777793512 -203.040833947 -411.506859322 -195.858835916 -31.8139008013 -14.8004371041 
-377.165316684 -7.61459180395 461.859402918 -207.809226357 6.95878437216 -3.57939591196 -134.92755805 -427.487055955 321.656895864 -316.629813696 
455.847558273 -174.443103146 -28.9920357774 -21.727806283 -396.568194814 -43.9078248916 -375.48515779 -400.773637288 310.376556985 308.803240729 
184.616310419 -27.7015584367 454.399929238 417.14501912 23.2997722584 -424.747673501 -397.934828966 -178.99687279 -22.943288288 316.139489573 
63.3662166095 -401.950769421 267.081105626 388.55202858 -420.459018347 27.0825152653 -209.178065285 -27.8065680482 -223.818346584 436.246484961 
-428.074468044 -135.631301478 -441.228804364 321.083403717 -8.45689998949 -208.160142251 -317.124247422 -5.44012809266 462.599236455 8.67359609074 
436.848299964 -62.7337621466 -219.401985657 -408.180538922 427.581091135 -397.727017 114.040246573 228.294170467 272.228838716 -27.7928703099 
405.157111574 -13.3269555414 -398.160460396 -322.296441078 458.944235139 -173.773182126 -8.07417500913 -131.347925635 313.184360357 -406.644490554 
83.4159905839 -459.076678283 66.3931701394 -213.10573947 450.928125828 -21.4829285202 -132.205509978 309.995135217 15.2829904303 284.879997246 
-232.574085031 289.565409621 -8.39244457421 -29.0468425171 447.003954419 441.765477352 -11.2962564953 -199.986450742 -459.631453478 -397.761385152 
391.879917465 -393.236945796 364.20146898 -13.8770336636 145.359416769 -49.0803121191 -290.31134261 -97.588403174 164.366718208 -383.116851861 
24.4397028269 453.869695677 302.540758485 -290.320589132 -460.229696664 -235.568784789 -10.4550381754 -17.426208024 -29.0468425179 -313.535606536 
-193.802595245 -414.489950101 451.381419975 186.055952058 -421.856092613 -198.323610207 -29.3036574565 -28.9232432915 188.985043816 420.262631481 
308.074180469 28.2386629611 -439.257491662 -208.95819883 392.237072329 462.441703269 -235.500665612 10.9819474342 12.2352392217 -209.413926334 
-315.557709572 -234.62887124 408.94587742 390.717157053 -459.236209065 -106.113638071 6.01878904642 -289.692352818 -9.15509733963 7.61437331242 
-368.656420343 306.58418137 175.988172599 -147.3633857 445.520237681 -461.103492981 202.447666083 -29.0470054881 -29.0468425208 421.536923309 
130.468904506 -381.365472887 -208.122584745 -418.108310627 0.213789958832 29.0468448744 -76.2843051687 221.259928163 457.773709798 422.632530077 
-28.5484328469 -341.014072747 -173.165035254 -459.302519872 2.68968181486 452.63357404 -119.890691304 -221.467938868 433.150049778 36.7867075518 
