-29.0467861777 -29.0468431403 307.62293393 452.717690035 -243.096374544 -386.308371302 -51.8010873318 187.745414467 355.8583785 -406.714126069 
-158.283255415 -452.277104325 255.076989247 208.439274318 -29.047786178 -409.00855634 -29.0467613274 313.835728747 434.39830173 448.560868475 
-11.552247572 -322.107875428 458.951442105 -177.250103695 -13.1410150804 405.116908235 -134.223477617 -398.735799845 313.188324269 -459.948290474 
444.602626004 -200.699208213 -398.903871769 -459.614012912 444.149300587 -29.046842517 -322.984557272 -4.10174359502 303.594545761 -102.40397203 
-422.228354021 209.514076813 -29.0468430992 189.174984656 -317.128166181 -457.953321416 -99.1189084747 415.847335942 -2.38309636695 448.392316395 
189.200195881 185.54458239 419.898635899 -201.038798267 -459.249831279 -407.679671083 -29.0446335166 -239.139042385 451.291602628 -29.0468425173 
214.889450657 -179.373974243 422.036459389 -2.33036367166 16.7486302379 -418.607612336 455.840691962 317.229219221 -398.256216501 -10.4389436302 
-439.714845707 188.272823258 -277.775704858 460.043464935 290.027868986 -441.482495424 -29.0468460153 411.442705336 -149.811085802 29.0468420364 
-320.740532805 -238.415904568 186.717957088 -239.98787516 -17.6631154869 -458.128881209 -16.2340541982 454.502383965 -29.0468430369 419.464273629 
450.199592093 -398.441642621 -459.561503533 437.160838106 26.2795336135 -9.36297061476 -29.0468425475 -166.516318586 295.450803817 264.942191158 
-414.368822204 460.587835999 -195.561241755 -121.789322827 -319.336015272 404.680514131 26.5361546673 -458.588279409 -6.00131170709 -123.388288657 
7.21833267538 -419.500094574 -196.644757873 -267.681616983 325.934418306 44.5095053774 -29.0468425173 128.626987254 -375.746775057 305.479971954 
-99.1924538727 -319.174019131 438.727151284 -29.0468425171 -458.48072627 307.042942048 253.941330672 -383.16570389 -7.11564960326 -63.7487864397 
187.114400821 321.809432051 462.30463211 -207.022581659 -133.015660524 -426.919701344 -29.0468425218 -65.2354174444 -7.45374554989 -432.160298247 
-391.815722786 -328.437465497 -29.0468425172 -15.0542905568 -403.556973231 411.884970335 -129.542509991 455.607753746 -184.314863058 292.289003279 
451.910016746 -98.5721039911 29.0465881509 127.444639167 391.795231475 -220.380074321 -456.999030604 2.96770377874 -315.529316759 -424.382815442 
-459.259510971 444.260280244 -0.427912370341 385.046043113 -321.437400491 -319.076202898 253.436863875 -139.851816902 -100.527913823 0.684041379832 
-9.84540410372 -459.006353299 -100.445636941 -389.311090079 -28.8205556961 308.836437581 -169.99145453 -320.129179035 258.040428409 439.110154676 
-314.754173323 -8.4430291471 306.302356976 -308.212487273 454.678892332 -29.0468425172 10.7059339933 -237.690593331 157.476828661 -459.704793794 
-305.181295178 -217.491585388 462.493577563 304.993059232 -446.440391537 -63.3218165693 -29.0468425837 29.0456269743 -442.322302247 79.2043260718 
-142.322865012 131.407906425 -29.0468425174 -189.645335532 -430.399392205 293.329685673 -212.771711929 448.065846068 319.893525388 -0.582026539732 
305.547466404 -457.136177762 43.9663049079 297.996945295 449.250611476 50.478124166 -29.0468425436 -172.091344957 -29.0467086209 312.635724534 
-446.831332771 375.086593024 -222.585566197 -217.569316021 180.962571083 -248.343567025 40.5393900335 -423.739971477 258.758203035 12.7770064839 
61.460440037 388.582112806 -427.903610988 -29.042924765 -252.284976228 -228.862223791 462.129749256 29.046842509 298.560392001 -138.961114942 
-29.0468453371 454.605462864 189.156208514 -458.951300622 17.4960817301 -29.0468436929 -238.559342656 416.230156432 278.902801557 -241.510654364 
318.884657524 314.695234408 -26.7637740959 -215.900686967 -213.164041659 -0.856649103205 461.906388273 -433.450758021 -6.12225464425 -346.039058375 
-319.064094337 0.727098234197 -321.421293344 444.263196668 -459.25918166 385.038014967 -139.841998168 253.438102649 -0.195919854395 -100.514835102 
-29.0468425173 -379.571538401 312.579274049 450.592122285 305.174254621 -388.785870819 -29.0195344428 -377.292074303 -49.067255212 -168.554458539 
32.9851289992 -194.88725194 -201.727824487 29.0463311374 3.92215634349 -191.911892583 320.000282905 448.105534832 -412.078377459 -422.797781705 
-410.518356198 -458.720452826 -192.278023722 29.046711208 -165.905576858 -318.240869843 445.565974314 -25.4886419087 29.0170353515 443.189450054 
-49.0477457613 270.558417828 -388.06674494 227.027161614 29.0576120804 450.468789389 -48.3679508069 -5.24662049552 -288.909961747 -316.333160007 
254.33163878 184.399636353 -28.924964253 426.968227148 -422.050094155 -29.0468553616 -457.143736256 213.250942808 434.967142054 -247.279917545 
-181.105968031 -239.72265777 -402.739020115 458.95188478 419.990371451 -29.0472167819 184.883889966 -459.558788412 287.857349601 -28.8411858362 
312.704361978 -132.910971969 -459.92227687 -11.9410125998 -321.698918309 -396.946987613 -13.7383445951 404.388521653 -104.772532864 460.223112818 
-395.50224267 385.596349026 -139.13349127 -17.9759249946 -320.019986221 450.656517622 -3.6396943794 311.570735362 153.144071804 -174.367335919 
17.3621101239 458.492427394 29.046811199 301.926112425 -363.732507227 -193.900599474 -191.101108801 -411.418651879 -28.4295071808 -459.413822674 
70.4945329122 237.640198459 -408.721617908 405.37873958 -424.764964738 430.966647237 29.0466580371 13.7417505502 -203.763649431 -221.77207173 
306.435287665 -168.552777761 270.142369905 450.558417218 436.566241153 25.366557899 -397.007375608 -29.0468465798 -29.0468425173 -459.685460465 
-319.08371926 388.184999772 -29.0294273196 188.750745653 -242.151791833 286.693052569 -61.2622991114 416.96939818 -0.257005480932 -459.121607938 
414.915916169 -198.64265372 -458.297124366 -29.0468425172 -169.274080071 323.75721513 -421.456407557 2.82060761391 -106.094986735 189.255899433 
-6.18581188141 -400.572571695 -459.720512079 -104.300641073 -322.693617436 446.863490262 -172.114822406 441.904112041 314.814604069 -16.0747772206 
415.613442533 -28.8770855127 425.061929361 -418.516212197 186.245306977 -459.165915942 209.243543321 -170.151706787 188.457998164 -29.0448916562 
-29.0468425173 -377.943074333 -20.3915283409 -26.317375808 460.317729842 305.426276246 -225.095719883 -442.569715061 187.702110764 410.6696952 
-396.745851216 316.147996631 -326.367110215 -103.862409485 430.113848592 -13.2137206497 -178.423234334 454.497542709 -21.3525785381 94.2837387338 
404.449194149 -459.916504413 -321.70997454 312.765923173 -12.1879835204 -132.8510524 -13.4461083124 460.220897005 -397.055638488 -104.951174717 
-11.8903747138 404.477359056 -14.2753390719 312.687912988 -104.835922008 -459.919314491 -321.698930765 -396.973809119 -132.876371502 460.224824281 
-320.571597333 404.323121814 -9.22669855979 -200.794285361 -407.329669141 -127.573040458 189.348504062 -29.0468425172 -450.364150436 451.063778665 
461.544181971 -9.40764221443 19.9693127975 -210.984416556 324.686642379 -1.80339540735 -317.034014324 -207.266727084 -413.260754975 -428.033118717 
-228.957494753 -451.813584832 308.467575554 -29.0468425213 29.0427935349 460.237761344 -15.6521090565 -11.3872219283 -318.544386043 -362.895705751 
-321.471134971 -11.4046119101 -452.493817439 -131.631095395 404.702551708 -402.081553238 -197.501099843 -3.90006572076 315.464422758 449.225864785 
-316.659691192 462.131440221 306.719823655 388.596684181 -125.331341048 5.6437645968 -131.844500269 -459.850579982 -29.0411806323 197.355503689 
425.2839124 -15.8199893998 -364.877293636 -28.0818507699 -115.298518233 207.152438193 -406.622062601 308.503047638 -29.0468425172 226.624644227 
-240.377540631 -29.0468425172 454.163500213 -318.094122613 -238.678503467 186.540339921 -458.454299672 -12.1708767646 419.43622013 24.2180771716 
402.813065006 -38.7307102978 411.268582497 -6.91138801723 -421.314096727 -441.512516814 -118.466733927 -214.587278461 -324.46889648 29.046586647 
-391.980086816 -404.958690338 310.39249154 -52.9429886695 -29.0468425171 -183.605394964 -374.031502643 445.333085413 -22.8963846727 309.672130294 
22.6798447747 -29.0458511406 -459.936272752 451.917894791 57.3873797354 281.192422834 -240.706109525 -29.0468425173 301.11118774 309.37901123 
17.0650689495 237.855509548 -0.877751435685 -218.701263921 -205.505505622 373.554027776 29.0468423584 -275.760665207 -426.251007449 460.376528523 
129.534929805 348.101030845 293.295266574 384.343383294 49.4677912321 -86.9486106909 -294.330937075 -333.334548828 143.448846433 -147.025283774 
239.715686474 431.123932788 -22.9270750736 -407.823633236 -202.355597564 -20.7137037713 234.994672814 431.340322706 -408.995533822 56.3940451474 
-374.049049107 -29.0468425173 298.353277953 -448.306576937 72.1782448936 -18.9572192237 -228.097135793 -29.0467712152 304.042257589 460.876691832 
-230.594045494 -295.569800071 460.767250133 29.0467013425 -316.17813383 -452.409150986 -19.469969461 376.969302693 13.4793787069 26.4055200182 
-426.541560887 -399.783703501 21.7236763791 29.015128804 414.650538783 -180.774230417 -29.0464672023 188.566645696 321.202560258 454.857949702 
-20.0993804525 188.842322927 373.194499346 410.508266928 -447.288781187 -319.176550108 -29.0468425807 -227.652573383 460.341699873 5.9566829925 
-228.910442019 -451.842773126 29.0453834261 -29.0468425288 -12.3857400583 -362.595207231 -15.7073279498 308.401611515 460.242602925 -318.590921507 
29.032934686 433.93111003 287.279496731 0.22469202943 -458.702550462 -98.3933901286 -321.749607944 -238.574415001 -29.0468425174 452.157072207 
-319.034460075 -239.331847899 -458.822613506 453.950897842 -319.891308698 11.766866776 404.542004841 -7.3744399155 -124.007953392 -15.8944792346 
-25.7626140048 315.060821728 462.389781287 318.372482664 -8.77049787804 -435.255489012 -214.917209369 9.54584606118 -217.758990302 -391.920469509 
419.179142427 -170.565332945 29.0462282459 -405.589734902 -237.934228509 -190.024310679 -458.651543151 -29.0468415753 454.434236929 186.355704851 
413.901364006 458.450789371 12.7095249584 190.466049043 -418.601587614 28.8795601077 -411.112563891 -192.976002473 -191.395241446 -29.0468425172 
454.578992752 29.0467054914 -363.539648411 -29.9530022071 302.01377083 -410.528384074 -120.84614039 -28.9963309371 194.095785701 -191.832220847 
218.499550305 461.070152454 -111.710484258 -369.049820017 -460.257061413 -29.0468425172 130.899552957 300.790362116 309.939394867 -26.4977582571 
-29.0468427319 -429.596103665 -413.750960616 -208.961566204 461.99242359 285.763450826 56.0286173604 -212.408910912 322.716874136 -3.66175008441 
-128.610625991 -452.702006867 11.162009351 233.766333609 -423.828327094 460.289165176 -29.0463005663 -29.0468432911 190.39651292 410.862839589 
-9.33470644606 -22.8829199987 33.7192196263 13.941753161 -450.833452486 -316.73679342 -232.010224034 -321.777219243 460.875133783 377.879596741 
-29.046842517 -304.67638427 389.896797663 28.9937554718 309.292455028 -159.947187469 163.54180341 443.616818744 47.4342976366 -379.229370852 
454.262431213 189.584145568 -122.389144835 -31.5253390121 -458.362160999 -6.13422320548 404.330804252 -319.409144943 -29.046842517 -238.620759672 
442.851689413 -29.0468425169 -401.141364831 293.86058764 -174.561804058 -28.1759970154 -164.98574425 445.905601284 -459.083067393 268.785120841 
461.300785789 -150.25355993 -191.644106037 -5.23574282528 -414.429174659 29.046840188 315.380377518 -225.1699663 249.088823196 -442.568109 
-423.711799159 -416.857209092 -196.734944153 -134.79854614 -2.8338451669 83.2433821602 459.010344035 12.6238227268 -203.231601327 324.075285549 
-459.588540355 -320.371847902 18.6076322026 238.601540929 379.17590053 -14.0274169679 461.028447846 13.586175347 -119.222972655 -314.319457154 
450.988008309 99.1295483277 -370.527012734 78.9684833208 337.116506291 -160.451166297 -87.1482877042 267.444730508 -347.790470496 -172.618773752 
-222.948829444 -29.0468425174 -425.269787303 -211.86161724 10.1471936472 436.426363078 29.0468356621 -400.468478351 267.600332308 401.84363433 
-2.11983666518 -144.22616367 396.643939534 461.368594744 203.987133066 -411.770553651 -255.068503739 -346.128047298 84.9132007555 143.750434228 
29.0468372394 241.874362065 -7.13537708102 322.301486993 -188.426141027 156.171747153 458.591698713 -455.783524787 -207.453781832 -427.152353228 
458.908302612 309.37271497 307.650656594 -28.4646276025 85.9081935425 -159.689470515 104.961158109 -452.030581761 -29.0468425711 -367.241410268 
-23.1509501394 449.626368453 -403.68640557 184.871846408 -199.086875665 -239.173662802 294.698543596 -29.0468425172 420.120386923 -459.537026713 
-439.705833009 -277.734327952 -29.0468425184 188.274671316 -149.798227863 460.044188461 411.438622283 29.0467820527 -441.492586774 290.054995733 
461.259298531 -282.870952658 309.0326655 -437.778996486 317.948254437 -217.384813546 10.0665776879 -442.239932655 28.6264291851 -220.340667295 
-200.315659549 -29.0468425172 -22.5093491661 289.772157653 -459.575398507 441.824807869 -397.943158606 21.5895430039 -319.532498627 446.943827706 
-29.0428628478 184.945446309 287.536947011 420.083431017 -199.212471252 -29.0467845236 -459.522621825 -403.974788035 -239.171293799 449.745021652 
309.82890301 -251.91563158 -25.354152035 -434.46125376 -14.9452517982 -389.618363916 462.078687511 -217.267287995 397.029741185 29.0468420027 
-405.465183349 445.90379053 -51.9535406231 -184.142701498 310.605856268 -392.54637088 309.465220462 -29.0468425169 -373.400067287 -25.4761439068 
-452.461805819 -6.89477819064 449.180681015 313.990669405 404.724569277 -197.481330691 -131.659553884 -11.5325038987 -321.50140309 -402.020820761 
-237.138469486 302.672798682 -369.338658787 -29.0468425172 453.843816886 -15.9043561471 -313.514778303 -459.966215444 -10.1994245155 25.4590309127 
-372.302981925 460.950109522 -161.737730891 309.92062857 -449.96678239 49.9500065887 27.636858625 -29.0468425173 -287.149788553 86.4981155111 
284.08177461 405.787228781 -26.8127894176 346.939441963 -261.718815666 -108.182569649 -59.5559965921 -215.056616564 -452.244309269 122.357542542 
-29.0468425171 -122.367890012 -31.5282414976 -319.358198443 -238.619358756 404.285421002 -458.361111802 -5.49614858263 189.586483029 454.26116604 
-38.7419071976 209.003172438 295.661867249 -381.743520553 436.253964673 451.514698459 -334.628578263 -198.589276597 -17.596256058 186.02723863 
459.401309851 -15.7101417822 291.296307008 -327.700221685 -404.197979953 -116.660573896 -455.793717667 410.94778965 -128.801065679 -29.0468425356 
-19.0065434609 -450.573970065 -317.968019011 -228.966982692 286.214782835 -29.0468425171 4.2959099148 60.5551217939 461.254260972 381.091013207 
-461.669334208 444.237472231 -28.7885384761 306.915633862 -172.342945114 -388.725602211 -29.0468425173 309.189647116 -57.5541825089 -383.811069712 
-405.998791288 430.187779415 -454.117463002 -89.0259008657 -305.299627261 -1.9318935407 287.038178547 -203.459703074 239.437612092 16.7094769057 
-26.8285462055 309.701027395 -434.608949608 462.056879141 -15.007265713 -389.421592398 397.214817454 -252.514688823 -217.394127385 29.046842389 
-99.3646263887 108.312617516 2.91227209806 -198.586740741 430.113925623 -112.226266725 -2.20570461141 -322.432454508 -421.408779144 323.763741694 
-28.2378432762 -14.9882652204 309.639808053 -434.518755662 397.087921139 29.0468424947 -389.509160454 -252.154997005 462.07183071 -217.32173305 
453.188570535 -15.6075036367 -320.012518663 -99.1240286044 -239.521795012 -9.46363946953 9.37326774429 432.242844657 -319.187308577 -457.772515873 
189.332862562 187.926183543 17.1662162639 -29.0468385034 -405.122043062 -185.403812127 456.242979391 414.078371774 -28.9591095166 -423.677982273 
-147.738092963 -15.4382572453 -461.289541677 72.4523555022 351.854365856 459.661388346 142.151040747 404.733596215 -323.269310156 -110.518457369 
-316.702729664 461.91209895 -193.573602063 29.0468423229 -412.134893345 241.078813852 -126.608569299 6.20282082474 386.709903849 -460.101057329 
-319.240088566 404.17014535 -3.5688251012 -122.285345418 -238.605400699 454.265957689 189.584973366 -458.346611614 -29.0468718238 -31.5600604515 
188.791517091 -186.977353629 429.142130852 -29.0468425314 -390.286145883 -322.925551296 454.917939758 -16.6764708419 -408.833835926 -102.810806358 
164.278321422 229.269566827 144.002258965 363.656079018 -198.0472399 -251.99095969 -406.392638996 -97.7109534677 -14.5150793775 348.667298322 
307.960359623 -17.6906924716 -236.833579543 -124.247703328 104.637532902 -455.708452445 202.377197879 -369.606008839 415.837998449 -29.0468425165 
-427.964173153 -178.854743728 -18.5237176846 454.264839952 -29.0461052667 23.7099151036 188.200051657 414.772617587 316.495614302 -397.781949634 
-29.0468425443 434.914991395 323.882654189 -404.458837694 -202.488072245 -117.08707282 -1.27879512485 106.29987854 256.384547616 -423.100194856 
461.976366305 315.766784427 387.262041143 -430.532054033 -335.01703464 -6.13917656187 -21.7862399797 -210.437667603 -233.149089125 29.0467280919 
-112.305743078 303.863112764 27.9970986231 -314.682039774 126.364721165 -29.0468425172 -166.619101838 402.377080449 -456.50545833 -373.338838192 
-318.641941199 -3.99467292687 40.891402402 -175.075000155 285.576661871 402.917659215 -121.651133217 -29.0468425576 -459.033067139 453.203037384 
-29.0467688227 187.964164756 -29.0468425173 417.022934802 291.834605507 -115.97657633 -459.674529746 -403.724926835 -242.527819488 459.383483063 
452.927256234 -29.0467686687 306.557156279 -461.511199873 -29.0468427796 -170.357394881 -47.8518671835 -390.574702117 -382.199050621 313.157665549 
315.027936468 275.276843496 -2.4649252848 -63.7594474343 452.353867668 29.0468296319 -194.14806001 -458.752365889 -412.519210567 -201.361654241 
-409.902831853 457.001416037 -194.187371169 424.377408275 -24.8190205676 -192.368510444 221.198605987 29.0465788121 14.3298714471 -414.543520098 
201.223086677 -239.084748936 -457.573163557 415.625374973 -134.530491756 -416.640738862 -22.018560531 -166.406008478 83.9281905004 452.608343393 
-325.044605325 -28.8678580269 314.489539737 380.681940892 -393.596024763 -175.039332156 452.597322213 -136.105067715 0.514097475684 158.316489862 
-207.335197112 29.1416260527 29.0416263735 240.250268092 322.344659582 -7.11458029386 -427.064470843 458.2963524 -455.821902706 -290.779431784 
309.871038845 -29.0468425273 -240.638193179 -459.473987698 283.207040016 453.195710502 47.6201553066 -29.0468455082 -306.560787879 157.892481145 
250.410434257 -244.651615747 -424.757682404 -97.1045119788 -31.7248962217 -221.816997436 -455.722574472 403.680618677 29.0463236474 433.523184796 
460.622274091 -311.675116396 -33.4329294812 408.619637899 -169.789045463 -88.9360824137 139.401690299 29.0468209431 184.968606762 -459.502817911 
2.5914250008 370.040059478 -244.736170926 163.423382202 137.210068884 -62.0200158096 462.397022559 -86.6824414834 -459.515967956 394.339705359 
-241.136882716 -458.067433067 452.482486325 -412.458640703 -195.043013667 202.332886691 -208.623573997 29.0467574068 416.356130443 -29.0272697743 
-29.0467686931 455.623377959 305.412960599 -50.8704781944 -100.86886782 -426.079361132 -29.0468425172 -378.751503868 313.22234099 -390.104268251 
-227.686477507 410.50829987 -29.0468432518 460.341694991 -318.264088778 13.1661935692 188.843380446 -447.315639878 373.194448963 -19.9643921053 
297.558075297 439.980556116 -29.046842517 -95.6194924166 113.78745888 -194.291435038 222.893303531 -380.585539543 26.940923665 448.507390448 
2.62370985447 284.595110709 440.720159234 -29.046842517 -24.0601041903 448.066252962 -169.091516699 -320.98832348 -397.525883016 -459.752878806 
29.0468201058 308.548854239 52.0238895101 -192.561598931 -457.758603182 -410.510112959 -161.010457285 440.356351864 448.283033327 -29.0468425172 
-458.951446629 -58.6039456977 -0.904441471276 223.414615858 -319.05783092 275.110927403 -243.640325191 426.496851695 387.600441029 -79.6206371977 
-419.798306136 398.966960049 -212.607296597 29.0468304848 -196.823562797 -420.308093544 79.1634245028 15.3927636028 -137.189840466 459.007563121 
304.770547335 -46.7040535319 -101.206938261 -29.0468425172 312.975029144 -390.007737 -422.052247173 455.401676764 -25.8193782377 -378.70670941 
460.224448652 -132.855536765 404.42430101 312.744845599 -13.5502959074 -321.694674409 -104.900525303 -459.917391014 -12.0133691054 -397.016133864 
-412.503302025 320.79757858 -297.216207159 -171.088699137 388.873263759 50.3166366492 -422.880513568 49.4491495393 -159.911823677 299.926505505 
-370.419526614 -29.0394929325 -19.259322357 -29.0468425337 48.3387836787 -460.071833554 290.742559387 -238.091452463 453.258658575 302.90515098 
-319.716429156 -122.919977178 -4.09344444479 -7.02077877488 -347.272288406 -424.184951029 -203.687292644 323.37495288 -25.9177596712 404.772977223 
-28.7762295995 -29.0468430686 411.089882975 -271.378452402 188.382935705 420.532112764 185.747449189 -459.250103817 250.119095885 -239.900764999 
289.957789317 -439.733439521 28.9946002568 -29.0468456024 -277.819857824 460.042600278 188.288480912 -441.454687881 411.429083148 -149.696407588 
-29.0376276369 306.958106141 -16.0465675595 -150.045579925 -442.067549284 -222.424084859 -4.35286467361 315.714461151 461.822736818 -382.469381811 
-393.181544092 -21.9689969765 -315.491057616 458.669038097 -460.618186782 310.642285819 3.05400748795 275.128156154 -97.530595569 -102.613704769 
51.8053032577 -341.668021896 -29.04684252 -426.094298832 -136.009202157 29.0468268485 462.154422378 388.794764961 284.041349406 -224.513602235 
104.645628452 427.097529205 -8.13263848184 6.37188850131 -99.389407646 448.065770947 -458.689310006 -319.701212996 -98.7120423542 -319.521557767 
29.0468125165 313.802308445 -17.8428656129 -242.102979628 280.053354677 -29.0468380067 28.7524946769 451.35798551 -317.073404972 -458.951444103 
-458.077812111 26.661763087 -192.187960249 -319.030431899 404.750180226 -5.24756530048 -200.276379634 -415.051303416 459.677787957 -120.647593541 
357.533634472 222.145133306 -440.550350824 -174.722548829 54.9482684094 -155.232862153 466.80212491 -408.773727877 36.825812738 -26.1675981951 
447.477023626 -459.124536461 -171.580116429 441.299300588 -29.0468425244 -401.279653865 -169.569646086 289.806850283 -29.0468501192 277.392516911 
-0.403987677095 454.045989219 218.60814261 -203.048084586 -183.290282047 430.846594434 21.8839000654 29.0412682856 -416.193837137 -405.191705923 
-317.129611505 -17.9688950529 28.4781225071 -458.949285565 280.065616664 -29.046842518 451.354589046 -242.091915854 313.804417743 28.7291290445 
-29.0468425173 -426.353915878 282.196514991 462.009919446 -224.932341887 -208.327907517 58.1081201367 387.550532538 29.0470666764 -415.308588749 
446.921217285 441.847124835 -7.86563826611 -170.979138816 295.063264925 -397.670684935 -459.868134261 -29.0468425294 -319.368389175 -25.5647682583 
244.991709608 -403.854903921 -100.799865284 -11.0637813338 454.456153667 -321.105763173 -182.543453638 430.180933809 25.9537759265 95.7696753088 
411.449576699 189.545556062 289.590898533 -149.884926044 -277.142296759 -27.8644057439 -439.602988273 460.022852025 -441.576453289 29.0464681583 
319.319690951 406.316740326 -432.330621753 -4.38476067626 -212.636056454 -449.272715453 186.228318361 -29.0468447072 -214.17081157 459.940019764 
-13.0392822908 -133.939021911 405.130341626 -399.309119915 458.951442095 -177.673445642 297.270445681 -322.069398774 -459.921180163 -29.0315678657 
-432.019987833 393.784321423 462.463064478 283.603700112 62.6580455201 -137.205885642 -29.0470904105 29.0468314827 -427.295981754 -227.681647611 
448.014647126 422.924874999 -421.161566635 189.616009194 -160.151713034 209.16929033 -29.0468425183 -458.428702928 -28.9125621307 185.566611958 
-325.523608457 410.151417957 454.557154006 -237.748277798 278.195465328 -9.81320656572 -29.0468426503 15.210044139 -458.968713707 -122.496853312 
-29.046843317 -457.206942602 450.095121872 -239.836586634 296.844517866 48.2372236353 -29.044101882 313.06993064 290.827918602 44.6538263463 
310.265993564 -377.466732071 308.343580301 -93.6421463163 -387.863633327 -40.5857864566 -461.31613188 -29.0466812664 -29.0468425174 459.376299582 
-10.1676446941 105.627887538 -456.385035812 425.860788298 -97.9982268067 -6.66671098716 22.6778737114 -317.777012023 453.835788826 -318.966687335 
-180.9149101 419.969213686 290.319441838 184.82124931 -402.504879934 -239.740684106 458.954951387 -29.0618427635 -29.0468425172 -459.561015642 
-458.905137894 453.607561557 -29.046842865 33.1409986368 -239.9561752 404.689951742 -124.44115756 276.82762386 -11.5101464013 -320.200900897 
-397.014105586 -13.5329618016 312.742003278 -321.710413405 -459.917580642 460.2240622 -104.89587254 404.444859368 -12.1028589895 -132.864619877 
3.33684508933 422.980035751 -419.034437677 448.065771025 -100.529739584 -320.601127596 -29.0369145404 207.596467136 -459.090590679 186.038833706 
130.667245396 86.8408076365 291.259987026 -82.7047013598 -330.248608903 166.046473762 -88.7117267767 429.482407707 -386.341002457 -287.496121994 
-316.767366071 -10.6660368691 -242.35814142 -459.005038473 424.854452506 219.040555997 -0.588525807174 454.859828714 -62.9766517412 -237.901682801 
153.323802038 -395.484241228 385.591317831 -3.24498272113 -139.14341036 -174.342640905 311.557590692 -18.1643883658 -319.983461507 450.656106646 
294.521629191 455.050358362 -230.691155945 -402.393118423 -183.451088724 21.6881881831 -29.0468425172 29.03370037 396.772997909 -429.034946335 
-321.339853936 -403.153534523 -11.1988999402 -198.180816732 -130.932088043 -28.9625457385 404.624016737 449.534109785 -452.390066032 289.499145489 
-8.90313113626 -126.341718571 -320.492639597 -323.878300819 -41.6737952103 -459.257494542 382.523376289 5.90947761827 404.744033453 284.524901393 
-29.0468425173 320.934413607 -138.125665662 460.51505959 -139.038365134 290.280754209 77.4687933492 5.33785479489 -209.818438937 -429.365863115 
-206.085244679 461.200423641 -426.960471414 -210.026470022 -71.3799340684 -302.674464953 -413.084741222 326.428196437 22.2312985707 -0.96757492279 
-321.046317673 284.564474693 448.067171949 -459.751377652 -29.0468425184 440.718350845 -397.519124585 1.80792833971 -169.036448599 -24.0720314148 
-239.981819209 448.94568369 218.719089123 -172.404982285 -459.907540336 -378.395890511 -27.2237886953 426.685787047 -63.4204766533 295.082801394 
-120.141145234 10.0758055207 -313.686091704 -459.256040197 388.015484025 28.5888442231 131.09556987 -93.115934762 462.063957639 -315.256924067 
-320.494210218 -324.009036266 -9.11738319906 -41.5183564611 284.523229294 382.565236976 -459.257848651 3.58879064991 -126.348992515 404.736038864 
-458.280105877 29.0465925848 452.522395589 409.402166046 31.1256651666 -421.494569249 -214.690895654 207.320329583 -29.0461390982 288.060991138 
-415.203086768 281.686564341 -224.679477112 461.981575664 56.350198 -208.226731151 387.306819178 -29.0468438229 -426.248980742 29.0455015147 
-459.007258936 -28.8266557025 258.045242291 439.112362652 -100.448975639 308.8207757 -10.0727117944 -389.316132838 -169.993234614 -320.136273544 
-459.070665823 388.085326758 189.061899138 -52.2854468019 -29.0468373233 416.231168493 287.899653393 -318.858023318 -0.440853332716 -242.008903572 
448.866136323 413.756704204 -448.820478158 272.932968868 -29.0411015485 -29.0468425724 218.296413005 -250.211436688 -58.984365931 185.953799051 
404.607456536 -7.7175295982 -239.940562191 -319.953563112 -29.0468425172 -458.863418876 453.627334638 277.778422585 33.0525794667 -124.186239156 
-391.281710334 -338.161007596 -118.909355294 -367.404365857 -112.463919167 -53.8045539915 215.435882669 360.22702068 -76.8338691204 425.650677757 
387.529844262 -62.8481560471 -425.562128116 403.771878705 -220.134332432 29.0465841936 -423.964898563 -222.255326237 29.0381890675 173.272302193 
-223.834381948 -135.866928698 462.471353572 29.0468423801 -8.16222900486 -318.695552867 29.0384941943 -425.701224477 -435.690219399 391.533894871 
63.8517971247 462.275963338 -429.179153444 -433.678948816 286.505291211 320.520219123 -29.0468425171 -136.06878435 -209.304227872 -9.42100144673 
-228.050046061 -448.254582997 460.889312805 304.073475402 -374.226676505 299.341853135 -29.0408118967 -29.0468425172 -18.9461969256 73.9636886954 
-403.632458174 -184.422089249 -129.187908374 -15.8990132706 -391.752591851 -327.82411415 410.74239493 -29.0468425164 455.810811975 291.243598528 
-19.2101355959 -318.64213303 -11.0964216115 8.72161328434 -230.302966239 -452.070082195 29.0464933656 460.90932637 378.168427221 -317.297301768 
-19.806257625 -430.48972613 -69.2593314587 423.108387035 311.087533797 -249.071080846 446.083384817 217.557794661 -454.265771042 212.450245972 
-420.581689418 444.835232964 -92.7084638119 5.49406074053 4.42677257274 324.481900288 -458.687902896 -319.916614674 -98.8127487068 -197.715195486 
-10.6004258454 -237.160385043 -313.824842141 -14.6852841023 21.7519642871 453.918566874 -459.923962087 302.645374743 -29.0468425472 -368.907048913 
-129.306135531 -459.619392006 289.055597635 -404.901436404 -327.863669828 -15.3622522428 -29.0468425172 410.775071004 457.445720421 -185.710976702 
-177.418063054 -398.846134947 25.4273597735 29.0451673139 -416.734228634 313.215826472 452.766895018 -11.7293549742 432.931875931 -203.778163405 
22.3083029267 454.943789876 -429.136170173 308.854250443 29.0467716402 -230.853766793 -26.1993922415 -401.796834541 397.364032644 -182.873781092 
462.283578172 -434.506875617 -429.28618955 63.3965789686 -209.433473683 -136.372826189 -9.32194145585 -29.0468425204 320.493846244 286.105886637 
416.518202631 -321.28081451 -100.934340665 -12.6137932158 430.113656597 -458.730447013 -240.190329247 -28.9992788867 99.8913055879 189.049916439 
-313.553686867 -15.5065514205 -237.099460751 24.8247034877 453.888867351 -9.90885764959 302.671024182 -459.959304226 -29.0468425173 -369.268019019 
-459.554840724 447.487362939 318.045037068 -29.046842517 188.14959567 -400.979055465 -202.700047329 -11.1567264762 416.656216322 -241.791588987 
-321.77372201 -450.826395834 460.878139688 13.747180938 33.8132477416 -316.726924839 -22.8745264777 -9.36567998421 377.904982192 -232.003826408 
-325.68610224 -127.781776728 409.485774163 -29.0468430292 -405.336627564 457.629625992 -186.203733265 28.8429083686 -459.550497341 287.298475588 
308.392184893 459.375727324 -40.8447752206 -93.6198013908 -28.0463901397 -461.317255101 -29.046842517 310.260071509 -387.867818845 -377.463021662 
461.918109177 -460.102593421 -316.744157554 386.761512953 -126.646811832 241.088403838 -194.307260028 -412.12448993 29.0467830855 6.17211140072 
-29.0468426833 323.879721915 -1.27836334172 -202.487565372 -423.099988547 434.915034343 256.384875117 -404.458053933 -117.086099774 106.301019436 
-29.046842546 308.87550104 -8.59222217917 -162.053554549 459.84134127 -361.222083135 -318.522919941 107.200920292 29.0466238829 -453.79807931 
-42.2292688518 2.36736746293 -243.107573292 316.534861365 57.8721694156 293.219607972 277.349404295 -459.437414408 -29.0468425227 451.533854881 
209.115431969 -425.180989703 -5.26770825758 -3.87420420803 189.311207738 453.715635413 413.473227059 -456.647430486 -316.133460553 -29.0468425172 
-3.59070509368 -281.168159065 460.855825803 235.839653288 -5.01122930437 29.0468420589 -212.714741138 -430.364266571 321.432600438 -210.173471955 
-28.2946036634 31.8830518437 377.768132501 251.933065757 -466.034907936 -239.355089288 469.907448251 -339.759464593 140.707440397 -131.543533046 
21.1326446451 -29.0026226117 -29.0368587873 224.694125945 -180.828154392 430.631348862 -412.717345995 288.620024441 -402.165456633 454.178519993 
315.410700885 -105.085914629 0.791945992421 -324.988593323 154.541468122 453.475590008 -24.5460531562 -135.318708808 -394.824659166 380.332806072 
28.5984038475 299.543536582 -167.747708807 -29.0462234418 -29.0468434969 -396.993151727 -459.653417361 449.736062317 437.930647894 272.064336803 
414.892227626 454.403289828 311.457464954 -398.014884981 -427.471028725 188.277468192 -179.070429581 23.2587056803 -29.0475702985 -28.9470850971 
-20.9467671629 310.715816821 275.126584239 -460.618518056 -393.230332913 -102.614389054 3.11932811637 -315.50746125 -97.5541269581 458.656597799 
21.3739585773 218.367178962 -27.5029702231 -28.8294544215 -180.752258583 430.598804421 290.654600413 -402.169908541 -412.765639531 454.198566407 
-315.89034746 -169.338481132 -27.0323667166 309.468651681 -3.92340161909 -391.760028 4.14693927797 454.206285153 -461.040340053 278.351847486 
432.236524672 -239.521572475 -15.56882996 -457.768710306 453.19244275 -319.9948482 -9.44110630997 9.22711081268 -319.209601277 -99.1087762126 
-5.81960005654 -319.313953017 -123.367752715 460.587532291 -121.796449865 -414.353346148 -198.260788542 404.635313965 24.4427279577 -458.593453849 
-316.406155394 -173.492037242 -98.8432597977 311.562298999 -17.4223070627 -0.384871155638 455.701801355 285.908933096 -460.485192125 -395.593684227 
-33.7359499971 192.360002831 -26.351667497 -457.470524529 453.43311089 -238.938141786 431.843970891 -319.605765959 -8.46173630527 -98.5621645412 
-110.80260142 311.161816487 452.709404377 -15.4174010018 433.025938345 -416.31383398 91.4102706902 -398.283334881 29.0455563976 -203.072232616 
79.0481582694 -221.860119621 304.625284581 308.353055039 -443.826062624 -29.0468539334 -437.311326762 -29.046842522 462.260262845 79.6113135348 
112.026494301 -319.447415384 -185.701491914 427.148742838 393.934936372 -244.167123442 55.0277432633 295.943892821 68.1465039243 -29.2059011591 
-318.627490371 -459.03226214 -121.638257896 -3.8276226816 -29.0468425172 453.204800771 402.874518229 -175.090953133 285.324520377 40.7479674888 
322.569942213 -208.86676566 459.513254916 5.91436631085 -4.99092493838 -210.373662387 -428.547549562 245.834454005 25.3046253113 -308.765715019 
-116.980585858 85.1357474157 456.568790415 188.013621054 -405.586249922 -28.751328919 415.49832625 -422.862125092 -28.6462760797 189.405133933 
216.786572142 -434.357001639 -422.421330933 -93.1892025993 189.066643215 -199.674470214 323.122237765 -29.0468425173 1.3921838775 410.846429222 
-97.725526306 -424.22134181 -5.94449851809 -318.668586604 112.125419767 -4.1926260786 427.064476047 -203.716794808 323.278021742 -109.644618572 
-29.0468425175 -159.380805825 -194.830349458 449.101073442 312.380633965 52.0332698899 -456.899253323 -413.050087153 438.988352247 29.0391070348 
313.165563443 -13.1471051401 -12.2165394988 -177.250924315 458.951442363 -398.733439494 -459.949077509 405.15701947 -134.23691828 -322.124924986 
152.849431934 -396.018640928 -133.708626562 453.79077501 -324.681762859 7.61237336395 316.882268805 -106.740117559 -5.89805352704 379.491652844 
-319.276376406 -458.945357012 -29.0468425172 421.513640917 206.745382364 8.52662960667 -17.0720454778 186.270235486 -419.63318784 450.494993001 
352.371308106 142.951006593 -422.939358572 -232.36789504 29.0460480355 -451.452277001 -109.704834159 457.870151368 -193.56371084 -224.063070138 
411.61173731 -8.78350650499 5.14130899144 -443.725275515 -325.042926165 -119.453876419 324.811211756 -60.8170871444 -197.430601045 -420.304737755 
-429.809592131 319.136622279 29.0464460553 400.024739271 -232.392146584 -7.41148923862 87.4299100905 -401.583526026 -115.089360532 455.543478078 
-318.993224478 188.675701378 415.081860318 -459.258369656 290.278263433 -45.305013283 387.557937759 -29.04684319 -0.559754005135 -170.658841583 
-169.368888826 282.885762719 -399.91508443 -459.302982029 -114.555969293 -29.0468425881 -29.0401995524 448.678556951 278.918600575 439.694161728 
453.221127808 28.7289245255 35.7627346609 432.189709994 -168.608715737 -8.78290586963 -289.243015112 -319.852738302 -457.661436795 -98.9047599608 
314.500132598 380.684819205 -136.101908226 452.607400835 1.99415334912 158.693184918 -324.934331209 -393.608595654 -28.4886658165 -175.045970716 
207.468763137 29.0468415788 -12.3362067345 -421.76466378 11.1480412038 -215.292229494 -458.159717071 452.93003186 408.839272138 -319.146373037 
-213.788497235 379.589438129 -421.950637866 375.773150469 29.0468202974 204.411091732 460.625204313 11.2785302226 -317.163059495 73.2316911509 
-62.6535486092 182.413480186 -302.022486732 198.785480138 408.987145854 -115.201456158 361.418535211 -179.639880388 -338.657513259 102.169304586 
-29.046842517 -6.539281702 28.8612315056 -313.311577963 304.977891215 454.284077783 -459.82219729 132.465681015 -237.713897809 -323.600678791 
245.371875008 -414.544577802 -253.749996017 29.0468421499 321.877140358 28.9885417648 -191.834058503 461.102869147 -434.314562771 -217.240454056 
450.479117466 -458.951442112 -16.9329111853 206.82479959 -319.295076105 -419.834067328 8.60840483848 421.406825655 186.427334999 -28.8712025377 
-319.658788946 -419.235941503 -208.364507749 16.7270187449 -426.356218945 -206.497426493 460.61583432 -10.9011215889 2.9777285294 322.981011008 
-124.027325581 453.92599688 -7.35766026723 -239.342139979 -15.7585242878 -319.884985286 12.2992441202 404.529220923 -458.829976094 -319.003035214 
-207.70351544 322.966233077 -5.41252892642 -29.0468425173 15.9344734337 -401.809648009 -206.626081673 263.402675253 -426.094032371 436.446835068 
47.8580207515 -29.0468427056 452.48547446 162.80391497 -459.589553653 310.652434353 -304.021012381 288.681499315 -166.718939761 -29.0445713949 
458.951442112 -177.240807039 -13.1679565183 -459.948785899 313.164173863 -11.9451060767 -322.116267655 -134.231452186 405.142936548 -398.725476497 
-459.120963002 55.9326089755 25.545896959 451.108744574 -243.23613458 -29.0303699987 314.132245973 -29.0468427569 280.827001621 298.467056215 
-28.2634893113 314.40650657 -392.452611106 448.788434635 287.926882939 56.773329326 -29.0468425173 -105.781045015 232.686581391 -449.90149735 
-461.312032235 -387.901347907 -40.4951337 459.378153667 308.453753701 -29.0468425173 -27.0741945604 310.263187645 -377.438928204 -93.6295883844 
-459.621159437 279.575289837 448.077162595 -320.714386562 -23.4031431315 440.701586996 -399.401954174 -168.264707042 3.05683047517 28.8990291032 
189.094370264 -408.033199039 -29.0468425172 -321.619925118 -101.826438959 -202.395521204 -13.956965167 450.801152791 -421.648163411 436.164663616 
309.651136855 -405.027076812 -13.606893348 -392.124900428 -29.0468425193 -183.636697059 -374.041175759 310.94919069 445.41651914 -53.134990608 
-233.58528615 29.0468395709 -335.616140908 -24.9434952414 462.01412248 387.586681023 -6.28274296262 -210.574846262 315.555776428 -430.652863987 
307.65601622 56.6149520711 208.473473227 -29.046842542 -121.931676637 -29.0419527233 453.11922476 -239.561012474 -460.280430833 296.605242681 
-404.214505766 -15.4448417654 -29.046842517 -116.686947453 410.91084237 459.399059276 -128.804525242 291.24468237 -455.891730532 -327.678829357 
-395.490263075 311.560549829 -174.35015564 450.650697381 -139.136222302 385.60184286 153.309345007 -3.18724457226 -319.970735601 -17.987012185 
-29.0447898595 -459.259100872 294.758673386 -171.258440852 445.545375603 -29.0468426158 188.514125469 -400.8777933 -169.122933959 443.209923649 
-41.7403302758 -387.826559 -461.317435876 -29.0468425171 -93.6018612466 459.374813934 308.303605261 310.216803195 -377.418530623 -29.0083316631 
-166.758992665 -458.218661009 -99.6275148441 -11.30605763 -320.243175595 -29.0468425173 35.5296105747 434.020831634 286.815144206 452.102413249 
427.462523217 -408.426018809 -459.148391093 -239.769874321 451.445586041 -29.0468425172 222.269440549 -60.0703754672 -202.103386752 188.890094068 
-402.254476548 -230.766723337 -29.0468425179 396.893571657 21.7186950505 -183.335963564 454.994987827 -429.055405677 29.0451821444 295.13124057 
26.3567052297 -278.59060294 411.408250326 -439.909330604 -149.639497895 460.051106884 188.298751906 -29.0468425172 289.935864923 -441.310419859 
64.6081641064 -243.137241782 334.587559098 13.0712581974 12.7053639137 143.195963839 -189.032820667 -439.536299331 281.107170552 -321.47346232 
-4.08139147768 -25.9906080461 323.37953057 -122.9258282 404.760146316 -319.722149894 -347.277822875 -7.08653832682 -203.683801095 -424.180560377 
-123.043843785 -318.102384276 453.688494939 -458.724527283 277.309917463 403.144303174 27.9146086135 -239.820517457 31.7395019865 -29.0468464363 
-222.27708412 -28.9218932196 -441.886760207 315.542571371 -15.8621933808 -382.837762021 306.998036433 -150.13743205 -3.81654958749 461.872498592 
-430.629501399 29.0468425106 -213.585179082 -340.914948738 392.376204425 310.261400363 -236.695875841 -12.0864543492 462.568486348 -24.4659622054 
446.387656858 -399.869800273 -201.804353747 415.647398876 188.130543657 -28.6826138979 -459.5317736 312.857445165 -29.0468425172 -170.183620599 
-28.8314595343 432.756149592 -416.696030704 -203.753449958 29.0403058404 25.0838844892 -178.002030818 296.802793709 -399.511514576 452.874345919 
448.660988642 316.350059848 28.9915021942 16.18487887 -200.282599964 -417.623198853 -29.0468428547 -197.135288738 217.225010178 337.220229841 
449.751067801 287.373424309 420.04005575 184.954918094 -459.517860919 -239.170569853 -404.004594514 -199.26239581 -29.0468434244 -29.0447483878 
-377.165316684 -7.61459180395 461.859402918 -207.809226357 6.95878437216 -3.57939591196 -134.92755805 -427.487055955 321.656895864 -316.629813696 
455.98396451 -168.324325498 -28.9920357774 -29.0468424999 -390.649466094 -43.9502600715 -378.23528019 -461.221216941 310.371026013 308.936539298 
188.275954327 -29.0468540242 454.399929238 414.953657203 23.2997722584 -427.47215375 -397.934828966 -178.99687279 -22.943288288 316.139489573 
22.623154653 -404.743650024 283.222085024 409.843811094 -426.406295756 29.0339869386 -189.882267356 -29.0468425826 -183.274985464 455.44232948 
-428.074468044 -135.631301478 -441.228804364 321.083403717 -8.45689998949 -208.160142251 -317.124247422 -5.44012809266 462.599236455 8.67359609074 
454.791240806 -23.9518375825 -116.571929927 -410.918924665 429.434603712 -405.156909941 85.0204963322 227.39049927 249.244648803 23.8530631528 
405.162708158 -13.3269555414 -459.948359892 -322.1300653 458.951442061 -177.24762018 -11.9016700786 -134.233325702 313.170228802 -398.735448226 
-17.1916321098 -459.002637908 -60.0013021467 -317.294614347 452.197831908 -2.36883317851 -242.046238959 315.499478787 29.0468058768 275.538128138 
-320.561934183 289.565409621 3.54857258549 -29.0468425171 447.003954419 441.765477352 -23.9404393565 -199.986450742 -459.609733428 -397.761385152 
391.879917465 -415.503318916 364.20146898 -2.80253156977 144.06345911 -49.2203443148 -290.483771881 -106.124731443 163.284772344 -359.361383252 
24.4397028269 453.869695677 302.540758485 -369.30927491 -459.963340214 -237.109771718 -10.4550381754 -17.426208024 -29.0468425179 -313.535606536 
-239.106225137 -407.724550535 451.288300672 185.66285629 -459.234114985 -201.155208729 -29.0467573226 -29.0468448429 189.190315035 419.71128746 
310.649071471 29.0468037775 -430.152127198 -213.036467815 391.4029089 462.45623505 -234.923727579 -19.3734024738 -11.565273152 -336.288672727 
-316.274484493 -237.932102975 410.07032301 390.68642678 -457.658917906 -118.188613836 6.01719074988 -323.95684366 -12.759698045 -5.28585413908 
-376.137777553 308.300632271 190.885669045 -155.188817158 448.562921549 -461.877109204 192.335525895 -29.0468504211 -29.0468425169 410.538218927 
80.6576339649 -418.110601572 -192.060795346 -410.757423163 -17.8747410676 29.0454119737 -121.169955618 201.328964269 458.63552053 415.472711667 
-9.45057439317 -319.841584583 -168.591414235 -457.638001492 29.0302303413 453.231001626 -98.8760237508 -290.510772008 432.173597363 35.7153238807 
