0.969016302808 0.780679896363 0.994696821995 0.766358665034 0.984079067177 1.09054629874 1.14251201916 1.00968908391 1.12842620203 1.14213143477 
1.14212922998 1.17267141973 0.925795025607 1.14213158756 0.811034928317 1.04199133165 1.1937887936 1.02816124236 0.999818762822 0.99648402254 
1.68995907156 1.01708448836 1.04958588956 1.02572887039 1.12577894371 1.39591383357 1.14213145433 0.958093145842 0.799517976638 0.999607823996 
1.0614231192 0.862626958435 1.0376236865 1.55781233464 1.14212981611 1.14137477659 0.967331733491 1.02976676646 0.881800994612 0.849467696699 
0.9655178224 1.11756768988 1.14657833395 0.98252686154 0.794859661624 1.14213143472 0.602397989687 1.04008702189 1.03477896194 1.28801710097 
1.14213143477 0.944013660289 1.14213135278 1.01542246634 1.26972420061 1.09625399172 1.41172915364 1.16873230416 0.871858698956 0.633025048466 
0.992931873011 1.19678893747 0.828904020669 1.14243079474 1.08819886117 0.903555438644 1.1236831372 1.10471624873 0.887534649572 0.93575424012 
1.00109129252 1.06645821225 0.879076709817 1.03948807263 1.14213164067 1.18677827885 0.747700485818 1.14213088429 0.667532263907 0.936114276787 
1.14179744846 1.14213001605 1.03896097312 1.04876581244 0.888290766303 0.971575846466 0.965439820896 0.995278199733 1.44684909371 0.99497087274 
1.23856983344 1.28134293456 1.04976888821 1.16826288003 1.11089570859 0.865563712657 1.14212962775 0.999923955778 1.01028379977 0.972919294757 
0.996470720889 0.823558986407 1.14213143477 0.83065786004 1.19343552907 1.01136878509 1.11384560666 0.650246090676 1.14212717292 1.01453192156 
1.2939488413 1.31228061393 0.720854252396 1.07442162094 1.1678757698 0.931872697921 1.02532771033 1.14238534637 0.983820855384 0.926774099667 
1.14213143477 0.855414259521 0.603843793628 1.29013193183 1.00680633163 1.12419634817 1.1145893634 1.14213142981 1.03504707113 1.06137002288 
0.986176606953 1.08747690826 0.9116804614 0.998890813066 1.14239092709 0.956854563417 0.929183365935 0.777373419825 1.27815538964 0.797159342516 
1.55067143074 1.00467303532 1.14175910785 1.18432678324 1.04667889382 0.784096053158 1.14213478688 0.874207530263 0.990212127758 1.0705521545 
1.3942265647 1.12313307833 0.836028204422 1.29279159041 1.00080754888 0.619472348089 0.671954801189 1.1421314349 1.01720097712 0.966228101624 
1.14210714961 1.00488354401 0.885203952032 0.928257639943 1.22343980641 0.936831370914 0.945920723388 1.12978837826 1.40605616405 1.1370492875 
1.28907628051 1.3865338393 1.09862894908 1.14188245952 0.989532087842 1.05251140641 1.14213143477 1.02908350557 1.15340043788 0.716242852946 
0.878988673592 0.942642157036 0.897914901818 1.04804925111 1.14244231462 0.991708387004 1.11177376562 1.22777386309 1.03682064671 1.16797179522 
0.953933425086 1.03590504252 1.13334932366 1.13992830583 0.929059229915 0.993899912495 1.00741748178 0.892152482679 1.17866525723 0.987833991769 
1.14050875676 0.843703948387 1.38040256248 1.02517414896 1.36723786401 0.967814281939 0.724970417562 1.58179301293 1.14213141293 0.845329861973 
1.14134338939 0.979938644106 0.768778213633 0.980625192876 1.03968959269 1.14214158113 0.981964201092 1.17730227474 1.2292416257 1.22221562331 
1.04238476128 0.856353390539 0.602533142091 1.14213143477 1.01707585323 0.896764077593 1.07648642256 1.03402512959 1.34400105988 1.14160063048 
1.59647495107 1.02854209257 1.33496698274 0.901676206613 0.962714810662 0.921585391816 1.14074974515 1.14212868561 0.835033803947 0.902814766881 
1.34152208532 1.0263504766 1.15976878152 1.48631829181 1.00245608925 0.939486737949 1.14210966764 0.848032936294 1.14211342113 0.957014032025 
1.50207114319 0.86317517422 0.860271604861 1.02427471885 1.00201521929 0.966911777043 1.13555287455 1.1421314348 0.943046132216 1.24337314565 
0.995183251385 0.942706120314 0.993351512219 0.730830152621 1.24534095685 1.19821595949 1.14213143542 1.20448318509 1.01070708692 0.640166339253 
0.909050857387 1.04720466908 0.769772342889 1.00376836535 1.14312067786 1.05150468869 1.21362403614 0.888962730132 1.13760982648 1.23699953663 
0.609388197957 1.12023396583 1.05273323228 0.986733969146 0.724751736055 1.23373379598 1.33425604558 1.14213143508 0.939547367462 0.896237150818 
0.902386886689 1.14243167549 1.04244870053 1.10823753955 1.14079351378 0.99159187508 0.81634505449 0.904585162772 1.15792283197 0.936743581407 
1.59189573098 1.10633425311 1.33798821485 1.04356804779 1.14089898081 0.857405186174 1.14212906048 0.737664796055 1.03033568238 0.922257626436 
0.611037738192 1.30811866133 1.03851478304 1.17183782848 0.999538322047 1.14350035516 0.876189636333 0.995469285094 1.09968494074 1.07225142996 
1.03600034031 0.941533512489 1.01759959827 1.13761235334 1.76560574386 1.36739160861 0.860519188989 1.00818155727 1.14213143479 1.06502113767 
1.50539763079 0.989083454305 0.950750420545 0.917637665554 0.850599448392 1.16450453638 1.50901129144 1.14213143485 1.12971430844 0.895158610656 
0.994154437816 0.93718781978 1.00003572792 1.13851613126 0.888087268772 0.616835644428 1.02154352307 1.21492591427 1.14213131035 1.24391844026 
1.14206453358 0.932540379433 1.0836632073 1.61025826124 1.00681952036 1.02643371558 1.19789708168 0.945007747338 1.23475144366 1.13744299379 
0.997148884016 1.14213143481 1.02805639226 1.13409661465 0.941805799515 0.99266550771 0.845117790727 1.50572572775 1.12111791959 0.966800112861 
1.07309983402 1.26758791781 1.02929526648 0.992737676468 0.970688956426 1.01085697426 1.27703408742 1.02328864286 1.1420611468 1.08584647778 
1.13414286097 1.1204995174 1.50579340758 0.966877061075 0.991483404957 1.02866553398 0.997423999318 0.845451529346 0.941719551462 1.14213143481 
1.11811749505 0.648273103655 1.17435372159 1.05694905167 1.14212897304 1.31853239279 0.963740190934 1.009766545 1.14251142337 0.834227893238 
0.941282438794 0.990631118254 0.980611091639 0.721125678864 1.1421304087 1.05024181208 0.867097791177 1.08098994889 0.864866749845 1.14179385948 
1.22163841408 1.10775661357 0.952704528393 0.534910862654 1.01647312249 1.42429216487 0.965494543827 1.15706414195 1.14213143481 0.940208119034 
1.02583291362 1.11828201592 1.14213141848 0.875676112865 0.941594749771 1.63241628217 1.14213143477 1.41094518355 1.27078442887 0.632244798935 
1.01273430009 1.1425021027 0.880744299012 0.877253482825 1.31304895022 0.977630344675 0.666006533568 0.962022829846 1.07123969924 1.14213143477 
0.947468783532 1.1353354978 0.614214331541 1.14503564956 1.00200184112 1.2420771764 1.00303310931 0.911042767547 1.08841445366 1.10566847245 
0.999436584143 0.880781761297 0.940404886544 1.14212998339 1.05237810885 0.748942173862 1.14197327408 0.976845561236 1.0191513193 1.06791298175 
0.987833001544 1.22768453357 0.858319467097 0.976332735748 0.814580405209 1.14213144488 1.08657937852 1.02532406349 0.969587868426 0.909984299654 
0.970528401278 1.14199130325 0.721144734308 1.46498266317 1.52179222349 0.649760368644 0.857375121751 1.11721051527 0.977907369227 1.17297670988 
0.969538242562 1.14213143428 1.57810483973 0.835641504451 1.07804238105 0.559827428532 1.37876474224 0.814990310985 1.14213143477 0.996536312133 
1.09829758368 1.14213143477 0.989411510141 0.716013462489 1.28923767748 1.02923573774 1.15371563871 1.3865667145 1.14188243909 1.05249234944 
0.974490080121 1.14249189432 1.00868555914 0.958155963105 0.98631721375 0.894962125176 1.10131519271 0.981452845342 1.11802226698 1.1030743583 
1.11822509328 0.987443845431 1.10266634506 1.14248708698 0.956731864732 1.09228722094 0.899230545937 0.983932227177 1.01439723506 0.985346799897 
1.14213143477 1.06099392614 0.608470983638 1.02972430388 0.802854455018 1.28105236018 0.790225495766 1.14213140159 1.01487279048 1.33277884668 
0.960425170518 1.18688812079 0.647937551475 1.14250034739 1.0131547778 0.611506512013 0.998848987891 1.14213061607 0.942631931218 0.758034212837 
0.852546763222 1.49859225329 0.949930628018 1.13793517004 1.14213143477 1.00773135602 0.878819265852 1.53974061513 0.973309115035 1.33006854357 
1.22026563256 0.606520476075 1.1421236907 1.20761787341 0.998175858234 1.45093829916 1.02186503642 0.936202966394 0.834873539418 1.1421302865 
1.07994194194 1.30663197435 0.997993184546 1.14213143477 1.09049129476 1.07680085769 1.53530030736 1.14205044097 1.37684699629 0.998515552326 
1.17350139279 1.16808934894 1.14250366248 1.0096615005 1.14212864619 0.653102349565 1.11818304887 0.90438099739 0.961441238502 0.957559019332 
1.2717443058 1.11534406138 0.799593032849 1.14213143477 1.04285206254 1.14162221031 0.959122082726 1.04979983094 1.39550508948 0.914594096498 
1.14460113212 0.777032465183 1.14208698313 1.14213101243 1.33880801951 1.16655790017 0.886297090131 0.629105508411 0.992443624554 1.08742965371 
0.865840443952 0.963784884471 1.14213143477 1.14213143477 0.95621209902 1.08249437017 1.08172727572 0.701062394338 1.33872752871 0.739878749655 
1.14251169205 1.11760689413 0.980221494556 0.863949654064 0.895060100667 1.0881516833 0.810449590906 0.964046029497 0.983821886252 1.06529523726 
1.61052099889 1.03744105778 0.930208115523 1.55842081183 0.982171865507 1.14134829266 1.4038315929 0.820446287639 1.14213069831 1.0087235865 
0.970535284528 1.26730314082 1.27087774707 1.08867363295 1.02442986611 1.03167659537 1.08424807642 1.01096864167 0.992954119565 1.14206204369 
0.836351778515 1.1254888681 1.14251284007 1.01559542103 0.976365345812 0.962578358955 0.675154943652 1.13129690052 1.15302053902 0.98347375476 
0.846752115468 1.18749306367 0.833529607461 0.705496948414 1.1423962979 1.14213143341 0.921989983835 1.07149206339 0.610774161782 1.21485354966 
1.0018501144 1.24033402997 1.01176033577 0.934345291429 1.21168529505 1.27526697555 0.635032291286 0.888055315156 1.14213062812 1.13516727253 
0.919121358274 1.01107398922 1.14208196135 1.61163088574 1.13849594747 0.955598439165 0.938435540688 1.15182790317 0.893562156718 1.15823094064 
1.01317636505 1.08191362992 0.870119261829 1.42508656049 0.749871169796 1.64418130386 1.24111026492 1.22703790706 1.14213009364 0.978760662962 
1.30253499412 1.55276589711 0.626315677444 1.41225810453 1.09359564892 1.06368403462 1.14213143477 1.14213153964 1.16340748917 1.14906484466 
1.00807077846 0.739409434874 0.914954887306 1.14471220488 1.14213143478 0.896052942422 0.95355905036 1.13792310913 1.25598484862 0.696349254081 
1.18916673628 1.14257057271 0.980483200082 0.948427489816 0.680209104491 1.51481158573 1.00814404598 1.06569020539 1.47218836605 0.968598920874 
1.14213141334 1.05170998191 1.14213143477 0.940235515353 1.15408552183 1.22255464168 0.957809158953 0.869586056356 0.591994183364 1.10785581854 
1.01379802716 1.66301200428 1.2220568897 0.98979955808 1.19635110305 0.820376062093 1.14213098834 0.981669743991 0.885157868441 1.24710138141 
1.18584853567 0.738718680429 0.822476232778 0.996049883477 0.929375308637 0.953070567806 0.958468277303 1.14247720724 0.849452157561 1.12256930177 
0.689450939143 0.917319941244 1.14213143477 0.779244589223 0.971933282799 1.30779247824 1.44590641924 1.14213143477 0.870463485412 1.0741191792 
1.15022824368 0.93082148365 0.767121094711 0.950814463231 1.01852133665 0.898004455209 1.09339441389 1.1424140524 0.824989597344 0.987275060181 
1.09161157758 0.976248610628 0.828820193379 0.657421637732 1.01448975209 1.13520545289 1.12360624538 0.960321712704 1.14246350449 0.969560027238 
0.723692443738 1.48028852486 0.96690224589 1.27341399526 1.05810248666 0.7441042839 1.02273351526 1.14209349477 1.1425218821 0.860985265432 
1.17535173981 1.0042264554 0.947240745059 1.11497080215 0.655998962543 1.07296860026 1.30403680681 1.02738717276 1.14213143477 1.14245699154 
0.890041417591 1.3344680194 1.28040653866 1.02247786661 0.963697816415 1.42521169673 1.14030886591 0.911428087658 1.14213143477 1.35015980913 
1.45252220079 1.35470111252 1.20126309838 1.0246767473 1.03032226762 0.999131539677 1.1421314381 0.941589685243 1.00401715086 0.703172334435 
1.02953330507 0.995598862543 1.19427191891 1.14212700309 0.649950604107 1.0150398329 1.14213143477 0.824846917044 1.31277422672 1.05530690556 
1.52030910651 0.931633476235 0.995375611013 1.42601639034 0.704015002287 1.03358243395 1.04083533718 1.40129578866 1.24464443488 1.14213143532 
1.10751819551 1.68091061174 0.867899335599 0.598996075765 1.17590466172 0.934153723156 1.14213143477 1.14213142868 1.05788324584 1.28872546104 
1.14213143479 1.00519370319 0.906107857743 1.22931309364 0.933167498666 1.43133789849 1.15066179342 0.908928145687 1.05157608457 1.13723039466 
0.766986142599 0.902934764918 1.14212580007 1.00053463187 0.989592651254 0.636849683001 1.24523913691 1.23756446708 1.14211237216 1.19652493281 
0.842814897795 1.14213043483 1.14156829597 0.852220439642 1.01842624704 0.989981632715 0.803818809295 1.04389096329 0.659145912945 1.53404386679 
0.989251884984 0.974295537518 1.12940655567 0.882578070675 1.05146564405 1.3281311844 1.07081963171 0.805983623265 0.935306300239 1.14213143487 
1.04864960751 0.973546698344 0.991531156914 0.953400313654 1.14178125129 1.14213002355 1.04496724153 0.966585539191 0.889008959885 1.44951592975 
1.043487724 0.564525216024 1.07035240567 1.14213143477 1.00705658822 1.60628258024 1.17338951612 1.19751460306 1.14213002068 1.06241207434 
1.03204590305 0.993510458253 0.976640433553 0.564817692141 1.21704826626 1.14213143502 1.01889977236 0.625428174174 1.15681176303 0.963398370954 
1.23093373542 0.964129512729 1.26704077799 1.10094181159 1.02585361095 0.555669169757 0.972785272893 1.18135175298 1.14213143508 1.01733013482 
1.14213035165 1.47268813457 0.949557430912 1.00150913779 1.13311715945 1.00627597658 1.04206867451 1.00659033765 0.987272928326 0.942432710222 
1.19079803881 0.546639792351 1.00522727958 1.14232514108 0.759286608979 1.1421313511 1.03463063424 0.883822271234 1.18031900559 0.776675773283 
0.957167048569 1.14213143477 0.853629227986 0.903361141268 0.888447860653 0.739791210514 1.0989676188 1.03346586532 1.11493379059 1.14213143477 
1.1492690765 1.14213143479 0.906212450977 1.05098289394 1.42965264339 0.933512578913 1.23047673847 0.908188298083 1.00578379765 1.13734440525 
1.26279629272 0.933800990817 0.974535931939 1.13954690558 0.824063778833 1.61077089412 0.788242818029 1.6659482158 1.14212861955 1.01874980687 
0.766019509184 0.996239539651 1.08185520145 0.964690460833 0.976239549058 1.14213143474 0.852391283227 1.07189632477 1.53129562438 1.13337787647 
1.14317813367 0.63257021094 1.12671197385 1.07786129274 0.990167642589 0.90229063812 1.14353706773 0.633179368211 0.992773327046 1.05525074256 
1.02835901907 1.24844061213 1.13043459512 0.911650421542 0.926010500587 1.14213139835 1.14213143477 1.28057082318 0.628415954461 1.36282025419 
1.44684959266 1.51167732129 0.726038282152 0.782825762763 1.03193287164 1.1421260774 0.98232265259 1.07146029216 1.11063006318 0.904077331723 
1.3694385367 0.896923792871 1.04112387465 1.14213143477 1.14090490604 1.32082415556 1.14213143477 1.10549187731 0.775503326755 1.08992627186 
1.1421296459 0.864614895019 1.33467608876 1.37094811241 0.970714062465 0.956274523141 1.27801590774 1.16794347159 1.00114286366 1.23635505261 
0.678146715041 0.528906653605 1.33174285997 0.801080070781 1.17593591316 1.14213143477 1.10144199276 1.01194320391 1.40558851635 1.0651304535 
0.833755377196 0.963460724044 1.14249775236 1.11747490582 0.970680440178 1.00710873092 0.92488633743 1.24493095852 1.13466855672 0.959376397006 
1.34975087192 1.07851697732 1.0821851637 1.14213143503 0.73824266575 0.859322689169 0.981622579831 0.712137434027 1.12244411611 0.82984720091 
0.895830734428 0.855210010123 1.10138321943 0.963909487561 1.04422832097 1.2430986791 0.986496663367 1.1425117206 1.15264389417 1.01270844612 
1.01077229864 1.24549284827 1.1981948986 0.995371700086 0.732320909561 0.942623402122 1.14213143546 0.992428030801 0.64017840705 1.20619826722 
1.14212967293 1.2213776412 1.00384271029 1.10969017292 0.792120706788 1.26804677547 0.632556981676 1.0335083777 1.04361153661 0.999500850854 
1.1421304369 0.977636116092 1.03912196855 0.925880977153 1.38086461301 1.14142957699 1.07689465896 0.973369820593 1.45533401992 1.53849330134 
1.02536726514 0.983839577451 1.29399817242 1.31217577591 0.720490252599 1.16793554711 1.1423853069 0.926756858821 0.932199798969 1.07447706668 
1.28662596275 1.14209095588 1.1421331148 0.966748963902 1.03144717953 1.4120266009 0.86447645918 0.593223454765 1.05455914045 1.05205746857 
1.14134951748 1.40439201501 0.82044679327 1.00854044853 1.03756222178 1.61164989372 0.982178782007 1.55843618256 1.14213069929 0.930301639665 
0.998132197603 1.21811495007 0.786897187373 1.15014222518 1.17808501054 0.546013953638 0.965845586318 1.00960906639 1.14213143538 0.912731508782 
1.12630776354 0.985938571023 0.715270292224 0.9621918676 1.23998029277 1.0667369013 1.14202128272 0.932571379605 1.562157565 1.08127259922 
1.05274584322 1.02315742159 0.852053372211 0.88254087093 1.60503791091 1.14212676301 0.863413814978 0.907399913459 1.14033682048 0.97365518792 
0.98641250529 1.05358791307 0.992782064896 1.08892873609 1.14241151648 0.929544243667 0.759848280795 1.01882492728 1.05226496322 0.706491055416 
1.68618529477 1.26472003604 0.933219016689 1.20045864382 1.14212882576 1.41077433296 1.14038757865 1.02434850349 1.60306229187 0.85468462859 
0.822417087569 0.917909334253 1.14213143505 1.01662402806 0.672727420693 0.891507052273 1.12161083069 0.9811965382 0.981470135893 1.05536934962 
1.14170988437 1.04941073401 0.866002987503 0.985112867136 0.698722858424 0.832287684202 1.08297692723 0.869059603439 0.995273943759 1.14213045891 
1.14172359746 1.14213143477 0.959004367753 1.04546462242 0.984303387215 1.39280978854 1.22710475455 1.06937229906 1.03103787715 0.804242573209 
1.14725037612 0.954638315712 1.0387327888 1.12055308124 1.1791341568 1.00929356103 1.00583988159 1.02567112077 1.33722239704 0.615298389742 
1.07175584116 1.30637517022 1.17498132082 1.00031319651 0.947099919378 0.655059773931 1.03060983586 1.14213143477 1.0970639611 1.14245662704 
1.15661459139 1.18137420616 0.999059545083 1.14212538143 1.22535550147 0.836092531208 0.917242149095 1.12347057628 0.64710773222 1.14213143477 
0.629763810698 1.24841971156 0.888203600101 1.21075332333 1.42638014738 1.01123469108 0.838501777435 1.14353542426 1.0012077984 1.1421307116 
1.27293013626 0.583773822588 0.803424682845 1.26906031964 0.992713256014 0.985298117463 1.01781118007 1.25722715884 0.610187134622 1.14213143494 
1.1106551702 0.911509675227 0.936682020814 0.906465324173 1.14242637081 1.1224028072 0.994799818929 1.13548634834 0.991900865516 1.03054311327 
1.14250620279 0.922290515199 1.14213143477 1.18105027544 0.681866424629 0.891581396026 1.10440976881 0.894464552582 0.861525475838 0.963423259912 
1.14127577243 1.14213143477 0.853134747321 0.878675371483 0.886577867015 1.04431144041 1.03623408488 1.71231829221 0.996848814528 1.26220681821 
1.00346548298 1.07239956518 1.17563628234 1.14213143477 1.02787379902 0.946886743998 1.30467736311 1.14245598634 0.656263489923 1.11046495032 
1.0279558637 1.00975525012 1.14212868104 0.615102793367 1.17274967643 0.767492147396 0.957726660067 1.1424915101 1.12643597568 0.641214301775 
1.02689546149 1.06927768376 1.10948202942 1.16510689149 1.21573542719 1.14213143477 1.14199134885 0.846843498265 1.15104222851 0.996310003337 
1.18690638697 0.75889239893 0.951776648969 0.929034751763 0.664975882861 1.14247320076 0.898884441844 0.970480467794 1.14213031634 1.01343432641 
1.07043948391 0.619470760623 0.995135174338 1.25284425257 0.750732600771 0.988003689181 1.13799546589 1.28935392077 1.14344066932 1.31014386344 
1.29871234548 1.14213068531 1.25203182523 1.00128890886 1.21798497273 0.89613033002 0.83206017712 0.624721056881 1.01175519641 0.887597660965 
0.854620255244 1.07649697372 0.856354484987 1.26246819976 1.14213143486 0.934281006816 0.746711117301 1.02140427981 0.904071155395 1.07616499372 
0.967239639834 1.14213143477 1.12116726927 0.959302861128 0.857545610323 0.64816788595 1.07299809661 1.14213143474 1.03447057993 1.01588305361 
1.55869135494 0.820437729121 1.40631148978 0.930553592582 1.00740075658 1.61706391029 1.03764233967 1.14213070196 0.982388867213 1.1413545564 
0.903279189428 1.10576968572 0.850734495206 0.990292069539 1.12352663338 1.06206188528 0.970620497383 0.936003718309 1.14242386701 0.905944015585 
1.40251426351 1.00929892868 0.981725255694 0.820601934892 1.60819551099 0.930104587525 1.5576398056 1.14213069724 1.03763177835 1.1413538743 
1.03835465956 1.02980641775 1.34533856498 1.01392052947 1.45314190338 1.02578158177 0.956553552871 1.14209875915 1.24818573288 1.03720186293 
0.978742136199 1.10352387749 1.08160537348 1.14240877459 0.708534473468 0.92810229608 0.985048374035 1.49731465092 0.964470975461 1.03358549941 
1.07191665762 1.14212928004 0.810004499997 1.03718909829 1.14541043796 1.0270680938 1.07836453297 1.14211631916 1.41575723543 1.03567967053 
1.52639672184 0.757260770651 0.92267971175 0.947807163705 1.06799138035 1.08080570264 1.04937645184 1.14172606417 1.14213109739 1.02688231875 
0.663265877585 0.958520807313 0.989946406784 0.840494318219 1.37293651059 1.13638889675 1.7733714218 1.14213143635 1.00272379396 1.13404885192 
0.656232622232 1.14245594095 1.02789793357 1.1103510558 1.07240317039 1.14213143477 0.946870243889 1.00344432449 1.30469419198 1.1755827249 
0.929180375072 0.986179238329 1.1423909218 0.91108778081 0.998796703487 1.27836703216 0.796937428932 0.777138637278 1.08739542236 0.956611983669 
1.12570400806 0.948615200824 0.915045807078 0.894357678965 1.06999137513 0.996181581362 0.968567343322 0.964273858408 1.1424630104 0.998444410565 
0.75442026126 1.14212940051 1.06670288267 1.00557743777 0.877954086145 1.15290425638 1.23293518649 1.12954632293 0.99849552425 1.27054337108 
1.15563125079 0.940742857695 0.942484106468 0.534928943694 0.966118958415 1.01643046238 1.22223808947 1.40572370632 1.10709800026 1.14213143483 
1.01690782927 1.46221205916 1.00947388228 1.14201598149 0.6643107662 0.977749320851 1.28389330273 1.02519950622 1.14081918426 1.04355382263 
0.971470854424 0.802937847112 1.04674265403 1.02191010868 1.14213142359 0.873142492291 1.21816094252 0.924047525412 1.2829955062 0.981139314043 
1.16939149187 1.19898061908 0.565879521737 1.14212999623 1.04422470348 1.00834071206 1.14213143477 1.07105927431 1.06826289831 1.60597061342 
0.859735596238 1.44741048201 1.1272252009 0.922020872696 0.966637737346 1.03917770846 0.715941612709 1.12988478837 1.47047586985 1.142129601 
0.872206001409 1.02456896083 0.990954604032 1.00527628345 0.956084092378 1.37930720951 1.27460519312 0.913418363915 1.14292066848 1.03414378681 
0.978643852901 1.14818254816 0.824864114725 1.16513289187 0.991568943161 0.924326929742 1.09464482396 0.642857644491 1.14213143477 1.1421077797 
1.51892725727 0.622454277771 0.784646057341 1.15157437402 1.14213143477 0.991819403277 0.954514303897 1.06925297362 1.05729155296 1.59338555709 
1.21738090662 1.06005768764 1.02690047197 1.14213143477 1.04707446368 0.805390067183 1.39217273551 0.969478262392 1.14176831383 0.989244931627 
1.09926738496 0.797895782582 0.926957524838 1.14238579333 0.792268371301 1.30560749882 0.976995762653 1.07724664793 0.805688937386 0.984441728456 
0.89068791567 0.693898259886 1.14241629924 0.987115616603 1.09503126911 0.883468522627 1.10475950484 1.07156371406 0.906104806384 0.931779263285 
0.95484395157 1.14208342167 1.16789290173 1.09913474712 0.930902720946 0.892940010704 1.61162921975 0.919867314496 1.01160781448 1.1386243516 
0.877791536954 1.14213179822 1.11862916109 0.787754000601 0.847459072822 0.925105541635 1.21585235003 0.970839136832 1.01961914907 1.03799844835 
1.14212954604 0.998228265799 1.14213154656 0.648847815593 1.49038225997 0.761896333946 1.11460185301 1.16347891803 1.17171699421 1.05774222949 
1.15071243725 0.591769025038 1.14212980514 0.98875326487 1.14297578291 0.95855796632 1.00140607783 1.1421285149 1.1338752856 1.22723652494 
1.01754957175 1.06671287466 1.00439453081 0.971841142355 1.22590860172 1.22877433976 0.543510983095 1.34303234619 1.14213143518 1.26028140073 
1.14164210683 1.07787513843 0.862430500888 0.943488999029 1.4652041529 0.8786755633 1.14213012842 1.04679007378 0.981437331437 0.886896801513 
1.24482857273 1.52135760954 1.39990010047 1.04005717116 1.14213143536 1.03324801294 0.931513526318 1.42740634108 0.704039362325 0.995579972907 
1.14213143477 1.14079678798 1.4003167531 0.942932646895 1.02823197612 1.02250980547 1.34734721253 0.914327103831 1.30007466395 0.889419645892 
1.00070354101 1.04034261819 0.935167928735 1.1421308175 1.06614860949 0.665364201575 0.748783630309 0.952094160075 1.14213163964 1.18501155426 
1.037303327 0.986511486565 0.966844365153 0.841982447113 1.08572198321 1.1940349553 1.14213156872 1.14213095741 0.834022769662 1.00486615511 
1.18060242031 0.97189401789 1.14179863219 1.51571018939 0.995222862052 1.07837524238 1.62989616076 1.04842622777 1.31374831054 1.14213031446 
1.60054373749 1.21752873236 0.958920480625 1.14056468295 1.02631520765 0.800474764203 0.828298905518 1.34635411856 0.919843704448 1.14212871879 
1.31611281131 1.02709069774 1.00203331809 1.07029574962 1.35142612753 1.08494513758 1.02810362975 0.562023410567 1.14213143313 1.14213143477 
1.5362662543 1.05790669282 0.953193396138 0.957804718464 1.14169059803 1.14212978861 1.04465793493 1.66716352219 0.937782506551 1.21829040405 
1.65273169646 0.923297676998 1.60500535105 0.9389832993 1.14022946376 1.14212949612 0.835417960074 1.02263416108 0.955021467524 0.838415402417 
0.894690840386 1.27981317606 1.3704225932 1.01013962691 1.36696787835 1.20362379309 0.929561207686 1.00236868622 1.14213047242 0.656142171936 
1.11341840236 1.53908704565 1.04321295969 1.14153059551 1.28635387652 1.14213055453 0.983248764921 1.10952503575 0.921515822399 0.979916047766 
1.04843115977 1.28818931064 1.14213143477 1.32525702 1.13558294183 1.2565272073 0.623627935175 1.00428943527 1.14213142493 0.98090185215 
1.11218729048 0.836517126901 0.651084204487 1.14242495191 0.992254800026 0.93503669703 0.888794893766 1.03649467158 1.11731313453 0.883625220759 
1.14213143487 1.14383236796 1.2742227987 0.904745037464 1.29614870941 0.986754989634 0.734740356878 1.01270339781 1.02407690465 0.618310404292 
1.30102930679 0.60926733193 1.23525474421 1.14213143499 1.27242718339 1.20407377913 0.58817709284 0.994446938429 1.01842926225 0.98670602343 
0.85229945446 0.842792781157 0.989865449569 1.14213043167 0.659187711934 1.53414662055 1.14156784006 1.01849358613 1.0439326434 0.803827317153 
1.03187359423 1.14243512367 1.04358980312 0.88491341629 0.989041863724 1.10308228242 0.867152922448 0.940576271442 1.01945040792 0.923415441201 
0.941964081109 1.21280755434 1.11948995192 0.995147168846 0.877589205595 1.142444307 0.911011720362 0.980725480182 1.05654616336 0.928629177335 
1.58103788647 0.901509222634 0.990239084526 1.21845389579 1.06850941065 0.992233288661 1.14213124035 0.963510282447 1.02149873417 1.01655788193 
0.666034804659 1.12898321011 0.988898902036 1.16235140312 1.02372748282 1.03109114259 1.04730159386 0.98111214306 1.15067472517 1.05226268737 
0.994390819564 1.14248291905 0.977451781377 0.815882983661 1.39113209086 0.908718383075 0.973871856107 1.14213143477 1.12096639255 0.672798177235 
1.14213143204 1.08120697792 0.859404063728 1.41072232334 1.14213143477 1.32729351637 1.06582586156 0.84438144591 0.548177530992 0.991255508791 
1.14409162195 0.993579186332 0.638165380876 1.07582970982 1.09050823569 1.03403728813 1.06391936876 1.00023420636 0.972228617953 1.07490163965 
1.14213143477 0.946631928654 1.32090596414 1.04691892137 1.14213143477 1.03342921166 1.31837989586 1.07752914291 0.675723142419 0.858464250015 
1.14213143476 0.940681308408 0.942318764776 1.04699464304 0.95618221482 0.890794707167 0.647096674239 1.29062845488 0.763678355621 1.14722154496 
1.09872277169 0.988493537185 1.25143005924 0.950365299599 0.981758112297 0.714020577138 0.931957011431 1.12923425955 1.18078817626 1.14241678891 
1.00484204489 0.543368653757 0.971293336416 1.22328664034 1.34254348395 1.27581695308 1.14213143509 1.22819348934 1.01762873024 1.06940771089 
0.980991885294 0.953436748939 1.10447323028 0.992675613788 1.0788550249 1.01023870681 0.795567571589 1.14203459922 1.15113668578 1.14273980866 
0.958163458192 0.844786033067 0.704867744756 1.05379800366 1.29767480338 0.962302115371 1.14213143477 0.823590298055 1.01498799979 1.14190501277 
1.022796443 0.921923803499 1.03644128441 0.963521373188 1.09001046631 1.14213338975 0.784949950459 1.16777321056 0.813809711925 0.737161752074 
0.641250027705 1.14213143544 0.936153753816 1.5685326368 0.995409867937 1.16276635705 0.853984328916 1.26866464966 1.019953081 1.02101731794 
0.633121472978 0.912578468003 1.05872661455 1.18904768122 1.14213143477 1.16555757044 1.29050515183 0.644828980574 0.927331368174 1.14213143314 
1.12698893675 1.26535518579 0.991316769867 1.23793565671 0.657047776864 0.832068325515 1.0700802251 1.0024917253 1.14213143685 1.78398463781 
1.1425103075 0.959141624961 0.813173119948 1.53922570787 1.178236284 1.03871564398 0.973957996895 1.14209936452 1.52095458311 1.07900988125 
0.851030030855 1.57339337892 0.899706202654 0.861151130086 1.01896544246 0.975560294293 1.13978750167 1.19255174562 1.01841941447 1.14213143216 
1.04952831212 1.27116914442 1.0442825177 0.916945543128 1.39880043694 1.11445653401 1.14213143477 0.961758765632 0.79891251757 1.14163284118 
0.965028836272 0.55557184189 0.998893439915 1.00570925683 1.14213143484 1.22478229587 1.00968760893 0.906134806762 1.04343238245 1.44742816005 
1.34329690828 1.07309021562 1.01758571229 1.14213143477 1.14213143415 0.794255978566 0.798340379742 0.935414062739 0.700302931048 0.931639303647 
0.908927124783 0.832384485624 1.36088451759 1.06628597704 0.922377503263 1.14163999435 1.14213143477 1.04606833521 1.22374766061 1.06705034314 
1.14213016929 1.14721047385 1.07020674818 1.07000059141 1.24781711121 1.00088213666 1.21772458564 1.25589744082 1.14213063367 0.604778172389 
1.00493118869 1.14212784664 0.908142466274 1.3837734555 1.09159549964 0.954948906744 1.25056979794 0.995455718692 0.996945784081 0.88187998025 
0.916257905781 0.967692162568 1.13029544808 0.893864223105 1.14213143484 1.16244849705 1.50900983697 1.50963822326 0.990051695422 0.849446923555 
0.776645911104 0.624915968261 1.26304836857 0.888284755332 1.00507400011 0.750335153802 1.14213143483 0.983772772251 1.07907521168 0.950719129972 
1.41287927806 1.14213143536 1.11375977814 1.26718794643 0.813201749793 0.974665626323 0.74228537868 0.944259150444 1.44384740126 1.04252421725 
1.01919423539 1.07246411463 1.14374277016 1.13239246302 1.07227927607 0.758000489532 1.14192127289 1.14221412391 1.12439853283 0.762744449857 
1.1421314348 1.01784270048 1.43433425095 1.20390567438 1.00904001315 1.22351479267 1.33567200062 0.543030943923 0.966367122819 1.09147526865 
0.655617882862 1.30504803926 0.719985105597 1.00325711655 1.14211080913 1.14211973172 0.989104622221 1.17242692396 1.1612349952 0.864410420216 
0.938631263793 1.14243219287 1.02247280253 1.14211603592 1.33834570141 0.881467858046 1.01811871306 1.30628809862 1.19509465931 1.08067930804 
0.929447976834 1.23248469203 0.608559024107 1.00826269481 1.14213143477 1.21679926158 1.14212897792 1.00036642621 1.10040600207 0.989184166839 
0.984850763512 0.790090764799 1.05035900151 0.83494435878 1.31606726889 0.796502185002 0.925229505569 1.14238261733 1.0728899286 0.978078190209 
1.14199919482 1.14213143477 0.983507439063 0.994012885623 1.51618074407 1.08107382979 0.946473463283 0.817716255493 1.52470100408 0.780607584991 
0.890067953244 1.01562536072 0.847669846 1.62461668415 1.14213143477 0.899189161798 1.04460801067 1.06331052766 1.10330195977 1.14157212019 
0.740477509017 1.14210989302 1.10462741656 1.21018652922 0.897002150334 0.90399402039 1.14213143477 1.26897961617 1.32786877739 0.890684297196 
1.05104065687 0.971922696157 1.14248059042 1.04887164493 0.92740168523 1.10080357346 0.993365252892 0.955030442313 1.11884462428 1.00991928459 
0.998577962901 1.1223359978 1.09051709144 1.29819165751 0.598843775047 0.623167195191 1.07631999353 0.994227605651 1.14409201165 0.842095877877 
0.948851254222 1.04952948676 1.14246406348 1.06948720986 0.930723260014 0.99658017194 0.919134297781 1.07171410498 0.983507181887 1.12322241094 
1.12382800989 0.660524236693 1.02338244329 1.07353855376 1.09014430967 1.14213143477 1.11954869874 1.1424905756 1.00397111565 0.958484904846 
1.45361033064 1.39092085878 1.10311770126 1.16872877629 1.07996468026 0.974160639854 1.11441155327 1.00365293959 1.01879176084 1.14209403744 
0.986991091179 1.10562876764 1.21675584425 0.928535588645 1.00112008645 0.608564896836 1.00775201603 1.14212890789 1.23059504555 1.14213143477 
0.913728841835 1.14156367964 0.84356241145 1.54400530477 1.00576927773 0.897387012624 1.14213085065 0.772447721728 1.01321005812 1.04311574286 
0.621660476054 0.989981707163 0.942036685938 1.1424391464 1.10678325212 0.880819422818 0.999893896011 1.17670716013 0.91809636785 1.07640894616 
0.918895881048 1.4669443006 0.945935943016 1.13885665864 1.14213143478 0.94008198472 1.00672543918 0.960893734164 0.903714803925 1.01232705891 
1.19365375408 0.681420880816 0.975849542554 0.905626700966 1.01525763869 0.953806539335 1.14247932753 0.755204166358 1.14213090313 1.03957063945 
1.14213116797 1.23811646208 0.877859555577 1.11892234382 1.23497948421 0.880678121555 1.32743608328 1.00575349026 1.02135264163 0.980476706425 
1.2128408904 0.741159085531 1.17095022383 1.1421314349 0.957105040177 1.1390514359 0.667150060221 0.5673174244 1.16212684631 1.02059282379 
0.935785449041 1.14242691902 0.837176871474 0.651124764762 0.884493958123 0.992218161071 1.03709287635 1.1167153947 1.1117445697 0.890365209371 
1.14744470254 1.25659525927 1.33244354049 0.619461228355 0.887429605168 1.12130425201 1.00553782856 0.918884481703 1.0328758369 1.00939096922 
1.23342484737 0.782355629397 0.999836937062 0.92284317132 0.929649017881 1.00129636127 1.34519924684 1.14212995423 1.01322209728 1.26456569022 
0.789477119729 1.14247981933 0.975924165201 0.953974270975 1.1800778475 1.11826038096 1.32641603179 1.14212957687 0.64531348479 1.0115131995 
1.15371879919 1.14209068023 1.01579833736 1.07657568013 1.52767600529 0.774257357111 1.06483173249 0.974556585703 1.13449739251 1.13275098798 
1.04385671249 0.80386650584 1.14213043167 0.99045351613 0.658407454735 0.852116948064 0.84280174764 1.14156707107 1.533897452 1.01781468846 
1.08067906888 1.05492202952 1.00853102048 1.27356523147 1.14213270684 1.34443635293 1.37268096166 1.1807541079 1.13423196322 1.00732568216 
0.996159285829 0.894414680775 0.915066675497 1.14246297568 1.12570803746 0.948605751437 0.998451352203 0.968569509361 1.07002063869 0.964294957081 
0.983220730107 0.950964724135 0.933440293621 1.10626541809 1.27918056331 1.14234430258 0.971523961082 1.01300464984 1.35463805878 0.904673083456 
1.0187053839 0.609456173398 1.20703900909 1.14213143492 1.27221195657 0.994361915653 0.98669988729 0.587867424805 1.25910762833 1.30206379937 
0.920806667212 1.54807481131 1.04127376527 1.28840346262 1.14147758108 0.851440145067 1.05151893967 0.962917154077 0.971977196118 1.14213034009 
1.0915183626 1.14213157508 1.05359083422 0.985501069618 0.939743674992 1.07433773342 0.664239936287 1.04097598968 1.18903237639 1.14213143477 
0.887510813418 0.886310827872 0.875031901559 1.37899799889 1.02377503764 1.08502844153 1.14213143477 1.0357902105 0.82240551293 1.14124531551 
1.06117036905 1.14242405788 0.990367327513 0.903507296512 0.849942326959 0.936059964442 1.12799520486 0.970926346858 1.10594835589 0.905668542503 
0.905736193193 1.06043265569 0.903636832694 0.971087148877 1.14242424277 0.936132092707 1.10615953346 0.849472717416 0.990423263369 1.13004035409 
1.27438330721 1.056704324 0.836135538611 1.01142605973 0.997149051334 0.56068850221 0.837128420297 1.14213143407 1.07530999225 1.14213143477 
0.644199340583 1.77084095023 1.19510011425 1.04212100111 1.14213156272 1.00336059269 1.02713959064 0.806799615539 1.14213098774 1.26273373992 
0.908410925533 0.915954406558 1.05549653441 0.536056757539 1.14593205118 1.47202047922 1.19455582186 1.28010315276 0.769899866934 1.14212133388 
1.05861033133 1.14212728356 1.23246673824 1.0315939204 1.26490924204 0.996351342311 0.999233536195 1.06985951871 1.0379523279 0.994644019374 
1.35315429727 1.33990433526 0.887634256842 1.0016384657 1.18139376736 1.14213144127 0.63246499898 0.719983155228 1.24225616201 1.00513404471 
0.560772250488 0.610884223799 1.14213143431 1.34359576113 1.07833518886 0.987241180664 1.14213143477 1.00675394035 0.910493285408 1.00780317166 
0.892698110464 1.1421399494 0.78354141025 1.07202819574 0.958812557666 1.32702953582 1.38040756574 0.836643418701 1.10804482251 0.931861816843 
1.14213143496 0.899221332894 1.23587841743 0.967088780897 1.24643292828 0.997669584279 1.12904553278 1.22315475448 0.988235583207 0.638916681459 
1.00234892597 0.929897192746 1.36724340114 0.894353927031 1.2785776648 1.20360292901 0.656198012818 1.01015873731 1.37042412906 1.14213047557 
1.13067875941 1.24873321186 1.28030932058 1.14213143477 1.36570120383 1.14213139746 0.92710418911 1.02804675336 0.912767342441 0.628205928249 
1.01172995112 0.856825783003 1.04564901842 1.36028685832 1.27971356181 0.689857899327 1.80100837937 0.993485830129 1.00561775893 1.14213143946 
0.938447409868 0.955735141051 1.14213127422 1.14213156752 1.0052027817 1.2033558112 0.953708590292 0.746479178891 0.6455177125 1.0277605573 
0.694748212537 0.754499112108 1.14213143477 1.08381741777 0.678424429275 1.32393683374 0.965915148785 1.31059201789 0.958371583006 1.14213143477 
0.786583008749 0.949979889967 0.934714368482 0.986948515678 1.1421314349 0.970787607772 1.48933690534 1.1274742746 1.13522056013 1.02282562702 
1.01761585269 1.1421314351 1.22348548332 1.06903631379 0.543351374889 1.34253125907 1.27387675577 1.22824780417 1.00481961283 0.971330235864 
1.13145139329 1.14954641238 1.14178281137 0.8752329732 1.27672292975 1.27026199911 1.15776965033 0.684311218339 1.26654389693 0.686267129955 
1.08089617912 1.41689273734 0.90117427664 0.967036584734 0.761472611855 1.14226838315 0.959417490752 0.950450032213 1.56939189275 0.982578450062 
0.841341164562 1.03891685252 1.36882756821 1.07483048811 1.05700738297 0.874046861432 1.14213143477 0.903986850156 1.14139673381 1.21106257221 
1.04190013018 0.956825665462 0.939322333295 1.13256568966 1.05026984265 0.943463668488 0.598459224582 1.14213141204 1.10508494521 1.14213143477 
0.640499814944 1.14213143479 0.959105350189 1.06731203411 1.01742034769 1.09642417504 1.31192066724 1.1421314333 0.842875275464 1.27079531578 
1.14212975057 1.32748303696 0.951289062574 1.0221988151 0.943656395474 1.60534886613 0.821981194889 1.07688974204 1.62146159034 1.14021223988 
1.03723299948 0.623932306815 1.33388774721 0.906991061553 1.0021712825 0.913320476126 1.2430364487 0.997106000825 1.14212938201 1.3451716561 
1.16483758368 1.00512879436 0.944659963698 0.954436415517 1.07393858636 1.33497759055 1.05948046293 0.868685875731 1.14248234628 1.41876182564 
1.1628130997 1.31918248719 1.14636762702 1.14213117559 1.1420989254 0.949171417493 0.793361998448 0.995076901384 0.637455136569 0.962006592777 
1.51224018363 1.01468023817 1.32708488379 1.14172343475 1.28737603905 1.53111052429 0.826309952678 1.14213006814 1.04179119522 1.00875828856 
1.14057373399 1.44237109617 0.982841891795 1.14213143477 0.889826886816 1.02451027795 0.919374977052 0.798170303067 0.968029351911 0.704164115816 
1.29655870772 1.141433526 1.1287878815 1.15053861444 1.23072846413 1.02580919017 1.01994753492 0.716627038962 1.13560133956 1.21523563814 
1.22501041476 0.883695573879 1.40995206654 0.936561540974 1.1256672009 1.14210697068 1.00497283502 0.945780130737 1.13704067553 0.928427784371 
1.14213143461 0.565306524039 1.07271596785 1.07389269737 1.02083135578 1.15814550188 1.07245222295 1.1421299746 1.04175058543 1.01750286607 
1.0184593473 1.14213105061 1.33344501373 1.00562982487 0.857895924003 1.18106341195 0.803995028488 1.19929106805 1.12376621088 1.44327747833 
0.913742840906 1.14205150138 1.01081826137 0.786499720278 1.13420191234 0.778614412374 1.10184144581 0.890741473273 0.966661926074 1.14214533493 
1.00316457648 1.02496819104 1.13123727936 0.905116865909 0.879114751357 1.14247293569 0.855530445584 0.91895297608 1.09385846511 0.952002474704 
1.1024502985 0.84040191713 1.14213143477 0.739635183364 0.908842830368 0.953936742818 0.88414712093 1.11484143165 1.02059870019 1.14213143477 
0.862773641893 1.12216373558 0.623562961286 1.10183266148 0.983284844163 0.602142567762 0.996821715409 1.14373084747 0.991225377101 1.08070541882 
0.977501893295 0.753903437746 1.29246098002 0.937929203936 1.63106265116 1.09769381347 1.05783091887 1.14213143499 1.07525829481 1.34566214988 
0.983311110337 1.29892441225 0.670760527571 1.0745035573 1.14249166447 1.14213143477 1.02909249891 0.958941068181 0.949084034629 1.01321374317 
1.11818404464 0.961619425317 0.95801756288 1.14212865217 1.1728480244 1.16536251644 0.902508054469 1.00937922624 0.653443691525 1.14250423614 
1.00653209351 1.23037528027 0.877905295101 1.14212959021 0.973860911163 0.753483207748 1.08013811138 1.16486695765 1.27138032086 0.998831354827 
1.04956013903 1.0012178237 1.0846584418 0.937464370404 1.14213142491 0.973573457928 0.624264181298 1.56959504543 1.47479193935 1.14190042276 
0.902173779333 0.631919911501 0.986439261904 1.04231351562 1.44492971587 1.03528430646 0.98485357946 1.05941714111 1.02330596223 1.14212764219 
1.14180097742 1.04866164755 0.972093870328 1.14213000767 0.998747266509 0.996068911587 0.967240002823 1.0378553988 0.888347291966 1.45068295521 
1.34268418201 1.01763434643 1.22820969178 1.0693502592 0.543352191138 1.14213143509 0.971314679469 1.22329417626 1.27505476964 1.00482362056 
0.973945804383 1.14248049804 1.07005800771 0.905110870615 0.678753243482 1.19366363544 1.14213091788 0.954188890205 0.764099341795 1.01532601123 
1.00979182716 1.17533428103 1.11531441879 1.03923606314 0.973572971946 1.14201144559 1.05922936051 0.866863207505 1.02057266252 1.01767212786 
1.06858134354 0.992806738362 0.643686556592 0.895193944936 1.14213143477 0.841141074015 1.06696710718 0.941915426773 1.14244284078 0.865042458397 
1.02866789205 0.980064570589 0.93228747599 1.08077813379 1.14246787007 1.01046506517 0.951471592563 1.2992805808 1.00854026022 1.1421158305 
1.18916573789 0.902635785054 1.26520140465 0.887915760069 1.14213143477 1.1421078293 1.38436541825 1.10771035955 0.740769820731 0.899739729185 
0.837023514599 0.793448658164 1.14213143492 1.33056292812 0.917947734974 1.06195836425 1.12692414795 0.695473555357 0.820158623183 0.98626678812 
1.06109181039 0.903674169242 0.906949185699 1.1292089748 0.936124127683 1.1424239695 1.10610467938 0.990412353124 0.97102989758 0.847842489626 
1.30312595665 0.963847568815 1.14213143489 0.987473531852 0.946678170433 1.0913750867 1.5766426581 0.928943770293 1.1352674794 1.12849577102 
0.957699658654 1.06822033071 0.616180085511 1.00144580841 1.34357840495 0.897796974951 1.01568192905 1.17409396249 1.20240964161 1.14341127696 
0.645213624858 1.14247968398 1.11815162363 0.975872647905 0.789352333345 1.3260005157 0.953930393252 1.18001373233 1.14212955682 1.01145642379 
1.67820598039 1.05094868741 0.804495813879 1.0236028238 1.0260931323 0.984665685593 0.710290145342 1.2466786632 1.03662639189 1.1421300614 
1.13415349455 0.812645453804 1.00059055207 1.1182097495 0.996818996637 1.34129855352 0.972354823647 1.14213143481 0.882347025767 0.96195558624 
1.16833291089 1.12834254033 1.0004703298 1.14246918547 0.896195577733 0.916080719169 0.984904938502 0.950556961387 1.04575605145 1.0576840596 
1.3823122515 1.14169781938 1.06592980229 1.2301775413 1.14213143477 1.04576969197 1.01588031098 0.809628370997 0.956617932806 0.938270678329 
1.1878932368 1.09849610226 0.869474008531 0.992363992821 1.1424295966 0.903802157458 1.04533959577 1.02563169993 1.10783135925 0.936293493787 
1.00707589899 1.40638100331 1.0376170975 1.14213069922 0.982513256846 0.8203268818 1.55868201403 1.61732103379 1.14135563713 0.930541651257 
0.551875641951 1.11328027456 1.60262208942 1.14213143523 1.18092764424 1.18238572417 0.936827226591 0.965711515479 1.02262542325 1.01692381247 
1.05544419063 1.2469586783 1.13716279857 0.900867813161 1.38555522408 1.13649260584 0.935212326465 1.00467468577 1.14213143479 0.906448011765 
1.61429744472 0.868843673814 1.19311132804 0.987079740115 1.24881267746 0.852296408975 1.09506181236 1.14240877086 1.23069924722 0.936282345166 
0.990962399698 0.916573973253 1.14250152176 1.12661414067 1.11728860517 0.952150008132 1.06005280513 0.96043448039 0.800562721963 0.997792545221 
0.855350787578 0.986625816391 1.10225651145 1.14767908898 0.896500088855 1.0419125217 1.23399294675 0.964195085295 1.14251212738 1.01254127731 
0.877516033111 0.979692195887 1.14244446815 0.995122893262 1.05677807306 1.21367698214 0.929137189745 0.910876001312 1.11942392969 0.941953566988 
1.12673619493 0.632815620542 1.14316904353 1.05465003278 1.07816133118 0.992860703964 0.990802627937 0.633361935472 1.14349009182 0.902235534745 
1.10908887803 1.07232379254 1.30294545858 1.17370886642 1.00303807064 1.02717006192 0.655686954042 0.946699488733 1.14213143477 1.14245547914 
1.03336839555 1.39523565407 0.877577132519 0.754801257731 0.83958811043 1.14213143477 1.1315313701 0.885533168841 1.14110817962 0.88497080984 
0.789598807979 0.991742246878 0.980077525019 0.998818121362 1.14213143493 1.43676246293 1.53293019651 1.29696448981 0.696264482981 1.09135625716 
1.52297217613 1.52859373179 0.779303141888 0.943688192419 1.14199899263 1.0813705389 0.817209421583 1.14213143477 0.994132281211 0.983419877536 
1.01662754126 0.65984392352 0.915756886467 1.14212946761 1.17793827202 0.962258547096 1.14250414574 1.01082107747 0.961582120694 0.760564812121 
0.932838073525 1.12178064711 1.14213145012 0.659979106032 0.904535844761 1.14213143477 1.32896909545 0.965145866265 0.697170070567 1.07994770347 
1.00694270294 1.14246184674 1.01728592078 1.03888136706 1.16304900349 0.947531474822 1.14212386376 0.958796665754 0.790547834914 1.24409025233 
1.04234449794 1.00824271283 0.891625100312 0.834741186647 1.33461953825 1.16899086418 1.00504774512 0.618510128725 1.11905656006 1.14689965023 
1.14212863018 1.02491876551 1.14213143477 0.906317257545 0.814491595845 1.00013915453 1.2271062188 0.721628487106 0.918681831559 1.24261518522 
1.11433717938 1.04890124652 1.27085461856 0.964993764541 1.14163858516 1.14213143477 1.04314941473 0.798494396246 0.919404063772 1.40014271115 
1.52686059582 0.745971862988 0.630407797273 1.14212980867 1.08332818477 0.968473177544 0.995080785336 1.26322465214 1.262489536 0.999871275339 
1.01167314841 1.16846949947 1.17381079856 0.794312193529 0.848988645464 1.1425169132 1.14212862819 0.977377936492 1.24630793664 0.96515915141 
1.204454093 1.01017766052 1.0023384733 1.28006225265 0.929816331134 1.36691731767 0.656180273384 1.37036763346 1.14213047372 0.894765084651 
1.08497925193 0.831405174278 1.14581461649 1.20810407431 0.828535185962 1.57279663542 1.03005826203 1.14212197331 0.864865873056 1.39057466872 
1.06224560523 1.39092952418 0.950840901474 1.01899395783 1.04696425761 1.01745125456 0.821061867002 1.14192943753 0.815363728196 1.14213143477 
0.917359373874 0.942090151237 1.17680931417 1.10675970701 1.07640767567 1.14243922973 0.989911246212 0.880600588898 0.999855518226 0.621852437281 
1.0660584108 1.14652006814 0.996398314563 0.877824295243 0.73986960344 1.14213143477 1.10828788263 0.90853229821 1.13374961608 1.14211428108 
0.966641049025 0.765409066348 1.02782592292 1.45093198291 0.870375406992 0.993954193835 1.14213142761 1.21326949448 0.935441828052 1.16755424986 
0.833189318584 0.939318089718 0.838476450087 1.60513089179 1.64777181236 0.954784298892 1.0226768169 0.921792676827 1.14212950952 1.14024255934 
1.14212727695 1.03807497135 0.999306845743 1.07053997166 1.03201864421 0.99631854599 1.26484553702 1.23008912781 0.994587803786 1.05856630478 
1.24770815128 0.819689628333 1.67010583676 1.01394576328 1.19807934519 0.990243920893 1.22187476736 0.980722362003 0.885448054564 1.14213098367 
1.12884624355 1.21600390679 1.02008567184 1.02587473415 1.15057617069 1.29675261446 1.23088803116 1.14143270388 0.716684369507 1.1352814702 
1.14244230336 0.991703273596 1.03683405635 0.942638098865 0.897899786716 1.11177415787 1.16805256665 1.04805636323 0.878976021394 1.22781118216 
0.678144834592 1.14213143477 1.09193186091 0.781066446934 1.30882283005 0.751912659675 0.829536117049 1.14213143477 0.93329960423 1.0764834198 
0.799064442243 0.581481799101 1.10245290925 0.846623387696 0.996324609528 1.07062541726 1.16849299512 1.25687569113 1.14213143477 1.14213143274 
0.677862071425 1.14213143477 1.44540040819 0.818248336148 0.759917503141 1.59262637395 1.14213143476 1.07842765143 1.07140942058 0.903993986988 
1.00961125539 0.961437139156 1.11819191922 0.957530651635 1.14250362798 1.16779762154 1.17324897015 0.653187723325 1.14212865838 0.904840196556 
0.971573318037 1.12612931566 1.1421314355 0.678095897157 0.635386200161 1.04161902068 0.860847520842 1.06799854241 1.32877997018 0.991947414623 
0.946252806213 1.14210755392 0.927901605425 1.08976928565 0.93856465719 1.2355729984 0.885532279225 1.13701874135 1.00437055414 1.39695294863 
1.13863364706 0.920095604488 1.14208197023 1.61163422614 1.01203922748 0.8933771082 1.16567316893 0.931156419051 1.0909754729 0.954223486356 
1.08943848953 1.08970678787 1.14239208234 0.834800079798 1.45699071965 0.929693284008 0.964660216174 0.753966300232 0.986477448006 1.2725003121 
1.03305780593 0.695753990401 0.889719659947 0.75731328894 1.09256450926 0.983656863965 0.998028876294 0.921688408214 1.14213143477 1.1420582942 
1.1421353067 1.02767885291 1.30671891676 1.14177678194 1.08412144911 0.980972800555 1.01743803492 0.990727922305 1.01715219943 1.45080730534 
0.874297653567 1.0287476127 0.613399817488 1.12273315665 1.36383125207 0.996816780757 1.14370696644 1.2305052269 0.988252695112 1.0805383934 
1.1357069135 1.18554701406 0.694548038726 1.15692666289 0.741013001779 1.0055511884 0.879671027055 0.959713756115 1.14213143494 0.805538648258 
1.2320618892 0.791028433927 0.713374780676 0.705570945859 1.14212989337 1.00261651546 1.32372306843 1.14213143477 0.889253714137 0.830110867898 
1.2127337021 1.33677147013 1.14213143376 0.904533370895 1.04348331926 0.928181619511 1.14213143477 0.695319103989 1.05973182282 1.07042958617 
1.36995562881 0.9821253556 1.32002325122 1.07950914199 0.993772227769 0.912491307759 1.05154173397 1.01495895919 1.14196196219 1.14212940989 
1.08297408069 1.06624395736 1.04094281717 0.627315294861 1.14213143593 0.997415196961 1.329600156 0.676047727996 0.972123684016 0.878839084324 
1.03526253025 1.1295158297 0.992755431377 1.24510978303 1.41314360457 1.33931007812 0.994433733388 1.14213143536 1.40628487105 0.681593639458 
0.994273672585 0.984367878993 1.0486919152 1.14213002543 0.888108406683 1.14178816465 1.45222753262 1.04059071339 0.969764332207 0.959814043025 
0.929443980346 1.39194608161 0.9023895796 1.33226821188 1.11590251901 1.39616355205 0.737164576529 0.854224318878 1.0769871566 1.14213106639 
0.81152751941 0.999499451274 1.14213143477 0.975326996687 1.24455675666 0.957070746181 1.21361340767 1.1421265912 0.63257304146 0.899834773616 
0.650970481973 0.994615532237 1.14212510033 0.9060127941 1.14252100585 1.12692662392 1.00642172271 1.16162549984 0.966225596176 0.769002950878 
0.950817633182 0.804917763963 1.22851183909 1.39244683828 1.14175075474 1.0647449121 1.03000510074 1.14213143477 1.04961204756 0.968887733168 
1.11792907457 0.896439471533 0.959524953228 1.23946754305 1.01938328294 1.1424963434 1.0474956724 1.10783472948 1.27476667731 0.988642200554 
1.43654273394 0.932703562595 0.909850271797 1.0473203795 0.905315022978 1.15320931687 1.14213143479 1.13746134324 1.00617929694 1.2271724812 
0.630192186106 0.878197133858 1.25546948543 1.14212503207 1.14211212848 0.770513050415 1.19585121188 1.05768974423 0.826489957846 1.0002941003 
1.01660360716 1.23085996485 1.1421301454 1.39541023373 1.1162250408 1.59394612692 0.865147682201 0.967974951854 0.807726407537 1.31885438546 
1.01417275685 1.34265005078 1.56000855988 0.947489957786 1.0030032545 0.760524896423 0.967684223255 1.1421036705 1.14226631975 1.07174174223 
0.947879677961 1.0090015247 1.16613116277 0.691826457982 0.959612271254 1.09297965192 1.36343978677 1.14213143651 1.10580700965 0.978012351654 
1.02544672242 1.36852499448 0.844527477479 1.58108576836 1.142131413 0.843779139687 0.970099925859 0.723384144819 1.37682901817 1.14054498526 
0.948868176671 1.14213146193 1.14174679628 1.03094889686 1.05735837903 0.853646869758 1.69466534607 1.22714975694 0.964808025291 0.924103337558 
0.99561698172 1.1421272974 0.649749010394 1.14213143477 1.19430569959 0.830784837827 1.12197674536 0.823011572751 0.999748351944 1.01137532481 
1.22857428297 1.14244252894 1.11171724392 0.878984515472 0.99171519195 0.94268954875 1.03682302145 1.04775320003 0.897884271078 1.16809209191 
0.940221511029 0.870267865738 1.16335733218 1.39750297742 1.14242445009 0.978561857816 0.969015951167 1.01897658965 0.984304366783 1.26451376011 
1.45583510999 1.07335422857 0.976807833202 1.37716500553 1.14209588766 0.980872491893 1.06367175474 1.09741388259 1.12363584406 1.01179956505 
1.106293529 1.24055816022 0.878960197235 1.14213143477 1.42519746512 0.723150997189 1.03852380254 1.11788113378 1.14213143477 0.710442608434 
0.954244528553 1.17599705004 0.988218748842 0.885890499335 1.0099965724 1.13574539186 0.927102500382 1.03592262075 1.13994542552 0.993857006416 
1.10979641579 1.00390195076 1.033464867 0.999484324837 1.14212967044 0.632607999189 1.22153813341 0.792106971532 1.26812061011 1.04313997656 
1.69266834063 1.00421209818 0.990027766064 0.913712830726 1.44719343374 1.16791852044 1.06354244398 1.14213143681 0.947009730905 1.06636132024 
1.14213070956 1.05630055351 1.14213143461 1.0255556938 1.28853190573 1.10937386264 0.614034891004 1.07773831477 1.07668774945 1.1439522435 
0.790232241874 0.608447228128 1.28124891688 1.0114899579 1.14213143477 1.33299410396 0.802891604379 1.06141408069 1.0296911158 1.14213140182 
0.903655645002 1.18177349154 1.14242868413 0.935997186844 0.986307611366 1.10717077638 0.991484055092 0.875994010837 1.04719649201 1.13600507532 
0.953984507437 0.988875354216 1.14208539468 1.61127335026 1.21625868839 1.01396623359 1.08283132145 0.818120977063 1.2587013043 1.13933053061 
1.21268241662 0.725756969787 0.654883800256 1.13859854249 1.01032440859 1.00316238568 1.14211433932 1.20583107451 1.01202259688 1.14213023967 
1.16245135561 0.915638222433 1.13743528683 1.47074911493 1.00587331583 0.931751855463 0.905212456188 1.04776078218 1.14213143479 1.21546471316 
1.11812234113 0.836220863892 1.31846333865 0.96348859485 1.05459226622 1.17437546956 1.00930189969 1.14212888922 1.14251055945 0.64815954512 
0.629851222356 1.19599094913 1.07236808342 1.25584261584 1.14211211941 1.14212500227 0.877648266372 0.771547504302 0.821656607434 1.00031733632 
0.996821182467 1.25418032295 0.987049058585 1.3830160158 0.967030417817 1.04188221586 0.950040331726 1.1426014206 1.03230386512 1.0167420335 
0.959218039249 1.00699484219 0.97083241135 1.14249723028 0.924790756601 1.11952550232 0.834908797272 1.13459205221 0.964476926347 1.24507719129 
1.09139574874 0.928930166191 0.98749069733 1.57652771622 0.963823824057 1.12849066435 1.13525996907 1.14213143489 0.946436135728 1.30315990249 
1.21097784486 1.03908490651 1.36901633126 1.14139543851 1.14213143477 0.903986176425 1.07597844523 0.841388169819 0.873843700378 1.05652118463 
1.53776014898 1.46668947185 1.19176268507 1.14212795886 0.937688914998 1.60885618199 1.23722047259 1.2583731131 0.74041203242 0.915872270616 
1.00103015129 1.01390708253 1.14213066561 1.2706883393 0.625517951495 0.882335185223 1.29836025931 0.847366564244 1.25156012037 0.896164024039 
1.08192712755 1.14213143477 0.837528637111 0.769992570939 0.70181915768 1.1421314347 0.839146522106 0.580082361287 1.30120276357 1.11242110436 
0.813158194053 0.846476316552 0.965019789929 1.24522899819 0.981837063346 1.13153516078 1.14251588846 1.17557853722 1.14212904607 1.01240724078 
1.11753073392 0.970842867974 0.959306574307 0.924927483365 1.13465458105 0.834256729412 1.14249751387 0.963918309962 1.00709347245 1.24499910639 
0.869155729235 1.07619103156 0.962312643208 0.700750788363 0.740007977778 1.14213143477 1.3401810495 1.14213143477 0.962802369565 1.08312354094 
