244.541536039 323.470447538 2.94655447697 14.7198061962 -204.400882109 245.482574118 -425.336573367 459.445486601 -204.087874096 -28.4739662443 
-27.1104810506 188.060659022 -29.0468425215 -456.763101945 -364.995670925 -108.283107218 114.117921378 -170.680594826 416.690409316 309.319492001 
-164.201215844 454.135796246 -36.4753086313 218.393148374 18.3938569989 171.892149414 -381.667820746 -384.966183048 -270.033809822 308.835433443 
-12.8887461893 448.065777795 313.228630042 -407.621315303 -409.157071815 -11.8049702184 -136.289364252 -176.293370076 404.096216453 -322.060008494 
-242.99676293 -235.147615824 -459.817673243 185.615799577 420.524509473 -26.049635093 238.411973597 -28.7851381599 427.692445694 178.278195111 
-433.131617074 -441.663026217 -20.9283045641 415.17134382 183.357327962 23.8009624344 -156.141365124 -294.834361821 285.254318777 459.654323843 
320.257662125 -40.7904462251 -336.091993073 -429.173118097 51.8029633013 462.029983026 288.18027548 2.48586006452 -109.230813482 -204.944007846 
417.686372241 -171.541030209 209.163889425 -174.44404842 -459.290231302 185.417544107 -404.642628391 -28.8814119685 446.86177445 -20.8715696132 
-26.8027265194 -408.585550467 -10.5405458979 291.942755319 -321.325947564 -130.465933657 449.493865721 -196.711528571 -429.217114116 404.573134217 
-459.045866103 412.475691504 207.676604669 5.02204855784 29.0293170109 -419.336950237 -231.661758735 -209.91701373 429.119541555 -0.757360088819 
416.368076532 -397.969617896 -423.97992725 23.2851110969 184.47657362 -179.045179968 316.268344677 454.453750754 -28.8814607792 -28.8921036913 
-35.6546455349 -343.72242113 405.365939758 7.71511200296 -107.452526178 -318.518732304 -6.63836227774 -418.150123122 324.837063104 -188.187019293 
-445.401558806 -433.117358901 459.209323112 182.976706406 -8.75672556373 -212.213250039 315.722234799 -27.2661818754 -216.912880732 410.109896764 
323.339656338 0.368340479685 -100.966449971 -2.51849302839 -428.170939333 -317.391991193 -199.548666706 -97.0521235826 -427.70139487 439.433777955 
-201.973029242 459.839774858 -216.594207345 33.2013038971 273.739528432 -413.960782757 -444.153921856 266.527871178 25.0790184095 -192.82650194 
-5.12410531198 -86.415950861 416.518302629 -453.24934771 22.2237748621 -218.807861423 459.457180504 -204.523172697 364.169715691 196.632313308 
-378.363741152 305.433444511 -29.0468425173 455.441151181 -89.5561536663 -388.164096653 313.236020293 -53.5798982115 -389.521925548 -38.6695114716 
-195.535200558 -220.484802066 402.082295755 31.6678040028 444.7347833 302.866129317 -401.664917732 35.786436367 -407.897127989 28.8424243181 
-213.237017417 -205.778552949 459.549211106 -449.840276872 -434.80769699 319.88645044 -30.0176396269 -32.9207432153 66.2124337154 307.393570623 
461.170171594 305.962198835 29.0468323753 -247.602460078 -436.77972867 27.9285973427 -259.667038087 -149.00317804 -447.874490132 404.82720861 
1.64589932275 -321.895225005 -185.361678346 292.014235012 280.089049769 -10.3922423451 -95.9440676078 -396.605874892 -389.399388886 437.126201232 
-151.622730594 196.368198633 -65.4364193865 241.250237157 -296.887316943 -401.356906079 457.338971231 -268.736218913 132.883788186 57.1728121542 
257.036828724 121.310367261 -98.5808710638 -400.898798655 443.495254696 -321.459688738 -12.5699585762 425.071481385 -222.291974352 31.6987527723 
-407.105481217 308.925662185 -173.896441222 -29.0468425172 310.447980199 455.957888479 -21.5410954417 -394.704732183 -374.576957665 -43.9112946644 
-408.172993557 -8.8160959884 190.634874366 -106.894118346 416.730924294 405.569992046 -418.761855784 -332.541919708 -27.385504338 172.929559497 
-378.383126571 -150.998420455 318.524213638 -137.229662051 315.073163884 459.917805377 -6.243035502 -359.193216309 94.1674273048 94.6593402184 
26.3542979668 -339.517965422 -10.901423858 -120.266943245 -460.549409028 246.327555422 -210.691003703 -90.2399622424 391.153325659 440.440905987 
309.694223024 -36.2760349519 -372.895978119 310.107062966 -443.196004422 -218.033703879 77.2646426287 129.391200162 -8.91577442673 -55.3066152525 
462.422837867 -10.0318982404 391.113676838 86.4747805583 90.6133416003 -460.034532798 -143.424677008 -175.944711596 -338.016015789 394.122500924 
461.979240653 -430.57661741 44.3219527542 -10.3156661927 285.028827588 320.656632051 -338.532013299 -120.361817065 -28.9884726289 -199.900439501 
-410.247455386 278.34140865 -175.096847483 4.11528893583 -20.9752782421 -315.907459873 -396.973638574 -3.71379461199 309.367093959 454.191837682 
461.871058383 286.981924207 78.3404709406 -40.6594643166 21.5858736055 -431.04722281 -125.703855169 385.795254608 -443.702387429 -193.146595738 
-249.298470354 310.035026644 176.820164583 -68.2467920967 -54.0489139559 42.691353886 441.36816763 294.854701853 -375.259356409 -41.6839733978 
-459.737764183 255.205255581 2.0740567961 449.294407109 312.43123144 -10.2498919802 250.58184497 -230.99418919 -7.87131688629 49.4593446293 
58.0702318896 -346.229691402 375.543131843 -71.3630238251 72.4475753677 461.113809507 399.166896304 -6.73274367909 -253.054427461 -461.840585659 
-265.036060011 452.881683138 15.1074515905 -461.062827386 298.965569308 -273.780088232 238.440854228 -33.8855257571 -235.550505251 -28.8709592607 
345.435946413 -172.094403029 90.4506467529 67.0930128024 38.9475327523 312.449928435 -208.327358507 -431.888118675 -34.7406615402 461.479499181 
-25.7326850674 -453.104098682 -14.0126624722 -362.901169031 17.6220876791 460.249191392 -1.10400436933 -227.102405601 -242.052422271 308.620857197 
109.230272016 -29.0254685963 -449.426442297 461.789457023 313.946822915 90.9266679689 350.957383975 -232.619967182 -17.470390295 -231.486949404 
25.9966565404 -437.18258893 408.118371615 -417.432573025 32.6377787377 -188.713519096 460.696954487 -199.861903689 295.235864925 -216.748782914 
449.414331423 -200.117663216 -15.5939652366 -103.286878997 -403.946832501 300.08963807 -322.482173545 -419.013862796 438.46610024 -16.8312400587 
-460.211163313 307.99765121 3.12919085125 -235.248807891 453.463131451 1.60625891787 14.2210325858 -25.5197435464 -215.55192744 -362.941802237 
416.243690124 316.220204971 -46.318828731 -435.347362816 17.7614562652 -163.615104923 -435.989787188 -204.164580186 180.383934355 459.008151765 
450.782115078 -452.639152378 -31.5634106445 436.19614199 -327.733585171 12.1777262352 42.8807333514 -226.991833905 286.688738442 -29.2839308392 
-187.095760815 28.9811343863 460.575376117 -434.791387465 29.2642928648 272.964144179 399.400773812 -140.580984214 -447.817416105 -208.478123016 
-202.492111955 -321.609616597 436.250702815 -407.946639553 189.085574191 -101.764567876 -29.0468425171 -13.2982110602 450.749120004 -421.722997286 
29.0468322401 -459.434885329 -19.3205458556 -313.76552712 39.6352725585 -275.808563991 314.129814694 451.519831348 -11.537168212 -168.457961453 
101.850200086 -209.497496694 363.401506607 -117.585998289 -440.689782972 23.6172822084 -323.55899763 6.77614000158 290.177383537 29.1296128112 
21.4260136831 -28.1765875371 -174.937116693 321.435759613 276.673259845 53.0254476809 -210.162799707 -434.514453967 -449.726113825 457.835354575 
402.288399096 -401.692927562 444.595430626 27.336205502 -196.746987693 37.3752987873 -408.093213791 -221.115670668 29.2216160789 303.073113949 
13.1604421799 -429.458966165 187.309017953 -208.841298045 323.173086382 460.184656727 -2.84193831223 408.847951044 -208.828254784 -29.0468409414 
-209.119320676 322.3950291 -4.02424751769 -429.603987777 -208.888284536 -29.0468425172 460.193720079 9.66166590396 187.424357971 408.947504552 
-414.240925506 309.109997388 453.197005271 431.974503404 -20.6193999563 191.977499711 -373.160152499 -27.6607442529 -28.0613769852 -234.94747408 
-228.828782333 185.491955945 457.336717506 -459.593181486 418.512627798 -185.616082266 -29.0468425172 -28.8495342938 288.562198318 -404.77474433 
305.844874414 248.755467719 35.3626778684 0.330362947744 -227.847290026 247.045917863 446.211878417 -459.087532412 7.77497113608 -190.551137265 
-429.785165705 459.967151287 -23.6119248489 187.173451634 412.979965339 -141.785133329 26.1861196531 -304.814060129 -68.5636483767 -422.894567594 
-421.183813298 -291.134715854 400.661609168 -403.813738742 239.48933493 31.7407740706 -151.736679978 17.3693398158 208.12490143 432.277691533 
186.379947852 -13.1452853076 -458.856573187 418.145845875 -35.2189435655 454.601308435 -237.891931319 278.866868977 -234.414857792 5.86193980559 
-195.646617106 -414.092355803 18.1244608154 -397.523484297 302.516454977 11.7297310306 441.2094461 31.4682584031 -216.49362226 430.63226221 
196.874645023 39.7256753359 -7.03146452128 -415.474330059 -430.869461689 -224.343450393 16.4776546831 458.999026792 419.662436133 29.0118534531 
437.960102385 -29.0468266833 -458.950348721 -23.6410919163 449.718343439 272.329243268 300.266456768 30.0442063191 -170.287629214 -399.071697891 
-427.426477336 -206.340141213 86.6824099074 460.36396083 -414.987353707 0.305729450565 6.21921488079 -207.583866577 325.931836107 -132.682377588 
-137.71783011 312.958501142 460.008631648 -387.591010591 403.698530213 20.7552144876 -122.5595855 -322.327972807 -404.545046196 -12.0759168175 
17.5831814198 -453.120102323 -0.553941041527 -29.0468425187 -227.052963312 -13.9845050204 308.331500453 460.254814872 -362.743113836 -242.210706577 
109.855566421 -191.971891063 -414.849561587 456.76855245 -195.586360638 23.7586997413 -87.9981140771 424.905747611 25.5031454695 -319.351749682 
446.460208968 -149.295567096 -377.655707721 318.116002561 -461.631178493 -19.3620625687 -232.081342772 301.644903442 78.8836697203 84.3567625251 
410.293015993 262.916301276 11.0557021288 -23.0028005873 -89.9200081912 -460.959023448 456.226898823 -406.332331678 -244.92668761 -183.4330016 
452.67395451 306.622195508 -236.023291707 -462.413252111 -9.98559906425 313.247532357 -29.0059203809 -19.752099291 -390.858979273 -170.554939203 
429.263124416 30.9648690036 -409.730403649 -183.185840163 452.300595278 -53.6930520977 -460.024752354 -189.429145657 -250.158868481 67.4158239647 
200.077731235 -244.345328338 458.974055855 118.266789845 11.0027974765 419.837423685 -10.9648955359 -429.739382048 -97.0070386838 290.634635353 
306.335723091 -307.367832263 452.731678931 -369.171959225 -383.326124699 -24.4474627906 313.840379898 -31.4527886025 -101.015472015 20.8896210686 
419.995077615 -418.484494682 -196.261917529 187.420679346 -178.497390518 -205.388967138 454.453970218 -29.5137418957 -415.834022153 28.6543499074 
-43.434693421 304.842206258 -442.363154676 310.934575716 -29.9996785628 -207.472862157 461.819445713 -438.958507013 73.5586349751 85.4090893209 
421.580402098 -38.1429698124 -195.455660033 88.4753056265 276.042271997 447.502378304 -237.015065473 -23.4191793991 -398.069560038 -459.690214349 
185.096163241 435.582927765 323.934410362 323.292263672 -41.4638273956 -209.765508554 -108.230626812 -433.933658851 -413.248646953 5.26506221248 
80.8969397077 456.560133923 -413.614463367 425.37944844 25.5623268826 -234.971132141 -320.913091238 -23.2029789032 -30.4186917127 306.36660037 
-198.725882016 -200.244601081 18.5990722304 -427.647256353 10.0366747052 323.672539973 -2.91639461568 -427.666666394 -206.485640008 322.789601616 
-5.28704714274 -195.012417642 105.125651336 -97.4514353258 456.558788437 -191.89399139 425.382611059 28.7273493098 -413.687107149 -318.521137524 
288.204796193 -16.0209818361 -232.908613209 -5.23757177352 248.444529144 316.251187873 448.921457612 -33.171598587 -459.174065609 12.4158887062 
-124.032584279 453.647067362 -226.028245285 404.458446975 32.9599815706 276.936612014 -329.572946169 -7.72341514409 -29.2906498377 -453.399373042 
438.215610392 -412.584418377 192.727960235 317.693747436 -15.5577287128 -27.9829414094 -28.410117116 293.162820518 -395.625825947 -224.873590475 
-8.96068693442 -364.426772218 303.03597968 437.726999784 169.506254731 -9.87439608872 -342.514106872 -141.625542896 -24.6295737056 448.350978059 
-29.0287921394 417.791309027 189.907146604 -23.169528765 454.386350163 -180.065730493 -422.689126148 -398.163294026 82.843003472 309.203449435 
-112.907117957 -335.122714037 6.95327252514 -2.47888149853 412.900585953 390.957966272 -11.5092229542 255.103060342 -459.054986948 -217.701743049 
305.745416574 -154.417933247 -437.514228682 459.672656048 -206.247147489 16.2449236998 -430.957961329 -27.8450329962 413.4961935 176.480245589 
-373.614924375 310.454472205 448.784209999 163.036925261 -29.0174150738 -42.8595003858 -171.724063049 312.609145011 -391.597783576 -48.9781466798 
209.853825819 295.882294747 -57.8276664896 415.860057039 24.5417642436 453.762021222 -426.857737657 16.347690318 -425.132187199 185.329882991 
-322.687269833 -411.684415497 -6.17685742737 446.855137308 -172.113714449 -15.9818664017 441.912359066 314.819337482 -104.299011231 -404.869391613 
303.180306691 201.310036031 -29.0475886187 191.627527609 -222.23356177 -393.445536509 -29.0051691088 420.329942157 107.193119501 -375.262557869 
295.885306934 404.534228465 -196.61980564 449.522350515 -22.9083169918 -408.895109597 -10.8990611596 -130.417849788 -321.312725768 -428.18897054 
56.6709334639 93.9298978213 316.720092052 31.3729027452 461.807768095 -430.563836122 -160.080432011 1.68771487945 -205.102335458 399.336175563 
15.9189453715 -278.538221895 -13.881146135 -235.182199097 -460.943211745 -247.293692852 452.461154167 293.564438229 234.210867699 29.2532861909 
-459.812807783 186.46808852 6.38387371027 -28.8599314457 -239.279408585 -232.708637905 10.5300390311 422.018545824 -218.664305579 431.58539138 
-437.862745731 -201.525704661 -157.675614925 414.657618747 24.1358386193 -26.3605105864 -447.56411155 189.779214942 315.482200585 459.729679213 
-98.3127644656 79.9766986705 29.5086609698 -459.945640741 -409.8278637 -31.110721567 306.380303891 -228.51391869 -189.516076059 337.095685895 
-29.0468425169 -26.96439123 -13.3973258199 451.265160305 312.780296397 -389.568423489 -169.711277166 280.381931633 304.70800764 -461.488620618 
-171.922204428 -373.882099967 448.796115941 -391.710224241 -42.6143423318 -28.9945250633 163.42947622 312.637847215 310.52805352 -48.8723026934 
208.921651268 456.299428168 -42.6300700456 -29.024133528 -28.7791125603 -320.027181912 366.38779069 50.5295425176 -297.691189441 311.931832415 
427.91863706 291.218276592 -3.59779717821 -104.269367396 160.391767372 -200.552690606 -329.231389795 -71.745960059 -434.78825799 28.6801132118 
-426.165376626 -192.791782364 29.0463032266 -194.900051519 18.1921580901 -412.504225826 25.7973855789 458.330837882 383.379176071 -198.564826203 
413.857238769 -230.266199133 29.0407674166 -438.308263769 292.239527721 -27.0437188215 -438.710937381 177.856147863 459.777740764 -236.57083858 
-372.803595995 -148.620880973 273.788375963 124.115020908 -440.924887691 -212.510657027 461.849942529 123.429192065 -113.067758161 90.4624311692 
-197.914691827 457.406225565 254.898958312 28.8219605759 -321.437387213 253.595061968 -457.566125326 24.2547255577 26.1411230875 286.446824609 
-246.218592896 -423.076987979 -206.145401224 -101.130262749 0.866272463654 5.85708097687 19.9914563702 316.846850916 451.294132764 -457.531834991 
372.823260553 280.966349814 121.672398306 253.20402457 -458.530510482 -240.277846435 -27.9629492901 -324.70624651 12.3384928708 -98.9713238334 
-227.04705117 -439.901661578 -442.03450923 32.958631376 404.59010137 317.959217473 461.197490757 -260.449763206 6.40529015078 -230.81317119 
-362.407340141 -24.2239285443 223.650321994 -374.590174462 -287.830668614 80.606207216 301.556847265 14.3895532575 -29.0468425176 424.599942694 
461.932576173 -413.523699311 -22.4679020079 -207.484883431 70.6551743783 -32.1760183137 322.785473634 -432.138367558 285.850994974 -193.289361517 
386.833288455 -443.19069032 243.231998629 30.0867197986 -107.500603601 -333.224072776 -198.350713463 -9.24463111148 440.800727378 -95.1763392129 
-281.588029169 -105.289959937 3.01566961205 -191.027342838 25.866950297 -459.475429053 458.542734636 -309.246078581 10.3869091017 406.289344712 
-406.016304744 -26.6499723218 319.635230932 449.712487124 -240.718890727 46.7731140891 194.651138741 437.489187416 -78.2199413045 -424.272774197 
-6.45002503368 324.822962438 -35.984857967 -343.71119645 405.204204756 -107.429911898 -418.152274349 -188.170528855 -318.486115893 7.77528573711 
-436.077060018 20.5001536928 -200.267782151 -215.823765579 459.504506209 301.559671048 19.8559053241 -207.151463829 234.256601977 28.9963722494 
20.6509208083 -122.633578232 -322.327927593 -12.1206948515 312.929363468 -137.756138609 403.660920536 -387.238004086 -404.552292627 460.008912875 
-29.0468425172 -460.630353138 309.110835962 238.055058979 -26.1901663458 -236.858999959 3.40493568731 452.652020617 -273.372381347 -374.253947434 
-3.73404541727 301.657629602 -4.02157406781 -410.528823632 -203.249411293 -191.923406023 -228.836890653 452.145078655 -459.949337797 29.0420006578 
-173.386976545 308.695085382 -376.688128769 -29.0251281264 -413.230060861 -395.978159301 444.11210209 -59.7187525213 -29.0468426224 311.725190868 
323.237292444 -109.651277493 -318.666076993 -4.19889557368 -424.223825089 -203.720149084 427.028064241 112.115531964 -5.82185229121 -97.7248909166 
-98.6267011333 -62.2807817715 438.340976182 240.179782242 -457.887981446 318.889949618 31.4411806714 246.610690421 -284.018804165 24.6479864327 
422.367660508 -94.2579685188 -361.042885873 -223.22598843 43.2936266845 112.863849973 -29.0447728947 301.531881438 -316.00318302 1.90023823225 
-3.59673018438 314.854634932 -322.546314795 -199.753122313 -103.429005596 438.724168101 -418.603074281 449.259470627 -15.6667472698 -403.34314714 
0.461276993421 -396.016153587 425.494613652 304.615251072 441.704435531 -218.733055667 209.483634556 -407.454743362 -13.5808328917 28.5591750447 
-435.788256955 -145.233118535 -3.47303977071 -242.899807114 -219.996446763 401.28253864 28.8033226925 -443.14059454 302.155496998 460.330451973 
280.409967543 -329.320294824 -124.233284179 453.561254965 -226.115207248 34.7880607275 -0.262200677571 -29.291619623 405.048005183 -453.461621758 
-121.084162973 192.034150555 418.661908065 -21.3481303426 81.7357391822 -399.869366071 -13.5331644079 317.983723942 455.121647235 -420.756451481 
457.695374305 285.487308491 -28.8516214793 -130.987816505 -366.815708897 -11.9578328245 -116.965954026 -356.911771158 411.92657304 -341.098252973 
3.51331553416 -225.523088284 27.5036330811 -447.950263311 -325.862351317 12.7865117711 377.972723804 16.2230368775 460.963348933 -206.574607894 
-9.56436235524 -136.363319095 -209.429344188 462.273539797 -429.286816869 -29.0468425172 -435.027140408 286.153146686 320.489675859 63.4407595026 
-457.230019865 48.3320029875 -45.4860482296 -12.6594602322 43.0512346546 450.114672845 298.207288085 313.101494046 290.888433332 -233.133275185 
21.5943691887 -385.733605972 -314.25335367 385.590301679 442.061168216 -27.544188684 305.60715151 -208.075499254 161.619853731 -119.83179396 
453.62367149 277.811097686 -124.023871375 -29.2935715257 -7.65187922819 -225.992354911 -329.489432773 -453.391632412 33.1316990783 404.610341423 
-195.26374258 418.168448004 -28.8855260185 -192.530407411 186.10554022 -412.738786414 -221.185014173 -459.082319043 29.0403569724 458.951604754 
405.376414083 237.817176046 -416.76885163 -214.873006902 -223.840722525 -399.194342427 -15.9953598458 68.7833993176 31.7615354647 431.012493047 
185.424251169 -406.237540652 -227.369862248 194.795068865 447.57022079 -459.390830823 -168.431225689 -21.5782669442 -28.8661397704 417.899262807 
-212.077007863 454.67224745 390.66465224 -444.196758104 79.7094200991 3.04539192297 28.8975736532 291.100563502 -424.863849686 36.6022509269 
-461.118481133 -251.94069308 275.660621991 409.311844608 -101.333913422 -400.870187923 -115.63883138 459.187551333 -4.58459911582 -29.1705488567 
-171.447023393 259.435975109 301.470845384 -445.914469366 -190.961975556 43.6256695797 431.768162785 -150.460259529 142.153535459 28.3823195438 
426.521498885 -456.523249999 -98.4653119354 452.443019991 104.696831781 43.5764456534 294.626336831 -29.0468425172 -7.24825281571 -319.330531606 
-385.897482504 -322.248748034 -123.416606623 460.012558806 -12.0960962534 -138.677606127 312.850033953 -405.295432984 403.626656976 19.8988918822 
462.598452582 -8.3113038529 8.2641095842 321.126112599 -5.006913477 -441.225725072 -317.128884488 -208.119840236 -428.039430346 -135.540096435 
-122.369841492 -11.2852070438 403.664907965 -322.251873761 -137.94294364 460.008229176 -387.761670841 -404.712698227 313.02804174 21.3409006129 
-226.587167699 10.3699214862 -74.886744014 -8.91910083417 311.968579607 459.976438642 41.7022297573 -279.861293109 -453.615289257 -316.559226971 
-364.281462146 450.46788279 -98.8849801812 -460.709979192 298.645188163 -73.7152930911 280.167765794 153.750917638 -141.35432394 -19.7999846687 
28.4556506123 -411.838623046 -34.2338227767 -201.024708223 -211.464333881 460.996253068 207.244943132 -29.7990923428 329.800332396 -425.056812017 
-406.060511797 447.045403144 -29.046842517 441.724547663 276.812180423 -169.679593775 292.128662471 -26.6070233197 -413.43737124 -168.685145368 
456.186526029 -192.922402531 86.6881044368 161.595970792 -412.825754638 -195.516552049 -74.7887628059 -287.227299607 426.230939062 29.0468144671 
33.1558953867 -453.39387909 -7.65629103993 404.610192289 277.830350585 -29.2936067874 -225.993320296 453.622197776 -329.488854086 -124.03071079 
-199.437767954 323.336632593 -428.106293939 -101.007190101 -2.55247818463 -427.708017035 439.387268734 -97.0763714723 0.501232725018 -317.422786223 
2.31950630629 -209.880745832 460.496072031 -228.061068779 -448.222285541 316.237978181 -19.2811132038 -145.971599971 -434.756998019 318.607202412 
421.431579067 -239.505456408 29.0402099785 26.997043227 -412.696469782 192.277868704 -75.8096873192 -197.259984942 404.742049521 -460.017771241 
-25.4869531129 -362.7758077 3.67742206115 -235.276697421 11.8301580049 453.516794517 -460.19180347 1.13804090709 307.928790237 -215.959635576 
-312.38151463 303.193092779 -226.994740571 -275.887994879 36.428520091 -9.45386872266 -451.361762876 461.376567454 -3.56336065689 5.89395870989 
0.243352470524 313.930131267 -29.0468425477 286.498351923 -230.461010557 -392.500184472 -461.005668435 -172.765114119 7.52275884483 452.894645148 
-170.569513291 4.01154710771 95.8018406696 -200.523485405 45.5543742835 462.19521745 39.0047978229 317.928086641 396.039455611 -428.258024215 
461.677944808 -434.148275657 27.7789176082 141.614364404 357.926218338 -213.318419581 78.670945443 -185.7555047 -6.3278615351 -187.515326185 
20.9101470489 201.508454379 374.251078649 15.6536545942 310.949014295 -297.782071177 4.53663783594 -374.650949207 -418.56147934 -199.087277904 
-192.502988154 -190.876747117 13.2101052915 186.165739462 415.698633322 -412.821422752 32.321836359 458.449761607 -414.712003578 -28.202680038 
206.017144744 432.88189298 -92.8636408926 175.08073332 -330.553436018 420.919118838 -279.266168774 141.368725735 -29.0453094326 -140.579330917 
235.608520199 -411.166360836 -15.9584247308 -396.455158067 295.51629714 27.5022223961 -219.359863839 428.291357216 1.66687527181 441.49761601 
-29.0468425172 35.0762908048 -201.178953943 -422.043794541 -347.76626598 -434.981945888 308.228376147 1.38141786328 -109.070827371 324.388410324 
-412.621771348 -192.942347258 -425.444040595 323.013564151 -6.94694696298 458.242382352 -195.137158013 29.0459658182 14.7078793418 -205.1218934 
313.187558159 -223.14929699 -166.172797126 -2.89986252573 -29.0468425172 -386.024254646 -462.462372309 452.508774087 304.772107743 18.5857930448 
120.058877323 -418.983765496 -137.999590847 -369.430491722 -86.6873240882 142.982481794 403.361030624 405.580985344 132.560583506 -146.756674284 
-27.4591096918 417.124602428 -456.734240112 452.647577291 -198.323083694 -414.621092046 29.7102253909 -194.170961858 186.668189372 -177.715907933 
-438.823365891 460.121699703 -429.209686272 29.0135962864 -305.8683998 -36.1577323988 411.993637518 -26.9175036122 -213.197239682 182.479292297 
433.257120397 -8.16656394267 -332.020914879 -5.06190131386 -124.7754658 -456.162427446 -220.765667555 408.036747592 -224.715381344 12.6709021669 
-4.22579916509 -11.5538201712 449.170586566 -131.221142347 -428.681504398 404.663733609 -408.101666724 315.401265119 -196.123155202 -321.514218475 
-458.975476238 -116.431892463 254.709816113 -12.004684552 -216.405962516 391.032158847 -333.949586381 -1.6182654685 413.09013564 12.8698320979 
-383.363785922 11.680746436 -185.387661592 317.937735201 310.059676313 28.3208895426 -189.657625738 42.1220318333 -406.815781135 447.249938148 
417.73775885 -174.34307088 -28.3969243149 -28.8513021272 -171.627710356 447.426112601 -405.46190918 188.398880307 -459.236887635 185.529002233 
-170.973629798 1.01102697091 -42.9348286382 288.716867579 -318.967273524 184.681603989 -459.212095572 -28.8234903369 387.380217278 416.2020356 
203.961589195 -19.8814213303 -41.0925160078 -409.878420267 457.400134356 422.993456875 -158.934049829 287.600491839 -194.240496526 -404.220919674 
-403.051607326 278.585989241 -46.9571770842 -19.0881330871 288.439453407 308.90231298 -9.07209302103 -174.559780963 452.374591707 -397.24649483 
-320.371296254 382.536386904 460.486920817 297.372244004 -234.518585677 -8.92321061763 7.49870538718 71.9906211036 -14.6407957135 -414.481588874 
-404.771607296 -187.322245943 -25.3406819809 442.606451596 -60.5297842275 -385.504621326 296.883311237 -265.561493682 441.777273662 282.828047384 
-232.529423732 96.5275126854 -232.039440911 457.375956148 -5.76776965283 -459.516375182 23.5371180343 266.197924751 320.281979538 -68.0592658783 
-394.001751855 -460.911736165 260.429987156 72.6273604798 -182.343210537 -70.6380612666 -14.3577307626 405.804716584 -235.480994428 447.953180691 
-171.428224758 -416.806046616 313.831568189 -5.94155829186 -180.296060764 -404.649019394 419.557553906 183.934842971 459.014647291 -29.0468299596 
413.5788333 192.803029934 -430.113815144 -232.358960765 363.952085759 -318.276608209 459.88821842 13.3673779186 -22.1184626459 28.5284989003 
-2.50994291293 -403.927570407 -185.077344036 -433.318418687 320.604673848 -188.245660817 19.5942728591 -29.0468425172 290.259725988 455.801632664 
-195.144926779 -37.8561285436 -451.468006599 -122.435439246 291.421036868 39.4630175117 89.2139595382 378.285086929 75.2568037479 460.923131599 
281.654836877 461.27534933 -6.84096283281 -219.047439669 -452.085483758 -18.7869993731 -224.832966796 71.4609572577 381.174954722 -5.12370042921 
446.853239177 -322.688842586 -16.0522780819 -411.671482989 -104.301059617 -404.872106016 -6.22672117335 -172.099526565 314.80264008 441.914232408 
8.11474463854 -432.083825992 -439.066960835 459.328223574 321.70380497 0.657268163969 -216.262506004 -188.682279571 -313.929005967 -96.6638389229 
-202.483999669 7.12036189817 -12.9863744599 319.3682634 56.7628790321 -432.8009483 461.478818641 -142.380549055 -318.226980181 320.553329315 
-2.07420767691 451.988031073 -16.4975681813 -458.993061629 -277.178152332 -237.627125082 -254.868225796 10.8950469054 29.1040935167 307.823675832 
-221.130368192 -213.527247501 459.954299549 -25.3268771496 297.461751788 -445.415716611 189.235314099 9.36151083675 -439.755997782 413.129998135 
-196.136230924 -415.228332967 -109.098604433 200.961498239 179.953992767 119.290798646 365.420750675 -29.0468435022 415.671926874 459.580984263 
-21.3131095822 28.2982019577 -440.006734941 -124.626742141 -428.96089441 -294.443662602 291.14121801 294.421083802 63.6868448758 460.46997209 
-432.131323382 29.0468424654 444.191973495 -312.813719026 -199.115827439 212.319045623 -5.66248815221 397.142859349 -318.530532053 -23.2279948002 
-458.385699697 450.642242369 249.971350821 2.92468054692 33.2666704499 -349.649112916 -149.454993925 289.805738803 56.5596912317 373.53060869 
86.7415867675 84.5626855521 297.683697665 327.013253227 -28.3873172946 438.702772439 106.646880799 -137.130051496 -134.617412899 -361.014311172 
-2.0593409625 322.132737427 -99.3696771352 -423.392587246 139.997302201 402.610159217 -199.15045365 25.5139798528 -204.350285612 -428.402160373 
-334.161303957 -218.702857632 1.27168080916 -123.708808544 408.063470296 13.0303987289 -223.069734372 -459.422746637 433.305652481 -7.77840669806 
29.04675785 -362.587993467 -28.4056499871 -227.45671644 307.907447717 460.261956967 35.88227876 -240.128205481 -452.775002248 -14.3455807169 
-17.4949086207 -395.324177714 -103.720596272 281.082262815 -180.783033686 430.113833371 -400.315008337 -323.570868938 454.497549378 -25.5691243585 
451.492903829 28.8670580131 279.534244475 -5.12142055051 -29.0469571288 -228.416973954 -170.612686868 -459.81050717 38.0691954945 313.762410883 
441.729676463 -236.235630215 -246.543429821 -123.223179829 65.3145321604 234.934311532 291.841687386 -457.63983376 -28.9128900627 388.611601248 
450.52524558 298.189354531 415.101059373 -254.305780156 -438.105104077 -16.2318365163 181.282119153 216.165504498 5.63808239866 -28.4222432948 
-27.3322447671 -459.992587581 30.8954282937 312.40649242 450.302809824 239.765023661 91.0810399755 394.503061242 -256.631537479 -104.852686724 
-433.16389831 452.655293087 321.623688002 265.720383673 -199.869432281 -203.670641239 3.19044025349 -28.4005928361 -30.0273396347 227.330942903 
-332.096848559 -413.019616107 -197.048018739 310.331722822 309.070078843 46.8249490706 -46.6109648176 -16.3936648624 147.713091423 -398.067561382 
33.323294369 -195.02559446 289.935961456 429.953530885 -220.86399198 -413.7462669 -398.384246472 439.456966221 12.946312457 24.1386147031 
103.671782858 -125.6609761 -85.7250086543 -316.01390187 -122.822154726 -365.704863937 -3.37711851143 432.332105118 453.13389056 145.843569402 
-210.916776001 309.767031157 -24.8888980111 -445.317825566 -5.10901427596 -386.211755009 127.637268445 459.68380503 85.4026146148 310.847934562 
430.138126702 27.9244773829 -216.336842191 -12.5043708217 441.759692742 13.5725664706 -397.564302832 304.912872055 206.442024109 -410.489607426 
-430.120584255 -50.6793377991 313.973793951 -449.433482751 191.537996572 416.457088135 -194.348339397 58.4640530507 -37.0384155734 459.466126357 
31.7760320059 -245.233265163 399.87175228 -460.441341101 -192.302231395 -409.743821976 -65.8792216016 399.166178279 55.3476623621 -6.10721863899 
449.648624095 -2.19632696955 -15.9330509785 47.4331769393 -236.014630245 -18.7070404369 -460.132775762 247.165846063 256.94225056 312.136628943 
-84.4520221098 460.496494805 -455.730455096 -160.042934321 374.289008005 55.7724089696 -187.424080353 72.3081899722 12.8082772682 -324.946143009 
-406.619597731 -402.16375627 3.59545481884 -6.21904333984 -253.114968424 299.209570384 106.088617161 459.000793074 -184.287232783 38.8886855071 
-15.7816901975 303.499297345 -142.659555502 -208.294282227 164.680208816 416.726371783 -28.9775808041 -459.169253543 79.1322262623 -381.495276285 
-217.713075054 409.938274161 17.0527691309 -115.454881882 -331.543042648 -459.298403325 417.33160293 -216.490942988 10.6559566837 -9.85033398439 
448.439809054 -428.253976638 209.469256815 416.09206224 -423.058105897 -29.525587404 -1.50624961964 188.537666724 -97.3138632462 -318.214189025 
-223.413802384 -447.319906248 -6.14728038279 -29.3018362988 407.800555304 -17.3168394605 431.663808744 -341.591051044 -122.504495012 199.384745104 
5.74460307643 196.016250671 459.352076236 292.459839975 -411.562976492 -225.178276753 -13.7018732403 417.238171733 9.72114335147 -317.204548384 
324.015776542 -348.813425002 -29.0468425173 10.9208794749 -435.142253501 -107.900893653 -200.215376982 -421.330479536 6.47450707011 307.808964869 
4.67029551138 -411.476600407 -405.416369552 437.160714491 186.3345587 228.389094028 -28.4802619136 432.062410803 -212.547244561 230.43026425 
429.139524363 5.01745062438 97.3642855653 -213.913739523 -392.542264255 445.858824705 312.171294767 -410.093176127 226.827498919 -16.1784466516 
-387.9559498 -27.5040390931 278.649324435 -95.1618465513 451.674638853 -29.0468425171 -461.108674578 274.516124513 -26.9140991071 312.713860646 
-29.0468424534 406.311770186 -433.842276315 186.233794082 459.939476319 -449.267627026 319.358352527 -200.565437055 -4.52698292224 -211.965962072 
397.951738884 -28.9647266908 -207.74977811 288.947317382 -183.431715799 455.073486274 22.140036857 28.7832386923 -431.884222454 -402.971176821 
-208.934297994 185.503119009 -433.856460572 -447.266432297 -229.062545769 318.881122838 459.768394041 -29.0468425157 414.393928427 -1.19092708915 
191.461737871 30.3701583445 -24.1282559989 277.194874087 419.633592072 -29.0496400414 -238.273279945 -458.669282297 453.930760507 -233.495675668 
396.936700366 -453.699356432 -134.941662912 14.8494498893 28.7318944962 1.11921580668 -219.075344016 -428.974463324 362.385289944 -228.495304196 
-318.54180176 5.51260857723 -227.513965681 6.89778123462 417.254797606 459.349650893 292.626178776 -13.6775522648 195.370053728 -410.945991346 
443.439355289 -22.0475720391 -25.5736932913 -416.327710992 -191.930766489 -318.76709877 -410.802414899 445.314697851 -6.25870169784 302.475246408 
-164.662395009 321.31714981 -202.833026053 -433.090379961 -7.72596747543 459.2399049 -316.982264222 -423.885433517 -4.39855368027 -1.30136202193 
29.6304536161 -408.487786696 327.501202089 -28.4248953466 -405.258917499 6.89436395262 -146.158693581 461.717399663 -191.112179676 307.182136421 
185.133515838 444.79109687 -28.3762663971 -169.531020547 418.337874555 -228.259857345 -459.786685451 -399.671747828 -28.8422602739 303.997615225 
-234.326734812 -169.039054766 440.720666468 284.57412713 -459.76501325 -397.528754035 -11.0984738001 -29.0468425512 448.065792014 -9.40966807202 
-461.122533217 315.684483947 -19.2098312967 -212.658886234 13.9013141494 -3.77816751358 275.923995788 -235.930745427 229.919786997 452.059724222 
-188.215479314 -433.282773099 -404.067169723 -185.199779559 455.884004242 320.570927424 -29.0468425172 290.275004457 -2.22490530906 19.4764780513 
-438.140704996 6.90510181379 279.101268782 461.311733802 -212.997515817 -213.130049561 10.4745574431 -223.625813329 -444.692439923 403.251867812 
-282.62305934 460.24763312 382.947341686 23.9205237566 -20.2842542781 -26.12850266 109.877072167 -330.82880464 291.384449917 -341.871707705 
40.5572139387 -459.244855832 -171.687413605 -242.40881873 189.142102502 34.5800773473 -252.991655971 -28.9462293138 454.23211449 418.01040586 
3.53365371381 -212.567916497 460.630848323 -206.555483709 -454.526555878 -208.409426306 2.97146080639 14.3755987151 -426.407789721 322.977087473 
314.850039236 441.900108772 -411.696648863 -16.049689531 -104.298369442 446.867543055 -322.690808403 -5.7570380388 -404.865495905 -172.129053142 
54.7641520607 339.29618815 364.873097976 368.018951128 -434.189512888 -144.416695564 71.6832934859 34.5935941715 -163.928492184 87.7795796646 
316.243476419 -228.063003391 460.495376859 -434.753471913 2.22602414805 -209.883927487 318.602807602 -19.2610880646 -448.222352008 -146.02277638 
-192.114662063 -118.626183304 -320.324930354 -3.82549206331 -425.053096256 -420.082791508 29.0467566493 432.114983053 407.803512809 -202.775802187 
76.0602029182 447.213395463 187.145261524 -227.297005304 -29.0468428255 203.949092577 2.70861434452 -421.922926915 -246.311951467 417.138485328 
458.951442587 -397.985639782 313.154678729 -174.32886843 -8.18883201782 -322.292054864 -13.15451549 405.151497956 -131.282115984 -406.54377984 
185.973359986 -459.73139666 420.00104481 453.469391921 -29.026873082 284.579980457 41.6673428965 -181.366936787 -161.854739841 -26.9107666686 
440.634677558 -323.710759304 385.061810878 -210.143330409 159.746522789 -5.40240330161 -391.561876595 299.510612839 -122.377694119 31.5230424891 
-441.185058746 -432.685562918 321.091316219 462.598695656 8.90276746159 -190.751323252 -5.47906841591 -317.118872917 1.40483178045 -133.898961253 
-133.942776335 -441.165851205 462.599051205 -317.135625116 -432.727296625 -190.761488175 1.32826981714 9.12414605609 321.067795815 -5.7992010729 
-215.306211136 -207.423440434 -430.915943766 -5.60378960983 459.236578624 56.6552714529 319.990262292 -28.3536650289 280.615739157 -449.204215268 
456.361094273 -109.740226718 129.38040683 2.39186692336 -459.183485901 421.84338946 -124.393718439 110.443328779 -86.6863416085 -292.648129541 
50.8245334985 296.276507694 37.3383265686 355.828544866 -404.926536428 -413.225457119 -185.209083329 -36.5493240977 351.931850582 -178.881327201 
-238.395314387 -288.523481436 -113.068758485 6.06474035544 -458.240542411 409.924146014 390.688750997 -11.6969364467 -315.674967918 7.01293780946 
-344.590618643 -151.651226718 -28.7715993854 378.600421535 155.961098556 -327.004873233 453.255645284 -112.551066371 306.622326104 44.2373103745 
63.7347000846 122.940783635 -9.49631886771 -272.407637411 286.378357873 339.154600509 -448.683550371 -131.507188199 68.5573811741 461.432042563 
-121.211668829 -358.294307527 135.114889679 -370.373673211 -8.41030416945 105.391727396 -132.565756465 222.125664257 337.276706118 405.273493564 
-211.59236858 300.43075906 -82.8632522104 37.3264900054 -459.506192958 385.018504822 -25.7470466069 235.703801407 22.4855505714 450.002628799 
405.702684582 -14.9333165849 -182.213717171 -393.896246962 -460.909005703 -70.2841731787 447.965529905 72.679759222 260.150867572 -235.620455584 
33.3716641944 -230.0309174 178.35586159 -438.682318807 -239.938008215 -27.7619987525 293.495522223 413.671402098 -438.34976494 459.874598825 
430.564950951 127.097323459 -131.345923442 -353.021787072 297.519641593 453.968963392 -73.2850083898 -20.9760516472 -77.4543438145 -329.370488959 
-29.0463667337 -184.734525131 -28.8405544689 -459.65568333 417.275322222 184.520841945 290.245981537 -403.987196486 457.161945703 -171.529740371 
207.657456434 -365.746320383 -460.802404603 427.829744139 443.128570723 164.424152001 -29.0468425173 -144.319247786 305.979960292 -30.0084726509 
-167.457904375 -305.691579391 127.000083753 300.218480815 -197.058541252 459.952220257 -438.193521029 31.6488519009 16.3380915811 29.5822508042 
433.166448075 -224.850198544 -124.644714841 -7.77224147853 -219.943005916 408.085532626 12.8109905336 -456.343087378 -331.882834233 -5.06843210556 
218.747343158 -215.994957358 -20.3725865282 30.2389649685 232.133239692 -245.065681711 -460.950500561 332.566701167 16.0319253707 435.810996186 
34.4801544227 -47.0970693251 90.629567414 300.239501446 130.495783988 -405.843052868 -154.643724567 -295.016481348 -406.810356527 459.816528636 
12.0730715119 297.086009233 -211.801730844 -404.070292658 -15.0584650885 437.243970258 -387.494501529 440.252463182 -3.45223824876 264.279094845 
-29.0293011986 461.783165248 308.477053931 -151.387141458 304.604834983 -443.902799106 78.9238606769 -29.0468427075 79.1228102609 -444.849570899 
457.853016838 -443.293233011 -6.52401584443 319.715847127 419.656452009 -210.994032711 -221.208311995 -70.9659801457 -432.23285199 187.436236413 
-446.754699186 211.467424478 436.548048186 201.197554478 421.861317323 -286.13344076 -15.6336455789 219.021148139 -49.1964650834 -10.3340492405 
28.827247488 459.477701125 -459.887350596 -120.372687085 42.6040892383 -412.27567876 -74.5134630342 404.305729591 -247.79535856 -196.945726429 
-430.811376707 -215.047576173 32.3140176067 -190.054890791 -33.2353949598 409.097056513 439.933992165 179.481911121 -413.707684663 7.39726543674 
-21.7740153792 -429.249008253 191.332968873 -418.810553892 -29.1601058174 66.059306882 14.2782211122 418.976958256 458.182853801 296.657030604 
-394.804836912 -10.6267041728 -124.268398412 13.1478301788 405.563174959 -128.264289732 -323.839394513 -408.696657483 254.305862395 444.741408811 
-15.5811353395 -217.375690627 -25.6369381021 -391.976582317 435.521927167 280.716054927 -341.085595169 -125.08115178 306.082249347 119.263543201 
66.7172527793 -21.1871045101 -230.114473033 -455.438760655 17.5029481579 306.221701404 157.889359231 376.543007474 -348.600749759 -160.276263862 
-88.6163154939 -28.0254971831 -387.301026467 -388.332535157 -52.8777657731 -377.768252107 305.401068957 313.283934086 -39.8831283765 455.447827988 
-27.9700232078 55.3187117361 387.400029168 281.34682088 -210.823341603 -204.746709079 29.0468224724 -418.927491189 -427.616352948 461.992417349 
-6.40703938799 -343.311840855 342.729210006 382.733075011 -47.2019934389 -134.381863352 122.094532303 -361.798599938 -129.728615498 -364.849519208 
336.177858524 35.6695883098 -132.61343672 148.877823886 -206.750902919 -374.191185498 -2.45529123265 353.971105337 142.686971181 -459.888838797 
317.741856517 -445.594848356 -3.3047026116 -227.95450898 355.666895772 -436.941663029 -186.098622823 461.194346232 29.0467310836 -211.675177385 
-169.957038947 -12.9895172896 -29.0457298636 -389.826674766 451.344983002 -29.046842517 312.844955089 303.223718311 279.995862812 -461.454140856 
-407.030514383 -29.040856996 456.19808762 29.6780165911 187.088602717 -187.918454015 392.962042861 -430.457871734 21.0381413931 -200.345373104 
-131.990784851 92.2558609147 -164.728388867 240.883373648 -167.30308247 356.081315895 432.102389751 -329.138517338 25.3278041734 127.202648047 
-8.93643425887 -329.307526384 28.8607224478 278.135634469 -452.168059814 -29.300090847 -98.8474716616 -225.884149664 432.463351246 453.053520282 
-237.892647861 -235.062536043 5.1511581182 -35.2139383665 186.320128478 -13.1824685544 278.294559895 418.118939525 454.623495679 -458.858331258 
7.03367712139 -100.362340804 -413.424209036 -265.138905886 -29.0448579468 424.312619376 186.251607438 200.673272368 -459.719205355 409.19531504 
196.813395091 434.04826668 267.898431972 421.174361625 -227.999365079 -29.0108353835 35.6454988642 -458.665060014 -185.464207644 -2.78550649012 
-317.898336659 -96.8333344075 78.4203999489 -4.25953665656 -183.885395928 -433.890506128 -159.824069296 429.044951042 454.960066517 -418.379129344 
-27.3809154197 291.286467074 -130.436680357 -408.932710304 404.594695182 -196.590841346 449.512241533 -11.1755079195 -321.367252462 -428.34248046 
408.056660152 433.153660765 -456.355918177 -7.68992796423 -219.911606958 -224.830797677 -5.01132472591 -124.611324135 12.8991579795 -331.904608371 
-23.9011314058 -459.803386432 308.265985464 -169.958264407 445.444476869 185.117175775 -28.8063649516 -228.328279025 -386.67801467 418.360693489 
456.380101594 -453.610437968 239.664977332 423.801830043 29.0451447625 -222.864796859 -7.96932153259 103.331928602 -99.9928159474 -326.361720971 
-29.0460726416 452.957977821 47.9065436898 -2.12378629717 -29.0468302265 -364.684398681 283.862442296 -211.219950879 -459.622172983 308.084609471 
453.437842315 -8.45561593118 -20.3671318916 197.234378642 -457.274725033 -98.5489963017 -220.005717278 -328.318116204 431.836259616 -26.0786947696 
-95.0715479302 451.816055736 272.903030154 312.503502587 -461.132973744 -29.6700079103 -36.2671670042 277.995838074 -386.967157829 -29.0468425171 
218.985786741 -256.208928563 -380.408263497 -369.104774075 143.471225419 -22.0791447732 -29.0468425173 57.4957113169 423.083486388 302.339964519 
-441.191119307 462.599176499 -135.652212875 -5.88315248787 -208.18708888 -428.103472542 -8.96346231216 321.062219133 -317.111969247 8.98164546166 
-391.366730965 -180.399682667 -385.371413099 260.801239684 9.4784610102 41.309633279 247.199972547 448.816586213 -178.968879577 -28.8864989527 
-140.457210886 -194.760540635 460.946272655 355.65839999 334.523874693 59.9940341098 24.9389561103 41.3682901648 -312.468455946 -427.607369952 
385.959903079 -443.558563515 -7.49736653203 -231.692475437 2.14500496816 -322.094873471 -16.0282291523 300.336766984 70.9728580655 462.049819867 
-53.7968348732 -255.441112082 -37.0862310426 401.599149688 -236.190256847 56.6559024249 452.99166259 -458.951893559 30.0392005268 -243.838824112 
-29.4718842344 332.019094195 124.840985255 -173.256515246 304.046443892 -390.731668117 -26.3117802831 -388.99861538 -250.194185422 37.9781964351 
-217.28405578 6.56003213175 318.398869504 -436.937088405 -224.125749421 460.76688005 319.76554586 -210.623940928 -448.909314485 -7.85050871006 
-223.906463461 22.5306231766 -404.085629607 238.389993741 -399.614354091 285.894750998 3.00653558338 23.7596572043 439.973983014 430.008801157 
-40.1512215362 296.528920599 -131.104759673 320.770555259 -430.12313548 462.100407227 73.7217090598 -439.445281951 19.0331861115 -205.682217391 
-12.3640049032 -123.543528682 312.849503516 -405.349282829 403.694349977 -322.310924364 -385.73046343 -138.749432394 19.7860576275 460.00877394 
-231.863329236 -29.0335238859 9.98284255699 -226.712860563 -459.824163114 422.021251338 186.508877733 -7.59817183176 -239.917131457 433.599218042 
-394.885897412 166.366945456 -42.6163551336 312.771692743 -38.6807509463 -171.034531968 -29.0401558337 310.553513246 -374.359714249 448.975359957 
198.441282039 455.702579507 190.442427951 341.727286521 -426.097402788 -26.9514972946 17.3955665211 -418.355300924 -106.73020625 -172.171665849 
314.993822972 462.392505177 -435.510762109 5.16391166676 -214.758099995 -8.67854677369 -27.0757665692 -214.790817331 -392.127900546 318.256887887 
-413.719662258 322.738736339 -16.5773989422 289.604846026 461.98976597 72.9685890182 -37.793278703 -203.68370515 -432.179275046 -198.726287054 
56.7468066222 -142.40014347 -432.81179643 319.388593699 -318.198049094 7.41748016761 320.451948263 461.479582534 -12.2326066561 -202.502275305 
29.0454923877 -192.766369484 -426.150367156 -198.486692743 -194.859392496 383.05883706 18.1964702305 458.273225902 25.8121978472 -412.483895064 
405.209334015 278.223846053 -329.732937058 -124.247772058 453.592149816 -8.34672385124 33.5515774492 -225.993043469 -29.289246933 -453.433665738 
291.232683821 -213.007853577 386.254012087 109.689676079 -117.054213262 -390.695965491 0.0382670542826 -325.388125513 -6.87073070259 437.253124773 
260.926866489 363.943698371 -311.566867032 -4.94305515784 -313.20915222 186.672651758 -17.9765298999 -171.419195369 456.076121426 10.493059077 
119.685544617 -182.75807783 219.711661167 -38.1211979803 24.9180807297 268.40106749 425.524293917 -378.959177439 436.959844229 -387.825705008 
-29.0416895392 449.228874132 -205.847296892 -28.8758427081 185.840413943 187.166342078 -459.140847708 417.972707375 -228.452782932 -406.875114269 
-29.0468425175 -141.341325152 -460.602758511 442.933392582 -362.648398605 -29.0839020795 165.111310616 305.537125752 207.779344364 427.971245173 
418.695338484 -456.481599179 -218.98176606 29.3090953647 196.394861304 -231.156062755 -17.9985938479 400.314283499 -423.180231151 -101.355527518 
-446.031206319 403.246979469 -213.138172437 -185.778617978 272.52012858 29.042416652 28.4981702107 461.348117407 -211.599923865 -437.337231702 
-19.3651794878 28.5279750134 -417.062850783 -424.488445587 -18.791584976 415.484522023 192.912532776 207.921328918 398.151870199 -249.136693156 
-413.338536042 29.5967051877 -198.001239703 440.386414292 26.6237644107 -399.524390888 294.773887596 21.3638419375 430.813855292 -219.123554914 
-231.486232692 42.3094548405 456.610381326 -266.606153666 27.8151084287 -277.668411767 407.639990929 -460.320503889 -104.731309857 4.29983351687 
418.926766623 -36.2401956285 192.488497807 285.441206109 386.729855331 -452.676574606 -44.2713043568 4.35152961414 -326.128404293 -228.940227245 
-93.4565313146 -9.15731749579 412.903243108 -462.032383095 -25.6561045816 -165.282762308 450.016291 226.228602324 -233.111476968 -386.709345755 
-192.503422001 452.237119297 208.587104263 -451.002714227 314.418615774 -236.604876363 338.553639229 -22.3084668921 27.7819881615 -7.46509410146 
429.735442389 -227.431908705 8.27717501655 443.496684407 251.647602887 -398.020772087 227.688473643 25.1953648044 22.2491008916 -409.008252113 
-4.41712527773 -202.8250933 -423.886705313 -7.92359511276 -1.3563726659 -433.086002355 321.354700272 459.240760147 -316.981343648 -164.681583064 
-169.516137619 282.435550878 -29.0468425171 450.926195062 -389.445143753 -461.211345569 304.245907455 312.735881424 -24.7485699476 -3.17510405812 
35.9429547472 314.078560613 274.046962233 24.6807133883 -392.463407599 455.696680095 -207.191410221 -461.48745513 -29.0468425171 -109.252292072 
179.189014038 446.090105033 -106.5521096 -331.425961218 -121.834761432 413.764362934 315.166595767 108.526878553 -453.36987877 28.2976222561 
-283.428977068 -301.814251271 390.785919885 -1.32998551602 6.09373825624 409.17861696 -458.921210129 -101.65886535 9.71432466552 -233.803228723 
-460.194308657 447.26548895 -35.3079215901 416.518397908 282.184500161 82.8581458221 -201.462340411 -19.3404343522 -397.733701353 -228.745635745 
-265.657436723 -164.416160529 158.365365865 305.164664849 -450.907306234 58.1174111058 19.909487913 -22.2824989911 378.341600022 -322.962216363 
-435.60149577 320.163332125 66.1263050399 -194.985455426 459.69359778 -25.7646668947 304.246453896 -448.932547421 -213.64689284 -30.3543115628 
41.1374217848 -458.622191699 -29.0468425173 308.443444128 257.084066556 4.71021166058 -359.348793451 -29.1183412656 449.923962134 293.105108474 
309.614101554 69.0246963121 29.0467890162 -433.329702325 460.571993484 292.769247438 -209.999962769 -221.773739801 -445.872239089 -28.2202470171 
55.5699113679 -447.664960633 -206.95825112 438.799522966 -426.912582374 -165.2640372 -22.0706923103 55.9575908871 309.068973766 449.214276166 
418.222418993 -234.699532215 -237.898259953 5.73861283465 -458.815459714 -12.9374690381 186.302247321 454.601080968 -35.3334494385 278.916159943 
-260.523030316 -8.27873599622 -232.523853777 -225.32917501 461.953399612 379.166672843 397.081325593 29.0863847936 -449.299406645 2.51810706338 
313.271777719 -378.302508282 455.448819681 -51.5856309583 -388.121134314 -93.3150210483 -28.759017247 -33.8420831946 305.518513518 -396.969949737 
29.0858990694 452.411700383 -215.947929871 -462.041677344 303.486542104 -385.0054745 -163.500791091 -29.0454098657 5.44294778876 313.162348319 
0.0257297680519 190.254554654 -426.797548598 -103.147686673 -197.793296981 -204.856340702 -33.4795955116 420.813376259 325.564584143 -420.655957866 
-178.200048777 453.014339463 -396.857727459 21.767147694 245.847564347 -20.7469754826 432.527354706 316.184625077 -412.212548969 -36.4610115955 
-446.340500941 -161.134581368 3.60332576079 -188.708015434 -316.282335471 24.1682068205 45.3594649994 214.453517297 461.840583367 334.924649055 
333.986697422 91.7912649616 458.393267072 214.654934985 60.1101458833 396.987859141 -424.510820052 -443.532700467 27.6642026696 -178.820284036 
235.480253203 -461.861385161 276.647718102 -50.6489470268 316.477135406 451.726596916 -6.49381771417 19.5677417955 -231.929019981 -146.635316311 
185.777033945 241.317738683 432.908813859 212.905708801 -22.8359677676 414.732266086 -126.019029471 -429.686889958 -19.9500623809 -406.697207304 
21.2886331615 -203.44730119 4.55373118419 380.704052982 -318.685306748 459.072597247 -445.366797805 87.0861149728 66.2259795446 309.718291851 
-423.611037463 -125.157309984 406.24433555 26.5384483293 -198.490572796 -320.373939924 190.465568635 428.630428737 -29.0469943949 -412.28198886 
-18.4046215015 29.0467717874 385.137050345 461.728657999 -245.435067208 -1.79836345181 -444.897755051 -216.363414871 -265.563066124 400.01263917 
388.60921261 188.733133775 -32.9819308264 -459.916777489 259.501063206 -174.586680105 -0.256837791793 -225.275538322 -6.63701563818 417.231169323 
-196.536860216 404.622838031 293.837476856 -408.826222846 -321.390106274 -25.5776449911 -428.354893073 -11.2609751473 -130.531849687 449.464027541 
459.126385203 -1.57415699749 -333.358218711 -110.63129937 115.691137352 -457.395416422 290.433608428 180.683593549 32.4935848788 -232.571385194 
207.5358325 414.864570133 -423.764941127 -199.801227033 71.4554756942 -135.260269314 189.199054969 -22.9778821519 456.260152089 -416.894770181 
452.586028939 -195.070707039 -20.8913018843 -208.64910669 -458.531033517 29.0468305826 418.994704382 195.828132887 -234.753530451 -412.477841894 
425.523222172 18.0643687373 215.166638268 -216.121890539 6.34263949431 -406.860356216 -7.36916227207 -396.589715867 305.707477334 443.468083386 
-204.122249802 460.859805876 -195.037569633 -298.558486223 28.9307115049 -419.809122992 7.05844325494 11.4612272082 236.270133752 325.837309793 
-43.2485976343 -29.0468423673 312.527568546 -391.473422653 448.690027288 -171.575314825 -374.187455795 -48.9396673021 310.508964534 162.758206852 
453.835166016 -315.506786274 -426.902235984 -28.9040201572 -424.28293418 208.529125126 185.118282038 4.85003333891 -6.34973138224 414.969315122 
444.651083267 -457.139552671 -229.899141508 -156.563630769 29.2869670067 3.62647013307 -413.702235898 -2.7904655345 444.100904377 -200.057908159 
461.280404765 -193.212133802 -154.757333303 368.151671824 75.6785090048 -162.219047227 81.0059344228 32.6069385635 -434.869050119 255.313978466 
-117.561104957 435.71508508 -429.532069041 -173.662476938 38.3726316278 -341.902709221 406.552029 -194.291226928 -0.992112007622 27.9321470277 
295.950264588 263.352583538 -320.042086216 -409.445494403 -393.706666807 436.958232694 -9.05923721536 -100.547351998 -184.989542297 -4.23315617863 
316.373054785 -450.559835915 30.4554983013 320.518094011 -95.573234401 -430.986490054 -204.474941506 -198.450321732 24.7076882162 460.809540397 
416.445803457 -28.878326194 454.349733074 -424.134110857 184.531377613 23.3808198083 316.957533465 -397.979825647 -16.2392932536 -179.060244051 
-30.2861153583 -435.540276288 -26.6744686864 -213.657623037 320.154651745 -196.143014664 65.3406406946 -449.169585114 459.689061122 304.131363365 
186.79622727 -127.764777538 -166.158155744 -430.339065484 -417.388441827 -190.107007217 29.1093269771 427.018810599 -29.0428994358 415.488923032 
-453.240509586 -13.6739463191 11.2655455833 -215.302272204 -235.408736298 -1.90381443482 -427.4586504 -133.717467873 321.134549406 461.51945828 
-328.147511112 7.26994742535 452.11183953 7.15726088984 -219.017902184 42.0791788508 274.339672516 308.874427036 -453.657391363 35.1167584058 
461.171569331 -450.652730799 404.815073549 -129.87521398 -216.57125227 37.1293122964 -435.088237587 305.86920942 -226.78873139 23.9298346286 
-201.407794867 -1.54069633833 -309.367272927 382.153079807 -284.411215139 455.791034775 -108.021078774 19.2660902004 -459.370291931 3.85270368524 
-72.9664730317 380.881443891 37.5285487753 -413.497309868 -379.043925281 434.500869462 269.220425282 -185.714953003 -77.0816498045 170.178466288 
-422.532029629 -425.761592932 -33.6803687442 -213.03935639 158.039341344 -212.273089612 457.667550324 24.2747691718 380.38302183 354.669840505 
-373.150997804 453.496753045 191.986004227 -27.5279771271 -414.810107181 -235.224481384 -20.0015240047 309.140815218 431.686367424 -27.6379573851 
462.256125633 -38.847856434 -429.784752076 -205.104410474 -434.483919078 15.1915739737 321.106963289 -126.897185787 68.7539701218 288.762560944 
462.463224951 388.014241564 -390.967566389 -377.038070804 99.7675179957 308.449299687 94.8037799488 -319.04980994 13.5768832418 -17.2931220436 
183.510229724 219.066149594 447.981638067 -445.891669408 -11.5020934115 417.352736895 -428.858947302 -252.651086544 317.617221062 -27.3998967581 
-170.099748645 312.515181697 -45.9072972412 -44.9014575573 308.601324022 -29.0028558657 448.835015296 -393.347153043 -374.497193726 163.335886835 
-223.478435993 -7.37936508602 -338.111406036 -217.72607298 0.56934102838 189.181860412 416.411186726 -29.0304447527 -452.369502507 454.836237403 
453.908352583 185.117280033 3.13782705937 -426.912408892 -424.283868545 -28.6596624594 -315.625635774 208.441265219 -3.95578423471 414.921994992 
-191.836406409 417.515279457 -195.820208257 -429.835251584 25.7123969075 -169.561905327 186.864713953 -420.649249559 -29.0480476358 435.837664111 
-229.003354884 317.863490427 404.606348918 -442.880547746 461.19561813 31.5348693764 -227.745081239 7.96643460603 -440.437894845 -259.479322336 
42.1969151219 449.108325843 256.382949001 249.632506745 -176.805757628 -24.406639404 -178.576908851 -388.539423745 9.62661771596 -392.175916384 
263.178831397 295.963383095 -211.698127335 -6.77916827043 -386.414899065 439.418449316 -403.61402487 9.77852224141 437.277225501 -15.0539054942 
-81.0422802334 169.533144546 -318.829850111 -65.1200547902 150.488857472 183.996559176 319.098092681 -326.956672034 -98.3288729165 454.750888286 
404.6725904 28.6575252663 -216.187086749 -65.255875138 458.54576645 -26.7937849676 -461.512921629 -113.401765395 260.259684261 -395.438318295 
-14.038201297 -440.806951815 -381.968149339 127.355922255 297.191759624 1.65166759152 301.124174218 56.7390059049 -219.966358876 280.228318447 
285.614023725 387.829152632 -231.287757811 -326.246452588 -0.228486745415 -52.3828984736 -452.939872225 188.456448908 -28.6282141829 417.973927802 
32.3988659033 404.614666132 -230.342710846 461.194659556 7.00405030435 -227.027292304 -442.027201184 -439.936568726 317.92149121 -260.190991434 
437.942622338 272.01551757 449.728860647 29.5090329821 -399.049554354 -458.865686788 -169.739651236 -23.1481232154 -29.0468427002 298.520460259 
