83.0055730478 -329.582883556 -461.686340963 207.527812401 -52.2442735207 336.737620376 -181.678474487 -50.1264379246 -305.019797724 461.686340963 
461.686340963 335.537658445 -461.686340963 68.0058198175 -283.081802739 -53.1154605714 -168.299516772 192.305945588 202.968400546 -343.104808246 
123.019689376 -1.36734505827 408.193327442 -209.06431298 -462.323288148 141.671429822 263.732953834 -81.0010705025 -334.592954202 391.8910659 
-461.686340963 115.0437011 339.200590358 -36.9423430033 235.33861412 461.686340963 -159.312504183 90.3353490028 -224.879796889 -330.907373979 
-178.834489376 116.007583266 -53.1781925063 -327.937911708 -190.692420113 461.686340963 15.8960846017 -461.686341061 210.755104658 332.72922454 
136.736799391 -139.407365906 461.686340963 210.587836302 332.839777837 -461.686340963 14.232111233 -334.658526389 -227.201632134 -40.4318484203 
332.599889877 -461.686340963 -96.3443144696 172.293239645 -218.172768636 9.04704360612 -336.237558567 461.686340963 55.4723497078 297.189718433 
200.074457114 -71.8222640465 -331.693995633 180.965628071 51.3667655173 332.792148699 -224.018789447 461.686340963 -118.749257021 -461.686340963 
461.686340963 226.52209997 -461.686340963 337.252105168 -331.621485352 -165.245079853 107.557402022 78.4650462111 -46.8403268225 -224.128294742 
62.0003084997 -215.47760064 -62.7624742427 208.919319152 -461.686343197 -188.154478127 333.370919076 -333.965938761 89.4228272711 461.686340963 
202.800342542 -234.533771454 175.887193808 43.4375224418 332.490001825 -108.122016542 -336.346108316 -81.5567741374 461.686340963 -461.686340963 
66.2263213783 -62.2578100584 -222.879033108 461.686340963 -176.561447968 -333.288972659 -461.686340963 187.920164 328.125624899 311.188279416 
111.520675266 -160.919847937 -36.4346356031 333.419927569 -461.686340963 -283.869225178 -333.840445876 461.686340821 -31.100344337 211.459029486 
329.705704668 461.686340963 61.2091382165 -461.686340963 183.369532325 -335.290934003 306.957449823 -211.362798599 -67.2377124078 -141.61027955 
-18.5211111795 43.8731257895 327.793055755 -461.686341 214.92647744 -207.905395964 115.043735295 -119.000429003 461.686342311 -336.901193367 
171.648573068 -454.438837438 -199.071134743 -114.060428795 461.686340963 15.7445390422 50.0662036604 328.061557152 284.191050624 -323.51555735 
265.066920321 346.520756816 -461.686340963 -76.1541061232 -125.021116074 -246.81427408 -339.142001217 142.364696113 16.2901704353 461.686340963 
-331.50404543 101.170122102 -220.632021107 461.686340963 74.3357255168 336.473046978 223.054093377 -461.686391109 -178.827122051 -46.140394885 
27.3185244692 296.086335055 45.2029881574 -96.8228864923 170.293671733 332.380396521 461.686340963 -461.686340963 -214.993034107 -334.659120424 
22.7133549612 222.258651517 -461.686340963 329.208815065 -149.778603342 461.686340963 -330.16412137 -22.2636062553 127.340423886 -223.727937561 
461.686340963 -332.616897658 122.624730423 343.381284442 33.9721981937 -461.686340963 -207.503900028 -56.9188532658 248.327882694 -142.454368229 
437.16015825 -143.401338533 -205.648089094 314.037331607 -322.976491253 223.413589654 26.8309269794 -38.5942331421 -440.734915981 108.585138563 
335.51168529 -48.5815166618 -207.516674638 225.441589919 81.830611806 -331.515027588 -461.686340963 -169.814948197 103.303911949 461.686340963 
-21.8273356448 343.241346136 125.7484452 -461.686340963 -341.811794367 73.6558511546 461.686340963 246.054875027 -265.436677118 -139.429273274 
-57.9793952272 -461.686340963 334.526060701 -172.17807381 198.786388954 -222.860940247 191.800595662 -332.540283609 461.686340963 55.8767966235 
-119.420512112 5.2937752838 -222.369758696 -338.791553259 347.424405329 23.3254637695 461.686340963 269.044603699 148.640806674 -461.686340963 
461.686340963 -333.277082474 -461.686340963 -206.694637342 -56.2976897422 39.18309331 329.109547112 153.002487082 257.093617152 -130.23865496 
-342.800307245 -461.686340963 -120.765385276 342.131936958 122.580313002 268.502064837 -231.741731446 158.670095281 461.686340963 1.9560568037 
10.8488980705 -461.686340963 252.215069514 461.686340963 132.653483977 -38.2922453172 -163.451822646 330.824848476 -332.876674952 -233.843651426 
9.85357052682 172.43824666 -218.178498172 461.686340963 -336.170359651 332.225232178 -96.2185519493 55.3854558728 -461.686340963 297.391714367 
-24.6942005914 -98.7122925889 124.254417254 -461.686340963 461.686340963 -336.685001704 244.414202887 -209.004015674 342.82558759 82.8981240794 
-11.6534201846 -335.631494014 -215.5275229 -461.686340963 461.686340963 177.190110026 55.4294067681 254.664505794 -95.6167367736 328.401289946 
-109.273344029 -342.300354911 10.4886604726 461.686340963 145.690634077 -229.667985739 132.324046721 346.913917636 263.289074609 -461.686340963 
-73.1627843857 348.596669224 158.698046681 -97.3887599676 -339.457626753 -461.686340963 44.1936385743 279.306316637 461.686340963 -221.686398674 
461.686340963 -334.997974046 -250.144802761 166.298566454 -132.957173477 -8.42011743777 235.890946918 -461.686340963 329.242895053 36.8644738124 
263.847214573 -89.7978411821 -461.686340963 24.6077376379 346.514135537 -339.287105089 -227.418245664 144.420928185 -97.4052771706 461.686340963 
347.821432734 272.183916182 -224.884227041 461.686340963 152.415975143 -339.737690446 10.401746242 -113.758247948 -461.686338905 27.395344145 
-461.686340963 95.3966663992 -159.697206423 -285.628070694 461.686340963 -37.3519160794 212.351081455 -23.9571692125 334.159165753 -343.527577072 
461.686340963 -461.686340963 -113.805100861 27.3545406167 -339.754973281 -224.909373762 347.839190688 10.3432063558 152.346755163 272.09110054 
-66.8061272843 -79.5612925407 333.840962361 -461.686340963 461.686340963 -336.192325349 185.97098225 199.563686493 56.636299052 -206.777229461 
107.974335413 75.5775265547 -461.686340963 -204.569425613 225.115188331 336.558969537 -330.510934609 -50.883115822 -144.588485322 461.686340963 
-52.2742893095 -344.112806448 -163.854158125 72.0413913924 86.7497823874 212.512036881 461.686340963 -461.686340963 335.114862883 -285.881995547 
207.464174384 -334.023765102 461.686340963 -158.094115989 -461.686340963 -281.791151505 121.939520048 -0.911976777982 331.337680808 -57.9021399087 
100.804162395 -61.9690389282 -212.699286985 -151.574698458 -334.300909856 -461.686340963 219.333872965 66.9131475142 341.094059268 461.686340963 
-330.96150579 -461.686340963 -32.0601540848 164.769841435 461.686340963 -213.069179238 236.441994671 39.8317110837 -117.333995354 327.631210238 
70.105235358 -331.330320122 -151.406777506 217.401802686 333.912756596 -206.526495821 461.686340963 -461.686340963 100.977128633 -55.7743063298 
-461.686340963 -54.3336425404 -213.556462154 -338.696411348 214.119741218 333.487366244 -115.270112463 96.9369182805 461.686340963 70.5751629051 
-175.366006873 291.308751 -267.563280077 -60.6524584784 59.3398533175 172.868175106 -337.973266346 461.686340963 350.769591642 -461.686340963 
-461.686340963 461.686340963 -297.730321429 -331.744413906 337.927331686 213.992312546 -25.1140747056 -175.83212903 92.536468422 -64.8237504128 
-220.799070792 223.055148745 74.2962131408 -46.1268995884 -331.522708039 -461.686341539 -178.760560442 101.174759445 461.686340963 336.471484866 
-98.0338574112 172.891354275 -330.92706393 301.25723805 329.862124268 38.3776652145 461.686340963 -209.155387007 48.4674603145 -461.686340963 
47.900423059 330.59276869 461.686340963 172.574330664 300.692601447 -461.686340963 38.2336073631 -98.4489737403 -331.1181237 -209.317731543 
128.381318681 -341.734854799 -35.8774956524 211.961711711 -140.868642067 333.407199979 -264.949036753 461.686339198 -461.686340963 4.09025426051 
176.068074716 331.99049212 -66.4437331679 47.2762205144 198.033734657 -97.8053665882 -461.686340963 461.686340963 -332.823590399 -223.810608038 
-339.088384018 23.5237116501 -461.686340963 461.686340963 262.173578596 345.499371595 -126.597827487 -90.8459049801 139.922258406 -235.569974186 
-92.6956790751 -35.9508602646 461.686340963 336.240283581 211.895534304 53.655552637 -461.686340963 -341.562572298 -212.987210082 182.390810763 
-181.962191105 -332.381208744 -222.865590813 209.267418916 333.987933923 -461.686340963 59.1056289996 461.686340963 -62.1416214415 177.96603844 
334.07830775 -461.686340963 57.9790774548 199.883088627 461.686340963 -80.7844216238 -65.8473241348 -334.081636949 186.935326053 -213.212262625 
-335.032221214 -198.838431879 -40.2528784565 232.167232451 339.346192714 461.686340963 89.7717068651 -461.686346124 110.337245199 -162.223909655 
336.203546511 64.8701953581 461.686340963 200.051090797 -83.0164705903 -336.054454656 -206.804985625 -54.5005349882 199.934525784 -461.686340963 
-146.145786591 -461.686340963 46.7752967397 461.686340963 106.380648614 -337.129992641 340.462882186 215.614863431 -78.9883742446 -236.207779731 
177.179914799 53.7511677914 -454.405275558 35.527708107 -202.439523493 461.686340963 -83.4350607622 306.528065903 327.271485839 -328.759225054 
114.085157296 339.650799437 37.7654638154 -42.6161736447 -224.333556202 461.686340963 -163.170752523 -331.237030453 236.048676416 -461.686340963 
461.686343296 95.3021488914 212.265601149 -461.686340963 -23.9153703684 -159.687053551 -343.799301142 -37.2625334264 -285.819126605 334.188801881 
-61.690058788 83.4136949635 204.686146326 69.4221586372 336.171283736 461.686340963 -213.415049777 -181.361863595 -461.686340963 -336.190613419 
-121.706984079 -350.330972778 -234.565420629 96.2537363568 0.0295031215912 461.686340091 122.593892153 348.629124 232.877862626 -454.394792141 
211.311105337 -332.668549511 461.686340963 -461.686340963 169.420857926 47.7401309224 -65.7020661038 -223.348817923 325.622515839 -97.3671211529 
-90.8593585756 345.349637458 259.490858023 17.362093198 461.686340963 -339.182839903 -461.686340963 138.934458873 -245.74886429 -121.601254435 
141.855467699 -461.686340963 -211.025033759 -61.6920118341 -110.764918189 212.010514743 58.4157784841 -338.728683322 332.23193113 461.686340963 
334.133994172 -330.692247064 -35.9064667231 90.6942244016 -461.686344132 211.935579393 461.686341116 -191.961924378 -66.7545365958 -273.205134743 
345.673460832 19.6847326958 -90.5841907761 -244.714242088 262.216719063 -461.686340963 -338.626119005 461.686340963 -123.201335703 144.461611844 
-193.567373983 202.740125821 334.915696589 -329.367944731 63.2449915691 -182.817832441 81.731373509 -461.686340963 -59.5666657748 461.686340963 
461.686340963 347.075966492 124.410007087 -343.881795222 -461.686340963 8.94952126512 -12.3934383609 -128.77175493 232.608839781 -233.910547001 
127.119714915 206.552403017 -76.1412222981 461.686340963 -335.509417841 -125.679853953 330.044147614 -461.686340963 -233.058696341 47.4474959379 
-327.889761564 -150.291663757 75.286448129 334.014618901 -461.686340963 288.017554898 -39.6981498846 160.421694564 -206.299031745 461.686340963 
220.791544605 118.104853229 56.7590891304 -134.638063617 -461.686340963 -70.6185657509 -337.298987459 461.686340963 -214.635470177 343.1118391 
-307.206170189 304.817106266 67.2978601122 -186.495877821 -461.686340963 -329.393106128 461.686340963 181.008304486 -54.4902978074 330.222240434 
-461.686340963 336.675366144 -60.3796087993 -211.609117171 70.5217801608 83.8945935363 -180.348477132 461.686340963 205.20268808 -334.23059502 
-87.209559409 217.183141249 71.852444203 -215.729763784 336.443615223 -337.203359618 96.3293773723 461.686341032 -57.9790497129 -461.686340963 
-172.942923786 85.7855565743 68.0807512654 -224.309012919 216.608067859 339.262509126 -332.8092793 -461.686340963 461.686340963 -58.3970019606 
-114.879354993 -170.314281151 0.430274867228 343.199821979 -461.686340963 124.571310801 461.686340963 -332.829597813 249.98085613 -295.788901023 
210.507216307 -240.608957821 -337.776660288 160.340533103 42.8432897168 461.686340963 328.179278876 -113.008422656 -461.686340963 -91.7320113726 
-461.686340963 202.107800083 332.727483404 461.686340963 -81.9101004114 -106.778259188 176.306777045 -234.229609508 46.3998618571 -336.102987706 
-170.463514951 -332.373491629 461.686340963 144.488198051 -223.832458409 258.815438402 -461.686340963 25.8080080604 -53.1018118402 329.083674452 
-335.073818135 -277.735109371 -154.524569363 -36.7334584717 -26.1613003027 -461.686340963 113.254023133 461.686340963 211.189300032 333.314877011 
264.519867718 346.189602086 -110.531475527 18.8318306152 -461.686340963 140.303903053 -122.641152239 -339.805949869 -249.249673176 461.6863625 
55.7019482399 -337.168468004 461.686340963 205.592794058 -218.014982033 -85.8552160106 -72.0778451693 -461.686340963 178.911421513 333.858825037 
-330.318336375 230.428214376 461.686340963 118.769684045 81.1013661665 -461.686340963 -133.981991269 337.706816644 -202.982525791 -45.7786961883 
348.636594063 -64.837817173 461.686340963 -332.283423166 49.0450702395 -204.07066111 -461.686340963 -191.085945113 169.789218828 279.714640672 
337.151190804 -224.189600397 78.4473548265 107.408079504 461.686340963 226.543013623 -461.686340963 -165.255482982 -331.635703437 -46.8627532814 
-461.686340963 219.036533218 340.240089867 461.723362721 -7.54767995097 -179.258517263 -331.360706876 -53.4871148183 93.7497783679 -249.399897308 
-461.686340963 -337.30441273 -210.13803484 93.5774772806 -36.2144378285 335.306726093 95.2902356474 -104.608381434 228.204172165 461.686340963 
-61.0532992949 -329.545660155 210.342355778 -461.686340963 -186.361189359 66.435682581 461.686340963 -193.307117358 333.504865539 82.6929489063 
154.280272982 8.50694952702 278.402263055 -205.506487117 461.686340963 -461.686340963 -120.093221675 -328.797442649 338.031381145 43.0082895481 
-84.7237060591 233.488887715 -461.686362983 35.7040752212 -212.118123423 461.686480368 345.770361796 152.109433527 -330.681034378 -316.787933082 
-461.686340963 461.686340963 209.250655141 -98.2719506379 -339.621603675 -247.771935561 -122.989423917 88.0256378631 339.652515349 17.651752666 
-122.375789565 264.150586017 -110.477695133 -249.010772978 140.033838049 -461.686340963 18.7816854319 -339.779902489 346.149403787 461.686340963 
-89.5996375704 73.8618581868 -213.795146302 461.686340963 -461.686340963 -12.6742633977 -336.857359175 137.012714422 255.008686388 345.1931595 
-225.156330379 348.076158898 -461.686340963 -185.135670263 168.817461975 273.566309223 -336.40619869 61.9035856514 -69.4149830711 461.686340963 
183.530781979 -82.8702730475 -461.686363087 -336.3769141 461.686340963 -207.693555501 61.9934078476 -61.2323716567 257.524628935 330.379860693 
211.960851687 5.18065130957 -461.686348242 -146.831527709 -229.400429064 461.686338374 129.23411899 333.427756483 -35.8784491145 -334.882792571 
-172.770026819 234.552493002 161.307755058 -78.1596904516 67.9198399909 330.132579387 -1.75440696583 -439.089133173 -313.493221746 440.731428469 
-126.640783972 -76.2003188182 -234.325067274 461.686340963 -337.919931173 90.7201910451 2.69818822906 -461.686340963 211.601335354 339.345324938 
333.889866521 -189.574338193 -308.946013741 -63.6357404609 461.686340963 -461.686340963 210.426016331 -329.055954228 98.8589440095 62.4340949132 
-181.836834653 134.721102942 -360.897665137 387.676590596 -58.1154804162 355.25764873 56.3716063331 -318.963353865 311.423051726 -219.276902898 
-6.67991944398 -136.521256228 141.89401753 -461.686340963 -223.982086408 334.649227131 22.418019799 -330.710387785 461.686340963 270.59306193 
-223.818017062 -461.686340963 -335.397161453 287.151156124 43.7815818344 -74.1411346321 350.16112394 169.832653112 461.686340963 -182.011732072 
9.91235464653 -99.9912896064 461.686340963 301.07018215 -218.55644458 -461.686340963 330.139704046 171.72098839 -336.350864512 48.2932994648 
257.138300943 -56.1956117067 39.2203699706 461.686340963 -206.635707137 -333.249559597 329.067360479 -461.686340963 -130.153774924 153.026753631 
327.245609909 175.392830206 461.686340963 -66.0010262888 -206.562545899 55.6797517321 -80.5395937063 -336.05475365 -461.686340963 212.752755693 
231.344519671 -461.686340963 337.317083598 54.1144657793 -169.926755397 461.686340963 -327.488726391 -195.359106603 111.305756273 -44.8791076898 
-461.686340963 328.140623849 66.2196819574 -62.2731028686 -223.133886691 -176.608193209 187.906245217 311.171396781 -333.339069096 461.686340963 
-185.394129152 461.686351271 217.660078514 -329.920786657 -27.0743636074 -265.915526557 92.7051478967 -57.1572176768 335.861532098 -461.686340963 
461.686340963 -163.174594899 -331.242902567 -461.686340963 339.674627544 114.096083525 -224.386146158 -42.6225247266 236.053045422 37.7443384695 
-461.686340963 -32.68838128 -342.834435362 226.452079011 -147.590317988 93.734469455 461.686340963 91.775661123 334.721915014 -271.906352029 
461.686340963 350.066483026 164.738708644 -211.914382197 -67.1971226135 -338.877021079 283.389806028 -93.6592571136 49.0226102907 -461.686340963 
108.752014647 343.457872167 -257.512198761 -461.686340963 -13.6276711665 249.760997209 127.211878376 -131.126776311 461.686340963 -340.612413716 
329.801830763 59.9002430077 -334.094487799 461.686340963 182.811022668 306.447460988 -176.851711127 -61.4559427747 -461.686340963 -211.241598952 
131.354319994 -210.027106167 77.3518900502 -93.1790843708 249.112386259 -332.947395215 461.686340963 343.609663243 -19.2082577889 -461.686340963 
-186.755573189 -215.199478125 287.87434916 47.3255821858 172.782105333 -70.2567573306 461.686340963 350.184568412 -336.595111686 -461.686340963 
461.686340963 336.543788469 -330.450701965 76.2033670819 -204.37356223 -143.794234114 -50.3372925146 108.786144138 -461.686340963 226.066444246 
461.686326017 229.492009135 -167.022893465 338.507310921 84.7589245613 107.310349238 -329.131453459 -206.648330542 -461.686340963 -45.4690767887 
155.483980394 30.4386293633 -461.686340963 326.722457763 -256.702711489 229.687847123 461.686340963 -129.320406092 -333.853831196 -36.3063901076 
339.485077505 -333.021443457 -172.624781528 86.2354009131 68.3916193597 217.077509701 -461.686340963 461.686340963 -223.380017834 -58.0651645154 
-107.521423777 332.408360426 199.419371263 461.686340963 44.6852007129 -231.568116074 -461.686340963 -334.735259965 -78.0555381736 179.693788219 
-64.5968339574 -332.815327023 -461.686340963 170.662541149 -224.22000688 461.686340963 -100.559185403 46.9786505703 210.397223595 325.730627544 
-461.686340963 25.9527788245 -212.669162446 -100.646855493 -335.937577512 461.686340963 266.115038515 168.003636974 27.3126212752 331.15298311 
461.686340963 54.0574815756 296.83355414 -5.17581958573 172.051617456 -461.686340963 -96.4481187533 -335.518290529 332.382014478 -215.906281963 
-67.0030617897 -220.923721307 461.686340963 -461.686340963 220.040757689 -104.294500595 344.741950978 -339.319979005 92.0482637604 62.0815968888 
461.686340963 237.693936677 -332.612099725 -254.618293573 94.1070354756 -461.686340963 340.335788502 118.264057744 -28.8458802104 -157.427390881 
85.9082020289 339.251028456 -172.929510681 461.686340963 -461.686340963 67.9902652655 -332.883596886 -58.4296971677 216.651554321 -224.069665567 
-336.107247693 199.38580933 461.686340963 -83.0563443916 333.899509417 -207.217972226 186.67834491 58.3328917293 -461.686340963 -57.9764650884 
-222.858922717 334.269911085 -181.652086117 -332.328727608 67.7744993084 215.811941635 461.686340963 -54.4492381619 -461.686340963 167.685299075 
332.740148445 -220.947949571 178.304565452 -330.956009552 -116.568883385 50.9248538936 -67.9032376879 -461.686340963 461.686340963 199.556742653 
330.657968834 -81.5025589252 246.678321765 -70.9593065156 61.502122037 461.686340963 -216.132194725 -336.256133769 179.944781681 -461.686340963 
47.1552851365 325.621541322 -332.960498155 211.075623558 169.587428028 -224.705951157 -100.732402865 -50.8283762299 461.686340963 -461.686340963 
116.791203941 238.286597422 -354.143744069 -141.575666272 344.665507481 465.458079011 -105.17875595 -273.12181927 2.32141651895 -465.730682176 
-177.928217304 70.7080791758 -210.481114326 92.0973939335 -60.0384869188 219.542378017 341.58258779 461.686340963 -461.686340963 -333.470523385 
-42.5923994698 -331.259815046 -163.164090761 37.727827305 -461.686340963 114.148217764 339.735281143 236.112220437 -224.453539909 461.686340963 
0.0114787524368 461.686340963 -209.234919125 331.784360598 -461.686340963 -91.5382608414 -335.538007645 299.374875039 174.702448752 57.2178578408 
-163.296264535 -461.686340963 -224.393650833 -331.29239688 113.942538625 37.7816402715 -42.777874864 235.875448058 339.595708212 461.686340963 
-30.5510901423 -461.686340963 212.993519776 -168.947770967 -267.97486962 -29.5363780591 461.686340963 336.667485634 90.63618737 -335.687164271 
-333.636552877 -51.2385989959 461.686340963 185.485463493 -260.125906613 308.933412849 328.93242814 67.0427078281 -173.725087848 -461.686340963 
-461.686340972 82.8378843001 208.931307037 -60.3648712768 -330.505937977 -27.3372358892 334.130011766 461.686340963 -266.13566539 -187.078339774 
-55.7797745752 -118.184106015 -461.686340963 134.560015331 -332.899032015 74.494047407 338.347912661 461.686340963 229.042819961 -216.183896562 
-68.0594496546 -85.756649349 461.686340963 63.4371083379 -211.757848018 -338.556244349 211.555997827 330.043981751 182.615107946 -461.686340963 
216.657693292 -58.417788012 -461.686340963 -224.069900565 339.255273851 461.686340963 67.9995596509 85.9159275101 -332.884038488 -172.92086885 
306.985870645 329.708544154 183.397936686 61.2346417596 -461.686340963 -67.2067526765 -141.753420214 -211.345496676 461.686340963 -335.262015545 
461.686340963 284.49908882 33.4278607017 10.7390346217 -114.223258766 -336.374624354 -461.686340963 -239.360540855 157.58712304 334.149774711 
-184.340791482 326.890755304 -461.686342448 461.686340963 -193.152112876 -50.1162044616 175.876709898 -333.940831964 209.926446212 56.5133899285 
-461.686340963 -286.089331971 -164.082182962 71.7367485758 461.686340963 86.4684707399 -52.5455682446 212.230689665 -344.177471206 334.960340231 
-335.029778265 -263.290008429 -23.3534868719 332.11048573 213.128333892 461.686340963 98.2097076158 -23.9442731769 -163.388088609 -461.686340963 
461.686340963 -338.54183686 -461.686340963 100.585933997 333.782080489 -243.152219466 23.935298613 -118.15486406 209.716524352 -89.7298919486 
-331.378716299 -53.2854235543 218.86090142 93.8330938964 -461.686346417 -7.3818853841 461.686340963 340.215700593 -249.258263711 -179.02017827 
-75.6947529845 -184.417034789 -440.689918518 450.986333553 148.611380625 63.5477256223 -75.0527154872 -315.018037634 227.731216681 334.800328986 
-143.474972657 87.8748227727 271.908208913 461.686340963 -341.341292034 -23.0332716611 -461.686340963 -264.60302372 185.31333357 327.471536241 
-85.663023768 -338.458063921 63.5535295872 336.297650297 204.618138549 -210.689136491 -461.686340965 -60.6089516551 194.896217537 461.686340963 
63.9667929258 -73.5314129113 -107.119836912 -205.678920691 261.012980605 184.620124891 -342.206807986 419.88215662 -463.361422875 172.441826116 
-329.546578405 -207.004790144 -461.686340963 227.96442015 338.023584774 -46.4168977132 105.963579678 -168.863736437 461.686340963 82.8292283653 
-461.686340963 -172.545795207 310.319423464 187.033741882 -294.403764571 -63.2309882407 -343.896141311 461.686340963 63.0770758528 328.720859122 
-207.466641898 -82.3714927682 180.217932724 330.011925614 461.686340963 -61.6960717799 -336.339771607 -461.686340963 61.813200005 304.177571069 
-339.228424464 259.476876366 -121.880823537 138.815680235 -461.686340963 -246.071195 17.0636006775 -90.9805435146 345.576486503 461.686340963 
33.6667978435 151.05288001 320.923830754 -266.560306625 -455.641000142 440.645323237 -152.022164345 190.923929808 -311.245400372 -61.1212581231 
461.686340963 201.205688014 63.0744973589 -91.2334695485 -58.5619515417 -208.165644164 -461.686340999 -336.966161996 334.900568273 190.966302485 
-100.395411006 -35.9334235841 171.830004397 -461.686340963 -343.089320491 -217.431273631 211.911263234 461.686296611 39.081721244 335.095761603 
84.0583201782 -461.686340963 -332.951599178 461.686340963 -173.206491715 -58.7489592797 66.6693895515 -224.26125491 333.651107443 210.296909654 
461.686340963 -461.686340963 109.252090701 -164.461213496 -45.8330215158 -223.985532943 228.203615794 337.160350219 79.6352944661 -331.442661636 
-53.0757336763 -170.435318201 26.0090453022 -461.686340963 329.038436691 258.915612436 -332.345139904 144.65638 -223.774078952 461.686340963 
244.971140536 461.686340963 -297.41275074 -331.825061178 342.19942566 -461.686340963 116.064460741 -7.22409619312 -172.733651611 -109.625342968 
199.95130383 181.87419294 -461.686340963 461.686340963 -70.9153528987 -117.012402785 -222.682123511 -331.657809101 52.2338228703 332.923635407 
179.872344734 -461.686340963 -138.951578307 -17.4728330193 -333.81164543 333.251044927 53.1362476183 461.686340963 -250.722640271 202.372654146 
-327.056926506 -461.686343763 461.686340963 -48.4647762269 57.9789638658 -191.801158667 -173.272456392 337.688142686 105.24005017 226.821745806 
-20.1476477857 -87.5474375772 -211.819969416 461.686339187 343.677509998 -336.104106375 -461.686340963 127.941709373 86.8105828969 247.836383876 
-335.870958683 -261.308876541 -21.5889360499 340.959469454 -19.3416913551 -160.69220006 -461.686340963 220.128015224 461.686340963 102.327203908 
-41.6272530757 83.1639576362 -457.311760829 -177.677680468 461.686340963 230.515128139 338.494224886 -166.189553398 115.043729879 -321.074650168 
130.051053722 -461.686340963 -20.3829805534 51.244844907 461.686340963 250.409722509 -140.215980586 343.72267818 -342.022056437 -266.794199424 
-228.558525377 49.4832506213 -333.416741906 461.686340963 -71.1493510225 170.071526959 -461.686340963 212.338317791 325.958026184 -115.692149644 
-168.216474118 -45.6748830755 338.620568324 461.686340963 109.475527137 231.559911141 -192.643317993 -325.500286725 57.0656161089 -461.686340963 
211.958100227 333.497903501 117.434764624 -7.73614023114 -273.185543204 -333.618898142 -35.8814995018 -461.686340963 461.686339031 -162.408086 
461.686340963 -225.145540535 -98.605355231 171.398380634 332.274024178 295.925611422 49.7771561549 -461.686340963 -333.179389166 -74.4909297198 
330.898191463 -461.686340963 -106.628075722 16.5214257811 -337.521176727 461.686340963 162.533913995 269.066016216 -220.402820959 30.8433833237 
-336.666578794 24.8259914166 165.771426664 330.857420751 -103.501309495 -461.686340963 23.250370902 -218.67994665 264.030426739 461.686340963 
118.775525891 -330.316859461 -461.686340963 230.446735444 -202.980233693 -45.7346366016 461.686340963 81.1360744898 337.722496548 -133.976225713 
-461.686340963 175.206007539 -89.1461854941 51.9902803707 331.241871353 461.686340963 33.8588460377 300.634474897 -338.542893587 -209.300148378 
290.870827113 -461.686340963 461.686340963 333.437741728 -107.923939837 165.139971684 17.807550643 45.5563193672 -335.332994724 -228.163479394 
213.682882278 -94.1914111788 -212.259104556 46.4571088216 -339.061874101 -76.236820255 335.530977801 461.686340963 -461.686340963 113.585172225 
5.85709178222 331.238622162 40.7967056871 -461.686340963 234.928487045 -123.199765427 -329.699189743 461.686340904 152.672670157 -207.513530938 
-59.1311698936 -187.181244381 -454.405271369 91.3582802415 344.081512075 -342.947032736 -262.853775972 460.13181527 223.114903238 -23.4251716527 
461.688790452 -461.68909801 -155.508789076 -8.71842023871 106.512177779 -335.164679129 341.906000352 -232.627086112 222.613097594 -41.8971801442 
172.560318993 461.686340963 -126.96605947 -53.3426011947 329.408815045 63.3604553117 -461.686340963 235.836534465 -334.22177297 -209.370013877 
58.0100702073 103.281315621 -48.2032595759 -461.686340963 461.686340963 -334.346501592 -164.787598832 341.254146738 217.816395973 -259.959877466 
461.686340963 -19.3512745418 -347.046534653 347.598365454 -461.686340963 -134.503352155 233.094354728 105.018418267 -157.45520276 -280.83442801 
461.686340963 330.839076965 55.6825476056 -183.980484598 -63.9320802498 -227.221448398 302.645046194 -461.686340963 -333.10687804 178.652792438 
-332.942177726 66.8179068089 461.686340963 -173.102027054 -224.193462063 210.45257847 333.785407478 -58.6127418553 84.2378708733 -461.686340963 
461.686340963 -286.00663492 -461.686340963 -23.7058069009 -344.197513166 -37.1490130884 208.978390898 331.237229876 95.6010279256 -159.487008048 
-461.686340963 -52.6676331191 -204.693959629 336.077517593 99.7570897762 -170.294117954 221.857431919 -329.488581585 81.3271737114 461.686340963 
97.078077275 -215.609495291 -88.2272371871 461.686340963 -461.686353247 332.294378005 69.9923375947 -57.9783073054 213.775018277 -338.699336784 
-132.659061393 329.062396089 -232.682469345 144.982586926 461.686340963 24.9074304623 -335.871299864 -87.9046782957 -461.686340963 255.345641281 
-102.505299231 -335.062716929 210.535187378 -50.043329011 102.273817488 -461.686340963 333.061989782 48.5056371962 -212.500405345 461.68630755 
-461.686340963 -87.5817963505 461.686340963 -338.413361669 -69.4479443756 61.7034326483 -220.06237434 181.33807677 329.748262326 211.064143996 
-175.588462686 -39.5141268187 -331.56929433 93.3431614056 -298.921319973 -46.1459308282 -461.686340963 461.686340963 215.48088662 339.600803126 
-296.934431566 -66.4243034931 58.3873541834 -343.526060699 343.999497466 -175.034960868 461.686340963 -461.686340963 149.137682517 253.591374802 
-461.686733469 -335.084519122 339.508253782 -162.344432013 110.315446656 -198.872995742 232.028160687 89.6461297275 -40.3020684327 461.686340963 
461.686340963 67.1066194 -212.156719507 -334.014838609 335.158793636 -60.7243565112 -461.686340963 -150.139186558 102.281809044 212.47742665 
-46.1117422928 342.657842338 -461.686340963 94.3227365722 461.686340963 -280.024208397 -163.840714336 58.5094479182 221.298845851 -342.83842409 
-168.095683131 -45.7276714163 107.045300623 -461.686340963 83.6348168397 461.686340963 229.240792157 338.045444092 -329.505532562 -206.893061438 
158.676481035 -461.686340963 -341.960624763 -115.619311927 334.051721836 211.938220324 32.3878146903 -228.50764757 461.686335963 -35.903547071 
-461.686341053 328.638149826 -226.867231917 63.007360331 -334.493220316 -188.990291522 182.129298105 210.322071666 461.686340963 -57.770323711 
-98.0149356192 157.563832355 461.686340963 -221.948615994 278.509443306 -461.686340963 -73.6187815525 43.5591982284 348.525984933 -339.61035658 
-212.926983398 39.3355965724 -94.9403917487 28.0715668164 275.888497191 170.948049277 331.520429628 461.686340963 -461.686340963 -340.443948513 
-211.912824496 293.643551325 461.686340963 -93.9523657899 42.121409691 349.862663578 169.712795902 -68.795135926 -338.599343889 -461.686340963 
-55.3433319905 348.578061614 -330.938777671 235.670736675 128.210273729 -160.547320436 463.512279687 55.447481967 -455.07345633 -203.125216269 
334.986458195 85.2696212981 211.944489172 -172.528229419 -332.598592761 -57.9790515202 -222.905350667 67.682981264 461.686340963 -461.686340963 
-113.082960577 -63.3114446193 54.4991861496 200.637276651 186.960394901 461.686340963 -461.686340963 334.05150454 -207.606703504 -335.63293964 
63.9002053858 -61.0906827134 -461.686340963 461.686340964 -224.511218742 208.89592936 82.5507296775 -333.400363558 -175.024529797 334.783601143 
46.2134983698 335.163665853 -35.9353422793 -236.24730659 170.001885835 -126.245969882 461.686336503 211.909535287 -461.686340963 -337.505840887 
329.070785535 -293.191728066 -461.686340963 -171.316156246 -61.7053091919 64.5349674624 311.506871018 188.422799793 461.686340963 -344.289994716 
461.686340963 215.205080437 -213.371244724 178.679222466 -55.6887899754 335.503752838 -461.686340963 -174.264449491 67.1547382872 -331.684758516 
-167.92725104 -461.686340963 -43.6486379492 110.838089383 230.580522004 83.81139145 338.212077466 -209.608784344 -330.014364915 461.686340963 
-249.565259216 461.686340963 339.80919297 -127.766605552 -77.7646710248 -461.686340963 14.8156266236 91.1373547959 211.821445047 -339.733412211 
-461.686340963 -204.771689029 163.527407845 -329.164314368 42.2746962018 -108.743386794 333.444397802 291.390146391 461.686340963 38.5958071179 
236.248736192 -461.686340963 329.28561982 -334.111777932 -101.358929331 -78.5810686185 46.4656810869 461.686342024 172.434035539 -227.779605726 
287.291308105 -327.984605703 160.370429868 -117.503848227 10.8662388264 333.892546309 44.9939711397 -461.686340963 -203.700616406 461.686340963 
-329.668179732 215.965962656 -461.686340963 338.949773687 -192.565764369 461.686340963 -185.903230378 -61.4134241529 84.2983850277 66.8871977801 
-245.563735981 88.6065897193 -54.8288816466 210.649464232 -461.686340963 461.686340963 -331.919792079 -180.320540064 -3.06697955453 333.376586757 
-337.258374316 -461.686340963 -126.164471551 46.2857963187 211.912173728 -35.9324142248 -236.266042564 461.686340936 335.030985496 170.290953585 
129.28238013 461.686340963 -208.715469424 -47.6406543056 80.9693805925 -333.999622036 232.869355603 -123.510669202 -461.686340963 339.132296311 
31.6490100614 331.604964716 298.818303113 173.141966215 461.686340963 53.3940654859 -335.675693239 -91.0807785875 -208.78142291 -461.686340963 
-461.686340963 -134.134010307 -336.902667134 461.686340963 258.410281454 137.070896836 -255.554229847 11.4045525709 -8.93259340846 344.883512931 
331.538500258 -125.12214732 -461.686340963 -75.4846572737 198.399934383 171.966680738 44.2574225801 -231.851643856 461.686340963 -335.086516017 
331.907471159 -78.6097258369 -137.649643959 -336.46135955 45.2934544717 -235.228461739 209.177774146 -461.686340963 115.043626562 461.686340963 
-36.0581767426 -336.415987542 -461.686340963 336.573725945 461.686340963 -210.368694823 -86.3650736444 94.3262686118 230.173060428 98.7534192765 
296.166590741 171.512929056 -224.925567212 -98.4150715095 -74.0591227891 332.30571418 -461.686340963 -333.180137585 461.686340963 49.9610369895 
154.993785764 -461.686340963 -215.245762268 -15.2483571772 29.9741691783 326.773229731 461.686340963 -330.113773025 -125.067878232 230.677235822 
176.658310872 -249.686827161 213.641765617 -136.111699738 -333.877369046 461.686340963 -13.3879138442 327.764703889 -461.686340963 54.7687936245 
-207.45482968 55.1880706503 -64.400050718 182.923490861 333.461877351 -461.686340964 -336.253204631 461.686340963 -82.8472577724 199.87403081 
210.553656724 333.270723214 -31.2856528762 -302.960901122 89.3083591225 -50.1676992633 -461.686340963 461.686340963 -178.169861579 -330.046179495 
337.677985777 -134.019693795 230.396263938 -461.686340963 -202.986365599 118.73150308 -330.315013436 461.686340963 -45.7851351046 81.0849928178 
153.4528495 -313.061189851 273.909561152 -47.4439070715 119.627800447 -4.5019384461 -176.511665535 -456.168860548 305.27269304 440.456940505 
-336.369461165 10.741804715 33.4389101336 157.595903194 461.686340963 284.505831548 334.153901712 -461.686340963 -114.222910335 -239.359095798 
334.346597024 -177.49178007 -334.190360956 -461.686340963 -62.9754162778 201.701565905 461.686340963 79.3204924146 -225.339559334 60.402378454 
264.146043375 24.9637415555 -461.686340963 330.883770459 -103.364820881 -218.697995696 461.686340963 23.3663936851 165.790193374 -336.693760225 
57.9790426609 -42.1231885238 339.270035263 111.479297185 461.686340963 -330.851429568 -461.686340963 -223.216939318 -161.712584723 233.351086942 
-328.709877705 -59.3124758304 -191.784887553 86.7169638542 -461.686340963 339.971180514 216.986574413 68.3470863496 -184.436429674 461.686340963 
101.510375329 -332.875399117 -254.03214234 116.003933095 -27.6827234578 -461.686340963 238.488882273 340.806148209 -156.163032049 461.686340963 
-91.6639099614 174.596224404 331.817036574 0.00761519416729 -209.295726783 299.28033169 -461.686340963 -335.547409135 461.686340963 57.1048779775 
57.0052041881 -91.7563827988 0.00196390943442 -335.531677774 174.477332563 299.173915398 461.686340963 -209.32720459 331.839123703 -461.686340963 
-22.7327610257 -294.797041791 -172.807773295 -461.686340963 -53.446935134 216.370532599 -332.850995034 461.686340963 339.127236674 96.2666655214 
-80.8905872143 -67.1058089487 333.245665864 -461.686340963 54.6311760547 202.570581445 179.38255522 -207.111449359 461.686340963 -336.314422023 
-458.922667337 340.650689374 290.127005082 37.3498738023 165.342439159 -170.295261812 -299.143906543 -44.691933929 -281.509977331 422.023344338 
-60.300534881 329.102989483 182.226632117 -461.686340963 64.7095150966 212.859111225 -246.015961522 -175.201811064 -336.349940789 461.686340963 
-240.715950751 159.617254483 -461.686340963 260.827584333 35.5183862831 326.922358737 -88.2431516566 -116.939267338 -337.73718802 461.686340963 
213.806302879 -441.956738094 461.686340963 -30.5552514862 337.850667668 -304.472110585 92.072451634 -446.468672411 -184.146874764 -50.9674879823 
388.149028357 270.119978712 444.291454232 -239.872752803 -453.468255813 157.260351388 41.8237096377 -86.0422651122 -318.620702837 217.778566397 
330.568216195 -337.115644469 166.523310125 -217.557821592 -66.9898279136 266.175588798 -461.686340963 51.7217566112 461.686340963 -91.0795700275 
212.320269794 -461.686340963 -71.1719837287 -228.595284081 49.4531163924 170.056566033 -115.703070307 461.686340963 -333.424732767 325.954265984 
-461.686340963 5.4652079923 333.414724302 129.454521039 -334.949554035 461.686340963 -229.550704094 211.959408945 -146.509515179 -35.880059015 
170.294097014 49.8788730371 -108.999096718 -236.447421718 -336.436841562 -81.3271959656 206.867589978 -461.686340963 461.686340963 326.865059052 
-461.686340963 -99.2099935031 461.686340963 45.5642113132 200.751839501 331.518961368 -333.232064419 -225.051584868 -67.3599190427 171.44411419 
84.3565975141 -267.878363519 -11.0237091106 211.894832021 -131.82083149 337.153170604 -461.686641363 -127.001903286 -345.119544747 461.686340963 
23.3393128802 -341.922695094 162.917813406 349.880422842 282.089889221 40.948870247 -99.8855795162 461.686340963 -215.695968386 -461.686340963 
84.2061094778 333.774921246 -173.123147567 -461.686340963 66.7873915743 -224.184217447 210.432297051 -58.6366392131 -332.932522535 461.686340963 
-391.133857861 -122.151743448 437.228164527 69.8954172666 402.975352731 214.639271886 -0.277235317979 147.249332012 -261.481728475 -151.771279339 
-465.39306851 -157.276041806 460.873806849 -260.426650442 104.610463857 221.270372747 349.989312888 -339.70118596 -23.9244091052 -44.1633655347 
-38.257854892 339.825114166 112.924693884 -212.843181779 -461.686338692 -153.821165774 235.26521021 98.487235733 461.686340963 -331.096479961 
-461.686340963 12.9700998453 -343.662617328 -8.85025726312 347.298872956 -127.856046726 233.103383181 461.686340963 -233.189112974 124.942182765 
-52.1067098172 109.262188318 -461.686340963 -333.108688027 197.201996227 -289.976114234 -15.1287644453 454.854722428 -167.627575152 324.349388443 
250.717921862 -135.701113262 -250.082166215 343.725465334 38.7450119946 -21.2364286656 -335.40905671 -461.686340963 128.769056899 461.686340963 
-461.686340963 -47.1982617202 57.2787455787 -84.6506867457 461.686340963 -206.506839387 177.929525731 210.493872827 327.583892751 -335.678573286 
-164.79630439 -34.3775539797 461.667734505 339.948857119 -461.118412417 -216.096405912 31.2829473637 -333.429433223 212.080460585 107.631882851 
-461.68634425 -89.4566506986 335.331537207 197.409929658 461.686340963 -219.575950116 60.298863801 198.188540747 -62.0081313762 -337.875767385 
-47.6223829322 -461.686340963 -166.720208345 461.686340963 -224.147226969 106.10057827 -331.759052553 226.045916081 335.462316239 36.9266442858 
461.686340963 127.0874626 -461.686340963 247.720350038 103.898185797 343.317216043 -269.161141436 -136.917975153 -342.968266932 -12.6981472293 
-170.500214574 461.686340963 246.613898505 68.2762769857 -461.686340963 345.242784775 143.491913277 -265.495260012 -337.108266624 -53.93623824 
-124.912265145 -461.686340963 16.3888665745 -246.704554606 142.42722551 265.098157501 346.551159485 -339.078300064 461.686340963 -76.0424896676 
461.686340963 217.145353552 -251.188778273 339.461664338 -50.5284001301 -331.033930233 -461.686341035 94.6496186846 -178.477007476 -9.64413294051 
461.686340963 324.21900983 -304.376098082 209.876971047 -85.361704922 163.921409977 -441.92555364 40.5637355916 -446.500146039 -214.452678768 
317.820410148 461.354386058 -71.7079600674 123.667265377 223.850578467 -272.454568751 -454.696789275 -296.596527572 -148.386025763 38.3024693131 
334.962388595 -122.648454605 461.686340963 6.54811749293 -212.407205143 151.070654352 -328.944779244 22.3291101048 -461.686340963 278.509319195 
-122.604487041 209.396728125 461.686340963 -247.364996664 -97.8535054072 -461.686340963 -339.560885121 339.746261592 88.0155980573 18.1997927878 
-219.324208296 -461.686340963 -72.4126400619 52.283996216 -330.553215308 -93.8760261646 242.424447098 176.284885038 461.68634088 329.950342111 
-445.286105135 -334.744517132 -133.16044155 340.530421659 181.634631761 -245.147813708 171.691926181 309.778012595 461.686340964 25.1796335755 
-461.686340963 -333.034827484 215.607058047 338.922246294 -64.6301632744 461.686340963 -210.153972808 63.7266266224 -163.063047078 88.8970393279 
-65.8186978501 186.96356482 -213.086555691 461.686340963 334.012984556 -461.686340958 -333.989351089 199.690945878 -80.6715728615 57.979025797 
461.686340963 175.116757926 -194.074074533 326.697341515 -461.686340963 -180.731799306 -328.579969313 -48.7009215776 55.5119442175 209.940706648 
-338.36881056 152.087305731 342.985053655 -203.350850855 228.155694815 -461.980382141 44.8032741969 -82.6856274665 -199.6671783 462.768761675 
-334.657748546 -213.084833569 455.309833562 -461.686340963 51.7992460538 -72.0161353272 325.017884749 -172.886148122 78.5596563546 192.506884432 
461.686340963 337.229616874 -165.243923523 226.472487552 -224.094320097 78.4707582106 107.461072644 -461.686340963 -331.584611239 -46.8417202305 
-224.229912069 84.2370096108 -58.6108675084 -461.686340963 66.8157707914 333.780559354 461.686340963 -173.10988679 210.445266924 -332.946271119 
-461.686340963 43.9765854674 -335.455082568 -75.735377269 -123.111250455 331.470399216 461.686340963 171.748053874 -232.000127404 198.339398385 
81.8460868475 99.6486223941 224.476980435 -169.800213878 461.686340964 333.167045474 -461.686340963 -49.1970155873 -209.626264125 -333.152286084 
-461.686340963 89.3978904505 220.883485115 -161.163484975 461.686340963 -283.472516334 341.310359075 76.5140651349 -49.1302577478 -344.031147205 
86.882352676 -461.686340963 208.997958297 334.898641536 -65.7423475525 -210.536461829 61.3492811916 -333.206059076 -164.993036666 461.686340963 
-128.367117558 -76.1495629294 91.8604309505 -339.881530363 14.3516326489 461.686340963 212.657912793 340.59580226 -250.211951466 -461.686340963 
-334.405304729 47.1425603174 282.71404193 -216.877041253 -68.4739727187 -461.686340963 461.686340963 169.257147944 -185.234365761 349.425727889 
-91.7187326326 1.53451240233e-05 57.0739742304 -461.686340963 299.244434424 174.566352158 461.686340963 331.844360557 -335.553892114 -209.323745315 
-211.919651999 -86.1134128338 280.872328008 348.835533979 160.43142488 -461.686340981 44.243840469 -86.6877805271 -338.91248456 461.686340963 
53.3419284033 325.121905652 23.7851845922 263.156339895 -222.728512304 -100.94440867 461.686340963 -461.686340963 -335.11662671 175.007744305 
-82.9195483773 55.2888883373 -461.686340966 -64.3068190479 -207.431968744 -336.252591603 183.017112012 333.485970173 461.686340963 199.884023214 
211.897871388 -336.780660326 -209.608376226 153.01804893 -66.0822033367 461.686340963 -99.3161766938 57.4453960459 -461.686340963 331.064943704 
461.686340963 -326.948203057 164.272427704 -313.757033876 347.199968645 -194.565184287 -75.4163924401 272.06968885 47.5982821118 -461.686340963 
-246.065765538 461.686340963 334.345412333 153.81977191 8.43522372977 29.1234904981 -333.06201781 281.067901507 -118.452927981 -461.686340963 
107.405481487 461.686340963 -207.676177778 -329.296417117 229.606980856 338.490965251 -461.686340963 -45.8698043239 82.9041507134 -168.792700802 
-461.686340963 -336.37846475 51.9871031559 332.118251165 170.265490616 -7.92768298241 -217.475337184 -98.0537296184 461.686340963 295.250843885 
-461.686340963 -163.13088405 339.732367938 236.10745251 -224.34426516 -331.201751057 -42.5672865241 114.145856979 461.686340963 37.791888886 
64.9020379272 -461.686340963 208.856099549 334.787182002 -62.6283195614 -192.992128686 -330.078833229 461.686340963 -187.894582622 81.9318060704 
-248.573411339 19.4729710115 461.686340963 -339.671316519 140.793531191 -121.90562487 -461.686340963 346.169703009 264.726485746 -110.003753601 
71.1076922038 -64.4911463791 -331.064493777 329.907751849 -71.5509720711 -461.686340963 461.686340963 179.398404216 -210.469736296 304.116163417 
-337.542963862 3.28491901868 154.49202443 461.686340963 30.5574336004 -115.83498708 -461.686340963 283.341507466 -243.704017872 334.478741946 
-100.185960322 330.270006109 461.686340963 -336.421175895 9.68627540222 -218.488554105 -461.686340963 300.820382689 171.451228486 48.043816245 
-107.922877752 45.5276962176 165.108576754 333.418671043 -335.352722683 -461.686340963 -228.167636922 17.7954088975 461.686340963 290.848936462 
-461.686536247 -82.9234830575 183.556398136 330.262471518 -336.385931863 258.029402446 461.686343656 -61.5343842302 61.973904291 -207.737176455 
-223.125804273 339.312468381 -332.673681562 -172.720307643 86.0734444313 -461.686340963 216.75831199 68.1679087693 461.686340963 -58.2228004942 
341.545966781 119.13623248 -253.63013304 -22.472817433 -154.736573662 240.872912654 -461.686340963 -333.453946199 461.686340963 103.039782896 
-261.2286431 279.788685238 -336.603294783 461.686340963 328.460463195 53.134923217 173.096937827 -157.294985817 -58.3890196303 -461.686340963 
-55.6664526726 67.1364565905 -331.69625917 -461.686340963 461.686340963 335.539984088 -174.298665891 215.203393226 178.892943343 -213.396281098 
-461.686340963 -108.946536583 -66.3959780809 461.686340963 333.522136616 -330.682802598 54.8649383086 199.579502796 183.845001145 -219.678909826 
-461.686340963 -150.380197473 -15.7848385639 -123.70092094 -272.498267398 461.686340963 337.83550093 -344.770804351 85.0360700589 211.900355907 
200.221415953 65.6439798765 -333.343442199 -461.68636155 334.782294531 192.394109599 461.686340963 -230.695611731 -184.934088894 -54.5597287983 
-123.35061162 231.79352247 31.7096929235 -330.352670697 -213.410906697 -461.686340963 461.686340963 -14.2104024253 326.890994751 156.684137814 
461.686340379 -461.686340963 171.400457797 -190.190836819 -60.9723337189 211.292928686 334.952548297 57.7497742346 -232.136072853 -334.930502957 
-198.865873984 -461.686340963 -335.048192125 89.7036170176 461.686340963 231.999751891 339.356912504 -40.352273481 -162.289260689 110.194495597 
-67.5604720424 -207.995366085 -79.5938235014 328.05070545 -461.686340963 -336.645143436 210.192935215 55.8222937487 179.193872366 461.686340963 
199.441940429 -138.777792614 333.805663674 -18.0901170585 -250.045890008 56.3854388121 461.686340963 -461.686340963 -334.176953053 185.982205807 
170.061811363 461.686340963 212.302985027 49.4639069362 -461.686340963 -71.1657361392 -115.706668364 -333.427365786 325.948884684 -228.568902114 
-283.817276364 16.2054388693 -97.8262183176 -157.46274828 -332.892574841 162.51214726 283.744170821 419.770313903 -462.496800743 49.3888014703 
-172.603056976 99.3210236216 -461.686340963 78.8625207716 334.807307376 -208.993449689 -330.445049586 461.686340963 -51.2871102026 220.431969262 
-208.785948636 298.842895423 -91.0802226896 461.686340963 -461.686340963 173.16205827 331.569702486 53.380471724 -335.676557716 31.6582467455 
-123.350408345 88.602038313 -461.686340963 -95.5974091665 -247.981126502 17.5115448864 338.992949805 -339.66331211 209.755480929 461.686340963 
461.686340963 -338.402452427 102.043751517 211.354029514 -243.89045217 -74.1683244279 334.932798535 21.8477155361 -461.686340963 -121.794629982 
-140.229603472 51.2315808512 -266.843966451 -20.3614102824 130.100556069 -341.984114405 343.799794219 -461.686340963 250.488704571 461.686340963 
329.11878147 -336.347823406 -246.027267649 -175.182893368 -461.686340963 212.851790437 64.7386685715 182.25967794 461.686340963 -60.276773842 
47.4312825804 -125.483448068 206.489866141 127.315850919 -335.532492566 461.686340963 -76.1373504541 -461.686340963 -233.089753418 329.941100303 
246.626809136 -53.9735556009 143.498158006 345.262348084 68.2262742989 -170.518370394 -461.686340963 461.686340963 -265.48608237 -337.114836862 
170.293904669 332.377595415 -214.992603291 296.085947533 45.2074838335 461.686340963 -334.656931704 -96.8201631391 27.3192822574 -461.686340963 
218.633924317 57.9801967495 -461.686340963 -343.694179033 -47.7867655813 -163.387243101 -289.2873791 461.686340963 105.317617387 341.737564015 
-235.000724405 220.775813996 -461.686344291 -162.10906755 -32.221123766 341.549037154 -334.216332927 -15.0241524558 104.063625762 461.686340963 
222.184989236 65.1693676113 -59.7284931984 -141.107016085 -210.712787833 -339.518757876 461.686731728 -461.686340963 343.521694962 111.527766633 
199.829701054 186.933603111 -65.849070044 -213.208785698 57.9790420817 -461.68634056 334.048241386 -80.7854022787 461.686340963 -334.073879326 
-332.388222858 137.211894476 329.735491636 -21.7182407576 9.95859865552 249.051572059 -234.595028317 -461.686340963 -151.605957446 461.686340963 
-339.141813805 265.163699154 -76.2643618012 142.480253968 -246.836907664 -125.054492336 -461.686340963 461.686340963 346.440871701 16.2327567066 
461.686340963 -90.9095058648 259.4546917 17.3242205829 345.648955676 -245.833076422 -121.673402623 -461.686340963 138.943910487 -339.238915546 
461.686340963 -330.720726293 182.609425328 58.8973502202 -190.359033906 306.266243561 -461.686340963 -193.829739126 329.877689604 -68.0656338359 
-109.41320326 -89.1024323757 -236.28583043 45.2508209889 333.331593992 -461.686340963 162.866064683 -336.424726254 208.336283721 460.749713592 
115.834948088 -3.65977828698 -461.686340963 329.382208159 -334.48660774 461.686340963 -148.327480252 214.939042264 -15.0342498168 -255.770815259 
-336.039429047 -215.375500127 -73.2935933131 64.0474901356 -461.686340963 236.630877036 176.898812762 -74.2505508261 461.686340964 330.513354966 
232.321894637 -24.112893735 -86.2144535051 -210.742008972 -335.955781912 97.1797122188 -461.686340963 461.686340963 336.05099225 104.766320287 
333.80515675 -331.76243929 -162.801613527 52.153964139 461.686340963 209.664621342 -66.2903478099 165.242712932 -461.686340963 -220.875344732 
-461.686340963 -39.715120086 461.686340963 -261.478250022 -335.762768982 57.4433933864 97.9531515888 222.776175856 -161.098821901 343.260842054 
-52.1781887647 -169.390828834 -226.498458814 -461.686340963 72.2634574934 -333.896003502 334.220293983 99.0158276757 461.686340963 218.25402606 
142.622704313 -461.686340963 254.754663273 13.8364684467 328.623098135 461.686340963 -147.610936891 -17.7163425587 -332.951229497 -231.314485053 
256.274339595 -328.217869226 -461.686340963 -57.9790946796 22.7970298733 -180.593473266 461.686340963 329.265310643 141.611280188 -192.560216629 
78.6108410358 -224.049974064 337.288760655 226.69257618 -331.562655602 461.686340963 -46.7241521065 -461.686340963 -165.150145032 107.713819242 
-55.2156841695 222.522734429 -328.225059229 -187.683148237 -72.2642854641 45.972707624 147.967715124 421.306309535 -457.953933247 330.109996701 
59.6709486844 210.345612545 177.270443841 -73.3814894602 -454.696558363 -327.537863896 335.223932699 461.686363487 -71.7865384367 -199.47583171 
-91.3477147732 -336.77629712 461.686340963 -58.2342620369 62.6828401837 -461.686340963 199.536527236 334.702735756 192.472331648 -207.772507557 
-168.737414728 -45.9205975164 -329.468741562 106.513232049 461.686340963 -206.626048316 -461.686340963 228.58456838 338.659726088 82.9617690395 
45.3292607488 27.7034238998 298.116517571 -336.460249445 -461.686340963 169.524687238 -100.381009479 461.686340963 -220.995121402 331.489077789 
139.629182143 -461.686340963 -339.884407981 -249.485943321 -111.009312098 -122.875991079 263.787663532 461.686340963 346.081381456 18.3222637833 
-84.799508898 -337.061259258 -70.567465379 461.686340963 180.306337583 56.9517256644 334.25604552 -461.686340963 -209.134552837 206.00692756 
125.952261288 60.5376253016 334.680809218 -59.878551979 -461.686401476 214.546208065 -210.674006913 461.687561469 -126.847574129 -339.026009693 
-33.5564358453 214.143492651 -303.212290525 -330.693746839 88.5869840811 -59.6604053183 -461.686340963 461.686340963 -182.361582943 337.133554164 
-179.379231517 79.4498813891 -60.7254606597 66.8940614975 208.927436109 -335.121897183 -227.448920625 332.296646651 -461.686340963 461.686340963 
343.234925697 33.5974592059 -332.842494443 -57.349201299 247.918418273 -143.004606851 -461.686340963 -207.816130599 122.201144265 461.686340963 
-333.66746871 111.379809696 461.686340963 338.178354763 240.481391597 -162.024031501 -9.82002051647 -284.733825302 -461.686340963 -44.1404497909 
202.591668364 461.686340963 -82.1020539161 175.567014959 332.484288747 43.3140171731 -335.698916966 -234.517686612 -461.686340963 -108.097526851 
-461.686340963 170.29376604 461.686340963 27.3446576252 332.385094942 296.099221484 -215.019632759 -96.8202899995 45.0869511428 -334.669422548 
-329.771996695 87.155175313 -180.278143029 -58.9072230678 203.128696521 334.991952997 461.686340963 48.9794759017 -461.686340963 -200.065017772 
87.4876233832 209.762188319 461.686340963 -297.269534159 332.732680609 -461.686340963 -176.0296661 -54.0450424431 -332.066703656 -17.2313289559 
-337.768202225 -461.686340963 -95.584104423 461.686340963 -78.4050234719 -214.622558615 91.7726243217 343.127710913 43.4593838849 214.665507296 
22.6911385682 127.252563611 -223.747059357 -22.3432556872 -330.163565081 -461.68634121 -149.862737398 222.162984007 329.214602426 461.686342606 
-65.9967233999 461.686340963 -336.043918759 212.720511436 327.233556313 -80.5196815021 175.385228805 -206.555004557 55.6793672685 -461.686340963 
208.333236489 139.784094944 461.686340963 47.9428140024 -180.849299444 -222.858870695 -461.686340963 329.998965845 -332.193037177 -64.3044742368 
95.522348486 -183.265474402 461.68631748 -53.3859653842 332.434854298 -325.464675244 -39.1414576864 -461.686340963 208.31751705 -275.73697272 
-264.962013345 -35.8784782932 333.428116486 -461.686340963 128.320155428 4.05837275873 -140.874248517 -341.689014097 211.960825383 461.686337983 
-5.45260979777 -461.686340963 170.993451277 295.927913647 -97.0004012347 461.686340963 331.802342998 53.1774618702 -216.272784327 -335.631585373 
-3.06881212536 -248.610795306 256.18154799 13.3705103442 -136.2038401 343.938520401 142.776987544 -334.551656045 -461.686340963 461.686340963 
330.723423223 39.0744529004 -115.046104722 -89.3024972443 -461.686340963 201.965443409 162.674152615 -234.158037914 -334.772946913 461.686340963 
-122.873255906 -339.884212513 461.686340963 139.608880506 346.071960686 -461.686340963 -111.011216902 -249.470114209 263.871951248 18.2944868546 
-66.5187618332 -206.616960675 -336.279554501 186.258996422 -461.686340963 333.943404108 199.492271357 461.686340963 56.96600246 -79.5338658239 
-84.4158514771 334.288820605 -461.686340963 -70.5124601888 180.357073418 461.686340963 -336.949652149 57.1105226731 -208.985882908 206.123101335 
82.6309426893 -197.585324398 335.302295684 -63.1847255629 461.686340963 -184.234273362 -330.194744954 201.983029047 -461.686340963 51.688582501 
270.748846487 334.644027364 -223.890104052 142.075725426 22.5249209676 -461.686340963 -6.45379362697 461.686340963 -136.28655033 -330.681026463 
-461.686339822 -86.7110757829 348.839524973 44.2220684487 -86.1130226311 461.686331496 -338.912091822 280.878611178 160.421794659 -211.918450302 
-331.028214201 339.868540304 112.962155281 461.686340963 235.306276231 98.6370311436 -212.600349493 -38.1212061417 -153.676107812 -461.686313209 
198.623874688 68.740121366 -46.6276563786 464.529706883 -184.976309708 -444.588207941 347.636383051 -363.59966186 -240.800063435 -85.9317629239 
210.11604205 461.686340963 325.074781536 169.302512524 -50.956809397 -461.686340963 46.8980705626 -100.936469579 -333.002316134 -224.86511634 
-461.165958453 77.2539180823 -292.39517395 -177.226199324 51.9805262352 461.755027293 -352.440737219 203.85034355 -61.7048536524 335.523476527 
-17.9968288421 -250.089267234 185.686516651 -333.909240275 -461.686340963 -138.746809268 56.1380712226 333.884483734 461.686340963 199.806951065 
-461.686340963 -223.9264828 270.66864967 22.4826500648 461.686340963 -6.58338255911 141.981494407 -136.421069247 334.664329707 -330.683501244 
-146.199584643 -336.92461389 106.325515481 215.379202115 -235.952242237 47.3157509632 -78.4958547888 461.686340963 -461.686340963 340.400864681 
