45.9225595419
45.7547017312
45.9915688793
46.1367679918
46.0657020729
46.2386658971
45.843222824
45.8824892533
45.6857944187
46.1113074486
45.8748582001
45.7450545201
45.7493061697
45.72895839
45.9136467279
45.4887664096
45.6544871074
45.6822093621
46.0536308838
46.1183814694
45.9095656815
45.8457209554
45.7019746311
46.0463987291
45.8869478054
45.6738132198
45.9070625702
45.9595917252
45.6480946041
45.9030749792
45.9929751079
46.1083818688
45.8944075839
45.8065108467
45.7974300775
45.8436848653
42.5773551458
45.7895421915
41.235915038
45.9312077647
45.9630923658
45.8905543857
45.6866359317
45.7953353859
45.907900343
45.1750911542
46.0310852708
45.8966494807
45.8012215069
45.9136468878
45.7408476092
45.446987288
45.7207444119
45.7626259373
45.7216269705
45.6479281181
45.9997091919
45.2607942416
46.0352469088
45.6673358627
45.9671250122
45.5133927536
46.0116800337
45.8085659954
45.6918058017
46.0536308942
45.9417578338
45.8726302228
46.0213809245
45.6864455728
46.1083832438
46.0352361626
45.7071156733
45.6659060528
45.8387334289
45.7841191585
45.8944701497
46.0931832805
45.8751188059
44.3816236946
41.5310653573
45.8241850593
45.6057145889
45.8966493958
45.7836808578
45.6920150295
44.355025781
45.3899531172
45.6589550533
46.0222908267
44.839000461
45.6832971425
46.1083833285
45.8963120531
45.8934028261
46.1189650725
45.8960789387
45.429052327
46.0224337415
45.4170289003
45.0064113177
45.9802414667
46.011680152
45.828161653
45.5007389633
45.9283523694
45.9879769402
45.6967783988
46.0035636667
43.4400666664
45.2770633298
45.7192555638
45.7673070547
45.7268257613
45.5966329749
45.6393888964
46.1225212987
45.6823022843
45.9592467493
46.0351393577
46.1105086523
45.7965761195
46.021049208
45.4696319243
45.8027898713
45.9346592605
45.6373616793
45.7669647683
45.772596024
46.1060406128
46.2040611032
45.6920318509
46.0116797857
45.8403039483
46.0398774113
45.7747262098
45.8685817974
46.1473713832
46.0352470317
45.9116614908
