45.8632072502
45.7136758317
45.8767379248
46.1367569667
46.0656956995
46.2386649734
45.8381262777
45.8309661774
45.5714587073
46.0985646886
45.7740437825
45.7450608681
45.7354404009
45.7880886578
45.9015446735
45.4887664175
45.6348635149
45.6331851975
46.0536309144
46.1155916076
45.9095656815
45.8372181243
45.6882274867
46.105101758
45.8829468257
45.6738202597
45.9070448561
45.9595917252
45.6899958188
45.9030749792
45.9749204464
46.1051010643
45.8164280217
45.8065103918
45.792344844
45.8193915696
45.6114625955
45.8638623756
46.0213628521
46.1694168801
45.9578877098
45.8905925476
45.6859888306
45.7949194474
45.9123734823
45.1513213151
46.0310852708
45.896218788
45.7352266667
45.8999878431
45.7230320166
45.4074568863
45.7007799659
45.7626975806
45.7007421088
45.6904268117
45.9997094257
43.9556483727
46.0262694861
45.6544042954
45.9610637554
45.4614602244
45.9929242064
45.7960434509
45.6515232505
46.0536308877
46.0792223978
45.7838305971
46.0214597844
45.6075852726
46.1051004588
46.0262721612
45.6695400659
45.6589584203
45.8375268025
45.7352795182
45.6095526011
46.0901458636
45.8586943713
44.2851433467
45.2512434141
45.8221299856
45.5983109587
45.8961607509
45.7836808578
45.6515343175
45.6274707074
45.4502099175
45.7135740331
45.9244597016
45.828128875
45.6765036964
46.1051008288
45.8962321794
45.7840361801
46.080672628
45.8430936628
45.4223583775
45.9245155772
45.3780897947
45.5848647143
45.5850397182
45.9929242155
45.828161653
45.4998953782
45.9278511099
45.9879769402
45.6967783988
46.0038160995
45.5753866836
46.0299417736
45.719253254
45.7613451496
45.7268263007
45.5954542799
45.5501220534
46.1225183047
45.6823022843
45.9237663017
46.102826271
46.0978048947
45.7443093411
46.021049208
45.4696320603
45.7898245455
45.9346422618
45.8592805737
45.7601982406
45.7683776186
46.1060440377
46.2027314236
45.6515434903
45.9929241444
45.8402683488
46.0398146036
45.6883555709
45.8602708322
46.1867793602
46.0262721648
45.867287069
