1.45709368669 1.08993948531 0.834072621339 0.754166417629 0.964684424907 0.929578533579 1.142391808 0.986651244489 1.27242431892 1.08951819673 
0.948315643895 1.14772736621 0.64146221046 1.35343830249 1.25262282232 1.21857971944 1.14213143553 1.0026184596 1.00022009606 1.06436479421 
0.96414845704 1.04319815423 1.14213143477 1.11412099522 1.39826587014 1.04938852483 0.918921919693 0.798890215851 1.27080591192 1.14163566704 
1.14250450018 0.962527963355 1.01066106493 1.1776362231 1.01666819197 0.659932112045 0.915768994216 0.76059442666 0.961687656554 1.14212946099 
1.00298782777 0.873395661419 0.954960146056 1.11778369056 0.970198179635 0.998160974746 1.14248363909 0.924256757189 1.13124439082 0.849544686785 
0.888411751534 0.95119678837 1.06943018847 0.766057483991 1.17765906949 1.14247141785 0.649689104009 1.14212898475 1.12571170356 1.01089597928 
1.30286560981 1.2537771731 1.2153697977 1.14213068672 0.831130810111 0.624282515467 0.887826107041 1.01129709821 0.89749890058 1.001720799 
0.713934638927 1.14213143477 0.932306822037 1.05354637475 0.943365434219 1.14213143477 1.11705021785 1.17684071009 0.887251796863 1.31875714411 
1.40353038418 1.14213143478 1.47906911753 0.929479897467 1.05836285412 1.13810706764 1.04111396837 1.01610432451 0.863957997203 1.25558440621 
1.00661771781 1.14157066121 1.00736712494 1.04399655099 1.10874039969 1.69607781943 0.889508475088 1.53538740132 0.856238671452 1.14212991734 
0.874017179143 1.07597433095 1.21237673756 1.03872993323 1.14213143477 1.14140630479 1.05286751555 0.838819848382 0.904012060332 1.37120382383 
1.04605840622 1.11414494171 1.1424464097 0.992363994115 0.784920314422 0.920136401685 0.976112848742 0.986261478807 0.943085411839 0.878242756588 
1.14213143516 0.986893099637 1.33755939008 0.73099088855 1.23394664306 0.609526974333 0.896635359244 0.939326554261 1.05271739235 1.11793420423 
1.14211342046 1.48638782263 1.15994388983 1.14210966797 1.34151171156 1.02692964648 0.939135259098 0.978387596274 0.847999278944 1.00226951865 
1.04340204247 1.14213143551 1.06824952291 0.678243880381 0.624972209265 1.32947444164 0.9940639514 1.11936355241 0.97148799478 0.885756955558 
1.07743285012 0.973108525665 1.21288084349 1.14213426951 0.999797213473 1.10942393393 1.18879525326 0.80206780419 1.14241554406 0.722152129174 
0.676138911317 0.855665422346 1.04605497472 1.07704745666 1.32788206189 0.94324250918 1.03298414751 1.3179750093 1.14213143477 1.14213143477 
1.01212365023 1.22356696133 1.24296161758 0.982424188158 1.14213067618 1.05318386742 0.943542013236 1.63337870795 1.03566295867 1.11458981906 
1.1012642838 0.98651939097 1.14250664791 0.962616721045 0.862267144703 0.885173953933 1.03741552672 1.08139025777 0.820192502455 1.11772553987 
1.26667413841 0.926871831093 1.00210026866 1.21366972476 1.14212927868 0.998611912812 1.06447669514 1.0971198548 1.2324492044 0.637785897458 
1.12375891031 1.08983726286 0.960207977065 0.973115945891 1.01432799755 0.976153160065 1.11752863781 0.831437686374 0.66530761551 1.1425585183 
1.14213143477 1.14213143477 1.33699690233 0.877569036643 0.924033625377 0.699833916804 0.740962762191 1.09927655149 1.08128069959 0.967110464813 
1.33754980043 0.758643934643 1.04980495319 1.24263867376 0.978740974468 1.1986037678 1.07453661285 1.14243659691 0.993861428503 0.961817075716 
1.03588931039 0.710388839009 1.14213006469 0.804360145811 1.67862072443 1.24666968485 0.984657783449 1.05095357812 1.02358010803 1.02608221535 
0.850451813664 1.14213143477 1.01997721553 1.07995321459 0.695400198929 1.14213143477 1.09036579068 1.27659794933 0.943200602663 0.74074969855 
1.18237864945 0.953232847482 1.19171196334 1.02308356668 0.979401837388 0.906129414252 1.04558370901 1.14031347914 1.0887510076 1.14213143477 
1.17561059933 1.09029879278 0.924338947628 1.06204780814 0.744974619546 1.14213160523 1.142096347 0.91978480295 0.988284494617 0.827238285064 
0.904428543294 0.98867793747 0.894800707554 1.06053942048 1.11842192168 0.817352812898 0.955085218991 1.14248191356 0.922773250852 1.10695242638 
0.679897028346 0.636483205299 0.996434619604 0.917517292831 0.928890772046 1.14213143529 1.00187078279 1.35552391143 1.24607369754 1.29516148866 
0.857561632601 0.985008242654 1.11816953703 0.863592997723 1.09172123176 1.14248772377 0.78533936757 0.956919433077 1.07528279307 1.11086598387 
0.950404444407 1.35395671331 0.905747482778 0.971900151311 0.983531844471 1.2832423962 1.01339593616 0.933703815706 1.1423417257 1.10412876595 
1.03363271436 1.14212967201 0.793101312948 1.10997944044 1.00385260374 1.26801713891 1.04406636127 1.21760586732 0.999475454309 0.632555703642 
1.07370765045 1.2422969324 0.977141838288 0.678295984117 0.938113561586 1.12612265612 1.0115372056 1.14210085394 1.552202801 1.40063322947 
0.934135277656 1.01785539656 1.05056709111 1.13098300927 1.06263092857 1.14213163828 0.986452047852 0.802832971357 0.897310521255 0.986316763912 
1.38714500815 1.25275510366 0.995176899895 0.958606778757 1.14212764971 0.996108018758 1.0042780693 0.882049638601 0.906944309149 1.08682537909 
1.14191702143 0.923059978964 1.04112574925 1.1822912616 1.14213195576 1.3067796465 0.837534245804 1.19584539126 1.68963264103 1.04605587729 
0.993754487494 1.14211071378 0.740347514456 1.47441144044 0.987900930312 1.20217945113 1.2800988979 0.818801197238 0.993397590581 0.980737913785 
0.75623872159 0.960942930993 1.11617014935 0.949167409782 0.994111491955 0.991738173904 1.48751289967 1.06558201692 1.08848342659 1.14335739796 
1.32100169498 0.985091414437 1.14213143477 1.01952582187 0.887036163841 1.67833385881 0.936846408285 1.43686233768 1.11583176977 1.5522065725 
1.14213169499 0.948944427032 0.97988333505 1.0633332968 1.1420990359 0.929829283239 0.750201055452 1.14736225443 0.773816965944 1.45283581107 
0.635037010072 0.888070865733 1.24029262211 1.01178144624 0.934239312338 1.00185574399 1.13492737405 1.21262472887 1.27530341894 1.14213062809 
1.10163019349 1.20146142322 1.14950442804 1.14213143477 0.684255626135 0.756288122051 1.10416610245 0.902399694777 1.14213143477 1.03983467216 
0.885148738036 1.14210739349 0.937674794028 0.92819073193 1.13704020409 1.00491404717 0.946031665849 1.40062234115 1.12872640616 1.22327288316 
1.0420802139 1.11471313446 1.14213143477 1.26504512333 1.12063567777 1.0108926931 0.689425006713 0.595554659674 1.14271975841 0.996152385727 
1.32794238865 0.807767287839 1.10526476913 1.14213143477 1.42605751227 1.07135121317 0.907604225289 0.680454020674 0.758540717323 1.14213143476 
1.36281252628 0.998124874563 1.20738397387 1.24671620513 1.07644944207 1.14160307092 0.912319360664 1.00175112986 1.17635967413 0.754524583887 
0.976143267699 1.08652158528 0.977888151671 0.696258698926 1.16589262556 1.03558742908 1.02310475945 0.714975985256 1.00253586045 1.1421314369 
1.05942957718 1.14213109665 1.0225630753 1.13507121884 1.33934631039 0.978434797642 1.23443863403 0.858263448509 1.07048331283 0.88127617939 
0.9350831413 0.991844176764 1.36328867813 0.975295752481 1.00317450527 1.14213004703 1.2384725748 1.19375208726 0.863904352169 1.59309830184 
1.06830775091 1.12036029015 0.678188275665 0.624963936817 0.885764436961 1.32945780799 1.04340589579 0.994075271232 0.971508822545 1.1421314355 
0.680811520476 1.1488151576 1.10895437978 1.2908438716 1.02772603424 1.18610904597 0.621402777111 1.12546443415 1.14213143469 0.961547762046 
1.02635785363 1.46386293454 1.01819010049 0.790207000713 0.944998485125 1.02456449255 1.14244060397 0.940523402795 1.1110186431 0.949633795551 
1.13765553704 1.54340462009 1.03864431704 1.2140177976 0.894768900781 0.921978142668 1.00686117725 1.10747473773 0.899505738324 1.14213143478 
0.991455176937 0.692295560605 1.14212265055 1.14213143477 1.01933653482 0.708899992391 0.801688993117 0.806242845302 1.1887958865 1.20600047702 
1.22979208585 1.11781516803 0.90406497031 1.00494278886 1.1371558277 0.917348876182 0.890724734796 1.14213143479 1.48459911391 1.05472864031 
1.29506669783 1.14213143497 0.637097318568 0.995032340605 1.22162945365 1.00185076872 0.901013882839 1.35588574632 0.665657569956 0.932029259273 
1.16104845081 1.20856546906 1.14304155506 1.04093629785 0.627457623442 1.02624892048 0.991309966054 1.04526185642 1.15163512189 1.05927861495 
0.945837391883 1.2161835507 1.01605076767 0.928982855621 1.17225701877 0.687341247611 1.47691323627 1.55067789795 1.14242895485 1.00316228599 
1.03491006251 0.772113239344 1.03466192342 1.00249819859 1.1421314372 0.971335496154 0.954773740337 1.14169315558 0.97974348119 1.44863363405 
0.777243085758 0.832344266386 1.02596195997 0.884439220259 0.995470445418 0.957499796636 1.14213143493 0.645981457049 1.30302121778 1.01690670787 
1.04310574913 1.01339093419 1.14156374224 0.913883806164 1.00594146766 0.843010219919 0.897296072893 0.772405094888 1.54410000381 1.14213085148 
0.974674382563 1.07065007831 0.96748968054 1.14213143474 1.52865555905 0.766042972659 0.853721107651 0.996888112856 1.09085196882 1.13298180391 
1.14147798061 0.971791071748 1.54797374454 0.962852185934 1.05176930482 1.14213033856 1.28818856334 0.851486683305 1.04136126087 0.920803896749 
0.932282400553 1.56245200276 1.23997994616 1.0669612766 1.0812295941 0.985585265786 1.14202149176 0.962159273567 0.717833314562 1.12636563887 
0.954679920478 1.64742705876 0.835276997181 0.91745867793 1.1421295007 1.140182993 0.939624569406 1.60587184716 1.02199952552 0.839803684002 
0.986532505841 0.885226406988 0.96261674414 1.08138577759 1.03741261817 1.14250664666 1.11772586452 0.862262399065 1.10126943737 0.820157787136 
1.00811950703 1.03759826225 1.61333157102 1.40545105688 1.55858081519 0.930392543627 1.14135063963 0.820475481494 0.982680965488 1.14213070048 
1.04839336578 1.03727142257 1.14213143477 1.01893735259 1.05921932538 1.39045953051 0.815059848031 1.01954576745 0.830005934915 1.14192710457 
0.976835502878 1.08336151098 0.970668256548 0.717914856392 1.14951809009 1.01213836848 1.14213143692 1.0199585003 1.16670516415 1.0600864692 
1.13017673829 0.958550570954 0.894564729216 1.16366690966 0.849806812449 0.989758833182 1.50923157833 0.916217610806 1.14213143484 1.50826048156 
1.26804046024 0.999484365361 1.14212967047 1.00383894246 1.04396700124 1.22082382967 1.03352964483 1.10977296842 0.792257681592 0.632549779156 
1.14169152514 0.989894627437 1.00309460587 1.03572333627 1.14213143664 1.44939217806 0.953876962041 0.773133397847 0.970838894987 1.03483270612 
0.86306093862 1.00874167113 1.24011958065 0.978792302281 1.07930534416 1.13473194442 1.5965588677 1.14213046838 1.01872135014 1.0489007977 
0.782493239882 1.2331795522 1.26465317437 1.14212995347 0.92956576124 0.999815989487 0.922885756874 1.34438510601 1.01278656008 1.0013747464 
0.864463764493 1.01592555094 1.14213143477 1.06914379981 0.550821518925 1.26227502024 0.9927935435 0.844904152042 1.14213143304 0.943464806949 
1.01580493757 1.1418861991 1.14213143477 1.05273847614 0.849575165384 0.76208176784 1.18162117817 0.989077679241 1.4990415233 1.69646883286 
0.689857331017 0.856795687543 1.80097047551 1.00561919392 0.99349307926 1.27972013069 1.04565717159 1.36028768358 1.14213143946 1.01172859594 
0.896429726293 0.959524927692 1.04753881249 1.01938162953 0.988636159187 1.10783814686 1.14249634534 1.27476849601 1.11792858867 1.23944988658 
0.991496950762 1.13088740825 0.933304394568 0.782265687129 1.22067747771 0.811141573832 1.1420385757 0.987294621883 1.58538905744 0.999248827159 
1.05220287781 1.51865596297 1.12289615349 0.722647603661 1.14213111132 0.618911518221 0.718718607985 1.02597134909 1.27385814703 1.12537254539 
0.967057301963 0.990971724173 1.1458102219 0.919269347365 0.455316263363 1.40843571147 1.21000988526 1.14213143384 0.570018063611 0.570428884294 
0.990468257912 1.14242160873 1.04582435189 1.03403819819 0.843712051914 0.941392756703 1.26821115995 0.900013673015 0.933851828842 1.10605113428 
1.38737342302 1.01068275715 1.14259978914 0.996549760138 0.794471746443 0.986667648086 1.22092968082 1.08737877305 0.800874520289 0.964391027061 
1.33962142019 0.858414714825 0.881262583473 1.07053864136 1.13490002742 1.23430405322 1.1421310984 1.0225614292 1.05945211878 0.978310908412 
1.09342930069 1.00106002634 1.1421286801 0.953304384241 1.03600972545 1.22945027345 0.732358253119 0.823490922659 0.996720201096 0.995544284093 
0.954691058716 1.60532057844 0.838837703449 1.14022816685 1.64808936251 0.939749002125 1.02278509242 1.14212948751 0.921202646132 0.834840834988 
1.30688511166 1.27296496933 1.14213176309 1.05614162473 0.869430613761 1.07331696524 1.1421259574 0.860481764629 1.26254734229 1.30799237758 
1.11737191995 1.17325812229 0.650218195369 0.720823075646 0.970261897235 1.46512880587 0.857270696622 1.52231093962 1.14199171563 0.97785796137 
1.17396705643 1.00005525405 0.747585609148 1.40477622037 1.1421314495 0.634905087912 0.88484040988 1.00617860289 1.19045130975 1.35859554908 
1.04349794189 0.676635527705 0.887973080503 1.03458711932 1.39058997307 1.14213143477 0.961116615006 0.972576336635 0.952281765102 1.1416562902 
0.872134509605 0.972781180595 0.815052146771 1.11834811244 1.14217867848 1.05570843774 0.910830591358 1.13696471612 0.976431296523 0.744734377606 
1.14213143477 0.86242103608 0.558654292937 0.785267857513 1.14213143286 1.47527394882 1.06943072646 0.984318673912 1.05263037745 0.747203682743 
0.791964709566 1.2219088169 1.04351279814 1.14212966891 0.999526540808 1.03345815215 1.26811962867 1.00389664375 0.632552596536 1.10970256703 
1.2320252647 0.857383558506 1.07537447943 1.42244863158 0.976521873577 1.13557214864 1.14213110702 1.06625066554 1.02266372355 0.880036858418 
1.21260318396 0.805691392492 0.968205675994 1.04725850727 0.987484832156 1.05661464259 1.39211610079 1.14213143477 1.14177299392 0.938439609253 
1.47900737159 1.16916175051 1.05192641868 1.00280335501 1.14196857095 1.14212960596 0.910313615711 1.0088270559 1.01416680834 1.47092531642 
1.10335725035 1.01879023985 1.11453985143 1.16743940382 1.4536457751 1.14209408614 1.07974413772 1.00381121765 1.39119245071 0.974185040028 
0.979699808313 1.06782909098 0.990141673947 1.32362747531 1.04635069873 1.14213143486 0.883274510426 0.929273800131 0.804776968675 1.13007780685 
1.14162896058 1.38785676837 0.966904933752 0.953806543986 1.02966458491 0.886178545929 1.04303049192 0.673616866648 0.945927199358 1.14213143477 
1.59849128686 0.816791024117 1.46454903976 1.00510916424 0.953688998722 1.14204968986 1.13356722432 0.872856708785 0.905148970908 0.996318927187 
1.00487370905 0.703415914904 1.04246358147 1.40067428196 1.03691737486 1.14247285961 1.03352986505 1.13106526315 1.2349703778 1.14819225297 
0.982336854346 1.14213046918 1.54223715087 1.04826063057 1.36631478554 1.04291744007 1.66532319303 1.15339359513 1.14163132575 0.942505377012 
1.14213033936 0.920767055682 1.04126213495 0.971791524737 1.54805052564 1.14147698546 1.28822109118 0.851448784099 0.962841052866 1.05178930945 
0.681778501375 1.14213143477 1.14204490703 0.747171496974 0.987979149754 1.1499857576 1.02271439328 0.995504277666 1.09344508186 0.938527147735 
0.643462818557 1.14213143372 1.02068799681 1.02763685834 1.25147698343 1.42892275596 0.916831795397 1.24420511749 1.00931286643 1.16472299126 
1.12557043246 1.16981510748 0.96137511178 1.13714106822 1.1425273468 0.928558410362 0.968022678674 1.01664254367 1.05954114118 1.26601187801 
1.04905318336 0.968305813377 1.19721600299 0.863284569686 0.885041373811 1.14243933108 1.14202258949 1.15362184714 0.985223913167 0.727650697946 
0.94390268078 0.822585556057 1.06580823066 0.9285778794 1.1419510959 0.959471737481 0.994638583744 0.981187050539 1.2120890637 1.14213143477 
0.863989516952 0.967855736529 0.864156140188 0.994421640379 0.876833082671 1.09357479309 1.14252766229 1.07819250772 0.982441290388 1.27241356705 
1.16731754297 1.22565976298 0.859603315787 0.627605522572 1.15307546553 0.970512078737 1.01200695233 1.14209275608 0.687707571369 1.01549244014 
1.04496718402 1.23419470542 1.06618924144 1.1421382507 1.14199593335 1.18758164163 0.97335359656 0.869571838709 0.987191735203 0.829711244811 
1.14240869648 0.808808712598 0.867943525856 1.00950192638 1.02467747159 0.985277162203 1.03622083589 1.08248973089 1.12928279246 0.928096805081 
1.01186558787 0.890083024768 0.704586435096 1.14257073008 0.979702999218 0.782989003041 1.32949402891 1.2214099782 1.14213260158 1.22709289196 
0.948283487719 0.960715184352 1.08849145246 0.988721339571 0.993226674867 1.14242380961 1.18336620344 0.714641899123 1.1008666168 0.934722370294 
1.14359909591 1.07611268818 1.02548092726 0.99058906812 0.879556415375 1.29070294833 1.16113132434 1.01490238769 0.998152696404 1.27022452372 
0.902709670673 1.02900552515 0.89533982484 1.4225431804 1.08790727489 0.789221107683 0.884195960864 0.91243119893 1.14213143477 1.14080321251 
1.01756292141 1.19279266176 1.02250779141 1.2422837497 1.14213143523 0.548132523516 0.962592113109 0.972326469301 1.03975167281 1.23031034464 
0.94223078451 1.24528102764 0.995112898925 1.21026251619 0.640179504242 0.73564814583 1.14213143542 0.99258978436 1.19955449206 1.01061094453 
0.675236391938 1.31506236965 1.33145847442 1.03671604071 1.07199129786 0.611268141842 1.14213143607 1.01341373243 1.06257012846 0.997254426203 
1.08620788285 1.0357516938 1.02602161177 1.02899918668 0.850591154327 1.68170713724 1.24789644167 0.69511385996 0.984804838206 1.14212978603 
1.53312907222 1.14212987155 1.14168337382 1.04583472513 0.968962706022 1.68566437109 0.938797201387 1.15309371403 1.04106760663 0.919947786179 
1.00464042766 0.877787231412 0.909141306461 0.862530045504 1.13700372456 1.14213143479 1.42083405127 0.972157018638 0.956337222037 1.04730402664 
0.78789065177 1.00806519612 0.94752988026 1.18408588804 0.927862347804 1.1186882458 1.16683081789 1.03740175387 1.14212509168 1.14246188865 
1.08199679239 1.01572320096 0.968512005752 1.07325336407 1.09279570153 0.985616692567 0.7031309372 1.22716616468 1.11816072003 1.14252473922 
0.741738403193 1.00195839922 1.34478165067 1.14211350728 0.870431613763 0.885517261814 0.641470923713 1.19039953811 1.20322421263 1.1421286243 
0.666073993335 0.858305408768 0.88511122505 1.11656825805 1.14242180196 0.89491262533 0.990064354085 0.933925358922 1.03680626661 1.1053111988 
1.00681106797 0.867469189855 1.13584714793 1.1011189301 1.52942400993 1.60391788023 1.14212152134 0.953365353984 0.841693991391 0.942573727005 
1.27830559977 0.772338734292 1.14213143477 0.636884669107 0.945554536082 1.0627002486 1.14213143359 1.07257077172 1.1223269367 0.97532176805 
1.12624046183 1.32274352232 1.22649900346 1.02316686807 0.613227229452 0.934992916055 1.1437666407 0.997791293525 1.08242273705 0.987963226748 
1.04817622947 1.1117194076 0.879151059424 1.1671473796 1.14244218938 0.991706854548 0.942565606816 1.03679575222 0.897879680243 1.22822522972 
1.32087600785 0.977092599655 1.1421290858 0.789122031592 1.01080705857 1.14247874469 0.644764016945 1.17726297152 0.953630023386 1.27144658252 
0.921808384894 0.954765972041 1.64770234673 0.838621453834 0.833164949468 1.6051831213 0.939328864777 1.1421295074 1.02265143687 1.14023851213 
1.5480994034 0.920821081725 1.14147759525 1.1421303384 0.97202832336 0.851469284162 1.28839689118 1.05153263262 1.04129985678 0.963042912012 
0.873146187486 1.14213142348 1.21829575081 0.924202294459 0.8033913023 0.971599988966 0.980737586672 1.02200794928 1.04624615792 1.27701264603 
1.09523929142 1.16720440392 0.922271637787 0.642621331588 1.14213143477 0.978717945219 0.825283925562 1.14822822773 1.14210896919 0.991529986979 
1.08612402413 1.02246929704 1.14124143244 1.14213143477 0.886253140305 0.874975501413 0.821016853456 1.03578128837 0.887344025069 1.37753420515 
1.30131826879 0.609297385694 1.27273834378 0.993917326163 1.22114391719 0.987020163495 1.14213143504 0.588282152653 1.01836508178 1.20186657585 
1.12503754955 1.14247760068 1.1421302191 1.01347877305 0.968067040837 0.841463380335 1.17848552528 0.653312543035 1.23560781164 0.953235731327 
0.954870884843 1.00286803795 1.03481978652 1.44909564 0.971348689055 0.979982926121 1.14169112469 1.14213143714 1.03467511197 0.772965981882 
1.14213079177 1.22664812244 0.929679255438 1.43008341027 0.893485026523 0.999630698314 1.27045931934 1.30685520909 1.00838997199 0.665263928663 
