-235.776440294 187.189108539 -108.902457662 419.014494612 -29.0468425171 -203.820712021 -424.323502955 323.035696341 -457.025199486 -4.46322233631 
-28.0741070424 158.393460992 452.603638164 -393.625272961 -136.090244957 314.538510261 -325.051351158 380.682704037 0.454756046121 -175.070503322 
452.910616848 296.946611928 -399.589395068 -416.656034262 -178.076524669 29.0457427684 432.696854419 25.0112682789 -203.681206458 -28.3905562853 
-459.146459842 187.142137417 416.376125676 188.85393255 -29.0468425172 449.264543642 -205.855613653 -406.901036245 -241.735600161 -29.0350397718 
318.208834667 -226.402128168 -219.113272047 29.0468424873 408.594156672 -443.26114198 -437.127364854 460.62606824 10.4069694959 -186.057204694 
-168.430695161 -240.532167164 -194.422346138 -412.031276221 189.121139814 -458.951444844 451.06357855 -29.0468041351 29.0468425126 415.88459805 
-455.175716085 291.486531671 -128.746021231 -327.587261274 -116.628383247 459.387538984 -29.0468425173 -15.3628137914 -404.269886697 410.694746679 
23.0187836314 -459.927539456 56.9001032653 281.108897857 300.809813093 -29.046802524 309.347663214 -29.0468425172 451.943747583 -240.687976085 
71.3485191309 -380.827226097 -158.949656671 309.928648425 -29.046312013 -29.046842517 155.705795482 304.180503539 441.448038733 -250.057609293 
-29.0468425169 -6.34744835521 -172.16780044 314.779209716 183.665580179 -239.429708136 420.822922264 -459.930584237 448.066949038 -400.595951296 
435.454847321 -410.167078681 255.046649509 312.502166246 -397.440632986 -16.2005760427 -29.0468834794 28.1213664171 451.230987343 -176.276388525 
186.508160922 -8.94750093203 -430.580314542 320.237925726 -348.279527761 459.994955712 406.895636011 -29.0468425608 -211.336756578 -143.726431808 
-322.202018521 7.63498431781 -132.282714147 89.8315176372 -460.187434261 461.924517345 398.34030708 -319.949899741 386.816545931 -6.73533790666 
-29.0452176921 -124.904824043 189.456352202 -419.993467883 -458.951489468 -8.69052444338 405.378732133 170.914022516 -320.330220685 416.660516364 
387.110130761 -323.750203744 29.0468423628 -219.733149487 461.95869099 -436.55067221 1.97426644895 -18.2217782008 -261.096623475 398.049367578 
-318.63061441 29.0468424817 381.214424089 -451.292881033 455.167543147 244.952621168 2.16402589537 -123.306469337 -187.175304318 93.6663245225 
38.1269769776 381.783899733 2.78928621832 299.589264454 243.289669315 450.33218145 -318.483782426 -130.543116336 -458.951469972 -29.0468425173 
444.258694791 -139.854202433 -459.258782881 0.737901024585 -321.419489354 -0.337503876103 -319.075727039 -100.511107335 253.438964738 385.045423748 
-3.7309966899 322.903511743 -429.225834339 -211.877909784 -410.531967372 460.843236133 29.0468425135 -191.61454452 2.18174684217 -208.744941298 
-458.969493169 15.2546606895 -10.7075563345 278.222725871 -325.593644302 410.211878926 -29.0468425985 -237.747615733 -122.529044147 454.556233012 
425.355883489 -5.41784867465 26.5114500902 -318.544284265 456.570535933 -197.728861697 -191.84864986 105.08008814 -97.4867154881 -413.660749144 
-459.548876846 -29.0468425459 -166.585624109 437.160557609 25.1551331699 26.3777844239 -398.59790054 264.884646592 295.525855337 450.19976117 
-450.139174434 300.600432308 76.721250862 -29.0468425173 -194.520209448 -233.990072593 254.767221979 -414.105528085 461.596305501 25.2889477508 
4.87126956093 451.054781526 -321.891626045 -14.4474972561 -98.9415809377 -458.986208658 -0.713160323328 -315.792254978 435.745630258 -238.422063303 
438.579778885 -29.0367460757 -29.0468425182 303.595369435 33.7857023224 -459.53968321 275.021577283 -199.429620926 449.346099841 -396.889357919 
-36.1611301838 458.959429623 -414.736228523 308.674998896 -199.261872596 299.392468172 29.0460158911 -29.0468636313 -224.870852385 -388.189393658 
-172.21591258 -168.893337171 -29.0460748828 274.491881388 -402.122484242 -459.016134481 -29.0468425176 295.580396151 445.214848061 443.538749928 
288.860266751 321.622784761 460.182684961 174.571486621 -210.125225613 -139.581096603 -211.799726858 -429.88889597 -29.0464894944 -5.85954062469 
-105.619054167 453.521643094 3.79716088314 96.3522291831 -28.3402678968 -324.221483624 379.856989214 -394.209508567 -134.573554723 314.947245793 
122.737437247 324.589014866 -206.967697496 459.64308849 -2.60716777638 -426.905328589 -97.1067593824 -208.9945882 -313.504876423 9.4188268665 
-120.115093381 403.832954701 -205.791989562 29.0465347775 -192.050898197 -449.083781953 454.839334911 -318.608072821 -415.396443777 -5.39996732363 
-316.590854871 -325.953713718 -10.8127603472 -237.50257891 -10.5867805666 -459.095568188 -0.235437605389 -123.837000156 410.138777917 454.645990435 
-136.840349108 -204.504112287 -26.1905220152 32.0478702831 -1.67307495746 321.438727258 460.74963942 -284.583116967 -346.473891773 -426.239707013 
-148.183695162 -16.4386438307 26.1069973078 29.0468402156 -179.936322118 -433.700796767 315.009608891 -398.927353952 453.983166259 317.213463182 
-440.862252214 -118.011231178 411.296565954 -421.57557123 -324.301708601 -6.84638129982 29.0467531983 -38.142311543 403.032189036 -215.112052248 
-29.0468427912 454.49503917 0.514973179134 -181.765446366 -459.824922909 -315.208931748 -14.3002610829 184.717318602 -237.733545435 306.709073716 
406.330073708 -319.39533378 422.611564047 -425.74884276 -94.9111927571 -140.666400092 160.166578845 -58.9840883153 278.119722485 -371.670836323 
403.740967091 -423.956280967 29.0468303191 167.387058727 386.123511832 29.046839822 -67.5022231861 -221.364105791 -220.121893292 -425.278913218 
397.864533893 57.0526167414 -344.755443712 -236.602200672 247.646937347 -106.155251558 120.382252667 -440.947653689 479.551629932 -51.588985659 
-458.022480594 -27.0854678152 440.759278126 273.528332655 -29.0468425172 294.052376937 -405.378797062 -174.497647273 448.026462798 -210.128597013 
457.47747543 -405.065523379 287.841086842 -15.6487323707 -29.04684252 410.813921161 -185.891496808 -128.924561315 -459.595923234 -327.694198251 
309.73657014 269.01049905 -192.29553514 -459.17269137 31.5110577388 -410.557348473 28.9631463374 455.109915695 -29.0468425172 -190.962802389 
-29.045709696 -378.571973515 -390.139006859 455.45570488 -29.0468425172 305.415046498 313.306843485 -422.978467022 -51.6231568528 -101.070991963 
303.657221695 -29.0468425172 -29.2113716566 188.32617444 79.929980263 -238.370728826 -18.1097850509 460.354017558 -450.741092991 410.425174378 
-161.194384034 440.36128194 29.0468133599 -457.761809564 -192.560027361 308.555915333 448.280091799 51.9837723502 -410.510164704 -29.0467834575 
-75.1214346231 -444.485720917 228.175267197 -444.266104604 80.9485487355 -307.183833641 29.0468660454 453.325270757 -29.046848306 308.989650207 
28.8736669471 -319.812823009 35.4860653559 -98.852924917 -457.652776144 -8.57301338585 453.22202516 -168.859001046 432.188243646 -289.717950084 
-29.046842517 -320.573423564 447.000143548 289.577468343 -23.9219946504 3.66150504247 -459.609535314 441.76923725 -199.985678183 -397.773367003 
4.399230589 -92.5569415779 -197.717181512 5.63471120898 444.806752167 -319.915483775 -458.683690278 324.456760478 -420.591114408 -98.7925747062 
29.046841059 -18.2793514503 -219.736474617 461.958463373 398.05130476 -436.558325916 387.108174887 2.00784528926 -261.138134326 -323.752108495 
438.137202899 -459.068605219 -100.702886471 188.675252916 410.502793951 -320.462888228 246.656704491 -276.708689721 -29.0468426506 -10.6726711305 
440.671919251 -460.453429417 -72.5692523931 -363.788564467 -29.0468425272 -151.000773301 -409.755163539 30.8401936841 302.359957543 -191.226178177 
-24.8177077954 -65.4403603668 -387.92377939 155.991896303 -29.0468425172 312.533632214 306.36568522 -98.5850070347 449.424434274 -380.091132082 
413.294326808 23.6146707361 -29.0468426686 -423.76833916 -3.29792995621 434.705608616 -394.723410824 -317.948065378 189.535639156 -96.9504036068 
157.630252532 -99.6265889007 449.898653946 305.719835402 -29.0468526888 313.010067391 -29.0468425166 -378.794032041 -63.9254436951 -388.965844204 
315.046156452 -323.864049419 453.594810949 10.3321108022 -134.369659912 379.741324384 96.3862944352 -394.256324961 -105.567640918 -26.4675924038 
-0.948713035573 -275.721454662 -426.291108309 29.0467817957 460.399395074 17.5360146883 373.790231305 -218.889681095 237.900220368 -205.545583564 
-189.647017492 188.552983799 431.372387216 33.6883209403 -31.5270731721 -166.322398055 -460.635988899 -239.75404531 -408.527532781 452.082609431 
310.541203395 -213.284817778 29.046842383 -235.615493205 -339.195568301 462.508440235 391.85533896 -21.5069932068 -11.8318473911 -430.329744549 
40.0177091908 411.503176894 371.67751255 187.209005195 11.8452176064 -155.90745868 -323.94470939 460.194402767 -444.205829336 -29.0468425184 
302.433979816 -6.3689955377 -22.1921266571 443.429015445 -196.941713321 -25.5986726025 -318.774332213 445.325089678 -459.602403537 -399.013444937 
124.75529 -167.290271862 -113.928101467 -372.285865053 -456.927287661 403.240460842 -315.7749784 303.307419915 7.45714340521 -29.0468425171 
-11.9801057129 -134.224548554 -459.948227752 405.135402644 -13.1481166459 -398.735256376 -177.251432656 -322.111899075 313.155710712 458.951442744 
452.151091186 -459.52004253 -203.198258103 -191.930787031 29.0461390623 301.764781338 -364.80444678 -410.526738275 -4.85036828356 -29.0468423608 
310.443798579 -93.3901544853 -41.6372784503 -27.8709629198 -387.561660762 -29.0468425172 459.330055788 -461.348544068 308.24712322 -377.775987343 
322.893840713 460.843030803 -211.878803933 -191.614907045 29.0468424893 -429.226764056 -208.745905083 -410.531961998 -3.73713612351 2.18101995771 
-11.6282820871 312.694790411 -104.859441726 -132.892095113 -459.918870373 460.225264436 -14.0511113876 -321.681317399 404.473714643 -396.984387387 
189.759533636 -28.7226870783 -406.453442033 -412.028984648 429.266186608 -184.586721508 18.6294867865 454.86418504 221.225356084 -29.0258691161 
27.9970710108 430.113795263 35.5758536961 -169.087823977 -239.846506073 454.422917368 -290.517600243 230.694416602 -457.76332735 -51.9184809129 
-29.0468425172 2.77496415336 51.1946054265 -29.0352865547 310.891398011 303.310535054 241.905090989 451.315974305 -368.653180827 -455.973640926 
-459.095274836 410.140395534 -325.957468253 -10.9965142843 -0.318657470566 -123.843755014 -316.596804865 -237.503053635 -10.8488132734 454.645257177 
-19.8827786515 -11.7896123182 -235.340027055 29.0468385826 -339.355719791 -430.252497268 391.750863362 -213.214263381 462.496388426 310.682430109 
-419.022924304 448.06577747 -459.092263174 2.42612731601 422.983455535 207.580741632 -100.58984659 -320.668495674 -29.0468438737 186.022891913 
388.361601982 -122.757448783 -459.154109232 -325.422787637 -318.865301265 409.739384947 -31.4794827824 298.460441129 -0.551081755903 -9.42404357416 
318.126801383 -148.280996594 -450.412711071 284.814025255 56.2594985331 -226.959432785 459.89062578 -432.674047447 -29.0468425589 29.0428186806 
-5.83794806051 -29.0468425172 -405.378759257 282.953502008 320.31086242 82.3394448273 -429.026430679 457.414748263 -206.861238763 -119.104777 
454.497548604 94.2879294427 -103.860044118 -13.201744748 -20.9417589241 316.172312957 -178.433015283 -396.755606511 -326.364807785 430.113834429 
460.856068237 -212.713608993 -3.59325125987 29.0468166371 321.444325487 -5.07000415727 -430.364605836 235.828971473 -210.175232296 -281.185771053 
302.703770121 -29.0468425172 453.794330718 -16.4241596955 -237.156561196 -9.96604943596 -369.492679504 27.3812440785 -459.981283065 -313.332778559 
412.283501486 -462.596965396 -51.9437621929 18.9652139116 -363.334540373 460.079118214 238.639462868 208.517345451 -162.019024614 -196.965168526 
122.459637576 143.999968296 -273.20128183 379.174586512 205.560116061 -386.195308658 356.041628253 -79.9555710447 464.01285903 -61.0029721698 
321.191577597 -427.921696371 -0.433916665699 -115.872535807 106.996155541 -424.284063534 -201.778502428 322.351705124 -207.797243007 -8.79850556521 
-458.07189615 460.085832149 -414.910244251 -192.092900398 84.9751010135 -200.083955551 -29.0468425812 309.627365213 -356.062489408 27.5319032155 
-23.9345708533 441.762556685 -397.741242173 -199.982587179 289.589763309 -459.610606167 -320.548650128 447.006914698 -29.0468433167 3.67896033615 
-340.438876644 101.882260892 -324.175382419 -320.499523417 -10.6746693931 -118.447172359 429.10696103 -99.8766967003 410.887182411 -6.16868172741 
310.311718411 -461.330619411 -377.551557692 -28.9977039493 -93.5093517744 459.328600848 308.264603498 -387.77818031 -29.0468425169 -41.3554728951 
-181.011889297 42.2412205569 -403.312618522 -128.390527597 267.340102339 459.627734863 -121.527868456 234.851786465 -433.253452492 115.232539555 
-29.0468429223 19.5476415965 18.3564512378 376.929663596 66.8540700155 -158.436078108 -314.545453499 -458.719634722 -358.297726832 300.967914462 
297.085909753 380.184334437 -106.485385678 -134.832183057 -326.655632721 453.715351782 -28.5876427489 -21.5641394936 152.542306133 -396.210577498 
295.363376111 -101.550394474 -321.657931649 -10.4682388442 -178.883460157 -399.908543263 92.9400648585 453.839867009 431.181664982 -28.8111156308 
431.366446421 143.025408857 114.733210413 -219.963326881 -419.524140957 48.186142241 -180.92810808 43.4448085019 290.95425687 -357.381721767 
-450.25381819 309.76243107 60.7506571229 -371.256649819 -29.0462422846 -161.986952798 287.084367932 460.873142414 -29.0468425184 49.8038688684 
-10.8344617655 -123.848956985 -0.175578165792 -325.971564357 410.12784888 -316.58135171 -459.095633568 -11.1281303971 454.648300127 -237.506323993 
-459.594398866 441.83191943 -29.0468427134 -23.4574870204 11.7556911134 289.892593436 -320.043862184 -200.137052499 446.936615469 -397.844820225 
225.806499231 21.2455836969 430.52899803 288.863413392 454.241572343 -412.527283532 -180.821559882 -402.247530542 -29.0370422307 10.2369524465 
-239.112261264 419.750934195 189.156586489 -201.157463627 -29.0468425172 -407.776680325 185.681181893 -29.0052453972 451.322319289 -459.232484778 
-135.52793703 462.404472894 -223.070973971 -9.44339423435 390.954693234 -319.437486699 29.0468422787 -425.385638212 -435.514919907 20.2433570779 
201.074575855 -25.6481468782 303.335798358 -414.115215187 -224.735645749 -368.53992935 191.635892227 106.014039844 420.174406526 -29.0468397354 
-27.4170127859 -178.546072391 453.750829973 92.4882420196 -14.1924934042 -322.001327725 297.343995912 -101.89033102 431.32651751 -399.566917478 
-460.339518977 423.851015774 203.361566718 -27.0228233572 -410.522980508 -373.171997069 -29.0468425172 -29.4020871941 218.28490516 303.513750359 
318.110706056 -211.801201823 79.2328410943 242.893294061 -212.239516786 -430.560431678 -40.8744396429 -450.270267397 -274.219088398 86.9843876778 
459.229893201 -399.475734403 -459.810250257 418.076556179 -240.173238819 298.628995829 -110.325018284 185.17957346 -28.817407186 -29.0468435454 
-398.723951115 458.951442275 313.162479921 -134.23390315 -459.948973676 -11.9581024996 -177.239286021 -322.116639332 405.141800635 -13.1569681457 
454.110821392 -411.172804347 -42.7500050566 17.448124217 -29.0468432758 187.832535152 -185.907229259 430.74128017 239.774445216 -405.149021997 
459.454295269 -326.975836083 364.140607019 5.04999996679 259.583285051 -40.2936418771 -314.859054477 -462.508120275 6.5256751741 -97.8720185126 
-424.936499854 -204.89749869 29.0467029793 323.949746249 -407.323488392 -207.130132973 -190.560971767 460.307581079 4.11844569571 2.27985137842 
292.380802013 -7.52899154074 -207.974469264 319.914670862 63.1593988965 -248.535120676 -29.0448964128 -429.826120363 461.315537024 -140.127164492 
9.85131737228 431.800623601 240.217971341 15.290300402 -23.1318483734 237.911221989 430.903135693 -407.958710931 -202.749701582 -407.631757584 
461.142590172 -209.477028738 -412.118464045 -205.185936284 -29.0468425173 187.12183398 -426.231162502 27.9608403706 327.87513542 -67.2577002636 
-107.185566627 -461.927043569 178.847446632 236.112622566 -320.340980042 -329.77366196 459.009994207 -144.935605682 -57.7553798628 111.853746616 
266.700790641 -194.405509429 -180.21529929 -436.71047835 26.2571445054 34.7639919828 433.172377453 -423.839060321 374.367944104 120.170474511 
-423.099203637 434.91539855 -404.461835727 -117.073820659 -29.0468473133 323.884957185 106.313041239 -1.27623946792 256.384610055 -202.486975929 
455.2822872 142.293132822 206.461035325 -186.499358276 29.0460397469 -421.982002343 405.41043216 -215.958186666 -458.062931759 29.0468425169 
-424.10776674 -88.5020596867 29.0468309747 322.12921353 141.522054908 -426.847703187 -220.418003032 402.603415309 -7.61668202101 -206.804239725 
-426.576828065 -224.806268989 -317.921580363 29.046835389 385.691721734 6.01972906836 2.91747450069 205.53522334 390.395317855 -295.435122766 
309.967797933 309.193887224 -29.0468425172 -169.703858016 167.659057207 -52.2282140374 448.433249589 -375.959298562 -391.001593419 -29.0334485415 
454.205139788 418.37130202 -29.0468441202 -15.2315522505 -319.252048136 -239.420946848 186.121564607 9.54055044652 -170.014810775 -458.49156332 
-319.540507792 -459.058024991 2.55568542735 -141.236085494 443.130149094 -100.718669864 -323.960133527 -8.29318992349 255.564767188 383.540437728 
-219.131371913 318.24583348 -436.871934535 392.641000982 -216.769168846 462.599005737 -324.469470073 -12.5761449219 -18.9064259947 -2.54981692853 
219.60973126 -32.3972095643 433.947930792 -238.02014349 2.71548979159 -98.6334288547 -458.77264299 452.146824383 -0.671393706317 -321.920193822 
-459.915725335 -400.900687259 -23.5701635551 302.427772392 -29.0468425186 -239.402070884 420.868572861 183.618584951 -172.171232653 448.077917768 
305.227432684 63.9083547825 449.095173569 -167.982493533 -29.0468020815 -378.502928376 -160.497752489 -29.0468425177 312.03957491 -387.413208686 
-422.469960537 415.988476124 -239.118570396 -199.724162125 1.40545693121 -106.689560125 200.649126023 323.082893183 -17.8684935852 -457.845921377 
-43.3961843559 431.691901574 -244.863691663 308.334838997 -29.0468425172 172.718275236 451.306372768 80.6568424965 -240.7260374 -461.696760119 
215.204870772 414.513986194 -141.292888632 -429.582780663 291.215042563 -29.0468425327 451.003868346 -454.727112721 188.067878888 -29.046262311 
-188.645374708 -407.998616018 456.857838876 186.678379591 -427.757493569 17.316180344 321.463421924 -207.640169468 -29.0468425173 -8.60391735555 
303.415444771 441.122118388 -29.0468425171 -163.438949849 193.560349523 -461.876410555 -376.519077495 -27.5359868144 195.267540602 413.34017719 
-234.067608381 -411.150949756 -451.011032631 77.6257198416 -193.036302172 264.82638237 -29.046843378 299.411041962 29.0467954446 460.503962387 
211.696378488 -28.3586376154 -455.735779843 74.7665826648 456.100007737 306.534609471 -427.261714233 396.239856342 -226.930994226 29.0465943897 
-441.851632957 -7.87733354756 -221.634894021 280.216976667 -430.103402921 320.495369491 -210.81796153 53.2095979147 459.755447989 -29.0468425814 
-284.622067462 -170.282227316 -29.0468425172 38.61366784 416.056349087 -458.992133001 454.7722995 189.044684082 -240.803875891 -13.8115611666 
-29.0468425172 310.274414411 -93.5654336471 -377.516427599 -40.882716517 -461.320609027 459.373299132 -387.825231234 308.321982202 -29.0278594536 
-459.950072949 458.951442097 -12.1189373177 -398.717374409 -134.244816766 -322.110448818 -177.233582066 -13.0982365402 313.147815382 405.165930057 
-392.543176718 -319.031967288 -461.090394656 -172.811641637 313.943370361 13.4820400822 452.870635498 286.620077071 -29.0468425099 -6.47438954919 
29.0466684388 190.458119697 -411.067454266 458.423797195 -418.813874762 -191.349893284 12.8326423613 -192.93113654 -29.0468425172 413.795597543 
-3.31898746567 153.326263452 -18.0001041002 -395.480647978 -319.981412499 385.595314509 -139.155659922 311.552837794 450.658978617 -174.338726693 
287.357481381 461.034692632 -450.27397622 63.7848904769 -22.7495401512 10.2339860296 -322.194020643 -231.536465732 379.228767497 -29.0468425173 
29.0467914025 -459.360440516 -28.9769691683 416.695510905 -170.242169525 191.024947073 188.017174744 455.390842432 -267.112027948 -241.136389201 
391.887114565 -235.660553832 310.545683876 -430.342968539 462.512104536 -11.8480107798 -21.4923636384 -339.344254758 29.0468425102 -213.298662248 
-326.944820495 -127.425353763 -28.9740350731 -175.35685102 -398.94164189 410.313193288 -459.665593768 303.483983845 -13.4244781705 444.599801936 
