-197.385454861 -331.476983382 54.8252840815 -191.21354861 -461.686340963 303.374187856 178.409898555 331.058034589 -72.6199835254 461.686340963 
-461.686340963 33.2879025599 -93.3129683198 -247.000722422 156.881888792 -339.958853029 325.060535719 259.113770599 461.686340963 -120.433727905 
88.2727888786 336.959073642 234.32640048 -200.517672835 97.5486733443 -461.686373185 -165.168224248 -46.0540778078 -335.902285469 461.686340963 
54.8786982381 -330.755938067 199.507946195 333.497631043 -461.686340963 -108.773798683 -66.379676684 -219.822873863 183.868416642 461.686370556 
334.523935043 0.0857110640055 276.666652287 -461.686340963 -216.197267154 -129.842509257 148.687624181 31.1706138343 461.686340963 -328.963450685 
-59.603559629 185.251309354 -337.390772206 -208.740707284 333.998551408 57.9790803495 -99.3077913477 461.686340963 -461.686340959 200.552483398 
46.8053420523 -333.059895978 169.629876089 329.192980755 -100.967077841 -50.0682192835 -461.686340963 461.686340963 -224.878592695 216.400182951 
215.987379285 52.0714624951 -223.39102051 91.9998012045 -339.650512862 461.686340963 342.686989243 -461.686340963 -89.4197519294 -84.7568986689 
-231.328042459 244.095075546 106.878282515 -342.743458041 -461.686340963 461.686340963 -13.2079670324 341.70576219 127.087267347 -116.33471522 
-461.686340963 461.686340963 73.4942850553 336.346021419 -328.229712536 -178.864429944 -192.28344892 -53.0870238776 104.536451463 223.354854498 
-152.737687025 -217.413139805 -332.126997105 336.640472513 232.223830445 461.686340963 -461.686340036 -44.3053974085 99.6053878293 95.440896219 
-329.629292412 461.686340963 168.872559318 332.65961922 -99.4189659464 41.3834093481 -205.778449114 -461.686340963 294.663586877 49.1987072624 
332.715720865 461.686341118 -160.768315908 132.561181321 -32.2792992413 9.41309524474 -235.054887752 -331.848803657 250.99182312 -461.686340963 
461.686340963 -208.869914947 333.614672392 184.517613779 -66.4183118631 -461.686340963 -112.896075058 52.9600015492 -336.506037666 200.678687553 
244.372524787 331.455795734 -461.686341298 -25.1051296811 7.75084195873 -154.96042566 461.686340963 132.80547346 -332.216550532 -236.453713674 
-334.132149515 461.686340963 -260.932043612 98.134918407 77.8106791658 218.230234267 -461.686340963 -173.642031673 330.702116482 -43.9078250997 
215.212484309 -260.654830639 -461.686340963 339.426077637 -46.9730264312 101.992492588 -333.159923904 -161.914803753 58.896414541 461.686340963 
118.960871259 -157.876826017 58.8661274715 461.686340497 330.644196592 -461.686340963 -333.768275236 198.776539066 -41.028607753 -255.730899096 
461.686340963 330.121760709 172.181136943 301.28445037 -211.907692556 27.9176463165 -461.686342308 -338.331519469 -90.8439216169 48.5038616395 
57.9791166951 -212.692961464 461.686340963 -333.78916713 330.485263955 216.665983132 -461.686340963 -64.3400146576 177.59410648 -80.8966738767 
-180.40527611 -461.686340963 461.686340963 -334.208858783 70.4601976316 336.716942664 83.9853220362 -60.322227682 -211.565508794 205.258701693 
48.3590004124 461.686340963 -79.8012950555 -151.124532009 -461.686340963 214.49061174 -233.03566045 -333.674079469 339.416066176 101.267785371 
-106.681009316 -338.834706847 -222.259926513 -461.686340963 334.167751087 24.5813162308 127.885175528 200.770878216 -18.0659527364 461.686340963 
-461.686340963 -79.9304179807 330.410728295 -206.012649523 176.606857522 56.7170312817 461.686340963 -335.801145255 216.919679489 -65.0197136228 
-144.950984913 461.686340963 -461.686341687 341.361329453 217.403881337 49.9934818942 -336.4898389 -78.7877319285 107.603589531 -234.424285558 
132.140238739 57.9789735936 -203.085328294 343.485414305 -335.228035669 -138.134675567 -461.686340963 461.686340963 -35.9789280198 249.868368104 
216.391258176 -68.1274441937 -461.686340963 336.109602792 -227.928719278 56.979519031 461.686416133 -333.760358691 123.982504871 -128.812625322 
-337.455993217 331.317954393 38.4090055391 -94.582794109 45.8250674673 -222.27491793 298.619522212 170.772134238 -461.686340963 461.686340963 
-119.043735469 -91.8588343229 461.686340963 32.1462409767 -461.686340963 326.01743388 260.830119568 -244.734194598 158.943876594 -341.717771525 
-83.4465164469 328.532478918 52.4719388608 46.9856458398 461.686340963 177.112537663 -208.251868232 305.263814035 -338.941177739 -461.686340963 
-177.549131264 -221.811589947 60.3722826296 461.686340963 334.688014078 -62.9178933027 82.7723414958 -333.271656159 202.261130025 -461.686340963 
-335.811027653 330.412244716 -206.011316615 -65.002538142 461.686340963 56.7426985477 -461.686340963 176.630625743 216.859587555 -79.9089983825 
-66.2851191829 -304.187022569 461.686340963 207.021164371 -461.686340963 -330.520506392 -28.1332580492 330.888922759 79.9530298435 -184.011834382 
281.399678132 -461.686340963 39.7065380327 461.686340963 -106.74111842 159.235039785 337.544571332 -233.032727861 -84.041386731 -335.458752059 
62.3045221145 181.356306479 214.856867338 -187.877647841 331.260136019 461.686340963 -461.686341885 -57.751970957 -228.53031614 -334.183452534 
461.686340963 -81.5462343765 -461.686340963 238.09956144 45.4610523771 -335.001775288 -208.88488225 129.872270949 -74.9762881208 345.715015001 
343.816245037 461.686340963 -117.823826555 109.568841312 226.729742092 -119.891986172 13.5752156298 -461.685351859 -339.431732837 -247.565919476 
-227.22740793 -183.986303528 -461.68634138 -63.9311837155 330.839112229 461.686340963 55.6836410307 302.648780505 -333.107733754 178.657576322 
-242.081808074 461.686340963 331.54805227 -333.151139013 218.668776747 -167.190685679 -461.686340963 -48.2956917097 74.4148898672 81.5885117874 
48.2727001751 -461.686340963 198.779199689 332.233117492 461.686340963 -334.472125055 -230.25083138 176.601334578 -118.35056426 -73.1521766957 
-65.8560782838 -223.490309003 -332.710234223 461.686340963 -461.686340963 216.690700512 -97.5665558107 169.555062903 47.4269371363 329.272563433 
342.468973432 92.9735648355 -339.42132756 54.5201411809 216.257210293 -211.908838472 -461.686345012 -78.1220928389 461.686340963 -86.6246009863 
-461.686340963 265.946879819 -247.706973175 -80.1115753055 461.686340963 346.615547697 -339.422955794 15.0109541987 142.338282833 -126.108720902 
-336.924840379 -461.686340963 461.686335293 332.455968787 -217.901150901 42.330199598 166.081522209 -35.8286577468 -96.1167350689 212.005762466 
-61.4848105335 -135.609372656 -461.686340961 65.4100838502 -339.952465697 343.906925843 117.119229754 222.882924381 -211.950902143 461.686340963 
229.398374783 -125.558067838 31.4319072374 127.241340768 -234.064477886 344.426507369 461.332235734 -87.8338147159 -461.68634115 -343.208567695 
461.686340963 -333.017621611 208.972812302 -210.19839024 -64.7868957673 -461.686340963 88.0137058256 60.1409080375 -163.90974121 332.613510498 
-461.686340963 331.744357289 117.455066903 -336.396515869 209.648321979 461.686340963 46.9840187783 -135.27859103 -77.9616694085 -235.304280266 
-461.686340963 -58.1434037229 -308.495157751 461.686340963 115.993379358 333.722054565 66.93491488 -326.77170712 -183.647269861 202.476277387 
-461.686340963 138.562685172 -19.1661932716 8.82682190463 -235.523986447 -148.714412109 249.960427616 461.686340963 -333.355490498 330.810781701 
-146.623585422 -53.984918184 -206.693100881 326.645221698 204.799657587 -331.825518778 16.7681677799 115.501028476 461.686340963 -461.686340963 
-138.901991497 -38.9921041881 89.3559233229 -290.454493131 -461.686340963 -155.024329166 211.943916802 461.68637363 -350.194461441 339.756966829 
461.68604052 139.157673348 -248.773467464 14.0230763331 -461.686340963 -339.382652841 342.535864503 -124.394571196 -112.994844102 263.87786544 
205.984568986 55.9997380181 461.686340963 183.791615517 -461.686340963 -156.174083495 -67.334964468 -334.766439705 334.853997875 -212.020030314 
14.3898152683 -123.913303468 -112.790956385 342.581063951 461.686334253 -339.336165649 -461.686340963 264.185243155 139.486788894 -248.36637171 
-341.93861637 325.684764512 -92.8631134611 461.686340963 157.917926132 259.974778036 31.1631773663 -245.467216385 -119.795098562 -461.686340963 
-93.2682630795 -334.776312504 178.436442063 -461.686340963 35.1563786676 461.686340963 272.616206365 322.918266108 -216.144894524 55.2173035471 
350.733317913 -403.687080859 -188.477041532 454.823813563 -294.82436673 89.9132842104 -51.3136395167 -179.732311703 199.622648395 61.6456803418 
342.496044135 -41.6194656114 -461.686341487 -330.690623172 235.270344611 -5.51490465354 -247.661703286 461.686340963 109.7649969 -171.084950601 
161.619293148 -209.307786748 275.31610327 -330.653153246 461.686340963 3.26116287874 332.255119701 38.6025370986 -123.792643323 -461.686340963 
338.727734681 -461.686340963 461.686340963 126.246615697 80.6259037334 -208.393594466 -333.501383967 -126.553364655 -47.0722468642 232.063920997 
170.177290685 62.7483080221 -184.571944603 278.010231052 -68.525669754 -226.112139324 -336.455699662 351.794417618 -461.686340963 461.686340963 
461.686340963 -166.118361767 -46.4940074016 -224.901448776 -461.686340963 226.680513866 103.893094073 -331.921693847 336.821924785 58.2298031654 
-92.1912700469 51.9569366168 -65.7385807026 -338.58326912 -461.686340963 346.065601254 248.980985296 -211.35727116 143.151461443 461.686340963 
-341.916713591 135.421994355 -139.219261535 -461.686340963 254.960850894 461.686340963 50.8463973511 -16.7829941747 344.513199462 -266.696811739 
330.122968865 27.9201533505 301.283854958 -338.329991215 -461.686341118 172.181484044 48.503252648 -211.907672167 461.686340963 -90.8426517611 
-461.686340963 336.674871378 77.3317299999 -165.977573682 -47.2466936475 107.435402809 461.686340963 -331.861332943 -224.709733717 225.761938032 
336.279480923 -461.686340963 230.518016178 -211.191186845 -171.291665131 93.831872394 -53.0604678807 80.263569166 -330.935076087 461.686340963 
461.686340963 -170.319768498 208.968338219 60.3436530676 -192.554175664 81.6954497406 332.450989738 -325.699462659 -64.4505512008 -458.800482828 
461.686340963 159.285707822 -220.832151686 -461.686340963 -339.260727558 352.815092983 44.7687268974 -101.905617256 279.321965359 -67.0871402876 
56.7582335349 216.837006598 330.413162548 461.686340963 -461.686340963 176.639732988 -335.823410225 -64.9946941033 -206.01356213 -79.8673143464 
461.686340963 109.588396455 -330.678001943 -461.686340495 235.113912631 -171.282790452 -247.83882776 -41.8183887333 -5.72185490137 342.416641584 
-191.203581444 107.144590927 58.6397169983 461.686342234 -187.549123617 -53.4119005689 198.681315149 330.603638377 -461.686340963 -328.703276431 
-247.273374733 178.698424855 56.9737340688 330.300965685 -333.609966842 211.619000417 -135.78321224 -15.4008843905 -461.686340963 461.686340963 
-334.67702163 -280.861905948 103.002702438 341.040708299 220.664844053 -16.1001058446 -42.5404250401 -161.947738477 461.686340963 -461.686340963 
-461.686340432 461.686340963 230.885791363 337.639698017 -223.351920008 -32.0213480204 -145.409282629 121.480210661 -335.81255259 93.6396704959 
-97.4936822881 31.9071683268 181.381398767 458.623812085 -461.686340963 -340.49513114 -124.106384484 -250.768482345 319.78767988 154.782865149 
27.398469293 297.884527938 -101.302399056 -461.686340963 331.282327701 461.686340963 169.364922238 -223.982866389 45.0964411807 -336.802307847 
345.733772906 461.686340963 -80.4688098049 141.435846065 -74.8543573238 -209.58852429 248.454981731 -461.686340963 46.039682749 -337.710377683 
208.147472766 4.87255195914 461.686336762 -286.839556955 301.656781881 -40.097127716 -161.328042744 364.252443617 134.602445342 -418.572236639 
218.960742608 -461.686340963 56.1505171803 342.901094158 -51.272239156 -271.8097843 -343.27866644 461.686340963 118.839093458 -147.866674764 
332.074112604 172.189158837 -461.686340963 48.4665744381 -70.8116334508 -185.32377192 -306.477307436 -329.136656529 297.141322572 461.686340963 
-63.2788238622 41.0884371131 201.803137836 82.5183224736 -174.862649839 335.252795465 -461.686340963 -341.730994352 -298.185587606 461.686340963 
209.657597421 -135.283324131 -235.17666991 -77.9507022297 -336.571909885 47.1364214584 331.811467486 117.450275008 -461.686340963 461.686340963 
61.0625353257 -56.6297783713 328.92090564 -332.372767006 -461.686340963 182.006833702 -172.433830569 -208.949061012 211.152831025 461.686340963 
-341.906909924 -16.477094891 -266.455390711 461.686340963 135.859322064 51.1848359803 344.626409292 255.389864568 -461.686340963 -138.990886619 
-326.174932695 -457.071524604 157.198385024 31.3259945316 207.819903907 -40.4586744643 454.4052681 -210.542113051 -118.910912524 326.100267708 
461.686340963 -461.686340963 142.219496451 -245.005864482 -180.869253203 -68.0123534031 -337.468816512 56.5147516545 247.065158269 345.722436749 
-339.729346176 259.797335759 -119.755294818 157.493113944 325.341849826 -92.0809155853 -461.686340963 461.686340963 34.1191988949 -246.417814764 
336.4919375 -207.711450456 -331.658814858 -461.686340963 95.0154688714 231.787108534 -49.88102329 85.5672384552 -169.911611382 461.686340963 
-30.1292048277 -461.686340963 60.9092292257 -339.457808575 176.50273326 461.686340963 300.286787316 -208.914482318 331.602038288 -85.4276960718 
104.92388525 -343.142704907 221.075979981 -281.50187999 461.686340963 -31.6096066781 341.85630618 7.10395906011 -461.686340963 -156.74122661 
-206.007684777 176.636876982 -461.686340963 330.412577381 216.853856107 -335.810826145 56.74832911 461.686340963 -79.8859156643 -65.0008665996 
47.1039158832 -134.987133316 -461.686340963 209.648765004 461.686340963 -336.391430361 331.716307995 -77.8051850167 117.750826204 -235.160802107 
-330.447441911 -51.9677350557 -170.817175036 336.452296431 80.7697109173 -210.208173203 94.9500176221 231.684842596 461.686340963 -461.686340963 
-183.829341521 -192.955163488 333.58248589 68.5248812164 461.686340963 216.314690313 -329.221094825 -461.686340963 96.6863042483 -57.8985338225 
-52.5869169142 12.4714416135 -331.855767443 211.533123713 -236.625374358 333.976015599 -461.686340875 -179.081089575 90.9272257114 461.68634128 
-68.7938093781 -461.686340963 347.679466969 -216.332351351 44.8581296723 273.015587057 -335.099091166 164.888892204 -189.128318578 461.686340963 
461.686340963 95.6960147097 85.8000671375 -49.4972072528 -461.686340963 -331.59320624 336.657750248 -207.609371842 -169.527288403 232.465866257 
38.0895508447 -186.198830414 -62.2890779192 -461.686340963 -209.964204799 261.99758216 461.686340963 147.859851786 -333.226550882 347.807515732 
316.670919298 26.7720239657 461.686340963 80.7654739123 309.777191243 182.947163959 -211.371723652 -93.637847568 -339.532978984 -461.686340963 
54.6146125539 215.080821177 -43.9737259369 -194.899385025 -185.486635184 327.802217828 96.1633122418 -329.116572237 456.564320989 -461.686340963 
226.681201521 58.2276106722 336.822052969 -166.119031677 -46.4947520134 461.686340963 103.893146304 -331.921895708 -224.900784861 -461.686340963 
-83.3544728085 210.545853515 459.955228957 52.8210608503 -461.686340963 -331.797252775 -97.3602976722 168.36303688 334.011787117 -223.220840806 
49.6041575701 325.773190154 283.836467081 -461.686340963 -105.1652843 167.14309963 -337.692646386 0.956487091282 461.686340963 -208.055791028 
-181.836709053 -306.258514507 461.686340963 -328.717062523 205.885846925 -53.4687809709 336.1469762 -37.1871374111 -461.686340963 88.1279336037 
341.020830436 -461.686340963 -292.106559905 -332.921980112 102.698210301 227.201033449 461.686340963 -170.905539192 -20.402837616 -47.5762494976 
-461.686340963 -165.10271304 334.809504944 -57.9520754483 461.686340963 -331.260593047 167.864896799 -217.376149704 69.979153494 218.070960932 
23.0246421042 308.650647362 -89.5621217303 55.8898785754 -461.686340963 -330.617110659 178.409722667 461.686340963 325.449999936 -212.397086111 
-461.686340963 -41.4101995177 -159.913765509 -343.095002171 220.143253426 -286.036412708 109.146742767 461.686337029 73.8331761377 336.953440632 
334.796454531 -333.454671671 192.064547143 64.9682104578 461.686340963 -461.686340963 200.253676681 -185.499142194 -232.598496506 -55.320524703 
185.201106578 -155.600507094 -224.302830005 63.1678379716 -461.686332746 329.193633089 -55.187096603 461.686340963 -334.49799069 308.643603346 
79.9507242202 207.472657384 -65.0250713504 329.935163099 461.686340963 -187.894996509 -216.708130408 -333.869031969 62.2854617306 -461.686341638 
-183.056851798 -50.2181277167 -461.686390876 330.842391143 70.9709526642 177.234999857 -332.780187577 -227.232085757 461.686340963 301.688678297 
178.576692977 329.956697937 -334.797147796 461.686340963 -254.597802511 -160.24230569 -461.686340963 74.0634133114 247.159801069 -38.8190943518 
-342.863293729 338.934893676 -461.686340963 101.204079546 -24.2927791078 -147.145782436 123.262417719 -274.774044043 238.31031264 461.686340963 
82.8811397837 -195.338875536 -461.686340963 210.100085915 333.543145747 65.7862611721 -329.056384974 461.686340963 -180.862565898 -60.3581699588 
-333.273342622 -56.2849638623 461.686340963 153.125939089 -130.234018947 -206.684072134 329.123037804 -461.686340963 39.2565970771 257.270521224 
-25.0895995536 -344.932344737 -153.45523897 240.120359117 -277.879363689 -3.37279396898 330.020676945 -461.686340963 129.574984446 461.686340963 
-330.903041807 -208.753416111 216.727591553 -63.5417068142 -461.686340963 177.627044219 57.9790454575 -79.0118356012 461.686340963 330.485289101 
-52.73181465 223.360932642 461.686340963 335.752942327 -461.686340963 -178.547935259 -192.28360575 -328.20946454 73.7955887331 103.647482487 
342.694276744 12.5527423402 -113.197875914 -128.554532026 461.686340963 271.307432756 133.779894705 -461.686340485 -340.935548763 -254.205121967 
-186.538174563 200.312030063 190.526855441 -306.087952676 -461.686340963 -58.5401999805 334.572651287 -329.94682132 461.686340963 63.7743929946 
297.014781913 165.437280145 144.311899133 -343.800913535 -461.686340963 428.172724038 -98.0546066472 -233.928976351 -108.454165283 14.3417352983 
49.1454909276 200.152201367 -225.809458887 176.437951979 -336.025552503 -461.686340963 -105.2628956 -74.7469959279 331.891814424 461.686340963 
-91.5637864207 -217.318960256 -68.9676005793 -329.988236033 175.292041538 54.9620882401 331.481902773 299.618058428 -461.685972906 461.686340963 
339.138494966 118.659770046 461.686340963 70.0671330712 -182.391959778 -56.1826916473 231.211913215 -461.686340963 -327.489776929 -190.415685054 
-32.1611623454 -210.133674121 101.706517691 221.975461854 -338.181309543 -126.193070063 461.686340963 342.483860802 -461.686340963 43.1220839221 
64.5441814024 -461.686340963 -74.654879596 -213.992733631 -71.3505359258 -336.282734186 176.523493884 237.100376496 329.869136184 461.686340963 
-96.8436449405 461.686340963 27.2948195278 -334.675139065 170.287856155 332.375820955 296.096397107 -214.941758656 45.2012261404 -461.686340963 
-333.024901571 -61.8764028635 461.686340963 -203.857524109 200.137864563 57.5796935257 -78.5241027684 333.892572629 185.392703087 -461.686340963 
-461.686298016 -341.849677196 135.625948568 -266.477189347 -139.020467125 -16.5272651489 51.1033843699 255.115710543 344.585946574 461.686340963 
-46.4966475462 58.2278907881 461.686340963 226.680859624 -166.120456821 -331.922825118 103.892186037 -461.686340963 336.821703537 -224.898748806 
-243.106323322 333.729159243 23.8008935027 -118.143661222 -338.425014145 461.686340963 -90.0962962105 100.273459013 -461.686340963 209.500488654 
-461.686340963 336.355606252 -210.766295192 -60.7535159255 194.428900588 -85.6603830271 63.356557904 -338.456067988 461.686340963 204.847820073 
-461.686340963 -31.0438022259 461.686340963 233.350573654 -333.016088301 -254.959292242 -157.907568808 337.168712615 120.036249918 96.4333611922 
-337.132843672 23.0841076123 -102.074951603 -218.235853603 166.01257079 461.686340963 332.229746956 24.8315407437 262.567039509 -461.686340963 
-461.686340963 56.7063797484 461.686340963 199.827782144 -63.5745888738 -206.06099066 333.74536887 -76.2055651339 -332.420981221 184.855619402 
-247.836351016 -330.677760187 342.416423879 -171.281315384 -5.7189607989 109.589402282 461.686340963 235.114643076 -461.686341152 -41.8166878617 
328.273594462 164.864909701 -461.686340963 -86.8970595141 -237.949654183 217.349893892 38.0958202639 -337.355863544 461.686340963 -134.645358196 
