-205.845436217 187.640480456 -98.7322109735 420.269896509 -29.0468425172 -206.540854994 -426.294836894 321.89957124 -456.158534739 -3.65086061693 
-29.0468425165 153.05236549 452.211136775 -369.700907916 -139.543622625 312.421162311 -328.286258849 382.370676105 -2.59831771213 -150.866185116 
453.172602424 315.615602903 -398.101219518 -415.891707981 -185.499024427 29.0465874546 431.779337719 45.4705915981 -202.399678477 16.1395885097 
-459.146499725 187.205504078 416.366849271 188.842083996 -29.0468425172 449.261825648 -205.901785027 -406.807369935 -241.731015101 -29.0466221684 
318.208762127 -226.40142086 -219.122263765 29.0466670962 408.51345095 -443.257358304 -437.134209287 460.638085966 10.4069694959 -186.110203284 
-168.425245448 -240.526160805 -194.405603977 -412.022241686 189.135808465 -458.951479875 451.067563122 -29.0468425166 29.0452296736 415.875327373 
-459.654432243 288.999204954 -127.48211754 -323.562345925 -116.486069205 459.449149408 -29.0468425168 -4.10239785989 -404.096980657 408.417966024 
32.1126877726 -459.323116028 55.3520929105 276.90044687 302.026522188 -27.3840371831 309.515992317 -29.0468425191 452.953807521 -246.753504886 
75.0823784522 -391.901829809 -179.582749859 309.455859155 -29.0468429105 10.9768675603 208.307622601 310.560893 444.152590668 -302.053547563 
-29.0468425172 -29.0394065645 -201.472103651 284.988922841 185.6698829 -216.402575103 419.766439639 -435.692073595 450.070142861 -405.063974322 
435.818264098 -407.94130471 257.696631306 315.954878645 -399.435551036 14.8674351339 -29.0468498549 46.5142171066 451.010793557 -186.83670614 
186.519325996 -8.91518286227 -430.575726294 320.194056834 -348.293779719 459.995551335 406.902648241 -29.0468495158 -211.294041267 -143.792857301 
-303.842233891 29.0468415078 -134.941108082 98.5289858494 -460.568333393 462.006953009 397.638907437 -321.057487712 387.525020708 -9.43512925792 
-29.0468425169 -97.8851590913 188.910694025 -423.42076427 -454.06389116 1.98629298371 448.475459373 210.664703672 -316.098037218 415.815940206 
373.128199859 -301.379974553 29.0468408161 -218.196439426 462.111533121 -435.096052536 20.0645305253 -12.4641437648 -254.851425261 396.751185512 
-318.625971339 29.0468381055 381.216764962 -451.291300601 455.168356589 244.953731633 2.16132494833 -123.303770621 -187.172894892 93.6682912815 
51.6973782605 381.392689664 0.164836592105 292.308546007 246.307741714 450.55542897 -319.661286459 -133.696358512 -458.776445533 -4.50596184266 
446.793016816 -137.436923 -458.782223101 29.0468391103 -322.340263946 0.0402120882567 -319.01345809 -106.658181012 251.060529463 384.517511642 
-3.73223883774 322.896601655 -429.225869625 -211.877820486 -410.531971538 460.842745335 29.0468339547 -191.614507661 2.1815152617 -208.745095915 
-458.951469183 14.6582719883 -0.725017112021 278.189523017 -322.509510015 408.292889953 -29.046842519 -237.714333515 -121.183570382 454.579671614 
425.355883489 -5.41784867465 26.5114500902 -318.544284265 456.570535933 -197.728861697 -191.84864986 105.08008814 -97.4867154881 -413.660749144 
-459.556684344 -3.31469795823 -170.215383526 436.342409936 22.574604307 49.6203901854 -398.920348048 261.46101289 312.999171601 450.693674266 
-444.101095968 300.397257987 76.0801593907 -29.0467355819 -191.031843405 -228.050079095 255.05009026 -415.772558573 461.462561359 29.0468406896 
-0.986500492718 454.763994784 -322.588882431 -11.450757043 -121.959349624 -459.030841613 -0.991849714616 -316.848671394 408.173509509 -237.472709808 
438.348316983 -21.852413895 -29.0468425629 310.92767661 43.2161697097 -459.453851486 273.361325292 -198.827897325 449.485054983 -398.039099758 
-36.1952193679 458.951446932 -414.683461035 308.665755984 -199.169784228 299.429421221 29.0467431088 -29.0468419244 -224.99083841 -388.237986942 
-172.229843158 -168.908147727 -29.0468425141 274.556364281 -402.161311468 -459.014327284 -29.046887962 295.591082811 445.161389149 443.591987879 
288.860266751 321.622784761 460.182684961 174.571486621 -210.125225613 -139.581096603 -211.799726858 -429.88889597 -29.0464894944 -5.85954062469 
-149.271443885 452.48852767 4.06612086016 81.155449394 -29.0468425172 -327.267265805 381.281447928 -368.610789589 -137.545715719 289.399299915 
122.737437247 324.589014866 -206.967697496 459.64308849 -2.60716777638 -426.905328589 -97.1067593824 -208.9945882 -313.504876423 9.4188268665 
-120.398297404 405.871551181 -205.845595849 29.0468425162 -192.158591644 -445.71416289 445.208974664 -319.542303692 -415.071299301 -6.84527728963 
-316.838147709 -322.587267606 -11.4146404186 -237.475762185 -1.03803736163 -459.029226766 -0.705411032666 -121.940678297 408.201786627 454.768080791 
-87.3429460449 -201.249761992 -28.5727584798 52.1265844218 -0.0662811904922 322.471980631 460.829180195 -262.908774742 -293.552169553 -423.658765988 
-148.166557134 -16.4391651401 26.1320427293 29.046758712 -179.928443496 -433.707146213 314.992111191 -398.922209126 453.979785554 317.213283115 
-458.126314243 -118.124334715 409.144195226 -421.839652257 -321.684355076 1.69492662285 29.0468344923 -36.0568520261 401.77952649 -215.678425262 
-28.9803747291 454.455761321 -2.70566993034 -218.726468787 -449.525661409 -317.69991395 -2.80565167677 174.686944515 -227.258508498 306.291472395 
308.313457036 -28.4553897195 447.162465036 -442.209445107 65.748351176 -171.508405488 201.663896073 -29.046780288 312.982488302 -389.699165272 
402.606377183 -423.670779896 29.046841344 137.898562272 322.132699875 -7.52066529941 -90.556192069 -205.87390532 -219.53690459 -426.178288584 
393.179488198 29.0468295522 -281.639314099 -319.670641418 248.213979767 -128.974632194 -5.77050212034 -459.56066739 455.816138042 -242.678363636 
-459.562113895 -28.2743702451 416.709771347 188.092982439 -29.0468425172 310.254636515 -400.687654317 -241.75577385 446.991317581 -202.627423368 
457.44881867 -404.978012279 287.718634192 -4.31464771681 -29.0468425243 408.281258837 -185.772518627 -127.488222683 -459.615324795 -323.442707416 
309.748155575 269.006517295 -192.246285935 -459.169058223 31.5533374956 -410.53143231 29.0467491398 455.108951253 -29.046842527 -190.959804273 
-29.0468425173 -378.034253131 -389.609649873 454.729437176 -29.0343445436 305.332502476 312.991834904 -408.677380007 -51.9830300174 -100.334897006 
296.25311823 -29.04683233 -29.0468874048 188.225642852 73.2257624962 -240.157292186 -19.7180711674 460.345026684 -451.676289663 410.485823341 
-207.366874012 441.3835908 29.0467830189 -457.533896659 -192.512923659 308.216891786 447.391402415 53.9035603006 -410.511638649 -29.0468425172 
-82.5494698946 -444.649457708 223.918538318 -444.102529179 80.9355522214 -307.663593658 31.84987403 453.256341224 -29.0468434888 308.960567679 
28.8736669471 -319.812823009 35.4860653559 -98.852924917 -457.652776144 -8.57301338585 453.22202516 -168.859001046 432.188243646 -289.717950084 
-29.0468425172 -321.168711797 447.28228231 288.32638452 -23.2784587448 -3.66526126082 -459.643190856 441.491068265 -199.61414524 -397.480638134 
7.40972168574 -47.2760643152 -204.010288622 29.0468425172 447.757213384 -319.062678105 -457.243019583 326.464046386 -423.83031703 -103.001608096 
29.0466489201 -17.8849532178 -220.042328984 462.043838201 397.232315556 -437.125505362 386.133010967 14.4074836891 -264.453679467 -303.368574089 
437.804856134 -459.2027316 -101.424099149 184.662619151 413.876758904 -321.08228359 244.903391641 -271.633134142 -29.0468474331 -12.2115389776 
440.313754086 -441.157271723 -80.7449337517 -358.908405149 -29.0468425754 -145.445268533 -410.514925701 29.0465298944 301.521346433 -192.405631436 
-29.0492210427 -43.4432257186 -388.932832016 176.213717421 -29.0468425173 313.034753189 309.67692382 -100.524124655 448.456618171 -379.347289583 
413.319181923 22.9569078115 -29.0468425173 -423.76239312 -3.35505530955 434.701711201 -394.723090785 -317.950520891 189.63424985 -96.9501608369 
176.248214385 -101.181444045 448.495511833 309.628791296 -29.046895636 313.084257021 -29.0305784859 -379.152221753 -43.4301582585 -389.191182838 
289.560334404 -327.6215227 452.296951179 -1.38625391922 -138.512749811 381.82426417 80.2132744189 -368.969616648 -149.619761809 -29.0468425174 
-0.948343344024 -276.010274983 -426.282346467 29.0466283561 460.387322898 17.4352314638 373.665519355 -218.838757392 237.934111043 -205.54520846 
-213.64712526 224.041167013 421.557598995 83.3693404572 -4.11831690637 -61.9436515696 -446.9530348 -229.199766787 -416.312874513 458.251995033 
309.719328204 -212.609182765 29.0468383682 -233.696115932 -295.773083973 462.252206373 389.638379018 -24.356277749 7.3959698183 -429.741695763 
39.9245594103 410.690062663 371.431970388 187.147316531 29.0467568677 -157.130109746 -311.446779899 460.170508987 -445.223078905 -29.0427483713 
307.459994394 -7.70645434918 -16.1295429245 444.425734947 -197.115771592 -27.1581244055 -319.297668424 444.326066168 -430.180678718 -399.537032658 
123.966089833 -166.414788016 -114.06459935 -322.892662061 -456.939566862 403.314148162 -316.151641747 299.817566154 6.39837466449 -29.0468425173 
2.56577494382 -130.147225303 -433.596648049 404.082475747 -9.78587322637 -402.953446709 -181.97586713 -320.979867543 315.761651601 458.903608454 
452.425112164 -459.330321385 -204.143839787 -192.338730392 29.0335921561 305.918135955 -300.934053474 -410.790980186 155.141166648 -29.0468425171 
310.336252574 -48.7918054953 -42.9379418574 -29.0345444084 -385.006199091 -29.0468458891 459.400190593 -415.649325978 307.571275957 -377.558331863 
322.8953151 460.842587606 -211.877097312 -191.613646479 29.0468414652 -429.225706292 -208.745468901 -410.531981132 -3.73715118713 2.18238352199 
-10.5574512869 304.869221836 -198.899362018 -130.281413785 -434.179935559 449.517138316 -12.2044113512 -321.044145378 404.204141823 -403.53639266 
316.339295644 -28.9029715355 -400.518093688 -410.869133533 429.644423289 -187.857006309 41.7393235732 454.700442796 228.424506319 16.997165902 
29.0467505519 430.101763129 35.5066675488 -168.98919466 -239.778180575 454.427296968 -290.50749578 230.69015164 -457.716937301 -51.8907618844 
-29.0468435145 13.074632811 47.7523623044 -29.040260196 311.995854808 277.859896792 244.672806578 450.572001326 -323.166262524 -457.213981034 
-459.028249387 408.212412418 -322.586290214 -1.03881878236 -0.692510598103 -121.933424023 -316.824961609 -237.479011387 -11.4132157819 454.776032446 
-23.5231295518 7.47574915007 -233.431865765 29.0468398762 -295.680033545 -429.648599395 389.525972409 -212.51544051 462.239186167 309.803883334 
-420.274586701 449.572613649 -458.825413209 29.0468324546 421.994244022 207.716280999 -106.734803155 -322.383454058 -29.0458947263 185.950412264 
389.884819812 -120.274655823 -459.014691243 -322.572732072 -319.182039407 410.667819747 -48.4206107441 289.172413129 -1.80037562207 -0.419478690293 
318.04574147 -147.754939931 -449.32523819 285.059305992 56.2528819255 -226.340111478 459.922758078 -432.825736978 -29.0468425172 28.9097733574 
29.0468419997 4.17966376158 -400.284696458 314.890811559 405.065836606 133.810995088 -430.250523857 445.974433823 -263.954297833 -187.984573265 
451.413622933 86.2717673182 -122.355677656 53.289254819 -29.0468425171 311.850084126 -156.577732502 -375.357424301 -333.901280007 435.153745443 
460.875409185 -212.722036888 -3.7318959235 29.0468095854 321.660723335 -4.46553335967 -430.415747884 233.347219618 -210.267649014 -281.378055224 
306.271497255 -29.0468425172 454.661291051 157.374896911 -237.683525237 -8.2866350564 -308.256603678 10.5423558604 -459.702603443 -314.81554536 
412.30139666 -462.292619779 -29.0468757765 18.7993748117 -327.323430138 460.076477316 238.241166229 213.457040251 -137.584955797 -196.965175356 
41.6087440511 -29.0468437038 -240.11692771 307.344998826 259.829978813 -374.313540808 308.885920098 -29.0462202643 446.832584823 -63.484784456 
320.817558053 -429.222094808 3.5418442174 -117.079031808 105.812310113 -423.041415043 -201.163834293 323.945631058 -209.461322539 -6.15439773699 
-445.929247495 460.014109415 -415.286814066 -192.399009661 84.1148205157 -198.158156928 -29.0468425175 310.534023476 -352.512687579 27.9069874229 
-22.3202361335 441.489530387 -397.561622129 -199.602442637 288.549177867 -459.633602492 -321.097246695 447.283839291 -29.046842532 -2.58820577681 
-340.438876644 101.882260892 -324.175382419 -320.499523417 -10.6746693931 -118.447172359 429.10696103 -99.8766967003 410.887182411 -6.16868172741 
310.346692419 -415.377065632 -377.711542306 -29.046842639 -48.7340250568 459.37889784 307.450719733 -384.733938734 -29.0434083271 -41.3606554821 
-150.695920381 65.5768754828 -434.368895459 -111.874276126 412.455538865 460.053730722 -86.6824515239 273.025753904 -446.809249393 131.13781137 
-29.046842517 9.57739387901 156.302258083 391.323825574 -12.8312251758 -239.041658603 -315.072781881 -459.043567969 -292.915957049 306.283569036 
312.665562286 381.936872463 -150.601308758 -138.949481464 -327.986689751 452.446163404 -29.0468425171 -1.86645091176 153.17985298 -369.380769725 
316.113052369 -100.930750182 -321.259805233 -12.1664867721 -187.106591658 -399.712703189 96.5469173808 453.68871377 430.238117813 14.9546532024 
460.703605867 13.5171846357 -37.501576978 -310.844143933 -427.19228076 -12.2000518689 -206.771437831 -94.3579318276 321.32026614 -453.715332903 
-449.996235913 309.030704425 88.3196198949 -366.314650844 -11.7856422178 -237.237110178 310.400579933 462.152231543 -29.0468425169 21.4049575301 
-11.4090729399 -121.935788008 -0.680376988515 -322.586913354 408.204483641 -316.838362293 -459.028872521 -1.0006580664 454.772484055 -237.47758308 
-459.63564757 441.585768617 -29.0468425172 -23.4378190787 -3.81893832223 288.797814624 -321.198581262 -199.715557833 447.186184288 -397.571692143 
227.781856881 42.5735295999 429.867701379 316.15526582 454.603891093 -411.33170464 -187.147813002 -399.777603126 16.0161219922 8.75782300873 
-218.36431408 419.450354756 188.891778806 -203.358094306 -29.0468425178 -408.458195806 186.310551626 -29.0050298137 451.567638531 -437.565755295 
-135.364696308 439.753918446 -224.564654787 -7.43890240002 396.64224633 -316.224282365 29.0468295183 -425.978998374 -452.666241517 29.0468176791 
198.688933125 -27.547909835 304.199543524 -408.449885152 -226.776887976 -373.335122913 214.852551916 102.251206034 421.25113128 -29.0468425172 
15.3744956523 -186.674688793 453.644299324 96.230940849 -12.7572233637 -321.329671315 315.936479727 -101.021140028 430.362991919 -399.281950439 
-460.202783347 422.629643772 188.556024921 -27.5554061919 -411.446507457 -323.760824317 -29.0468425169 48.0381696516 211.586943399 304.063185441 
337.220291258 -225.370510915 -0.191218704683 221.916362501 -205.477379768 -424.15976186 -94.9698014059 -447.652545463 -312.874672106 11.7943401623 
459.163114588 -409.038810549 -439.681937455 418.535473545 -230.201779201 287.142169829 -77.3128675191 186.204397875 69.5918055117 -29.0468425172 
-402.95301031 458.904026695 315.7615151 -130.146604071 -433.596211654 2.56499167708 -181.975783759 -320.979652583 404.082897081 -9.78780861218 
454.110821392 -411.172804347 -42.7500050566 17.448124217 -29.0468432758 187.832535152 -185.907229259 430.74128017 239.774445216 -405.149021997 
459.478345696 -327.527358956 364.383312438 5.22312729204 259.592704714 -35.5976410049 -314.834427274 -462.538997697 -5.95861223937 -97.8041829523 
-424.682302275 -204.620823736 27.7156729896 324.392453291 -408.366315756 -206.899118699 -191.710186826 460.259558387 4.73454618832 2.5244006947 
292.380802013 -7.52899154074 -207.974469264 319.914670862 63.1593988965 -248.535120676 -29.0448964128 -429.826120363 461.315537024 -140.127164492 
9.85131737228 431.800623601 240.217971341 15.290300402 -23.1318483734 237.911221989 430.903135693 -407.958710931 -202.749701582 -407.631757584 
461.150587067 -209.626556687 -411.933364345 -205.168788803 -29.0468425172 187.121556224 -426.294919661 26.0901924618 327.871521582 -71.0314802879 
-29.0312073431 -426.32803783 12.5541581974 309.08150268 -289.886083777 -362.563359139 449.190682759 -29.0468736578 -83.7278805672 190.838424784 
200.137830399 -217.978358633 -239.090378681 -457.618188516 -28.5600575349 29.046804339 416.015935141 -422.958892057 399.197780724 -93.8725211655 
-423.099136972 434.888077471 -404.462370771 -117.071339053 -29.046907559 323.884957185 106.31162694 -1.27609354125 256.272483568 -202.486829991 
449.313142484 142.437084454 206.035351275 -186.706471932 29.046783302 -421.831488593 408.27305695 -215.435216729 -458.129950206 29.0468074471 
-424.108146681 -88.5020596867 29.0463052212 322.129208186 141.522054908 -426.847702255 -220.415332072 402.603408544 -7.61668202101 -206.804247631 
-426.216349397 -223.751698926 -317.917820095 25.4167813339 385.236596601 9.26536731337 2.97207898507 205.713890687 389.95689585 -297.193438102 
309.328247109 313.511568271 -29.0468425172 -183.182457388 172.7111022 -48.23012246 445.395359647 -371.88040078 -395.572951981 10.8506148049 
454.201114496 418.328665009 -29.0468436335 -15.2203345574 -319.253196645 -239.419024616 186.167316902 9.52226731619 -169.995694807 -458.497600774 
-319.540507792 -459.058024991 2.55568542735 -141.236085494 443.130149094 -100.718669864 -323.960133527 -8.29318992349 255.564767188 383.540437728 
-217.800577105 307.124931573 -435.585117338 394.424261557 -215.524942483 462.386976554 -301.857598661 -29.046842517 -13.2072267666 20.2334354736 
208.414510065 -30.3414489579 408.263899231 -237.27477073 -7.92735677392 -121.158553107 -458.951442411 454.939223744 -0.623202166128 -322.509483237 
-435.703696384 -405.060117014 -5.37850189543 308.188300028 -29.0468427823 -216.436397102 419.76636584 185.643089539 -201.251264144 450.239722763 
309.508231917 80.0268609506 448.417887781 -166.12361188 22.8030032145 -374.632342792 -162.514412673 -29.0466960519 311.381086993 -385.485799251 
-422.469960537 415.988476124 -239.118570396 -199.724162125 1.40545693121 -106.689560125 200.649126023 323.082893183 -17.8684935852 -457.845921377 
-43.397286976 431.691916159 -244.866067671 308.329783428 -29.0469380409 172.717113788 451.306620889 80.6545815274 -240.724004851 -461.69686926 
213.320462992 416.063685799 -171.905032945 -427.222764517 293.058169853 -29.0468425392 449.93156623 -455.752785423 199.969931589 -16.9660526431 
-188.683326616 -407.985622242 456.855264048 186.739142366 -427.76198904 17.3215694157 321.44819747 -207.646379549 -29.046819361 -8.60230729001 
313.294754918 446.890850531 3.95636116692 -128.733271116 -141.857540533 -459.064459413 -323.515713428 -29.0466100131 185.194194227 420.6453426 
-231.829508697 -411.366761247 -450.609981599 87.5036680957 -193.395104665 272.162380386 -18.6543322536 309.732302136 29.0468396969 459.886163203 
211.548903574 -29.0468425168 -455.770357553 94.4252992401 456.40069482 316.335831271 -427.182511552 396.340800807 -226.20252721 24.0943004897 
-441.864689697 -7.90183531463 -221.643251511 280.259134594 -430.115868464 320.496271291 -210.844230286 53.2097748238 459.755354662 -29.046843017 
-269.976209575 -169.158274012 -29.0468425134 42.5516492188 416.070432187 -458.976567505 455.032263758 189.073749765 -240.86724953 -2.48172749773 
-29.0469066912 310.407639084 -48.7832426104 -377.697708471 -41.9830684384 -415.551049056 459.384022341 -384.907922169 307.493808151 -29.0474159875 
-433.596428631 458.90397326 2.56523756207 -402.953227285 -130.145184127 -320.978662861 -181.976344234 -9.78286957019 315.761887207 404.0841892 
-392.529311051 -319.055112391 -461.101749469 -172.7745087 314.054534823 11.447713173 452.824749797 286.490156553 -29.0468425172 -6.16296517063 
29.04613545 191.093690611 -411.069072368 458.422184498 -418.756866717 -191.395775185 12.8143954416 -192.875196995 -28.4514187232 413.854095358 
-2.76323867941 160.522310786 12.0341350577 -398.720498052 -319.814455819 385.007188241 -137.482762347 315.392360071 446.443605109 -186.208105622 
271.702070436 461.146845815 -450.539699072 46.9479987413 -22.197708583 14.1251713286 -316.623131845 -231.901682705 380.179165014 -29.0468425173 
22.5112209033 -459.031511751 -29.0468425172 416.216345898 -166.451483748 117.394280992 188.987438412 455.474548466 -270.250355126 -241.119574547 
389.527544198 -233.433561765 309.804115166 -429.64929351 462.239368248 7.47333750611 -23.5200166693 -295.680725822 29.0468311369 -212.516269259 
-324.864698811 -131.977577003 -29.0468425172 -154.863181234 -395.801832798 407.971065978 -460.202388908 290.646194037 -0.459869964259 441.696818085 
