188.800238412 460.341898501 -223.187618569 -29.0468516237 -268.78118117 297.68592129 -437.736231199 410.506926898 29.0468422922 -443.457073098 
-403.032803891 311.86785975 -7.65235958197 -29.0468445017 -459.568743236 420.211588334 -198.797247267 449.417112413 -239.165534106 184.71891125 
-13.7357935067 -459.920105962 -12.0841268883 312.718820027 460.22247637 -321.699638415 404.43760183 -132.889389734 -396.983000769 -104.855576818 
-458.016702763 313.209839593 451.209059523 -412.916957383 281.12611928 -203.208597948 34.6850405989 27.458848562 -195.232857655 -29.0468433372 
-459.918013159 460.224533998 -11.8292552597 312.725057897 404.388435569 -13.7554449611 -132.857402656 -321.689699498 -104.923420031 -397.00442955 
-459.281591225 184.110457309 96.2215178478 -35.9246460245 25.2893213065 377.046429796 -313.139654762 407.585806377 -115.889678062 460.776395853 
205.307351207 -114.905417988 -364.442062159 424.659605152 -406.343060439 -29.0468426589 -17.487787587 308.196034601 0.530389621242 225.268998144 
-238.413627857 -307.220837291 306.525982198 454.016814266 -29.0468427219 -29.0468463718 39.1276854343 158.670184614 -459.720221266 285.881833356 
440.728463309 -459.637451274 -22.2174673153 -29.046842517 24.5377558297 279.815932567 -166.725156883 448.057861421 -319.653472029 -398.509093501 
-407.531509552 29.0468225499 409.496576458 455.875460284 -425.409584354 -187.591658618 21.8310187538 -29.0468425032 -185.537779958 189.313104292 
-27.8804849876 447.579147354 29.0468402337 29.0202039907 441.198812636 -192.202803281 -458.391098886 -207.247873509 -318.61137703 -410.520235838 
-174.339221458 -18.0655000273 -395.480461559 -3.19687544952 311.558462561 -139.146477602 153.312737409 -319.981023027 385.596216928 450.655793835 
-31.5606342295 -7.04649700388 404.413477561 -319.39046048 -238.595236895 -458.350185674 -122.341006298 454.285256433 189.615074289 -29.0468425172 
