46.319769921
45.5384819341
46.0225075017
45.6659058271
45.8292197274
45.9366742677
45.5675261063
45.6446732698
45.6125806689
45.8824885013
46.0589632553
45.72103821
43.6647885507
45.878886334
45.6587113174
45.6017281679
45.8669217238
45.6920323192
45.9509732218
45.8215411011
45.7651931805
45.9592370889
45.8653647443
45.8319508496
46.0825865985
46.3197693114
45.9682356129
46.036900756
45.9025257998
45.7573240129
45.6854726838
45.8082410781
45.97620232
45.5465731586
45.8510191633
45.6637462929
45.9260224335
45.8148246357
46.1702213029
45.9535022506
44.0583284556
44.1011056773
45.6738151585
45.003965197
45.6579687084
45.6822088369
46.0332118617
45.9330129467
45.9417611915
45.862506297
46.0116801386
45.9307579516
45.8432308666
45.8017257334
45.9718595552
45.6260359701
46.0629578147
45.9510403774
45.8595960288
45.9466827027
45.9630849541
46.1083834799
46.2386638218
46.0331855871
45.8204305619
45.8788852176
45.843131048
45.6974846166
46.3190401702
44.3878057941
45.4427534601
45.9900639239
46.0116727249
45.5949049818
46.3310151783
45.7953469606
44.6745939571
45.878886642
45.9328447804
45.8726237693
45.8806760558
46.022444918
45.7313482103
46.0116801156
45.8934852751
46.1499348312
45.9450130361
45.7562273917
45.5522849078
45.6446711657
45.773245181
45.7223541519
45.8739583844
46.023372634
45.8633369821
45.9417613032
45.9630924062
45.9041036392
45.8620988486
45.7660680756
45.7493062166
45.7377607954
45.7289584256
45.6292168247
46.0629175297
45.7054320685
45.6863292846
45.9535009364
46.0066598099
45.7579966896
45.8802987393
45.9020147892
44.7746473691
45.9756263781
46.1702214525
45.6974840866
45.8114625
45.7548610703
45.9630823582
45.1946099742
45.718582
45.6373894243
45.6651726486
45.6474751716
46.0928986032
45.9451451834
45.6915368938
