1.0068349169 1.17999998672 0.645067344366 1.14251374597 1.17036109456 0.965891710534 0.818081064541 1.10516787492 1.142129218 1.11961447547 
0.923536555418 1.18000000011 0.911114552025 1.04786910145 0.890062638807 0.637925148807 1.14757455112 0.896569594155 0.884974384035 1.14213143476 
1.14187840932 0.877521558157 0.974413575486 0.974323933119 1.03794093371 1.06411439212 0.75327378871 1.18000000126 1.14213143477 1.1147575382 
1.17999946242 0.98970780367 0.995873785098 1.14213058998 0.818880522751 0.964308642073 1.14887309661 1.17999999992 1.00745041363 1.0123862576 
1.14213143477 1.14384636419 0.903011730925 0.919174912595 1.14213143461 0.802986374134 1.18000000075 0.633007178276 1.17718951376 1.06958361144 
1.14213054515 1.14177109899 1.0589389158 0.914098412856 0.985058923911 1.17217699497 1.11645445524 0.895487694611 1.180000007 1.05136051255 
0.874001924929 1.14213125499 1.03420320983 1.11919355828 0.850264940588 1.18000000041 1.09246386384 1.14188502608 1.17999999998 0.857094218456 
1.01250391273 1.17999996987 0.974795810607 1.02331627452 1.00463692035 1.1799998312 1.14213066002 1.10930392705 1.1800003186 1.18000000008 
1.14211369546 0.992555258927 1.18000083859 0.761052961746 1.1800000038 1.18000134868 1.08239875677 1.14487978613 0.926501513883 1.17999999982 
1.18000000214 0.94017548733 1.14213143477 1.14213143477 0.848008164301 1.11414499709 1.15013000026 1.18000000013 0.729643328465 1.04005886507 
1.1425154485 0.757732779171 1.14213061392 0.636260802203 0.964888590882 1.01355911925 1.17999999636 0.962093399321 0.935721213784 0.878317421889 
0.921909116904 1.1415498227 1.07514054086 0.958437225439 1.02364489135 1.02629567398 1.09170110917 1.13932014229 1.18000000003 0.84479874298 
1.02855399679 1.18 1.1410862517 1.18000000002 0.984976269603 1.17999999999 0.828481589269 0.80398282511 1.14213143814 1.18000000015 
1.17999994077 1.02333681782 1.14213145533 1.07251696876 1.17999986138 0.877539096132 0.551447791164 0.976218167948 0.59744759053 1.17999999999 
1.0377159844 1.09282366704 0.827097474562 0.947491718852 1.12107593304 0.985916493038 0.85517754355 1.14245888511 1.06059287579 1.11970380417 
1.16611053118 0.847579793776 0.866496112936 1.14213067915 1.17999996017 0.997771973062 0.956047556165 0.992349504716 1.1799999999 1.04264992005 
0.793656732439 0.932797090217 1.06690528821 1.05550039607 1.17999999985 0.966797556894 0.604662001823 1.18000000363 1.14213143477 1.14213143367 
1.18 0.883900044058 1.13942771022 0.939052576826 1.14212969684 1.18 0.948420358397 0.94424802166 1.01618346271 0.950871506711 
0.873938287129 0.891442453827 0.780731085954 1.18000000021 1.14213072055 1.01884304189 0.877672650616 1.14155781456 1.04438824302 0.992198228606 
1.13748529046 1.0554822521 0.873738682495 1.18000006373 1.14771964521 1.14213143487 0.917680998443 0.985198237068 0.921664912109 1.18000037894 
1.17999999995 1.14213143888 0.829486449151 0.554623832161 1.18000015546 0.951729893354 1.17999944014 0.971460256341 1.02556317703 0.911164450841 
1.04879922685 1.13658756413 0.992720630426 1.18000009132 0.577507188415 1.17999999697 1.17999999917 1.14213145835 1.03967511013 0.607399537896 
0.983847701131 1.0330767595 0.889744236028 1.09257958568 0.695742077179 0.757287132749 1.14213143477 0.921877708752 0.998006228651 1.14205832469 
1.18 1.14213143574 0.928818751197 1.10344855636 1.01622648093 0.972154623352 1.18000000415 1.17999997119 0.955889480709 0.531799565888 
1.03577277504 0.981354334575 0.881898783909 1.02423591448 1.14187114579 1.05223200858 0.988205704832 1.18000000025 0.980035069281 1.14212978338 
1.17262691386 0.818910024716 1.17999793313 0.965908091052 1.11969735869 1.14251348815 1.00744011311 0.645016779419 1.08724276529 1.14212944656 
1.14213143477 0.813994745498 0.997082133726 0.952083684508 0.614804897814 0.932901146084 1.18000005249 1.08261515037 1.1800000001 0.992585288122 
1.17375065649 1.06172779012 1.18000233116 0.984135773666 1.05078641885 1.14176328543 1.14213055823 0.906811145251 1.1116032724 0.886390370364 
0.653880438623 1.14213143477 1.05729014332 1.17999951377 0.818841154804 1.17999985222 1.14212731013 1.00035518672 1.01941525183 0.991726576488 
1.14196692439 1.00450762301 0.916844502965 1.14118181143 1.17999987792 1.17999999984 0.966620113659 0.68197506922 0.98949911311 0.774714588518 
1.14211369474 0.924482489497 1.17999999992 0.9709710511 1.18000002494 1.00527542168 0.947097638479 1.17999827798 0.884178991114 1.13704925988 
0.970717899178 1.1503659157 0.971125595468 0.835318253215 1.18000000007 1.17999999917 1.0113376144 1.14213006043 1.17999998203 1.0557127763 
0.990363681952 0.936081094933 1.14242401441 0.90351234351 1.06157428059 0.906176885743 0.970887216236 1.10594797711 0.849390988144 1.12731023547 
1.18000000005 0.962193311699 1.17999999999 0.625053982225 1.14213139377 1.14742011185 1.18000000001 0.772299462458 1.0377763392 0.999376194268 
0.985154941033 1.10014016984 0.872162120394 0.987970282633 1.18000010298 1.04469565034 0.781267842326 1.04228990236 0.939515692011 1.14243712261 
0.955794889975 1.17999999998 0.704357385651 1.18000000056 1.00756245947 0.998957846298 1.14212763281 0.835597814065 0.961434449257 1.1723167074 
1.18000000004 1.17999999979 1.14213100775 0.992661042391 1.10576114552 0.833725917303 0.958816132961 0.628463453132 1.00123606453 1.03782655368 
1.00518680348 1.0184794342 1.18 1.18000000005 0.835049303556 0.970083740317 1.04464154203 1.14072656156 1.17999999992 1.14212974897 
1.14734583483 0.924748406359 0.958444660949 1.14213046324 0.99238269705 1.1799999998 1.14249389363 0.756506587398 1.01279599282 0.672935275642 
0.935783006217 0.890305697071 0.992217129966 0.837172098487 0.884493174312 1.03707018497 1.11625437664 1.11174685724 0.651222742668 1.14242690828 
1.1799992355 0.801734419191 0.779498677391 1.14213087452 0.885309940527 0.840683472096 0.949395094172 1.14213143484 0.991570242583 1.1800000411 
0.940776472478 1.18000000273 1.09921771193 1.14213143757 1.12307493689 1.18000000422 1.02853296378 0.946683106811 0.985257219489 1.1799999895 
0.907928258412 1.14213143477 1.17902437829 0.951751347789 1.09154190893 1.02496705697 1.14049381997 0.979774434837 1.18000000356 1.04818863328 
0.971258202225 0.933437783469 0.931295955519 1.05923213614 1.18002465607 0.955013647517 1.01410078923 1.14242269535 1.00756716696 0.756990520497 
0.983638130824 0.641725366384 0.975223928164 1.1800000003 0.977137144763 1.02319361532 1.18000011602 0.836552694381 1.14213143589 1.13543352278 
1.00459667805 1.18000000984 1.05352396792 1.1294486813 1.0219303414 1.14212978111 0.975820344235 1.18000006326 1.00243822039 1.18000000064 
0.987506026166 0.997112758056 1.12114991475 0.983038860746 1.06711248918 1.01657131998 1.17999999996 1.17999999967 0.631744541205 1.14213007915 
0.816324796937 1.1421311691 1.18000000143 1.06067200113 1.12771329266 1.00348942287 0.62742968244 1.17999983382 1.14213028099 1.18000010526 
1.0512659247 0.888637406894 1.18000000001 0.855722243378 1.14212864601 1.10643983176 0.931765688087 0.936792746519 1.14173783639 1.17999999843 
1.0106328243 0.883207614489 1.17554555815 1.1421293436 0.778176083987 0.954056053908 0.94645992552 1.14248009715 1.03810908677 0.783021750266 
1.05128101175 0.931762590309 0.855723433508 1.14212865049 1.18 1.10639025975 1.14173774721 0.936728002751 1.18000000017 0.888670245644 
1.18 0.969229823464 1.17999999949 1.14211570303 0.961981761213 1.08923327542 1.17999999998 1.11656852736 0.690573524636 1.00987022783 
1.18000018857 0.834221529361 1.00068784157 1.14213104294 1.1799988608 1.11223782105 0.993133746968 0.897439315184 0.908241541503 0.619358430787 
0.86451586586 0.926850044698 0.664776508812 0.957405009924 0.920922374124 1.17999999745 1.02268725048 1.14196492088 0.98918624785 1.1414542193 
0.918844118732 0.816761547749 0.937430769637 1.13897515162 1.10943808296 0.902506303112 1.14038744277 0.991446261228 1.14243101678 1.03302801888 
1.18000000006 1.10963557214 1.14213133806 0.597639267417 1.03183141512 0.968854685413 1.02071159021 0.831342638886 1.18000000045 1.1799999997 
1.05093927714 1.07915422061 0.884564513446 0.738994802867 0.867922857544 1.14213036104 1.14185984731 0.981601280341 0.968138365363 1.0001789165 
0.891241342088 0.992227411127 1.18000000017 0.877722348227 1.14213072022 1.04437299241 1.14155787108 0.873869918642 0.780728186881 1.01915607422 
1.09937313561 1.14242079887 0.713059094536 1.18000000001 1.17999999998 0.988585974752 0.933298457216 0.944648192757 1.14319126587 0.954100155909 
1.18000000003 0.626885256312 1.00056963816 0.831331884712 1.03554044181 0.988509362603 0.964979199369 1.12321000084 1.14213073734 1.0005572834 
1.03778339856 1.17999999721 0.628464209007 0.958821308215 0.833724539449 1.0012337368 0.99266269058 1.10585694833 1.18000000023 1.14213100768 
0.626477677773 0.984421396939 1.10967997163 1.02501253924 1.14213039954 1.18000000001 1.11815317231 0.999687078175 0.83282011613 1.06251431546 
0.951212085186 1.01084622417 1.14212898451 0.888389679683 1.17778782798 1.14247146334 1.12558313601 1.06948158957 0.766063620186 0.649696921703 
0.990150216546 1.18000000453 0.631720989626 1.01638409743 1.11387102563 0.982794241819 0.997050855368 1.06576208528 1.14213006393 1.18000000003 
0.817886926749 1.05941688462 1.11762832216 0.784932282905 1.14213167909 1.14209890544 1.00792923062 1.18000000151 1.12653877354 1.14632570496 
1.02346298227 0.879623871885 1.14213145529 1.17999994728 0.597535423162 1.18000000008 0.551403549715 1.07253607263 0.976317484193 1.179999994 
1.11475278196 1.10188364054 1.03652861793 0.834265092982 0.739656656352 0.954391606413 0.902888928333 1.14213143477 1.14213143477 0.888872736298 
1.07432512562 1.14213083384 0.913481115284 1.17999648118 1.0608571808 1.18008536718 0.91172281719 0.768814644412 1.14180424434 1.18000081753 
1.14251375195 0.965882465352 0.645263306112 1.11960437355 1.14212918926 1.17999999692 0.820820690604 1.10075051991 1.16961853678 1.00656645913 
1.17999710037 0.672250837583 1.17999677675 1.0437004041 0.979998330649 1.00162035044 1.18000003868 0.846197827778 0.916854197503 1.14213133491 
1.1421314322 1.18 1.04849143706 0.760904706455 0.90565558196 0.592366951761 0.92539682621 1.17228412941 1.14211369472 1.17999999998 
0.89030161615 0.999100588189 0.983044133305 1.15159698007 1.1425797166 1.14212291047 0.836691935026 0.641425351842 1.17999999977 1.14213143477 
1.18000000025 1.10600714826 0.931619991874 1.14173799195 1.05125882015 1.14212864098 0.88859077028 0.936814459875 0.855562466012 1.18000033276 
0.88335185418 1.13557653255 1.0018651615 1.1421314348 1.18000000269 1.09301384693 1.12306890852 1.18000000001 0.887061662921 0.96678958508 
0.653100600607 0.957524094203 1.00966033032 0.905470346484 1.16779929922 1.17330663208 1.11819152628 1.14250365763 0.961446035544 1.1421286581 
1.17999999999 1.06956902199 0.802999378193 1.14213143461 0.903009831911 0.919145578252 1.14379838477 1.1771764021 0.632960804627 1.14213143477 
1.18000000003 1.14039536484 1.18 0.954760601827 1.16057220422 1.10084318699 0.822790674348 1.14213221287 0.909549869864 0.955954597016 
0.597535029118 0.97630835051 1.14213145529 0.551393492434 1.07253755802 1.18000000016 0.879543078698 1.02346596896 1.17999993201 1.17999998584 
1.13013653638 1.17999999982 1.14213116173 1.17999999997 1.1800000001 0.812454785787 1.00267651564 1.14213025964 1.06239482785 0.627019311981 
1.17999999585 1.17999999825 1.03524789458 1.06691564803 1.14212113878 1.17999999999 1.12155731093 1.00409358441 1.14210957654 1.18000000084 
1.09627254213 1.00396728241 1.07339176983 0.598807751088 1.11988556246 1.00152552905 1.17999999532 1.00737065979 1.14437674948 0.992403387245 
0.974521424333 1.14188269438 0.75318010747 1.14213143477 1.0377191397 0.974689833965 0.878070030056 1.18000001388 1.06445029011 1.11483704062 
0.835292380102 0.829436836493 1.18000013383 1.18 1.14211556549 0.855342953124 1.07262563596 1.18000000942 0.972967307966 1.12075979352 
0.936751354529 1.17999999995 0.855726575104 1.05128535985 1.10636692847 1.18 0.931734644126 1.14212864894 1.14173785539 0.888663714576 
1.14190112454 1.06584111313 0.982873859691 1.18000000001 1.14213143477 0.975165165142 0.933598041317 1.0077577329 0.855118523876 1.04370777366 
1.06425937415 1.17999999977 1.08931197289 1.1799999999 1.18 0.972967519549 0.533874329581 1.17999999982 1.14213143518 1.01881936521 
1.15330054107 0.992345066431 1.1424380112 0.856060953384 0.896214044425 0.939957261364 0.993201834556 1.16130693028 1.11255525607 0.684905854651 
1.14080812656 1.18000000005 0.995914281482 1.14213069156 0.937332866649 0.797395291447 1.18000000007 1.18 0.959955378872 1.02817863 
1.17999999992 0.966680650397 1.02806799821 0.875366287781 1.00920903944 0.958427037255 1.17999998546 1.14212770157 0.865329552155 1.14096785463 
1.14213065964 1.10937248896 1.02330558619 1.18000032456 1.17999996893 1.17999983173 0.974794173403 1.01249456797 1.18000000008 1.00462048821 
1.17999994495 0.985797933097 1.1337893546 0.986449879781 0.679625043522 1.14212778479 0.935678059373 0.933336640437 1.14256102247 1.05503422262 
1.14250870688 1.17047785128 0.779781365049 0.972429020402 0.860526851428 0.963303158535 1.17999999848 1.14212905115 1.00894391994 1.17999999953 
0.867758069218 0.978769481304 0.812683178204 1.00997845197 0.973596527813 1.18000000005 1.1011186069 1.14213109543 0.943942816643 1.18000000051 
0.986977034061 1.17999226187 1.1425101427 1.01516798663 1.10388452283 0.854106897444 0.964085435356 0.898627561085 1.08050789932 1.05791369658 
0.99857265633 1.17898084083 1.1421253475 1.17999751286 1.14213070182 1.08484502859 1.17999999991 1.02237021992 0.615007903315 1.17999996104 
1.14173810398 1.10627346828 1.05130489155 0.936810943488 0.855743079935 0.931792867278 1.18 1.14212865079 0.888695824494 1.18000000642 
0.833720684218 1.14213100769 1.03790776063 1.18000000183 1.17999999523 1.10543440413 0.628459980727 1.00122842952 0.958809937116 0.992656115517 
1.14213143477 0.993791690079 0.833256849073 1.14212190996 0.989845459142 0.933836811874 0.648545841918 1.0170561348 0.866219194468 1.17999987065 
1.00862657847 1.11904123395 0.993572752943 1.09960364902 1.05764580426 0.954160028164 1.14247845665 1.04559689279 0.971540592371 0.926993089092 
1.14213143477 0.896488403278 1.14244260811 0.841086705694 1.06695863936 0.864736792086 0.941828500374 1.06722522455 0.643615580601 0.992969738391 
1.16136001467 1.05479592668 1.18 1.14213144443 1.15186805814 0.911916916235 0.605818249924 0.699328063948 0.976658515464 1.10839421794 
0.676203912063 0.984339326946 1.14213143477 1.14213143477 0.790898271177 1.07879073442 1.08339201329 1.14338564489 1.15401744083 1.17999992342 
1.17999999997 0.860426697225 1.15769111392 0.71841066998 0.657609866105 1.00335772084 1.1421209652 1.14211369472 0.994501666568 1.17351153226 
1.14188605907 1.06540520656 1.18000000001 1.17999997553 1.14213143477 0.907875152619 1.02936183795 1.11162088173 0.79771395454 0.974464392834 
1.05085428552 1.14213035931 0.968413921956 0.738891223822 0.980455126001 1.00066206085 0.884580602282 1.14185846949 1.07849855877 0.86790999686 
1.17999962603 0.838898768871 1.12074693753 0.774573220704 0.719491750438 1.14213143477 0.686030907419 1.00069023984 0.965080478628 1.142127781 
0.946706059611 0.97212969482 0.890320832012 1.18000000091 0.989412528012 0.807529576869 1.18000000002 1.1345988845 1.1421326181 1.16863526271 
0.65019255848 0.890722940982 1.11595163533 1.14242688551 0.837175420444 0.992280147466 1.03704042942 0.884635269016 1.11177448879 0.935770801284 
1.14252033988 0.983514974096 0.854838964759 1.08757541451 0.96640457796 0.86437776481 0.873524681742 0.996616039967 1.17999999313 1.14351289596 
1.18000064853 0.981037255612 0.836818047405 1.14091808014 0.889402386404 0.921373647964 1.02282324353 1.02857378125 1.14212596579 1.18000000015 
0.900592839018 1.05153316696 0.937559358857 0.995516172224 0.933626285569 1.14243120923 0.988901820603 0.71448021964 0.994568797873 1.10145805504 
0.60373408863 1.05933078041 1.14213143237 0.91948861866 1.07987133788 1.18000005544 1.14213143477 1.18000006004 0.942665882786 1.17999988187 
1.14213045832 1.18000000004 0.918830896065 0.911892787896 0.860802933704 0.96364170132 0.598865245074 1.18000027236 1.12293513515 1.18000000541 
1.10945872967 0.816546898847 1.14050458995 0.991415651121 0.918618655763 0.90239898275 1.03326777433 0.937467777409 1.14056776516 1.14243112635 
0.924000909485 1.18000792651 1.14213050963 0.756403326977 1.01407501024 0.672810897438 1.14249327941 1.14640167145 0.958253800544 0.992643833827 
1.1800000007 1.14213083659 0.768712889598 1.1418104441 1.17999999898 1.06123379388 1.07986049408 1.1800004258 0.911445363749 0.910703140771 
0.954197425057 1.17999999973 1.14212522483 1.1799998446 1.18000000435 1.00133957288 0.770484441023 0.63562384608 1.01696436403 1.14211369472 
1.14213143477 1.11044023592 1.14086401024 1.06541171482 0.999137314076 1.0763944705 0.895761831437 0.977790654902 1.14181249138 1.18000000106 
0.833724774045 0.958821222317 1.03779921424 0.992666298766 1.10582599822 0.628463214339 1.18000000004 1.18000000001 1.14213100764 1.00123030512 
1.01812186025 0.953786426487 0.997179318702 0.928491434627 0.910936277222 0.850705113009 1.17999999999 0.988144197359 1.14247561597 1.09034302273 
1.18000000002 0.613144288265 0.855174534917 1.00004489719 0.888420869115 1.18 0.997560010844 1.14404767256 1.15080908931 1.08991111923 
0.874002930876 1.18000000002 1.03417917442 1.11921210908 1.09240992753 1.14213125493 1.18000000002 0.857106407618 1.14188501031 0.850242777994 
1.17999993302 1.11448996394 1.18000000556 1.18000009128 0.636614217133 1.00817593798 0.757030554937 0.931082886443 1.00582383777 1.1421314348 
0.62807372321 1.1799999999 1.01410469177 1.12581787816 1.17476084784 0.893619226006 0.962841367341 0.983245967758 1.14213143539 1.1799999996 
0.692403701647 1.07035620892 1.10497169742 0.891315235829 0.931374122745 0.987511305275 1.14241541969 0.886701775262 0.908663297339 1.0950152671 
1.18000000038 0.931724587772 1.13016218298 0.981897953118 1.14213001693 1.18 1.02682773806 1.02888325407 0.788714731898 0.831080703389 
0.950913152749 0.947932871171 1.18000102587 1.1394266683 1.17999999991 1.14212969856 0.944354565433 0.939031510199 0.883907143782 1.0161474765 
