416.335449485 -316.398598403 454.827469432 -459.039981146 189.03606927 -241.829850432 -9.34690260131 0.460570851733 -29.0468425463 -238.427329714 
-84.8272848005 -374.778376392 158.956480121 306.035892909 -29.0468425172 72.9594351426 -249.551279509 308.413848082 443.72660666 -29.0466220141 
-23.1908559048 431.398513936 -322.024670469 453.706591452 -14.3890810892 303.651148115 -101.929600199 -178.310359766 -399.288149776 92.3061626646 
298.493436855 -9.52321201812 409.726659486 -325.411376444 388.35523206 -31.4675848342 -122.738717765 -459.153386819 -318.839775206 -0.0710096265335 
-458.177906181 29.0461688397 452.636975134 409.182313438 -29.0468425169 -421.723836384 -215.201465613 41.1166766797 207.536905138 293.769114653 
-400.243864753 -29.0468425172 -29.0335550694 448.063836385 -169.4507305 -459.305085868 186.269034334 440.723275862 -171.489379677 287.607930138 
-28.7056866937 -374.250767929 302.691624348 -150.91057358 450.582389147 193.383440124 195.197088847 -29.0468425169 -461.804550763 413.215852453 
448.426319557 -21.6461641689 12.2041221921 248.856975098 -318.722808291 -134.906127586 -319.387077036 1.3424783663 382.986882204 -459.115579045 
-361.05421288 298.94144042 -188.96526794 -26.753737971 -408.832515395 -136.84232137 -29.0468425171 33.0525458211 442.073620067 -346.207808168 
281.105970933 451.944219973 -29.0437390792 -459.927576829 300.765660375 309.348835139 -29.0468425418 -240.689900071 23.0070035691 56.878210848 
-459.67024062 -403.881715452 -29.0468428094 459.365238639 -242.5002857 417.14795408 187.90372861 292.067660327 -116.341512879 -29.0460896913 
462.598399519 -29.0468425169 115.717867132 -168.52056597 26.0104319822 304.69580464 -288.632736566 -371.088930493 -460.137103111 93.6769343939 
164.103992826 -130.593286069 -79.0408752202 145.233916131 458.193808989 -337.953889313 86.9117708806 281.483720254 -394.289325343 -104.237092245 
-22.8830643198 377.910532937 -321.772812169 -316.711618363 -9.26379443552 34.0673033701 -231.998086158 13.9190474686 460.878796975 -450.821033113 
19.250853221 -3.95839331407 449.15253039 -207.487112165 188.434986193 323.632955415 -180.365155337 -426.298786724 -29.0468425172 -207.248212313 
-102.674604394 -393.475976609 314.300144551 -323.450337788 272.370777653 -4.67742429658 -29.0468425168 443.120902044 -459.777057399 -173.708529567 
452.014304317 281.333444835 308.700910854 29.0455323211 -313.336113534 -12.7940568782 28.1848240618 -239.455737404 -459.646840402 -29.0468415387 
-93.6232541367 -377.453344571 -29.0341695563 459.377373854 -387.85117097 -461.316704015 -40.799389773 -29.0468428974 308.335079267 310.263583237 
-319.487039053 -24.6185184588 446.956795126 -459.847902703 -397.83813198 -8.37133883158 441.811995182 -29.0468425172 294.698770415 -171.038997849 
-29.0421888717 -388.766907157 448.938958757 -59.1216199702 -169.967094406 -379.086887116 312.631506153 305.783894867 -29.0468425191 162.681220235 
-457.475462075 -316.616883462 313.196273058 -239.742876558 -17.5869394879 449.971083018 -29.0396904533 29.0467013447 305.562006506 47.4180518655 
-216.787463371 -11.7960640485 -1.43274476258 318.282876331 -219.14249664 -18.948627621 -436.886702676 -324.381593069 392.58246395 462.592251227 
-20.8820211557 -178.213224406 -396.866105058 245.846920332 453.0143866 21.7645490077 -412.214859454 316.20265875 432.527277705 -36.4614626652 
-459.327284035 -317.332630995 -362.861306526 307.967075949 453.414784453 29.0210955286 -15.591582602 -29.0468588649 4.30185521474 -239.245388234 
-11.0976662955 -130.908555591 -321.318623478 404.593660318 -28.8268266256 289.594876361 -198.20447121 -452.315194071 449.531889927 -403.169244357 
189.034345888 -9.51353354857 -316.450417562 -241.830899273 -238.423729168 -459.038651058 416.336644696 454.826143601 0.239418453185 -29.0468425172 
-319.159849097 366.096295861 459.647676314 29.0453122102 -201.770848503 8.30259598872 -100.958152002 -206.641839417 -419.796124142 120.605202641 
-459.589152639 -62.5665177917 -239.762067878 -198.654480863 311.0689414 -7.537902074 -402.993194173 426.80594552 219.704579726 449.44639284 
453.560142471 -430.120046621 315.601872133 127.285989924 -395.564234329 187.946749018 -28.9610844437 414.792895376 -177.16956415 -29.0298028577 
-383.097744679 307.07058636 -319.189418823 -29.0468425171 253.985783223 -458.465252005 -7.26863941844 -63.7114987977 -99.2066493514 438.731367693 
-378.567737939 453.956976026 -410.19149276 -389.557847359 -52.4728635271 305.420607029 313.16017181 -100.450796877 -29.0468425628 -28.5467162354 
7.4777371371 29.0468375988 -215.236669725 -421.727492285 -458.176278183 -12.5013997784 452.95328277 -319.356053961 408.865500806 207.399062022 
321.089325125 -208.165606498 -428.080238426 462.599110888 -441.216973179 -135.638578349 -317.122182073 -8.51488005365 8.77908789053 -5.50063513332 
-7.57238352336 19.8900903799 251.009934056 459.380285118 -323.584578672 -123.439548363 -460.973941725 28.2115812882 363.394642322 -315.580200554 
321.816710212 -7.42044436167 459.803556753 -137.961694484 219.517217669 4.70407862697 -0.555295824238 -315.376629942 -207.702575075 -427.384748757 
434.619818977 -457.670912611 254.50869579 -96.7575873195 -29.0469063555 444.843731496 -318.269499673 -406.435120485 11.4119494666 209.541071362 
-459.799659552 296.776188524 -323.473350899 -5.21238155358 -103.427412382 -398.235519681 -29.0468425171 443.23959902 445.515524458 -170.213280673 
449.239801204 207.205089098 -458.963802414 -100.36047016 -419.908152822 5.46695306455 -211.080705889 28.9394487437 416.003894604 -320.044703218 
318.052517506 -202.726141702 -241.794272246 -29.046842517 -11.0546779801 188.166104388 -459.552632628 -401.000687862 416.641238626 447.492902298 
-209.608104191 19.4745173267 320.571531353 -404.060851757 455.886676991 -29.046842517 290.308724945 -9.08707645955 -185.193233992 -429.539224192 
-110.36194317 199.159091901 424.097105476 -87.1548837424 153.402259242 -378.733123786 -146.433616573 -459.957727158 450.967689834 258.684164317 
63.6483920892 235.12332787 261.568487556 -314.558212627 -161.207065919 -425.669009955 -336.251231658 29.0620943511 460.713521975 -83.5949316 
299.432895404 -388.276134926 -36.2206037975 458.951462259 -225.016434984 308.700307458 -28.7841922478 -199.075758283 -414.622072858 29.0463724091 
195.115148477 -240.803060099 417.852721113 -34.7251157797 37.0132397554 185.176048533 430.784453756 -460.857817807 -188.359280971 -407.040666144 
6.28338873425 447.751904562 -29.0468425172 -454.204907259 -161.471453583 380.642564919 -80.3567754823 301.765993403 -323.928846366 244.200540375 
-319.066264878 -139.841475097 -0.247761151493 385.032506763 253.466941895 -321.420965604 0.685372517089 -100.512197391 444.239583911 -459.257370117 
38.8957173647 411.326114282 -120.484289511 -8.5641043261 -29.0468425179 -175.096117327 -459.051185027 289.812313468 454.296766157 -324.987393492 
290.026824798 -441.472793962 188.274397149 -439.725164394 29.0049521729 411.440717706 460.043455405 -277.825498244 -29.0468428896 -149.807930608 
312.751979362 460.224850425 -459.917058513 -321.698456511 -397.019909576 -12.1169336901 404.425222436 -132.852150828 -13.4653336402 -104.904375239 
416.828904853 206.897788607 188.932582549 -28.8224515135 -419.205911861 -240.919552391 185.734850633 -459.065686778 -29.0442901149 425.061875204 
313.158971474 405.151233852 -322.122859593 -398.71944678 -459.949384868 -13.1710921025 -11.9771801653 -134.241113916 -177.235158757 458.951499642 
-352.680495497 29.0463161867 -137.677693355 -304.312415891 10.3193690117 -204.52615272 -426.294938747 321.786560184 7.45755413555 460.779774941 
-456.185030594 -404.284273312 411.009468395 -327.735015825 291.587430915 -128.800062133 -15.7485404054 -116.593119154 -29.0468425172 459.406248879 
-390.860904028 -170.628182674 -49.1505934692 313.225016164 452.653971113 -461.506289758 306.419786466 -382.137783193 -29.0457317341 -29.0468425173 
-136.587444527 -339.091912336 -209.902277268 286.09976098 28.3727759262 462.01266319 -29.046842517 321.088757006 -429.622351646 44.7992681225 
-460.33879283 29.046842347 -320.963871945 461.670263687 384.637358678 12.0339517113 242.717615187 -410.527879633 -126.40175889 -191.856040677 
286.21804198 -419.437958243 438.20065413 -103.086754993 -322.371246178 -404.533726078 -29.0468425699 449.57375711 -15.2828339478 -200.511765771 
-25.5030391314 -170.995070388 -459.867040999 441.847027597 -397.676268895 295.053958438 -29.0468425173 -319.352290724 446.921315763 -7.80183240422 
26.144494677 -426.354169793 402.553679946 -219.477367065 -90.0937229146 322.588091979 -206.183471225 -423.640247557 29.046796545 138.744244812 
-459.31568588 458.140689748 -188.745132578 -408.473522213 186.479826553 -13.425768999 -29.0468425176 -125.852645719 -326.842889897 410.884038502 
-185.76904388 288.289219407 457.41380119 -29.0468425177 -404.942309273 410.809949317 -15.4602940513 -129.084605995 -459.609747237 -327.728221726 
454.649772394 -11.0245448192 -316.585464271 -237.506499894 -325.965384264 -459.095969208 -123.849962511 410.141126404 -10.8117737324 -0.158589687823 
-240.531056746 415.884363274 -29.0445050871 -168.512058923 189.132916462 -458.951423098 29.0459732348 -194.426173433 -412.034792912 451.096316868 
38.8848408809 290.389727395 454.32031953 -175.194706912 -120.467314924 -7.61423167271 411.476706559 -29.046842517 -324.982601258 -459.051330043 
208.370244388 189.663058361 29.0467768008 -421.020231822 -458.491827591 -29.0362087374 448.942115225 -213.131788273 416.826751398 -152.693695305 
377.904569713 33.8781265559 -321.781740071 -22.8808395628 460.878091258 -450.82307846 -231.998607402 -316.724644876 13.6743547139 -9.38408154794 
305.315963595 -169.735612703 281.027068565 -10.6858417188 -389.57221073 -29.0468425172 451.163962383 -28.8126835804 -461.477679931 312.793696248 
-98.7202984676 -388.612251227 -29.0468464602 188.512788125 308.385567171 -461.398633861 455.254787354 268.633898612 -29.0309509049 -128.643713419 
-459.077876665 -241.883544958 454.69163647 -238.450149094 -29.0468425172 -315.678818549 -9.17865577477 11.1047972118 188.968589474 416.385220186 
250.712849122 444.310183862 158.741786162 -45.4760782809 86.8876249851 273.065656583 -439.048893416 -140.968464584 27.9991582007 -281.358058742 
-29.0468425172 -442.346816613 305.832100442 247.928987054 452.575941874 73.7186454095 -298.766563657 28.3281824977 -446.415617697 230.182049421 
-411.10975895 412.254012257 -191.960048188 29.0245089878 -192.71055632 -29.0468425171 208.794652842 456.250093211 189.519302099 -426.213512376 
-459.947938297 -13.1341617636 405.350139678 -11.6097383952 313.179539342 -398.726341336 458.951442074 -134.264446756 -322.161071285 -177.243391233 
442.487416142 -29.0467470123 304.929874422 -379.582083725 71.3835652566 150.212045857 -29.0468431128 -90.1476535452 309.924122369 -245.251797346 
454.65133677 18.1799217045 416.261934458 278.973109025 -29.046854797 189.192327866 -238.564965226 -458.927828901 -241.4568862 -29.0468593572 
-198.512873537 291.942233501 -421.336594762 -29.0468425172 451.932894075 323.929008767 2.96626471516 -94.2809057538 36.6956048772 -457.621797581 
196.965174627 -242.978666855 -460.087596738 296.114857973 -23.6387772889 -29.0468425168 -166.763101322 -346.16957902 97.349473859 456.209475618 
460.87704133 13.829860864 -321.774646033 -232.005548849 -316.730117951 -450.827315885 33.8051301506 377.895706275 -22.8807611572 -9.35961226541 
29.0462382121 -150.260802024 -441.568208098 188.374088282 -277.380165083 291.383415723 411.590767693 -28.8941834021 -439.631186499 460.117367721 
-67.2529440811 -134.01074645 29.046676786 189.336072198 -432.039855546 -423.775548958 387.938903525 462.055060414 -29.0468426615 -219.148919266 
-233.149837618 29.0468140587 -6.13924979594 461.976391146 -21.7850879016 -210.437826682 315.766713802 387.262254663 -430.532259863 -335.018343724 
453.752085702 -27.2107848465 -101.876882212 -399.556005891 -14.2416734922 -321.980191132 431.324474135 -178.550149108 298.708616937 92.5011006489 
-407.103968855 -73.8075770715 -186.277943271 -460.848357496 -367.904616836 439.319926687 37.0703245742 -152.814621169 299.199507115 -29.0468425175 
-134.231542487 -177.239280986 -322.111369316 313.160843554 -13.1099589546 -459.948883229 405.13626194 -398.724420606 -12.0117478239 458.951442167 
-27.6051634009 290.779493593 -412.87264977 -180.66918505 -402.089105034 454.176921167 21.4713468574 -28.4088575602 430.633944617 217.354202679 
-319.891068548 -124.01483316 -7.40000105751 404.538872042 -458.822982967 12.2766771848 -239.338090869 -15.868239462 -318.979819787 453.938149508 
-191.522710937 320.273712786 -430.113835097 -410.359643398 460.926987291 -210.569975147 -143.077224916 29.0446810161 -8.58977971482 64.9900380561 
-29.0468425168 162.71688707 4.7236732257 -387.69965004 460.147364283 -317.273503705 -90.8093068281 -461.265292799 388.153920243 308.408569556 
-449.480768731 63.252558246 311.543990642 289.796060035 -108.14303812 -29.0468425171 232.665145287 -394.85922005 448.058345106 -18.2449926203 
-319.370854132 1.69029910777 248.769971403 382.946534116 -21.5907587967 -134.803110738 12.2237409125 448.454815978 -459.110856103 -318.701168942 
-319.056623286 426.496016168 223.411817133 -243.63993203 275.111934552 -58.6067061918 387.600346806 -0.899890346371 -458.951446023 -79.6157940499 
-459.973355657 188.101454839 243.728938452 -12.47904752 404.588285768 -265.830776564 -133.693542722 -29.0468425385 411.5394184 -321.865793342 
320.937627016 -238.571016073 28.2562753688 309.079220523 29.0468229863 -459.399731249 -21.9754409445 -317.071666198 452.244393349 -30.5258146498 
322.858735488 -29.0468425267 -430.026193432 -209.310321253 28.24581221 -414.266491663 -212.924368418 462.018024747 286.242889835 56.4306557699 
410.638626753 84.2800126408 -29.046870953 -136.3305999 -430.113940567 -29.0468425168 -449.921499428 308.562103485 460.322380165 189.649507508 
-13.5815968479 -12.1177504075 312.748153974 -132.867091096 -321.708925091 404.433896926 -459.917802788 -397.010808843 460.224089787 -104.906987367 
-405.065616181 -327.690809001 -185.891859893 -459.595777498 287.846777802 -128.922144529 457.478438479 410.812556092 -29.0468425787 -15.6070250418 
-424.5572122 413.67534427 17.9115134173 -29.0419916256 -185.091980128 187.797548239 455.971222429 -29.0469948095 -404.844098207 189.340096002 
-212.691616677 -3.88996883615 319.373439797 -449.242884912 -29.0468469631 -214.254193834 -432.399945083 186.24064521 406.361303121 459.944320904 
26.7658633299 152.410227078 -459.11650562 -303.8521054 317.586111461 308.889954826 -239.5562313 -29.0468425285 -33.3045963722 453.291006436 
-6.6516386131 386.812063176 -132.28177976 -322.184406267 -460.187402066 398.344759167 461.923995104 89.7761160278 7.97582562153 -319.948941449 
48.0613268727 448.066437091 -458.778748569 -28.9320716535 297.267953121 309.101560443 39.0888596233 -238.806662513 -29.0470351776 297.367952169 
-458.951429629 -320.328864972 -124.902350102 170.955976785 405.378703197 416.662685271 -29.0468421161 -419.99345358 -8.72166770552 189.454639542 
-29.0469159386 296.299660266 -152.333092092 39.2166135286 -374.246278643 295.162942942 140.041684078 -29.0468425191 372.262713609 438.8296647 
286.477605289 -404.612760182 -14.2671579295 -103.087365842 449.53413725 -200.60813376 438.266600584 -29.0468425172 -419.569774464 -322.256318886 
189.079015302 -318.713305047 -120.83942655 -344.86195644 404.154005379 -425.545772234 190.783968244 413.812450451 -3.79791609272 -29.0468425171 
2.73037631781 451.312239297 51.2675245764 241.891880842 303.364364528 311.058145268 -455.967150117 -28.2450629098 -368.650768851 -29.046842627 
-185.175371705 19.488626968 290.643051259 -429.54682621 -404.038374336 320.636540779 -29.0468425196 455.877894147 -9.0713831377 -209.616896965 
-426.296233334 327.425224984 -29.0468425171 1.24885759172 -209.450138277 -412.333775587 461.150920113 -205.337821193 -68.6761219095 187.158910437 
-168.510884003 310.382755269 -378.116426988 -22.8882188302 456.022462261 -29.0468425177 -43.5659832265 309.23019793 -390.829108345 -461.206229482 
460.192026904 -29.0468437605 -207.430870989 -135.884986215 91.2230114185 -427.206793058 321.795007887 187.623908524 408.950155058 -7.36080681452 
61.624673834 286.492970579 -29.0468447258 381.077164177 10.3143275475 -228.957660963 -450.54622343 -317.67628858 461.252630904 -19.1080194329 
-406.159722639 -449.057108314 -86.8212324084 -130.012313334 294.685200657 405.65168894 -148.589318561 140.395748942 86.8241610063 -224.282062305 
-8.79254530361 -338.463142972 285.04489699 320.650356675 -136.184149815 461.978119563 45.1969786297 -209.28015891 -29.0468439254 -429.058261195 
-202.680061463 188.145982293 -29.0468425172 -400.956956456 416.656197613 447.474877987 -459.556770114 317.986502341 -241.790866999 -11.2572947213 
-128.939371133 -388.582244802 268.6187052 -29.0453981936 188.510023292 308.364866363 -98.6682391848 -461.401580784 -29.0468469028 455.256669037 
302.252474609 -456.139054581 -29.046842518 188.960101434 -29.0093352676 413.547720751 210.347661211 453.540913748 47.9285744527 -426.339313776 
-409.016183861 -424.837410844 -202.28619387 237.045690731 430.485714114 -1.52616476333 321.920861881 14.4326543966 -25.0122116152 -204.359719877 
-405.103425161 -29.0468425168 -185.938118486 -14.4172981067 -128.863390485 457.471562106 287.766635993 -459.592230474 -327.624551635 410.740879988 
432.667202335 -244.246447996 168.331901003 417.325422968 -0.0676654840624 196.932138577 -316.703211813 -95.9738911434 -461.952333899 -45.3332454899 
29.0468223088 457.604588309 159.806470909 395.021729131 -188.715214227 -455.748503035 29.0468222665 -427.232575325 210.202457626 -226.642726812 
-22.666096642 -461.874957977 303.508830251 -163.363481987 195.404995206 -376.487014267 193.550916478 413.403290595 -29.0468425168 441.161917786 
315.213364284 154.706953288 -394.38730909 -135.987324342 453.350808179 0.420300690069 -104.543587601 -24.9518432768 380.648384584 -325.049371691 
452.56713008 -457.258982832 377.828643326 -29.0468425172 244.188191592 298.462029069 9.58357884739 36.3893169655 -322.873044971 -130.328883228 
-192.903525371 29.0468378362 -195.225361614 -412.705549794 -205.064735413 322.74677986 -425.418831831 458.429003517 14.6321324778 -6.66648047524 
-28.0721724125 -207.221975608 29.04683732 28.331367367 -318.703805021 -458.400809946 -192.202319101 441.205972907 447.571868739 -410.520249323 
310.219759314 -42.0006306393 -94.1301667927 -20.0488426872 -461.295778026 -388.251434239 -29.0468425173 459.390505447 -377.233956296 308.960206176 
