199.574674138 -336.223791926 -79.5976722216 56.5717625685 333.828280668 185.906982513 -206.830957513 -461.686340963 461.686340963 -66.8701186163 
-148.882997301 -271.077320623 -7.34321874348 345.955020114 -461.686340963 230.380041099 106.891879536 -343.72197157 -128.398311315 461.686340963 
461.686340963 -166.340279338 -330.940558593 85.4735203635 -461.686340963 339.292764235 -206.57818455 109.669061077 232.456097665 -44.7748826874 
-13.3941824175 461.686340963 213.619067778 327.760229994 -249.68361936 -136.08446396 176.658827388 54.769231016 -333.93137432 -461.686340963 
62.0340677092 -461.686340964 91.0806454629 -214.775862014 461.686340963 -188.123769099 -333.919365112 216.300885624 -62.3062775542 340.296415775 
230.950131835 461.686340963 -461.686340963 -115.051791224 77.4206784133 -52.3580436713 -329.199981333 137.64161307 -208.112708564 338.797106694 
-461.686340963 271.908855124 349.095497329 153.473228783 101.851162392 -81.3780740013 -334.171568298 461.686340963 12.6301868189 -206.204155287 
113.153674997 211.162618837 461.686340963 -43.8602005136 -334.041213564 -160.492160567 333.417423692 -461.686340963 -258.142785157 55.3701683722 
287.86065716 352.617154446 -340.283935802 -92.7510467653 -215.519220694 171.083657037 461.686340963 -461.180302955 133.48568094 29.401148404 
91.6265630065 -94.7121951965 461.686340963 42.4638331837 -339.850840097 342.843960282 -461.686340963 -83.4038795284 214.302913261 -223.937048932 
46.5540750883 -225.217796381 461.686340963 -51.4019427562 175.956743885 197.848013982 331.916199577 -333.127409629 -101.275362719 -461.686340963 
0.0123221615888 461.686340963 160.424338623 -99.8107315258 -461.686340963 347.213446762 -338.42632635 275.730767271 39.1335082867 -218.11071728 
316.560867788 95.2766905375 443.808314145 -14.7751851507 67.4937011197 -119.039411201 -455.607458733 -281.447312737 195.99876762 -230.434090052 
168.039124953 266.141831651 331.17706928 -335.929846617 -461.686340963 -212.627555444 25.9872061117 461.686340963 27.3446219195 -100.60014691 
-60.0680545607 461.686340963 -109.346744494 305.008341708 -332.808273878 329.430278502 -215.185095631 178.401504738 -461.686340963 52.2084543808 
206.451794315 -241.614617095 -338.194371258 329.601767868 -56.1570646885 461.686340963 -461.686340963 130.262478441 44.8562710154 -116.674193379 
-94.3448001985 92.1381326533 343.452401685 -461.686340963 -339.099656641 -212.372705603 215.449917043 -77.2662519773 46.926010909 461.686340963 
130.085170166 -266.86224524 461.686340963 51.2090590437 250.477892544 -20.3842888345 -140.248638678 -461.686340963 343.795940411 -341.98495464 
-333.32355311 -206.988828547 -118.456813451 -43.7302171533 234.740960105 -461.686340963 134.290879542 461.686340963 339.876984728 84.0795096512 
461.686340963 -249.034923207 -110.466326201 140.151024617 -122.407587733 264.28819407 -339.761327014 346.191662027 -461.686340963 18.8607038137 
-65.7164086663 336.018808611 -339.230975589 62.7373230996 213.224785583 -105.055741343 -461.686340963 461.686340963 102.438496345 -220.725651941 
-273.804368166 -461.686340963 461.686340963 -334.454337173 -21.0153371105 133.35518949 -149.449371204 328.727260951 243.022567755 0.110046470748 
-461.686340963 -109.39174912 -236.272629447 333.331208689 -89.1021852764 45.2586052957 208.33137369 -336.407791508 162.866301668 460.749656608 
-52.0052139181 335.346676939 -285.676256185 -344.141518529 87.0032262223 461.686340963 212.853969777 -461.686599723 -163.62809844 72.3804804111 
-461.686340963 -165.315138385 -331.60358085 -224.095950782 461.686340963 337.237033926 78.3631497256 -46.9332268585 107.358072155 226.340471185 
333.825340986 -206.758076811 -336.175130496 185.932118828 -66.8449196776 56.592903707 199.572134184 -79.6046224717 -461.686340963 461.686340963 
333.630774933 -281.765825824 -46.9127244683 -461.686341245 -64.2640486362 461.686340963 205.975538509 -328.136115422 -192.220366139 81.6799294098 
-47.8429316405 -457.45182122 -172.678395493 77.7772612068 336.811677243 461.686340963 226.617881886 -177.323737436 -322.295767914 107.806263579 
-86.2412328074 170.280994333 -336.969897486 42.4027796508 -238.324049461 331.844768903 461.686340963 202.852768482 -110.999235138 -461.686290952 
257.968093849 344.983378289 -333.603037109 461.686340963 28.7877947749 -60.527748147 -461.686340963 134.117679397 -209.042123481 -143.772076049 
265.106242275 -84.1609584622 14.2898936261 -247.788600875 141.419441419 346.532812014 -339.264876917 -126.346706781 -461.686340963 461.686340963 
461.686340963 -461.686340963 -333.956255694 -188.115999913 62.0426019732 208.97815464 89.4225027715 333.446556299 -215.449123128 -62.7431373936 
331.818906336 299.296900051 174.615727166 0.00101527042997 -91.6545054232 57.1240861089 -335.544301631 461.686340963 -209.28996068 -461.686340963 
-461.686340963 461.686340963 -91.9793705411 51.16278582 329.475707287 175.041877842 25.8323394206 -211.431195604 285.031563955 -336.992318661 
331.135846274 461.686340963 44.4350758408 56.7544968072 -84.5387491403 -461.686340963 -208.941036451 -337.18348419 301.184015623 176.093717947 
-156.426121844 64.6918210758 -333.817844605 212.64607664 -461.686332899 124.960154599 334.466898691 -220.613944212 461.686340963 -41.3287831611 
44.4970200674 -335.946462608 329.580157119 461.686340963 205.130870375 -234.114777285 -461.686340963 -129.897166712 122.892588461 -78.1963660907 
108.889254862 -57.7629533705 57.7825888399 207.713190669 -191.982293077 461.686340963 -334.456632576 -461.686340963 -200.279264124 332.799871602 
-333.954322487 -72.9294968543 176.83343327 461.686340963 -461.686340963 332.355850154 48.4234005982 -229.757569442 198.924839134 -116.806845234 
296.16731023 49.9624210814 332.305147053 -224.935522732 -74.0451117465 -461.686340963 -333.183197089 461.686340963 -98.4254207898 171.51522459 
179.963843571 -39.4248664312 -173.25836449 454.773045399 -318.309791305 -243.960671221 -432.149201054 33.6325195051 115.788822687 303.238857189 
-286.981803475 -85.2822007677 190.595744759 337.752843496 -433.004445759 -170.706716152 73.8280703389 461.928761919 32.8657553998 231.608276119 
-138.137756229 249.808256499 132.108266991 57.9787299786 -36.0106793165 343.452968311 461.686340963 -335.305248088 -203.21578481 -461.68637217 
-71.8659712625 152.111811186 -196.350307801 298.534903919 -460.679950952 423.239882812 168.230162245 27.6780762449 -346.158873611 -219.327094183 
461.686340963 -116.009718232 -461.686340963 -82.8612574234 -229.87118171 261.836838101 153.612515352 -337.306224956 329.152418405 33.9060014388 
-333.718686361 -155.431516221 -461.686340963 -254.919396636 -39.0528767156 331.507475197 461.686340963 208.596302477 126.819529676 53.1164638221 
-213.942650771 210.220053318 179.543705392 461.686340963 -461.686340963 -67.2869824618 56.3936819766 -335.214934095 -82.3797162166 328.158376487 
-227.71080437 135.334833552 332.537900518 -140.713484302 -461.686340963 209.976508646 -40.6219959563 -334.868948884 461.686340963 12.8710783063 
339.64819514 37.7388046724 -42.6310170216 -331.246893891 236.030272306 -461.686340963 -224.361366415 -163.184654866 461.686340963 114.068501425 
198.526028102 -48.7718665464 333.27066746 461.686340963 -193.474631082 183.913345955 -328.35307166 56.1631832486 -461.686340963 -181.03007552 
339.266004108 -223.217355479 -330.848352869 233.352230194 -42.117204331 -461.686340963 461.686340963 -161.70850046 111.481191141 57.9787434045 
84.9720150067 461.686340963 -55.9606155482 333.103529366 -461.686340963 -299.762286585 -178.409682106 -331.164159034 209.80262407 -28.918532067 
47.2044973863 -224.583466695 210.892960083 325.578187374 -332.974290326 169.588676561 461.686340963 -100.679065562 -461.686340963 -50.7501036528 
-245.735312119 -121.616866148 138.934682026 -339.203984015 -90.9915494232 17.3709097326 345.594520068 259.480751106 -461.686340963 461.686340963 
54.4267911441 -96.8999434664 296.362283824 -336.395037825 461.686340963 9.322334514 -461.686340963 331.819439835 171.338569759 -218.743088821 
35.9277420125 -461.686340963 331.936714714 14.7646187708 255.542050385 461.686340963 -112.078052703 -211.916388296 170.52598223 -338.764592366 
336.540023407 -51.4928316039 -145.405444445 -204.8289659 -330.615102339 224.190392033 461.686340963 107.138596698 -461.686340963 74.9158799228 
-207.016080735 84.3656027735 -43.4260226369 134.183060855 234.996015514 339.997625648 461.686340963 -333.450090213 -118.566007705 -461.686340963 
461.686340963 178.283809727 -227.310445488 -333.132909441 55.3792302381 330.411470579 302.512242798 -184.051188052 -461.686340963 -64.1257065481 
52.1895613043 -62.2291630825 -91.2730212165 -216.28212004 -329.564825229 461.686340963 -461.686340963 173.083755284 326.415949384 211.159512172 
-97.5667292669 -332.74974081 -66.0396463461 -461.686340963 -223.546567938 211.316959706 461.686340963 169.224233748 47.5155898847 325.584567458 
-80.5291927183 461.686340963 -336.048313195 -65.9978328429 327.239982023 55.6818578046 175.394015062 212.738280744 -206.561002913 -461.686340963 
185.25987744 200.533281131 461.686340963 -59.6012261423 333.989619236 57.979150024 -461.686340963 -337.377660963 -208.71403457 -99.1570589311 
-214.014888234 -335.300782275 -82.2562451128 -67.2401228116 179.564970401 461.686340963 209.900028441 -461.686340963 328.162876695 56.3913770149 
-55.5118950579 334.885431502 -461.686340963 -189.619004903 60.3884340462 461.686340963 110.449779414 -333.460011035 -198.530604426 213.443182818 
266.151228188 -212.614472453 331.168685421 168.043239227 27.3558389672 -100.58942483 25.9952998421 -335.917613908 461.686340963 -461.686340963 
339.807368909 -122.947258485 88.1769055373 209.537062253 -247.765967824 -461.686340963 -98.8024487222 461.686340963 17.8256499148 -339.609020377 
131.510939168 249.278621957 -461.686340963 -332.939902334 343.748529113 -19.0820512245 77.3575932278 -93.1724156748 461.686340963 -210.021846956 
55.9694305364 185.33118047 -80.3097335472 -67.4455033106 461.686340963 -336.899710199 -207.462912823 -461.686340963 333.713252229 199.468906014 
-326.908574585 -129.075282438 -58.3439573906 159.344184914 455.480881415 210.104372326 46.393496227 -203.628372557 -463.823261339 312.328010326 
461.686340963 -132.644868429 346.146393979 -239.817115491 -91.4005930185 230.716441351 -340.713493284 -461.686340963 120.122386315 28.8025545539 
-210.679831804 208.24816975 -84.6590229104 -461.686340963 -337.996870679 461.686340963 58.2076747678 -72.140017205 334.656106615 178.582721952 
-42.140196911 -461.686340963 -222.90393005 461.686340963 339.246689594 233.341366113 57.9790504138 -161.689146206 -330.812469701 111.467895409 
132.212147574 461.68632717 346.993640606 263.507889073 -229.691571413 10.5039960865 -461.686340912 145.754171559 -342.303729614 -109.237872072 
-80.5209919701 -213.334800892 199.730901523 -334.172810584 -461.686340963 334.095193235 -65.7844208341 58.1028351362 186.999045153 461.686340963 
-308.351181064 340.680866288 -188.946699435 461.686340963 94.7715676337 -329.152265899 -461.686340963 -62.5826860767 217.584144636 64.9492910788 
-418.572407148 -169.425423674 -39.9203895544 355.271492041 -295.114967283 461.686340963 78.4942959991 305.853088709 199.065978774 72.3529420829 
27.372527088 461.686340963 331.175347167 26.0221813778 -335.912474348 -100.56721147 -212.598705338 266.165194732 168.059725731 -461.686340963 
-461.686340963 12.6313930654 135.041179037 332.448630004 -334.864697376 -227.693671431 209.657636193 461.686340963 -141.002718523 -39.4471933288 
211.790091021 -58.8584935203 -461.68634095 334.341338598 84.2873561381 -183.763657938 -250.339648157 -8.6484499402 461.686340963 -332.208277414 
326.955755605 461.686340963 -104.252872902 9.89886214873 -461.686340963 44.6428338278 -336.817171062 251.405876154 169.006335238 -233.228343937 
85.2350311572 461.686340963 -206.63453534 232.034023965 -461.686340963 -330.982327471 -166.568150415 109.297512384 339.268622206 -45.0021134468 
-219.192569074 -93.3882259837 -342.252337924 27.8284435812 279.579941261 141.960677724 -460.672739462 146.748712022 352.374813688 461.686340963 
-161.717159162 111.474901335 -330.859142957 339.264246107 -461.686340963 -42.1251776511 -223.240947438 233.344392699 461.686340963 57.9790500611 
461.686340963 338.034091698 -206.933498115 106.054551867 228.042498412 83.0079656573 -46.3388229898 -461.686340963 -168.693381742 -329.588786466 
-332.94414416 -173.130688298 -461.686340963 -224.182283291 -58.6524567698 461.686340963 66.7836712752 210.457949787 333.799863705 84.2596505245 
-338.163607563 332.584817303 170.294114261 -211.600433659 26.5786587763 295.62700608 51.7508553158 -461.686340963 461.686340963 -91.8313656867 
461.686340963 -135.606849843 -461.686340963 250.716651324 38.9704116295 -335.40220116 128.79915968 -21.2014467131 -250.000836024 343.726928436 
-107.626058849 -221.304705803 340.782572055 -337.821783269 118.406148943 -461.686340963 -17.2724035279 239.434974202 115.066591212 461.686340963 
333.432658013 -461.686340963 -43.9527915494 -258.206363571 211.157459356 -160.598730412 461.686340963 113.004291525 55.4452373837 -334.061534266 
-333.727740419 177.982370836 328.530197531 190.450886889 -24.4792300522 457.952061758 -250.873128183 -461.686340963 57.9790334935 -143.431171891 
-41.7361995401 332.247332335 20.6967099829 -461.686340963 -224.104419718 120.178899365 -162.273154193 461.686340963 209.766758995 -331.089754147 
-331.961360342 -72.2012427848 -461.686340963 115.215810239 461.686340959 50.8536984142 214.0887469 335.591739195 -93.1386312555 -215.815427895 
330.157319406 -461.686340963 170.480362278 47.223136257 461.686340963 -100.766080295 299.997301592 9.23711500091 -336.61932848 -218.861945486 
211.681038685 -222.82673237 461.686338732 43.6117658936 170.293789668 -461.686340963 -105.315667629 -339.468850534 -36.1886138481 334.880447512 
461.686340963 -461.686340963 339.651787418 -163.169808375 -331.237063239 -224.347697606 -42.6191871135 236.044612767 37.7508946651 114.083455077 
-223.352267341 325.619700346 -97.3732827664 47.7376325177 -332.672629277 169.418362234 -65.7008058115 211.311420027 -461.686340963 461.686340963 
182.102538994 205.227685472 51.9231521726 461.686340963 -98.73393912 -331.739096765 -73.6019090418 -461.686340963 -223.701323814 334.339936408 
38.2138373191 461.686340963 333.430229912 -108.8730895 -461.686340963 291.009008074 163.258191184 -329.175451921 -204.858373257 42.1976937229 
461.686340963 -144.725299648 -55.3554408799 -254.856835587 335.108642938 -343.274877579 69.9486928947 -461.686340963 216.12701943 87.6520933122 
-461.686340963 252.115264425 -163.51187962 330.790556695 -38.3340292919 -233.942643399 10.7316733809 132.505283915 461.686340963 -332.889797889 
220.896272668 115.041680099 58.8843416033 461.686340963 -340.730731719 343.076166678 -218.241596085 -65.6954375225 -461.686339192 -87.9307500233 
-57.9791157869 -332.533025953 -172.169946393 55.9470443345 -222.858920578 198.879262694 461.686340963 191.801019737 -461.686340963 334.544913753 
461.686340879 352.259009956 150.825883862 -218.277318881 271.914188981 -341.16489433 13.5462137785 -461.686340963 -100.408865575 143.469548968 
336.477966473 224.065854212 -461.686340963 -204.735673234 107.346291276 74.7676538042 -145.20248213 461.686340963 -51.579647716 -330.72302625 
333.901558316 -334.050137704 -176.716833413 -59.5769761085 -224.788736112 180.001741985 55.5607775973 204.936320005 -461.686340963 461.686340963 
157.890592821 -98.0251539212 -221.983510317 43.5763620012 348.46375225 -339.609300912 -73.6232568461 461.686340963 278.677998414 -461.686340963 
-98.4528553624 49.9401624301 -333.205903828 171.49906948 -224.970941481 332.244099139 -461.686340963 -74.091153029 461.686340963 296.153256032 
178.406930968 325.869100338 -461.686340963 461.686340963 308.351577068 -89.5373864298 23.0193484967 55.5850269815 -212.011751212 -330.67904127 
125.442374758 -341.873044653 -265.81739454 461.686340963 73.3333004349 -461.686340963 -139.778509273 342.955368037 245.785414098 -22.140231241 
38.260519606 -461.686340963 301.397407262 57.6347746459 -92.7581054667 176.471893058 331.156226113 -331.4495369 -209.291718461 461.686340963 
219.861450546 340.855424055 461.686340963 -261.152019251 -461.686340963 -19.6405922385 102.04074972 -335.023960986 -21.4027017568 -160.605015011 
170.411888681 -111.405964004 -455.155688707 318.269155597 -327.007666134 222.956247235 4.19821230249 73.2032352794 455.148191271 -239.598445748 
461.686340963 -96.1706744478 -336.160148107 332.231125148 55.4573207769 9.87138973812 -218.143206547 297.459001483 -461.686340963 172.537322987 
-73.00137593 332.322060965 461.686340963 -229.826479111 198.893049669 -116.862318361 48.3576371364 -333.981202842 176.75487831 -461.686340963 
-210.022026002 249.325904517 -93.163591782 461.686340963 -332.935231318 343.767968466 131.557098767 -19.0352112185 -461.686340963 77.3477290979 
-337.784303367 -72.7221020861 461.686340963 333.698790175 -461.686340963 205.498899254 55.1074597535 -86.3420333034 -218.562866188 178.31538037 
215.128905336 -181.507086565 -301.418703341 334.243925433 169.149588322 -461.686340963 -331.038041346 -59.9147884839 461.686340963 66.7254574633 
-223.292689922 -461.686340963 -97.299006008 461.686340963 169.47103421 -65.7368530218 -332.650011924 47.7940108521 325.681920153 211.463739501 
162.435657939 138.780415738 429.908952604 -197.470873398 -461.686340963 -73.6377505139 -335.937740894 -212.704564763 10.2812411334 294.797664978 
-461.68634097 -65.0395052429 -207.194082767 239.178900866 -333.282542569 -74.7694449913 461.686340962 176.41710295 66.6979544379 330.27272577 
-461.686340963 11.5110962012 348.328089906 132.420972121 -333.808109176 268.384938148 -81.01490725 -205.805828959 461.686340963 136.291612042 
-337.336800847 36.2750411663 -240.178586888 160.280681649 -87.338601599 461.686340963 -116.360074029 -461.686340963 261.827667777 328.100175084 
-91.4467860585 -66.8512326017 266.27086903 -461.686340963 51.6827291657 -337.140296565 461.686340963 -217.502088592 330.143881908 166.33122718 
-82.4090214002 -461.686340963 -336.169198571 -207.288603639 304.174337757 330.26245274 180.271504075 -60.717769375 61.9405221518 461.686340963 
215.25890593 -61.6739867873 -461.686340963 461.686340963 334.059058822 60.865565249 -339.388954287 136.15602432 -116.563811519 -211.932603531 
-342.026108044 -140.564812374 129.515637789 461.686340963 -20.7168978998 249.847178554 -461.686340963 51.000338339 -267.207945844 343.20890717 
