415.946955247 -321.537859258 455.288481462 -444.085037941 189.50790333 -226.943140247 -5.72708368489 -13.6120089669 -29.0468425173 -223.407320371 
-86.6628297853 -376.943308967 161.999557868 304.757128184 -29.0438810729 79.2948605291 -218.863953156 308.986569935 444.051504315 -29.0468425172 
-29.0468425181 427.742960573 -319.668799648 434.956836288 -8.66468064005 259.335735706 -98.8326122959 -209.526635862 -405.122626809 103.833350841 
277.826481551 17.3261882783 408.3327373 -303.27027376 389.264895786 -81.6484788461 -104.764055597 -459.293534726 -319.350355539 -2.34511479334 
-455.778216371 29.0468425152 453.239268181 406.697145047 0.885409803141 -427.164511238 -229.491908747 72.6240330301 213.515210683 311.424145911 
-404.535731192 -5.23895796812 -29.0460394414 419.685041514 -201.37377792 -427.976224553 185.55483248 449.904669904 -208.805405928 310.271649753 
-29.0468433027 -303.399222447 313.625157034 -111.026445416 446.101424052 -114.661879027 185.160534451 13.7573416032 -458.890688177 422.019274362 
449.590674365 2.88115617067 19.7628113613 245.611243 -318.994562658 -132.847803734 -303.133677213 0.172203039498 382.210567591 -459.156938104 
-344.648434456 271.882302347 -182.50076511 24.6339977099 -384.480138247 -132.932257793 -20.6696585517 44.4036205384 431.446820537 -368.822509578 
256.997687234 458.173716142 -29.0468312263 -459.796314285 308.700042933 294.844322186 -29.0468425172 -260.55346562 11.1230072477 77.2516434866 
-459.653566924 -404.050852799 -29.0468425568 459.323542022 -242.558044652 417.433815973 187.49137135 292.284397527 -116.673064745 -28.9899669525 
454.438287605 -29.0468426174 161.157917824 -237.844915824 19.5070507123 307.209038193 -314.067752554 -303.701491485 -459.724751119 -7.85822750893 
272.023266856 -80.8444161246 -77.9346301092 231.157145706 448.065341599 -415.879183665 22.6346884177 318.573299804 -393.362479702 -85.8885257484 
-20.6345891735 381.486697569 -291.714000338 -317.461314612 -5.6767479582 12.6424197992 -233.18162591 10.975633439 461.300814787 -451.709057442 
19.1651279994 -3.99933473204 449.013776159 -207.512674969 188.612613405 323.787772348 -180.391827786 -426.337302239 -29.0468425172 -207.299640693 
-105.960045404 -395.717907619 315.685084543 -303.42826953 286.161138669 12.7983563339 -22.9729692878 411.030429055 -459.451530502 -177.55269696 
438.207661543 297.725195981 309.810654489 -13.8707482884 -322.089617865 -30.9063641312 87.2292304913 -232.088303096 -431.238271734 -10.6391136379 
-42.2768321428 -377.438495283 -29.0468486319 459.392521656 -384.558941967 -408.731632231 -42.1252259462 -29.0468262551 307.404132048 310.355268994 
-319.380262595 -27.6447485058 443.734623673 -424.010857458 -399.838547882 -7.83798482433 445.018229664 -12.3420019023 310.530484903 -197.421698891 
-41.0514435734 -389.970634148 446.637547289 -48.6599154535 -172.226799015 -379.705700519 313.157706965 311.373086695 -29.0468425171 170.446619218 
-456.976534656 -298.086110157 316.289752614 -238.905013583 -1.04783851723 451.448227647 -0.480829481191 15.996052265 288.929557417 61.8806270984 
-214.776351309 -29.0468425171 29.0467976619 283.5977105 -217.443203462 0.780090953196 -435.028817064 -272.651350816 398.331379623 461.925565783 
-20.8820211557 -178.213224406 -396.866105058 245.846920332 453.0143866 21.7645490077 -412.214859454 316.20265875 432.527277705 -36.4614626652 
-459.163462939 -300.850862098 -361.217279246 307.877690553 454.179965575 23.0255331213 1.6713729976 -29.0440453244 8.68515763811 -239.173455668 
-10.2894577217 -129.278438566 -320.720102985 403.750869372 -29.0468425173 286.980588026 -199.915587341 -429.062891352 449.859768446 -404.890504862 
189.564067589 -5.87962654745 -321.011611751 -226.404580197 -222.882874097 -443.553704962 415.825077276 455.227489363 -9.55632493307 -29.0468425546 
-266.789427957 320.366444279 455.955848789 -2.59615141918 -212.262223902 102.324931462 -71.0565599543 -209.657096798 -429.879257896 242.580870057 
-428.040306103 -29.0468473018 -208.893051242 -201.410624985 311.994602325 -4.20904403033 -404.452826661 419.714653994 185.557674902 449.889604819 
454.342190505 -427.648628829 315.528694517 165.982525994 -396.371145486 187.227579706 -29.0405463882 416.02090994 -178.112749536 -29.0453441702 
-305.335508357 307.891839325 -375.2401133 -28.8325375664 207.392466686 -461.358768347 -29.046842517 48.7437624302 -156.713530389 308.593207384 
-378.589189219 454.450875086 -402.761879476 -388.625585899 -55.894063101 305.423622187 312.585779598 -97.6403320791 -29.0469683049 -29.0468436812 
23.8975965312 29.0468409739 -213.180496944 -420.931240105 -458.531591359 4.83169029003 448.185959199 -302.508330465 413.976105239 206.651814923 
321.089325125 -208.165606498 -428.080238426 462.599110888 -441.216973179 -135.638578349 -317.122182073 -8.51488005365 8.77908789053 -5.50063513332 
-6.57195449187 29.0468224054 244.414973679 460.115107907 -304.962354131 -109.29690389 -460.403421604 18.8639061684 362.277475662 -316.189346822 
324.229350959 -4.77248046406 459.915370285 -137.244287457 205.808225606 5.14007545924 -14.3220070116 -314.82483725 -207.598560816 -427.164413214 
434.5755768 -457.08544562 254.470209108 -86.0621329787 -29.0468448871 447.103979506 -301.062184683 -406.240581955 54.1686183427 209.389233934 
-459.668920312 270.966518314 -303.901719954 17.1519278168 -109.622534724 -405.068794729 -29.046842536 457.322489277 407.461029147 -185.673820963 
450.957318962 207.084528358 -458.734841162 -88.9316109886 -420.47683028 55.5612459154 -212.069580489 29.0468408938 416.654185484 -302.711580234 
318.129659944 -203.113293644 -241.792997409 -29.0468425171 -10.9709226437 187.721032339 -459.517739715 -401.199664593 417.061173245 447.53326456 
-209.609554118 19.4758433642 320.571532542 -404.065405946 455.884700992 -29.0468425178 290.597743516 -9.08707423517 -185.205007355 -429.540168389 
-97.4709951647 208.322238411 425.188850513 -54.0288593423 185.923490658 -418.82118081 -29.0468426364 -437.354468932 416.523734515 162.066913912 
187.936608148 357.86123687 231.008035725 -230.044174172 -29.0468425183 -405.359282373 -237.974365688 86.6817928624 451.174820752 -14.777127536 
299.575386416 -389.136454704 -35.6047751692 458.977442229 -224.752469513 309.003758338 -28.9739430307 -198.497102437 -414.273344564 29.0468277311 
195.427669017 -240.746392499 417.867886589 -34.4307171783 36.6285941273 185.571254112 430.781191623 -460.831968694 -188.537132623 -407.213641869 
28.9848208957 441.613987929 -29.0468425592 -453.3996552 -246.355536512 388.963415202 -120.009809122 288.330603245 -293.948907406 244.246359049 
-318.874954693 -117.395724295 0.552367718578 383.268378528 251.63549093 -302.882894516 52.0700346983 -89.8436456036 446.870418404 -458.906155155 
9.84510267936 406.891754268 -103.219316004 21.813933976 -29.0468425172 -237.630811606 -458.968299412 268.863893851 454.708939826 -302.945038467 
279.021023966 -432.70459257 184.439432767 -445.040376478 19.1795737811 415.430554346 459.616335141 -305.716271584 -29.0468425389 -219.27688531 
317.451534339 458.041132207 -429.551357298 -321.0759121 -405.378747799 -10.3419740678 403.938107017 -131.047750125 11.1181872312 -186.097873036 
416.828904853 206.897788607 188.932582549 -28.8224515135 -419.205911861 -240.919552391 185.734850633 -459.065686778 -29.0442901149 425.061875204 
317.450157757 403.925951216 -321.076425332 -405.378747959 -429.551357427 -10.4735563912 11.1384728206 -131.036136055 -186.101549417 458.047861629 
-262.16526767 29.0468411408 -59.6038382763 -237.99226444 1.74636310901 -200.060751855 -422.583475258 323.125161778 86.9595296749 461.057890872 
-459.717224233 -404.428316133 407.557657113 -303.99544448 271.371477838 -109.701007463 16.6411414613 -116.764870082 -29.0468428971 459.34790217 
-390.292732902 -169.967172144 42.8262892422 313.619480489 452.973757351 -461.588219377 306.868234585 -305.564958316 -28.8675977103 -29.0468425171 
-136.145490983 -338.408529204 -209.268561212 285.473297476 -8.82376729689 461.978661428 -29.0468425173 320.631316444 -429.050877972 46.4461665627 
-460.096697137 29.0468420073 -304.664788972 461.587686548 383.931514765 15.7877905323 242.389232156 -412.164424186 -109.873147424 -195.670604445 
286.844001468 -419.429575815 438.215022641 -103.100389125 -322.37688233 -404.541490528 -29.0468425172 449.565124019 -15.2856651137 -200.493590866 
-27.658564021 -197.415786599 -424.007058709 445.015851942 -399.834749064 310.519315604 -12.3920048789 -319.39062991 443.736993656 -7.95530909136 
-5.80972953891 -426.483986692 402.001344899 -218.490740637 -97.0157971988 322.111186753 -206.32925993 -423.163736868 29.0468281402 131.927484822 
-459.374749203 458.035960399 -188.415508009 -408.215422082 186.593970603 17.9646479253 -29.0468425173 -106.562819946 -303.351488286 406.764240903 
-185.675163906 270.965509433 457.32236808 -29.0468425175 -405.070319441 407.461948801 17.1379145086 -109.621438145 -459.668869608 -303.90157215 
454.64797219 20.3532171377 -316.467028662 -237.46199143 -303.100789734 -459.12405066 -104.745624498 406.295880782 -10.6004009698 0.647196344254 
-240.533754853 415.886995694 -29.0464069693 -168.435875604 189.130522945 -458.951583794 29.0468165995 -194.42059238 -412.035373799 451.07032277 
9.48519902005 268.900485156 454.716791053 -237.629990742 -103.15763978 22.9618992946 406.871449478 -29.0468425468 -302.935201891 -458.958462806 
210.165941839 189.890415275 29.0456686978 -422.567642501 -457.802526852 -29.046842618 447.863972304 -187.752213126 418.231427445 -173.788319226 
381.448739263 12.1264233165 -291.718052941 -20.6270980993 461.296350165 -451.711743237 -233.180738086 -317.453536185 10.985658171 -5.99431548951 
304.923737968 -169.946941378 280.285254515 -11.7736899097 -389.780968561 -29.0468484899 451.328887942 -29.0468425151 -461.449001653 312.862595821 
-142.27688129 -405.740510518 -29.0468444302 187.737528155 300.906084848 -429.92119004 443.969114005 444.783103495 -0.0572175215422 -158.339813334 
-444.150970555 -227.009227591 455.307214375 -223.473107166 -29.0468425171 -321.603345724 -6.71470574954 -13.6182548622 189.479080123 416.02971153 
274.648429437 438.117801977 -131.67554166 -115.147808461 29.0448768921 405.334141545 -460.20435305 -395.117343179 -29.0468426473 -304.771703458 
-29.04684222 -440.925478169 306.798857036 239.392935688 449.753691494 73.1987560099 -294.57317513 29.046444287 -416.752787905 195.925385588 
-411.121462742 413.385572885 -191.964706248 29.0467840092 -192.72314492 -29.0468425172 207.226715145 456.52656693 188.900076352 -423.924264011 
-429.551357253 -10.8312865849 403.952218364 11.08279536 317.451271656 -405.3787477 458.022406928 -131.068591458 -321.112793924 -186.093888686 
446.022479745 -29.0469797178 304.074150144 -376.103942067 69.1971085875 175.899714587 -29.0468425172 -30.8788499236 310.465645868 -250.285921244 
454.597180163 17.5019857396 416.202195993 279.079954365 -29.0468426519 189.169370544 -238.554528857 -458.951456921 -241.515986332 -29.0464905265 
-229.494338841 311.429810483 -427.167497096 0.889245455944 453.238897709 406.697791348 29.046839795 213.513073208 72.6100750793 -455.776912782 
194.7686382 -242.701252481 -460.253301909 297.355371883 -22.3443792708 -29.046849482 -168.470043065 -303.926171664 102.957822484 457.485741216 
461.296379423 10.9861391683 -291.717816118 -233.179658883 -317.453260317 -451.711597646 12.1482504375 381.44898778 -20.6264944685 -5.97999968781 
8.7484707514 -219.157201783 -432.644750662 184.477930959 -305.69338048 278.19407444 415.514288942 -29.0468425034 -445.168883983 459.604070163 
-59.5736399156 -91.0764986937 29.0468395455 278.231044159 -406.550173264 -430.722862477 393.547247802 462.491289156 -18.1423834655 -241.732238954 
-234.146463472 29.0467514159 -5.55384364301 462.202894401 -29.0469017806 -210.609068384 263.894901848 389.212781721 -430.728016672 -333.381506948 
434.969898674 -29.046845335 -98.8840121364 -405.262575098 -8.57880654041 -319.736546257 427.654239635 -209.639541753 259.332439046 103.888900762 
-410.482508239 -10.3740432365 -193.291606133 -460.345518096 -304.322257169 440.216196812 29.0466294953 -91.0970360924 301.293094977 29.0467442652 
-131.038611708 -186.100476871 -321.075461221 317.44871714 -10.4436753867 -429.551356514 403.925805919 -405.378747037 11.1138568414 458.04237117 
-29.046842546 258.86028873 -406.085148392 -210.036668435 -405.749595324 434.924994191 8.76372218956 -15.5923856578 430.571960484 238.024259075 
-321.902465884 -124.702650009 -12.8981718429 406.544434147 -458.930602593 29.0451127185 -239.10807714 8.7291783393 -300.476244808 439.309761933 
-191.709334579 320.285797254 -430.110252631 -410.533696245 460.926053496 -210.57576402 -143.066353218 29.0468213227 -8.58969121885 65.0113172218 
-29.0468535828 -49.8999555935 -3.84510965609 -391.033395681 460.525773796 -319.504928543 -42.104390607 -415.206085945 391.526397239 309.933695284 
-416.625856663 -178.942501283 310.831229579 311.211858315 -183.624410857 -29.0468425172 186.597029301 -392.453380914 446.165592459 -25.674574328 
-303.133394534 0.350601387216 245.611943388 382.208318919 2.89226470206 -132.843878567 19.7760239045 449.592164468 -459.156655425 -318.981356572 
-322.983818668 425.431753063 221.079722672 -238.926058217 275.561108775 -61.8106695985 388.449444312 -11.8701345025 -454.778909958 -77.9010308101 
-453.529714178 189.056602541 283.775129075 -13.3075500219 391.319894305 -236.241537312 -100.562009718 -29.0455459981 416.697497656 -323.254829853 
321.220943574 -238.359383081 29.0468424129 297.735907795 -3.03924296763 -459.560671944 -8.9662441133 -303.87292314 452.214581553 -28.888152508 
322.427728751 -29.046842625 -429.754941287 -209.176780572 -9.09708534385 -413.653873331 -212.508680119 462.056451912 300.556923597 77.4015299833 
414.746293713 83.363575459 -19.6330637699 -169.200704074 -426.588045809 -29.0468425172 -450.760734788 307.250495008 459.716665203 197.161619649 
11.0572963267 -10.4284990435 317.444299767 -131.035237993 -321.072252318 403.927953646 -429.551356488 -405.378747028 458.046005118 -186.102734136 
-405.074697543 -303.901471286 -185.679388084 -459.66874558 270.956305452 -109.622586094 457.321013713 407.463246559 -29.046844614 17.2027691168 
-423.348583397 414.390497657 16.9717594428 -29.0344245151 -185.343809372 187.880476524 456.333319525 -29.0386517088 -405.0650714 189.172392777 
-212.691616677 -3.88996883615 319.373439797 -449.242884912 -29.0468469631 -214.254193834 -432.399945083 186.24064521 406.361303121 459.944320904 
-29.0468831908 -2.55322674063 -459.508794535 -364.690799365 283.741346848 308.091503322 -240.134969749 -29.0075400532 47.8687724395 452.962292575 
-8.17354232265 389.001661191 -135.092447788 -279.049129135 -460.609788215 396.184662118 462.178418219 103.119769437 29.0468283387 -320.678465445 
33.9691348299 448.11822869 -458.969076029 -29.0468456365 308.786486372 286.162212227 78.0348469268 -276.967784907 -28.960190958 242.498536332 
-447.02683168 -316.309052385 -97.9858141239 210.355926575 448.066104211 416.066619699 -29.0468425172 -422.854141417 1.22841607592 188.966603718 
-28.9997590402 258.605002678 -209.723224385 -234.275721556 -405.378837044 276.614085785 64.2241818389 -29.0468425172 438.69380207 434.795955903 
287.280813664 -404.499883827 -14.8336227491 -103.043100492 449.593606525 -200.411964924 438.167620315 -29.0468425171 -419.323854793 -322.317428909 
186.945563737 -319.875946864 -99.3201009454 -334.150185779 434.37310791 -428.261729664 211.37195017 414.911556261 -9.22619591547 -29.0468425388 
18.4668249029 450.088949545 50.092183458 244.070065765 271.29755838 312.750824057 -457.002747233 -29.0468427651 -300.494428554 -29.0466377767 
-185.141449317 19.4755730064 290.905447905 -429.547689723 -404.07722784 320.540235033 -29.0468425172 455.881168001 -9.07138313119 -209.616243843 
-427.003267357 326.306069112 -29.046842518 1.15063764751 -210.046079189 -412.93546201 461.283026228 -206.150014677 -85.9623961021 187.802808237 
-174.152363359 309.696234926 -374.531642254 7.31102024971 454.317536868 -29.0468425364 -49.1689267989 313.082999842 -394.868779349 -419.041399484 
460.191858601 -29.0468425249 -207.430455032 -135.883915838 91.2230118935 -427.20579847 321.796294089 187.652006563 408.951480092 -7.36244525017 
83.6296988 307.585382386 -17.7356931249 383.378425494 -0.243642185215 -230.272575798 -429.012973096 -319.505137608 459.431268832 -9.38301621416 
-424.72666457 -448.899354833 -29.0349036202 -98.0311871304 307.035720191 326.094878366 -66.8155333459 225.620880138 86.6972354488 -255.7755191 
-8.79151286166 -338.464676561 285.129869152 320.648910721 -136.18600986 461.979116863 45.208145692 -209.282124495 -29.0468425808 -429.060521459 
-202.849903037 187.63502274 -29.0468425174 -400.998870179 416.907590623 447.476656593 -459.543288432 317.986502161 -241.800108082 -11.2572945607 
-158.053506412 -405.748230118 444.768636301 -1.594703921 187.888545025 301.129345523 -142.0699012 -429.92095621 -29.046847657 443.983554522 
303.733069369 -449.732221034 -29.0468430413 188.162274982 -8.92470473324 413.86630056 208.844632952 454.24908299 46.8011108223 -425.559530794 
-407.495748664 -423.721982976 -201.09603147 240.652227309 430.762023012 -0.000764434001457 322.633722084 11.2250135136 21.9266349369 -207.82267499 
-405.070031283 -29.0468425172 -185.675398932 17.1446927895 -109.620372538 457.321752956 270.968693431 -459.668862281 -303.901513352 407.463045348 
432.246102897 -243.533920704 170.338017532 420.520624903 -29.0468425172 202.341735939 -333.934642647 -113.90573879 -461.818602528 -44.2176603175 
29.0468338997 457.207703286 209.491584268 397.456765756 -188.044802529 -453.588512356 20.5680868436 -429.423641991 212.534462421 -231.000058314 
-29.0468429355 -458.891233794 313.628420969 -111.022776911 185.163405985 -303.399709866 -114.656386854 422.010828477 13.7611710056 446.102500891 
311.482727529 163.383593141 -356.349484598 -139.527442804 452.462274708 20.4393701244 -137.236508793 -29.0468425172 382.043444652 -326.711631723 
450.812771053 -456.679450229 382.862633535 -29.0468092009 241.523441985 312.477276502 29.0468425171 49.5307524929 -297.778101376 -121.938954986 
-192.901772199 29.0467840658 -195.10458946 -412.720096752 -205.063479485 322.74677986 -425.418790708 458.429121265 14.6356680851 -6.66898500176 
-9.03389580604 -205.20724716 29.0468412519 7.44368743941 -302.923441117 -458.946702036 -192.343691867 444.050370047 444.701697311 -410.516527348 
310.366662108 -42.0428422193 -42.2923575533 -29.0468428044 -408.728065196 -384.55537494 -29.0402782243 459.394746836 -377.436718496 307.409026797 
