200.400266418 -331.397704749 -77.1809625294 60.2669018149 334.636485744 189.716647979 -203.007431729 -461.686340963 461.686340963 -63.0586247051 
-145.858086876 -267.665932751 -6.07700647349 347.155860121 -461.686340963 232.81161708 108.562304142 -343.184149952 -127.398379151 461.686340963 
461.686340963 -175.332479088 -333.15286855 155.388889214 -461.686340963 337.226919969 -210.111337326 63.1061082667 223.262432966 -59.0009557299 
-21.3376104641 461.686340963 216.581303209 330.091824114 -248.250218689 -139.590336509 173.557065627 52.5416438263 -333.451907473 -461.686340963 
74.6136822276 -461.686340964 87.9233147416 -220.057113675 461.686340963 -176.561746499 -334.147857028 219.278812304 -56.9970626156 340.895113747 
224.187232478 461.686340963 -461.686340963 -192.456428739 73.7443503728 -52.9622959276 -328.066333843 105.40389108 -178.946391264 336.017185531 
-461.686340963 231.264961863 338.828226727 67.2510762932 121.089374925 -185.522782372 -327.436427305 461.686340963 -58.2975336317 -187.495931437 
107.049913339 209.450637618 461.686340963 -46.6491950837 -333.786019227 -162.738560809 332.960508572 -461.686340963 -259.366061247 54.7127849574 
307.691836623 362.27097383 -348.291211296 -68.6524741572 -196.264324404 169.546576771 461.686340963 -459.746328741 166.191606907 56.0503177017 
91.0323263521 -62.0560326625 461.686340963 44.5501915763 -343.453216716 340.983265978 -461.686340963 -111.045847111 212.098230251 -232.320973257 
46.8190958951 -224.951278568 461.686340963 -52.0646915122 176.346599969 197.240526537 331.229290671 -333.060292778 -101.002647067 -461.686340963 
-81.6378348031 461.686340963 138.51155073 -75.4617531955 -461.686340963 344.853363364 -338.412601869 244.596133108 45.6876555185 -210.371386928 
338.971759592 122.105549079 455.510377143 -14.795883191 115.045075517 -111.407934487 -461.686340963 -334.181611379 241.793459603 -233.365181186 
168.01528772 260.506697884 332.100263596 -335.225834979 -461.686340963 -209.550943781 31.1518613858 461.686340963 20.6368408752 -95.944960353 
-60.2414727215 461.686340963 -110.074119642 304.904103358 -333.108732033 329.284895725 -215.434454426 178.319655102 -461.686340963 52.1041930421 
170.615962702 -238.081899103 -336.893826039 328.45811736 -36.6875239497 461.686340963 -461.686340963 210.848416412 50.0303728757 -110.364310527 
-145.383877846 64.7887190084 342.410283046 -461.686340963 -330.879568929 -209.460971163 222.554738351 -56.2508895428 99.4640101646 461.686340963 
136.298178326 -266.885643974 461.686341467 50.9682916196 255.665615349 -16.0299492329 -139.07509664 -461.686341121 344.67015804 -341.898855984 
-333.423822879 -208.559620987 -128.373637488 -47.3210232118 231.588809028 -461.686340963 124.423104459 461.686340963 338.481277529 80.1448625496 
460.169807173 -247.138152976 -119.439357265 138.022839807 -118.703491499 263.313100175 -339.26719156 340.943061543 -461.686340963 11.9269775213 
-68.3318777883 333.354611226 -336.326004925 59.5456092949 209.46154801 -97.3122780246 -461.686340963 461.686340963 96.3253295901 -216.698786957 
-279.250759991 -461.686340963 461.686340963 -345.271832509 -26.4648269977 124.7976014 -155.167355164 329.05057469 233.963726187 -10.7067081537 
-461.686340963 -109.39174912 -236.272629447 333.331208689 -89.1021852764 45.2586052957 208.33137369 -336.407791508 162.866301668 460.749656608 
-54.6090756629 333.475327732 -287.663543786 -344.225457003 82.992006311 461.686340963 209.789854537 -461.686340963 -165.853492706 69.9390544153 
-461.686340963 -167.065873929 -332.165629004 -225.423976812 461.686340963 336.466779574 75.6649101792 -48.4880740531 105.639272767 223.628198628 
334.607901292 -203.540235224 -331.891884052 188.946306277 -63.8291629832 59.5086846657 200.659270289 -77.500694309 -461.686340963 461.686340963 
330.678285546 -332.497736635 -73.6825004854 -461.686340963 -42.1432213619 450.388962777 170.689270424 -294.92979851 -170.792616187 61.8865171469 
-52.9508099848 -461.686345426 -178.9759539 73.7132976928 335.969176787 461.686340963 224.317869117 -192.393499016 -328.072166176 105.482865021 
-82.1415934452 175.532944249 -337.040686049 46.9678788486 -237.052560933 330.782019267 461.686340963 200.243104695 -109.494288588 -461.686340961 
250.030027838 344.212170422 -270.349739678 461.686340963 -62.5312406641 19.7156954246 -461.686340963 134.289570121 -143.251459269 -343.553541975 
265.072440466 -81.5718489198 13.4307884583 -249.257609876 141.059376817 346.529980592 -339.804267107 -128.003906583 -461.68634074 461.68635946 
461.686340963 -461.68634122 -333.847938431 -189.808121928 60.1799850727 209.606331348 93.9352293926 333.798388011 -204.588535877 -59.9355765224 
331.818906336 299.296900051 174.615727166 0.00101527042997 -91.6545054232 57.1240861089 -335.544301631 461.686340963 -209.28996068 -461.686340963 
-461.686340963 461.68634098 -92.355016321 39.4831120575 335.557755296 175.486297549 34.9004970644 -210.169230226 272.58317151 -336.42029224 
328.870225808 461.686340963 42.657850648 57.4037534568 -85.2748990087 -461.686340963 -209.575024629 -337.701652018 301.856318812 176.56195481 
-156.562285263 67.7609465232 -333.95985156 199.929854254 -461.686340664 118.003826509 332.906610743 -221.027359633 458.512722638 -41.6755976714 
46.5750607847 -333.408697352 329.529139186 461.686340963 167.777977862 -223.347258751 -461.686340963 -66.5183201535 218.43377733 -97.7539249831 
99.8857114708 -57.516991767 59.1145122925 196.131544029 -190.773791962 458.336792862 -333.862080214 -461.686340963 -198.897325661 331.061024684 
-333.852020957 -72.3783458394 177.445032863 461.686340963 -461.686340963 331.611253281 48.9780075731 -229.444032283 198.032432643 -116.682622966 
296.166196004 49.964035956 332.305145936 -224.928346479 -74.0554702982 -461.686340963 -333.072449512 461.686340963 -98.4057412127 171.51321807 
178.056334592 -48.6008745621 -180.760239252 458.530378305 -328.661431029 -194.292226181 -461.686340963 57.835653831 199.17454808 327.341747285 
-331.971183212 -140.353358518 222.980896351 330.619636409 -461.686340963 -222.889523469 -33.4426183532 454.405427287 98.7455271585 85.2621961984 
-138.645391242 248.45260945 131.067249961 57.5657901915 -36.6557062535 343.168008967 461.686340963 -335.670397951 -203.956870159 -461.68634312 
-71.6371330092 152.468147517 -196.318079523 298.5563699 -460.728542995 423.083409855 168.240202058 28.0889361206 -345.800658321 -218.959502055 
461.686340963 -134.900283206 -461.686340963 -87.0825365448 -232.136345668 248.725276075 141.012341788 -335.929125736 331.294087911 23.0684871353 
-333.898338583 -159.258518612 -461.686340963 -257.699217926 -41.873699008 330.321425587 458.777835405 194.225426711 118.722653667 58.2164528906 
-211.895914909 219.643548027 176.46468159 461.686340963 -461.686340963 -64.4263380678 57.7111111074 -334.012623201 -80.219026177 331.440408065 
-224.310240603 162.320582627 326.292654367 -124.354943577 -461.686340963 201.497674192 -47.4108781512 -335.297196002 461.686340963 26.8345914355 
335.235019267 62.7510619867 -44.9033713305 -331.831502005 222.858850864 -461.686340963 -225.128937493 -165.106765747 461.686340963 97.0664106614 
198.526028102 -48.7718665464 333.27066746 461.686340963 -193.474631082 183.913345955 -328.35307166 56.1631832486 -461.686340963 -181.03007552 
335.236311963 -225.148091972 -331.831020048 222.858850613 -44.9168715891 -461.686340963 461.686340963 -165.120107131 97.0600024329 62.7157851245 
79.7102215533 461.686340963 -71.5402571985 331.351843538 -461.686340963 -306.26142825 -186.296943501 -329.907128467 207.300557592 -24.4980059334 
45.8072919503 -224.356491528 218.22843245 329.430964047 -333.662414507 167.69806557 461.686340963 -100.892731336 -461.686340963 -51.6774980393 
-246.630606554 -122.677016855 129.274628231 -338.833557358 -89.3151712602 16.0686757381 345.173399254 246.261017529 -461.686340963 461.686340963 
55.4737703348 -96.1755074232 297.467276721 -336.17650407 461.686340963 9.86277704484 -461.686340963 332.249005115 172.553013134 -218.09653982 
39.7757428599 -461.686341035 334.007887791 16.0771448129 256.65428242 461.686340963 -109.858861944 -208.43855409 172.874227705 -338.969263175 
336.514807324 -51.4526460502 -145.361222715 -204.809727682 -330.609809641 224.178157217 461.686340963 107.183852943 -461.686340963 74.9391041776 
-208.550304514 80.1536812457 -47.3114214379 124.430422336 231.594795007 338.483051862 461.686340963 -333.414087321 -128.366343429 -461.686340963 
461.686340963 178.007934774 -228.180786256 -333.444432082 54.7991512052 330.859314395 302.264670144 -185.063824812 -461.686340906 -64.7753312699 
51.2507766658 -62.7781735565 -91.9473141199 -216.830610738 -329.751206244 461.686340963 -461.686340963 171.645768997 330.334332114 219.914527723 
-97.7518399515 -333.407816853 -66.5189554941 -461.686340963 -223.34485619 218.431822966 461.686340963 167.778577333 46.5758667068 329.528599131 
-80.5386297159 461.686340963 -336.159531635 -66.3118888519 331.15385874 55.2355159098 174.427764251 220.909843643 -206.721416727 -461.686340963 
185.263168777 200.527686954 461.686340963 -59.5927913322 333.988778935 57.9780871144 -461.686340963 -337.366004905 -208.712800123 -99.2933247667 
-211.840139521 -333.98613771 -80.1778686043 -64.2863266158 176.597494919 461.686340963 219.686697904 -461.686340976 331.506390137 57.8674594777 
-51.9607196611 335.296795843 -461.686341041 -186.330589822 64.0018750626 461.686340963 115.664809187 -331.661272018 -195.545515878 215.709463321 
260.566510603 -209.5366223 332.0830296 168.012966252 20.707804012 -95.9308809231 31.1597948969 -335.233139409 461.686340963 -461.686340963 
339.808907106 -122.613780634 88.2124340779 209.477131292 -247.437018118 -461.686344171 -97.9378786645 461.686340963 18.2814780804 -339.544319371 
70.0021939447 222.09006553 -461.686340963 -331.638726052 336.076621081 -58.1948547792 127.651950452 -125.1467484 461.686340963 -210.200432546 
60.3569723149 189.806976227 -77.082761161 -62.9682913565 461.686340963 -331.336208864 -202.894600047 -461.686340963 334.586926343 200.224400364 
-338.496131571 -145.660437153 -87.2785853988 164.980556812 461.686427471 222.929139073 38.0646011176 -239.028237235 -461.686340963 332.165030308 
461.686340963 -137.019298358 345.238549109 -246.395891189 -106.195347621 230.48582703 -343.147519129 -461.686341349 114.622353689 9.474482542 
-210.654959979 205.84348101 -84.6464043616 -461.686340963 -337.97351626 461.686340963 59.5343378357 -70.6906912129 333.596604605 183.447622363 
-44.8882699181 -461.686340963 -225.106701569 461.686340963 335.235265943 222.85885102 62.8492233399 -165.090402899 -331.796867667 97.0733549104 
121.332340519 461.686324088 347.79721919 268.988563347 -228.757240009 7.6730475661 -461.686340963 153.105042872 -341.7952052 -108.825936455 
-80.8048908492 -213.208884085 199.857852223 -334.078697748 -461.686340963 334.05531803 -65.8476566314 57.9789725737 186.934996591 461.686340963 
-334.140814591 340.889794361 -176.555401227 461.686340963 87.9252568259 -220.055740215 -461.686341307 -56.9989872153 219.273547161 74.6205158795 
-419.441907886 -166.045836445 -37.2865812837 354.10657194 -289.943731666 461.686340083 79.8577841879 300.92465976 192.497683609 65.6625235218 
20.7073389684 461.686340963 332.084678409 31.1574280559 -335.233398466 -95.9316441394 -209.537160379 260.566119005 168.011339545 -461.686340963 
-461.686340963 27.1130790621 162.504757082 326.353376836 -334.801615905 -223.669033079 201.319729118 461.686340737 -123.959438144 -47.6058243953 
212.304523164 -49.6627365936 -461.686341339 333.972790859 88.0919923886 -168.41972071 -241.502311665 1.71479263871 461.686340963 -336.319643959 
327.348946933 461.686340963 -103.768209772 6.29869600458 -461.686342191 44.0837523655 -338.509209387 248.332337315 168.403857728 -230.713288419 
155.348687323 461.686340963 -210.077060895 223.041909749 -461.686340963 -333.08925025 -175.521020679 62.9186168378 337.170954467 -59.1102239369 
-212.012807417 -86.9006627798 -341.380315335 35.8208469728 288.469344534 139.202241914 -461.686379401 152.664906306 350.408803824 461.686340963 
-165.117091537 97.0618718386 -331.831925409 335.237664793 -461.686340963 -44.912202638 -225.148320922 222.858852066 461.686340963 62.7445671147 
461.686340963 336.895432251 -221.357672767 62.0573528681 222.070759334 155.486889112 -64.5689835366 -461.686340963 -168.884149288 -332.692643386 
-331.055316337 -172.877970851 -461.686340963 -220.381640856 -58.0882949359 461.686341074 66.755196298 209.703994846 333.437058889 84.2660027928 
-338.192465609 332.573469232 170.301727387 -211.607558125 26.5935010267 295.65103269 51.7887528189 -461.686340963 461.686340963 -91.7783856892 
461.686339565 -158.074554117 -461.686340963 245.463508764 32.9557646594 -333.30675376 123.63887641 -33.1284035612 -244.686662616 342.294740049 
-22.0746527548 -232.700774326 341.451899244 -341.09446507 100.753863081 -461.686340963 -117.02371822 243.225970073 120.891884874 461.686340963 
332.961092946 -461.686340963 -46.6508448353 -259.369604587 209.450778445 -162.740862322 461.686340963 107.042101948 54.7172780016 -333.798420567 
-330.039858483 180.244045058 329.066382159 192.316185519 -23.3404103771 457.547307052 -249.535164606 -461.686340963 60.7282435218 -142.325122189 
58.1768634497 333.861097209 -16.2283983184 -461.686340963 -245.012059171 187.380919989 -135.245957587 461.686340963 198.805282611 -329.785362039 
-331.695308386 -74.0883249659 -461.686340963 106.815508144 461.686340963 48.2956193273 208.955830896 332.485813028 -93.2949101596 -215.614448286 
330.562061673 -461.686340963 171.056802429 47.5532882784 461.686340963 -101.097187448 300.331336077 8.62633271082 -337.000105497 -218.216346495 
202.951802056 -221.668470001 461.686340963 40.935769859 177.786797893 -461.686340963 -100.916241802 -339.067368157 -45.8161774756 331.655937184 
461.686340963 -461.686340963 335.241812982 -165.120292713 -331.834938769 -225.144936646 -44.917785998 222.858852079 62.7255172922 97.057937253 
-223.337957405 329.53088126 -97.7452100548 46.5778380799 -333.401168773 167.779359031 -66.5260553347 218.429065089 -461.686340963 461.686340963 
184.671005942 203.707907164 53.2477077137 461.686340963 -98.3314826914 -331.863529286 -71.7037295889 -461.686340963 -223.353125778 334.039846292 
38.2138373191 461.686340963 333.430229912 -108.8730895 -461.686340963 291.009008074 163.258191184 -329.175451921 -204.858373257 42.1976937229 
461.686340963 -161.159404543 -49.1201871347 -283.464779236 341.298831188 -344.024673448 76.5100844552 -461.686340963 220.868085934 89.3752717202 
-461.686340963 248.66501004 -160.549056323 332.222218437 -31.6203937075 -237.3464117 6.68773377081 130.756250308 461.686340963 -332.204729256 
216.866285511 114.768743883 57.6987671237 461.686340963 -343.372040924 340.713971712 -232.645059235 -117.753217834 -461.686340963 -32.2971674927 
-65.9199033981 -336.307881233 -208.860622776 53.2073713821 -115.041989968 200.145966512 461.686340963 185.721748635 -461.686340963 333.709869372 
461.686340963 337.169958218 62.7751786836 -227.131487986 222.858660765 -337.892861715 -57.007126117 -461.686340963 -143.88769115 155.884028126 
336.53352629 224.243718888 -461.686340963 -204.861789178 107.034542417 75.0593921238 -145.507112074 461.686340963 -51.3740866569 -330.665640119 
330.327556354 -332.958344367 -209.414994611 -60.4007112241 -157.185420434 174.230038654 52.6690537195 202.600601266 -461.686340963 461.686340963 
156.134160518 -104.437863373 -221.592844646 42.068312361 352.89633901 -339.649280044 -68.1944666467 461.686340963 275.400812765 -461.686340963 
-98.5174923217 49.9403287774 -332.931054328 171.497234422 -224.909718154 332.334536254 -461.686340963 -74.0739908839 461.686340963 296.148745348 
176.904407188 326.920057656 -461.686340963 461.686340963 306.66348597 -91.5286999643 20.919581918 53.8935100946 -215.376657912 -331.747627631 
116.163658575 -342.517730167 -271.466111414 461.686340963 82.2708323384 -461.686340963 -143.268091696 339.337346218 239.419911158 -22.6153004183 
38.2631947013 -461.686340963 301.400538742 57.6300858665 -92.7459298812 176.474006665 331.155018289 -331.495953267 -209.289504805 461.686340963 
227.232343263 344.499952643 461.686340963 -257.525811656 -461.686340963 -48.2801651314 107.957137114 -333.306557436 50.3524228928 -171.225856115 
165.719720442 -110.673937241 -461.686340963 281.823229818 -345.016119801 327.118378966 3.66397946193 95.1424841108 454.401473126 -273.802794473 
461.686340963 -96.1764000994 -336.171629156 332.23248299 55.4520308879 9.85553810947 -218.153752255 297.45367973 -461.686341974 172.532519682 
-72.7736761828 331.467082947 461.686340963 -229.760433652 198.358812329 -116.856844373 48.5719223342 -333.974646284 177.007694973 -461.686340963 
-210.374939614 222.073660544 -125.191273845 461.686340963 -331.890834921 336.175277883 69.9184322537 -58.2476426214 -461.686348729 127.60750711 
-335.154997593 -71.6691483445 461.686340963 332.349405748 -461.686340963 204.821882699 56.9234091086 -82.6296801301 -215.104764974 179.972503558 
218.359994601 -183.877491445 -303.650300461 334.930846711 168.299196975 -461.686340963 -330.368621058 -62.8816208439 461.686340963 63.3164405569 
-223.345310255 -461.686340962 -97.7513800803 461.686340963 167.77919177 -66.5221800846 -333.408720036 46.5759831661 329.52800422 218.429492683 
163.731668747 139.920124744 429.114674881 -190.680723651 -461.686340963 -62.9865089437 -319.756350276 -195.276948489 12.4068404121 295.422112981 
-461.686340894 -67.1200493954 -209.42602937 235.341897115 -332.152324539 -79.8815538336 461.686340963 171.760849271 62.9714189891 328.400312502 
-461.686340963 -58.2946734071 338.825161688 67.2560697775 -327.441008486 231.265080793 -185.51781511 -187.513879856 461.686340963 121.086060756 
-340.840101947 33.8808023815 -245.89221604 156.627694098 -91.9964571694 461.686340963 -119.807546699 -461.686340963 259.629404859 326.539209014 
-100.643458145 -69.889248893 258.338569731 -461.686341069 41.1515237814 -339.465564967 461.686340963 -221.408569872 335.275648621 153.648462772 
-82.4067837339 -461.686340963 -336.096387506 -207.257689779 304.172264658 330.26245274 180.271591464 -60.7171521194 61.9401977335 461.686340963 
209.423919563 -64.441565753 -461.686341123 461.686340963 331.331129658 58.0038987007 -339.64507005 127.401870069 -125.397290873 -211.940513129 
-341.888157138 -139.073436178 136.282405034 461.686340963 -16.0325212017 255.671236084 -461.686340963 50.9329233916 -266.888443742 344.665561564 
