45.3933629078
45.4545410566
45.3933648596
45.3933646234
45.3933620318
45.3942160501
45.3938389291
45.3933643203
45.3933486077
45.3933432302
45.393364615
45.4061617594
45.3932837739
45.3933648276
45.393364941
45.3932934573
45.3933538863
45.3933632113
45.3933343872
45.4027183464
45.3933649593
45.3933624631
45.393352634
45.3933649551
45.4056034555
45.3933646166
45.3936692539
45.3933376297
45.3932706427
45.3933431244
45.3942608012
45.3933043013
45.3933612145
45.3932914023
45.4361160293
45.3932801045
45.393351906
45.3933485336
45.3933621852
45.3933421795
45.3933670869
45.3932799561
45.3933649017
45.3933639686
45.4632881756
45.3933639557
45.3933490959
45.3933712599
45.3933646727
45.3933647025
45.3933331437
45.3933642747
45.3932919914
45.3933642347
45.3933183916
45.3933580523
45.4280242699
45.3933649571
45.4422941115
45.4613144579
45.3933748061
45.3941557584
45.3933649086
45.3940935622
45.3933648774
45.3933299009
45.3933407082
45.393364666
45.3933649592
45.393361155
45.393364496
45.3933644865
45.3933538106
45.3933102128
45.3933424212
45.3933649383
45.4090562
45.3933647108
45.3932708898
45.3933502098
45.3932856848
45.3942066227
45.3933410734
45.393291076
45.3933240183
45.3934787225
45.4036107224
45.3933648565
45.3933874887
45.3933367464
