1.14213143477 0.828329773119 1.06936327745 0.982165045263 1.0120751612 1.14193489896 1.00777706879 1.03119822914 0.837771484838 1.07071286779 
1.01348343292 1.11306983226 1.06960692907 0.879593688085 0.996497893995 0.694562915729 1.14228803836 1.09375121738 1.06616227034 0.743475112138 
1.14213143477 1.02469642577 0.755921150943 0.959618547977 1.11540077788 1.03359324539 0.796907598619 1.14213143403 0.8631928694 0.543077119633 
1.09819149759 0.766270949624 1.13766567633 1.10946987203 1.14213143477 1.14214640829 0.835290803842 0.992071532542 1.10406709283 0.935312194124 
0.721078548884 1.10114682262 1.06852435455 0.962667256229 1.14193611257 1.14120468692 1.01080425513 1.14213145067 0.837501090648 1.14019536772 
1.13253820768 0.963226079892 0.950775412721 0.743990575869 1.14145478592 1.14222778336 0.977253755324 1.14222967496 0.944294055651 0.91682955203 
1.00715766133 0.967970574598 0.97840023202 0.949492666252 0.979748137672 0.987584083942 1.14214083556 0.780757607664 1.14477483163 1.14477319985 
1.14213143477 0.876814061376 1.14560294591 1.14213143451 0.637638024515 0.981062034809 1.14560277372 0.912885173355 1.05889856176 0.843041256628 
0.95759067318 0.719588806418 1.05233094944 1.14207028433 1.14238320491 0.803937814357 1.14238318493 1.08483327943 0.887267061596 1.00501997121 
0.775725610145 0.914650608523 1.03569943474 1.0069065853 0.941526116919 0.982665018234 1.06775442799 1.15636496179 1.15636462915 1.142131451 
1.1421314351 1.1229449092 1.08938683532 0.867000866537 1.10041295599 1.08239868885 1.14211454463 0.995872990749 0.897832793668 1.00359609264 
1.14233576391 0.956480127763 0.908885834192 1.14229332389 0.982215832561 1.1421143778 1.14155039562 0.783467330781 0.948295702095 0.639710841353 
1.00723148842 1.09615109619 0.977503078632 0.899583455169 1.12321332934 1.08665103179 1.14219501075 1.12118380571 1.00504363114 0.81400105106 
0.994642138416 1.1329735312 0.852900469323 1.07805643021 1.08664552851 1.14213143473 1.00163298181 1.12005217663 0.786756371342 0.721540174412 
1.00958034804 1.08860632258 1.141853489 0.931061693526 0.970039871018 0.913424580411 1.02429569647 0.746314377164 1.14213145883 0.94585717991 
0.856107005027 0.931751279 1.13394343554 1.13640828656 1.06494398186 1.04047963227 1.0443432005 1.0111765774 1.14213142996 1.14202131693 
1.05721057204 0.98363848276 0.952395727072 1.12554606378 1.08035728338 0.84444739746 1.14214594136 1.07580680377 0.756402173535 0.934118436877 
0.698569579373 0.858979512227 1.13525828659 1.02860743235 0.99617120401 1.14216889011 0.990827939222 1.13554196778 1.13952454545 0.942009597934 
1.14213143473 1.14221654409 1.0410394643 0.977574232292 0.732878656478 0.999112481826 0.977370226407 1.04614720569 1.0867211275 1.1174204531 
1.14928936863 1.14213155317 1.14928937107 0.998357233536 1.13079279409 0.997264635681 1.11225673699 0.592080243567 1.14260481636 1.14843725782 
1.13952964258 1.12867705925 0.829336550723 1.05890488417 1.0481965367 0.924152086465 0.834143003228 1.05335208288 1.14242710292 0.904608027505 
0.864457993316 1.10865454287 0.523682066532 1.0480430952 0.981943320423 1.14213143103 1.0401538331 1.09172663833 1.12929318607 1.14211541655 
0.68065803268 1.03527379076 0.763926102723 0.729623300229 1.0356608776 1.13292788733 0.787399304789 1.06272630949 1.0506004932 1.14214008218 
0.801065196706 1.12974776012 1.04548710136 0.913867817894 0.989982264589 0.978433946702 1.14213143474 1.1218249525 1.14175325134 0.868108982936 
1.14023554154 0.690901594269 1.04345052844 1.11025218533 1.09720900045 0.98598266237 1.14213143477 1.11083090715 1.01485032446 1.14210880975 
0.755175837334 0.748976241956 1.00175634023 0.750564509805 1.02217288783 1.14213143501 0.792823858674 0.85638339238 1.14208207459 0.665848530703 
1.10077297741 0.868586293638 1.09034042815 1.1421282701 1.14750253607 0.939263989361 0.97630062309 0.999820675628 1.14750230393 0.900628702563 
1.10138119117 1.04464396874 0.656709484534 0.728983930661 1.14239530235 0.679834148185 1.12956049983 1.14239564392 1.14086087187 0.966262012994 
0.86833550306 0.986950150188 1.14224966387 0.982347492816 1.07822366714 1.01387646768 0.96532111108 0.790921361313 1.14225447018 1.14205508595 
1.1421150572 0.960349199642 1.0802686217 1.10308963718 0.991795109122 1.14142651463 0.902237702818 1.07472056845 1.00215414305 0.612204285222 
0.847530334491 0.622956981215 0.654628244956 0.952585601131 1.0797366898 1.00353061081 1.14224530791 0.806664441367 0.890887017051 1.14212368956 
1.02818089238 1.14213143512 0.86092354236 1.11873712595 0.888308372104 1.12394252122 1.02572145754 0.983996853785 0.76832886211 0.793030027616 
0.86783465658 1.14060700356 1.00620351286 0.785930199074 1.14213078771 1.08106779202 1.14042233345 1.13835856155 0.70908768844 0.628136778215 
0.773913578741 1.0669519639 0.595701668895 1.02072372614 1.14159528731 1.1423061932 1.14213143474 1.07975337182 0.840377767913 0.620005736898 
1.14236153899 1.0259830471 1.14087185441 0.775863549824 1.1102755794 1.14231673658 0.977236599549 1.04298613618 0.900088063102 1.05680163419 
1.14367978357 1.13551207151 0.76500780096 1.14476538593 1.14476709165 1.13562564375 1.14213167838 1.0789299976 1.04152067929 0.992246860639 
1.19301060256 0.938556683586 1.14211577454 0.925600557812 1.00899949315 0.925407219574 0.980744205719 1.16476845862 1.19301060252 1.07138980647 
1.14213143477 1.11937077329 1.08810802285 1.04904032474 0.722845263106 1.03601475901 0.815412979977 0.920997194889 1.14213143478 0.840506778114 
1.13943087861 0.72093692259 0.926280330904 0.924813685655 0.979183780126 0.985634528096 1.0202862793 0.896825805183 0.806915703939 1.14213151699 
1.08900807215 0.756441041899 0.963639187237 0.927992355268 0.977702707555 1.14230326284 1.05657815789 1.14202312489 1.10592929188 1.14231071476 
0.779108139309 0.754915299624 1.01552987029 1.14215350569 0.939045079273 0.938350481509 1.14171378849 1.14215350561 0.906323783352 1.01806249596 
1.05369612032 0.950370411934 0.731526286748 1.14221562593 0.951765771401 0.957235288761 1.06261518015 0.991192203285 1.01989401257 0.867628368146 
0.886633523647 1.14213143492 1.05831834907 1.13306472218 1.09336819433 0.777854743054 1.14192623535 0.892397243531 0.918880899023 0.966156820232 
0.923440732702 0.943031702233 1.06930824005 0.94991787015 0.662905234756 1.14213143458 0.875049586437 1.14213143611 1.22390754524 0.809113819 
1.12481833917 1.14210902422 1.14213143477 1.28802737601 0.990768581612 1.04544395398 1.28802751485 1.15156989001 0.825993391098 0.975889908592 
1.03445717087 0.973158299861 0.990136933476 0.950275351325 1.14238486889 1.11798980899 1.14238871787 1.14212469178 1.07050794336 1.12155019402 
1.14042707736 0.962519511834 0.997331680117 1.14137791826 0.992560831127 1.14213143613 0.933064265247 1.0848040814 0.897198936797 1.14182484757 
1.14260822203 0.842822032888 1.03846849585 0.988238021193 1.14261125566 1.06572562315 1.0186932652 1.14261122296 0.741923203002 1.12379936258 
1.14212958211 0.95254785358 1.13681765197 1.1365317657 1.0550711728 1.02489950809 0.89162349481 1.10613117562 0.895964891384 0.994098130343 
0.943661580757 1.14213143468 1.14213143477 0.958193562377 1.12500966548 1.10568321239 1.09120447108 1.08388438538 0.710063331539 1.13438352256 
1.1425919529 1.17165831591 1.14213143477 1.17165831737 0.575744201994 0.97116135065 0.965424426086 1.1701665025 1.05310125744 0.956932763576 
0.82288777414 1.12043782865 1.07136012858 0.764289018731 0.988854231167 1.00192715674 1.14203098137 0.740146500083 1.14213144048 0.662128522383 
0.786045792947 1.10783712102 0.692203862358 1.1396941996 1.14213044041 1.00252776999 1.0002637869 1.10785557559 1.03560711795 1.00787703077 
0.994679451985 0.998837969389 0.778779908667 1.14193885776 1.14210694167 0.658227097322 1.08698249888 1.41057570953 0.785942728647 0.919852483801 
1.02072479526 0.895842340636 0.828527829697 1.14213143477 1.14213454195 0.877818081361 0.781828954004 1.11604237217 0.629651579777 1.03695245206 
1.1421241107 1.0275332455 1.12303229494 0.958731509989 1.08805262511 0.98150915838 1.01113892546 0.970362433683 0.952873552789 0.660602837336 
1.12876729233 1.14213143161 0.958281330482 1.00224079166 0.511672003434 0.964292095852 1.14213143477 1.08652463143 1.13845405581 0.777835050005 
1.0001944722 1.14215524895 1.08538059752 1.15151884219 0.978160992586 1.14012331848 0.78289178268 0.838724577791 1.13234384425 0.972362157385 
0.87338744552 0.873408970518 1.14187899118 1.05836786838 1.14214174191 1.0805408727 0.911528157641 1.08525307727 1.11465893197 0.980301221165 
1.14667213539 1.14424222385 0.969455922364 1.14667284304 1.13908198335 1.14216662203 1.0029370329 1.13834626147 0.908017032161 0.653700755351 
1.11617036482 0.815569910798 1.14213143502 1.14718266552 1.14718266679 1.14096628856 0.968208032948 1.04778498315 0.985007417038 1.07937361114 
0.784722613462 0.979744756065 0.995849117581 0.763435479016 0.885210257279 1.03156244393 1.01422424427 1.13109771742 1.1422156599 1.08945105102 
1.0189654913 0.947963375583 1.00859797098 1.03976763927 0.927758872884 1.14213143488 1.13209326767 1.00338394061 0.952100476891 1.08757272521 
1.02206742327 0.673289163517 1.12420642908 1.09841226585 0.966607731511 1.13787375162 1.14219209081 0.990156770481 1.01622961346 0.903329666465 
0.921577605375 1.14368515266 1.02338731172 0.959211435363 1.14368477284 1.14102065576 1.06850045163 1.0067786036 1.05263659606 0.794233313137 
0.793367555051 1.14213143477 0.894457143254 1.14498582217 1.04782797103 0.839899802865 1.14498582789 1.08169037286 1.07138908402 0.733404545303 
0.727785221775 1.08359281696 1.0323083341 1.18254244888 0.712308693234 1.18217511552 1.1421314292 1.14213143477 1.18254188263 0.537206131701 
0.959728935359 0.670521742884 0.84507204773 0.841797104689 0.889729631885 1.13414108589 1.13900404273 1.14213143477 1.14213570471 0.898051841518 
1.00466313184 1.12009550543 0.972882050997 1.12206484159 1.14219493128 1.03352691631 1.14252063733 1.14252639718 0.927437825027 0.840667286185 
1.14185681465 1.04348606703 1.13505507218 1.02750676515 1.01261647932 1.13723606957 0.962633256549 1.02113571866 1.1421314357 0.830315651882 
0.985137411651 1.12164508768 0.748962141078 1.14213143627 1.13472262604 1.13248620259 1.00306865341 0.944288059089 0.748645195113 0.994132242246 
1.08510380084 0.992160542504 0.909249679588 1.01693114029 1.14213143482 1.14213143477 0.976680694128 0.742670426701 1.07381620335 0.907932400169 
0.903461372818 1.01712421486 1.14213009868 1.05183292589 0.975092792022 1.10445567156 1.10455066394 0.996079979819 0.982884314901 1.06162248757 
1.14120305309 1.11957479402 0.978893714738 0.675702083309 1.14033409969 1.14217137452 0.914702093833 1.04307037667 1.0055444581 1.14119488874 
1.14213143469 0.596229459211 1.14211436642 0.997158478898 1.13659881936 1.13111495826 1.13144759303 0.846514183632 1.06885622212 1.14147280337 
0.967430520752 0.834431649841 1.17811842791 1.06001177358 1.14212204818 1.18138531511 1.18139806207 1.18139740756 0.991872885303 1.00919762087 
0.941670521993 1.09670223409 1.10749782159 0.541959770482 1.12380876783 0.945404881514 0.991174792124 1.14212091453 1.14271848713 1.14271799234 
1.14213143477 1.00919341811 1.05299343752 1.1421316116 0.927910134882 1.07522941276 0.81862066009 1.06859248263 1.05866002244 0.876433326206 
0.796971858149 0.997891937561 1.14232770629 1.14231151254 1.14206152158 0.729180592615 1.12068135463 0.656252376063 1.12314897651 1.00162933937 
0.728356886695 1.14126123729 1.1414781999 1.03062572877 1.14521320384 1.14521311335 0.866048281692 1.1421309413 0.918512128428 1.1447308251 
0.97041762979 1.14223010964 1.14218547059 0.816346702487 1.06552566314 0.831179107048 1.00817506756 1.14180170854 0.955311984734 1.1335772694 
0.9939638998 1.14736620377 1.14736653628 1.14712082178 0.789791945629 0.913199040894 0.983922589947 1.14213058318 0.90377666953 0.963322939957 
1.00994004919 1.14213069671 1.14250907813 0.691725616423 1.14160927494 1.14216518927 0.982040385003 1.1425092663 1.14053345297 0.746204784696 
0.981314416926 1.10881897745 0.960758269136 1.14014277063 1.14213143482 0.778598402579 1.12524115975 1.10320860547 1.13226699485 1.12729709136 
1.09079911854 1.01011299162 0.947824545068 1.142131489 1.13775196672 1.10563506016 0.912181147981 0.636517219347 1.14037488655 1.14096674044 
1.04236876438 1.04761896335 0.733844604609 1.12547240653 1.08414448123 0.944474528211 1.1423091401 1.00635043493 1.142310118 1.08022949084 
0.959208035917 0.96647430233 1.0537670256 1.08087249808 0.714189757882 0.825877028272 1.14245821353 1.14245818135 1.11473764013 1.07760279043 
0.588194808698 1.14213143488 1.01794672631 0.666767775301 1.03863412798 1.0706193427 1.08293141589 1.00692661348 1.14088448458 1.1376074552 
0.993273936864 1.14051543042 0.809609646877 1.14714504738 1.07362616446 1.14720286338 0.966217779583 0.929845090922 1.14720087509 0.85291982274 
1.14211446475 0.854389512762 0.848508379587 1.1294174349 0.984426063182 1.14071903878 0.764341093317 1.06448336413 0.832819774304 0.78850898775 
