-406.651468925 416.052284987 -167.239198993 36.1844486969 410.617582635 -31.75434424 184.055631417 25.713299481 -387.481374396 -173.150040237 
389.280358183 181.988047273 -194.361948773 -416.818008774 12.1413789929 424.726181409 -430.716498376 -204.099940319 -13.6638546801 213.918026166 
-446.061614594 322.829767493 -394.286498928 -19.8014447305 187.174718334 -169.11677865 440.590136202 -30.6834451706 277.558994926 14.7626693987 
-95.9976819068 16.2090327149 -319.057145053 310.601974828 -24.0773383112 -300.59405272 397.389456982 -12.8183766682 171.659762469 449.481334617 
196.58302608 423.531950509 137.610542001 -15.9815792997 -99.8685701365 -95.6318122293 453.226969652 -404.411372209 -379.564429739 112.940561657 
-192.429321358 331.565856408 460.818540621 -188.894288856 43.6030561324 -187.792722898 46.9341105893 -436.331913302 73.9500347089 322.991972454 
-15.9393706318 -16.7981536148 -158.938351706 -13.2535421742 440.848196327 280.20375547 -263.347890538 -397.36297532 -457.888818754 253.671232068 
-456.543436146 451.369069331 -203.600392337 28.534676649 85.4916979454 261.389998912 -60.6225689362 141.852963599 315.498766325 435.224934638 
-236.227392653 159.973499777 330.770580628 111.228026812 -457.868634002 456.019215062 -28.1147856057 -27.0063624845 -223.88981519 308.209098468 
128.82142916 81.3774950173 -28.7947610652 453.357437428 -230.99238309 -27.6256438076 302.668765587 -353.65916392 -129.220282468 -333.188852773 
-454.331751464 -49.0341601282 275.72557806 438.417862007 -295.52469065 28.4563924161 -30.0461140839 446.35825545 126.191690005 -73.4534747896 
-462.272361181 308.326271372 101.64817034 -238.425385015 311.069370991 -51.8609672115 -15.0439056982 -378.901575184 -28.1612610307 355.52565404 
-184.939666732 3.65762820435 377.316029533 -314.870241131 -104.149541555 1.31437820563 -420.638664528 251.783355118 29.175302468 -325.071410162 
305.780934023 -1.44061729858 125.636609525 -386.960243474 15.9714970412 -374.321289624 -91.3694811314 -129.504550239 -310.992949644 390.827407121 
205.711808283 -29.0265358874 -342.88782845 15.1137137804 447.213994355 59.5036634575 -29.0262950725 -275.004565273 -330.577037218 432.526776972 
305.237517315 273.05767681 -424.88585361 -102.940182945 191.936731917 20.4250365174 -56.9851542947 430.450342684 -406.73846246 -82.2294978183 
35.8295825209 321.580178365 84.7684943506 -267.88506373 -48.6647666683 -402.969004692 -420.509219725 26.9872882761 328.614168976 -170.807902309 
455.039387684 -424.095860243 345.701486356 374.564851267 71.1142183021 -439.792172401 16.4594730064 -198.961954871 -198.899606254 70.4744211974 
-61.2110037143 -302.942830565 187.248077394 458.087129928 62.2743040552 3.95304579534 418.176201161 -102.076380346 303.414442614 -320.502115148 
-3.61397674859 -270.921425314 -459.20301145 18.7725719841 0.202462720543 417.814782178 -14.6817057294 -239.681502562 376.809665635 -304.201163472 
-29.5554269883 -438.226379465 -205.848908114 299.872378091 446.405527 25.1725445224 126.673966736 -199.203408521 -418.729382603 -323.65701295 
453.065144925 -256.683448617 73.4541435623 314.983041802 290.384145971 -19.2765149404 -437.954309285 30.2196270697 -51.4951835818 -427.042759251 
432.323207654 22.4729332222 -386.064447521 263.619131349 -19.3401137541 -186.592717587 -163.100386924 401.182613881 196.228366971 -440.971707672 
76.0939487807 41.6036502311 289.386140225 -196.202704798 -97.6928019353 457.247284243 -402.916149087 -419.842165905 -24.3658401596 311.469486718 
38.5233942275 44.5290132287 -320.622884573 364.790023214 135.597586025 410.169196934 -418.994111054 193.245465334 -280.67944451 -26.6225768845 
220.870817773 182.000131468 145.559088607 -65.9561739826 428.960350486 -413.553742004 -362.928052078 -4.88094546672 -80.4913942486 454.996405605 
-8.68575784265 89.0880915883 -285.379774113 -266.857872564 -452.185621825 435.043963221 2.68502535629 450.586285135 -25.5159906178 206.390047965 
72.9992548243 365.410863375 460.54151335 116.523424998 -208.764973592 -199.458406787 -58.4029833809 -450.291180929 297.53907216 12.3778855912 
314.624616924 288.414399464 -231.99627171 462.53461608 -29.9081413329 149.519452652 -12.6006545629 -373.508137246 -461.088447937 -4.61492148647 
-430.477976482 212.929893269 -445.481676393 -276.638547367 87.5983526916 -56.1672051279 133.383498659 -126.794239284 407.810118377 454.759912475 
-197.845536049 -106.02218507 441.851593836 373.304643837 234.601440398 -86.6820652073 -427.722168777 -335.508887799 11.8477051863 16.3020098553 
-348.183387102 -359.158535334 309.321123233 -28.5321856738 -24.1007842371 -81.9208293483 287.578218996 459.010998899 -267.405624882 72.1461180898 
66.1397271805 32.2300495574 319.062784998 -331.74546577 -395.085675752 20.2498344731 -119.616009582 -415.45076229 390.476460179 393.245861063 
419.746867381 -23.0517481218 142.753042602 307.674077773 -228.174666423 -453.651215277 -27.2829214872 -227.768275358 204.296456878 80.6632170752 
-454.924219304 330.601596058 -21.8893074155 451.935813197 -9.07449888846 -203.980326502 105.273713007 323.352231346 20.8829253888 -231.789302385 
-322.763220203 -106.823464393 405.129531881 268.929658491 -458.81233765 -121.117261488 -255.083159722 81.6103466879 398.828657724 29.0450763805 
339.896041406 86.5942679017 -259.824559474 -54.1594222512 461.096639706 -227.53404702 -263.842061391 -42.9297240722 -426.764819291 28.9728422283 
-71.5265364916 -98.2266670598 21.6691746007 -313.026319265 25.5498103459 305.944096766 121.516509006 449.387693857 -458.035154964 372.514956985 
-89.3905629307 -59.9343032308 -34.2312850378 447.012487343 398.300139113 29.5092924518 294.376860763 -373.756925698 -315.197170076 -381.849104478 
-15.8774375404 445.606719303 443.14895734 -170.344982383 56.8632668986 -151.861452575 296.224228476 73.7943997279 229.676634182 -403.727688198 
93.4777121557 -381.587278875 304.81563092 -459.896270229 449.097759824 -80.3931708853 -21.2850996726 -214.073360301 -149.388390922 298.877260528 
9.2693701088 -186.512190431 -50.1485797239 -419.430044673 -317.831386041 -93.7674306405 138.876775897 326.754124379 60.7175974965 448.050114749 
-1.36920060681 -406.033193452 234.531614257 212.681173877 -73.716210706 -352.606520085 -70.0974301769 425.028239723 215.409486377 431.375251957 
460.6119558 310.658757276 311.451728096 -29.0468425194 140.719806866 -65.3788691302 88.7152366248 -405.148936713 -68.7063027821 -374.412693605 
3.40747451448 1.39266447301 -400.906090941 -41.0862209461 448.1800394 385.286564832 -148.431004906 260.634958796 -312.540547722 243.626551083 
269.084403318 -18.0775201881 430.140749755 388.812850189 -237.665097418 -245.902554614 -458.686135754 -114.487379916 8.74335274193 103.735406004 
29.0567070668 309.979786481 315.902831668 -26.1006423457 -119.695694207 -441.269355041 459.272475387 -350.240306288 32.2837050262 -278.506507501 
-330.090663612 373.2655889 83.7295840626 -28.7279123795 -462.289084381 -52.6033086387 345.784259531 -243.376380449 462.038273633 -146.659757401 
-378.301363656 458.941783232 -26.775838747 -202.208154489 -61.6204587545 301.707801846 309.344882467 180.245561772 15.6118664832 -383.975610126 
-407.746594579 -23.7798397359 -409.704823287 460.04904943 -168.393206478 -180.566783045 314.623136509 278.898122665 96.074503824 53.9386814825 
-257.490618343 167.948603222 -29.2681891151 -417.660171121 457.814952399 27.2236731036 -50.8852046154 349.299490114 387.979481187 -200.30693304 
-285.446444753 46.7605728069 225.979648234 -368.237068331 201.001094792 431.028981028 -98.6272662867 -34.9687681963 -410.414488551 453.754179711 
-23.3867704068 -343.686592873 307.388442077 -360.01731744 -326.072686848 -26.1694715216 -29.013454584 -29.2511093141 265.480571293 443.984890942 
458.951442252 -49.6617895224 -358.966652959 -29.0468899503 -406.800322995 257.376416386 191.843301758 -452.15385041 307.348040615 -29.0468901763 
15.7201861398 -97.3899785042 459.048092561 -87.4011466565 -369.787925518 414.987613499 -316.226895939 168.02674165 -30.5958115597 327.007922953 
-314.857204208 24.8991668481 -333.850535341 18.7964893019 -106.192641503 369.10655873 374.687769989 -315.67981193 -80.6477678443 455.738776835 
29.0702366403 -5.82785553388 462.599152713 289.292424089 44.6834155529 266.573035284 -450.668141963 -191.278327172 -190.918803797 -415.010307885 
127.010896747 -274.163193161 10.1573072051 -455.620295971 297.738186219 -314.023593969 404.406645046 -154.343689053 -29.0468425172 -107.878879339 
459.624858397 -165.893509495 36.1462499794 49.3888943538 -417.004006233 -179.546890357 181.325224991 -432.490373913 43.6090367064 322.864239918 
-36.641562714 86.8213169447 -26.433756291 -460.875399891 184.854268929 -267.86127294 410.594840027 -286.596086385 405.707468596 -164.046507136 
-102.185007168 406.374130721 -267.094800712 -316.194845945 -459.734759115 -101.718323397 65.7444162549 254.791803458 398.584877018 11.4827448008 
-93.7526727358 -185.27930938 452.315724197 -338.414162429 -11.2695853736 203.372021915 28.0266606935 419.18087253 -418.192506682 -99.7349819829 
259.751045108 448.819890111 253.109759515 238.687716855 24.6066582898 -371.208932355 -33.1905153265 6.14985604771 -369.417741933 -29.2923945581 
26.9666541828 425.492095488 128.026440314 -80.8853571607 -89.219492708 197.308170121 -420.952298169 357.880014099 -184.791795881 -410.895464859 
254.43816918 -459.701936959 183.496931458 -29.2341891419 -258.732232783 -110.648471897 414.336132268 101.90915518 -242.540974773 425.702427361 
432.965275862 -31.4627949975 188.268783085 -234.829170387 -27.1574707421 416.426608658 -428.394491883 304.628716447 191.273199007 66.5275889181 
327.179992485 27.5730485743 299.718760083 -234.306788049 314.487084797 -6.19613247249 -14.4398112358 -434.247274456 -324.061963525 73.7930706176 
445.740256312 296.259048899 313.523561312 24.0321135419 -25.0749871928 -149.046401308 237.459341411 -85.7106530678 -381.52628757 -373.618248396 
94.5161695477 335.455667222 6.67768561774 8.17536698425 315.701050982 369.341927049 -210.27135077 -450.403229024 -226.209031972 2.79540233236 
-79.7541118782 271.067979021 -78.4573747196 -118.48968598 455.381970492 129.403464266 -42.2218106624 428.073603286 -403.955626243 -337.169186064 
17.1523774687 -315.024980501 -222.234242714 -303.793601751 3.24278295052 62.4395575199 120.945344792 -95.7017488328 434.525225975 418.032832779 
310.611564257 -40.8862512892 428.156248068 244.117764398 -459.625981583 -81.3179297779 -30.6395419522 -390.904437609 91.4074388829 451.992778487 
13.7349781833 -316.957280263 -306.247327255 -318.390489847 153.011179187 414.92543436 16.8159259828 446.698266258 127.770510775 -96.3270876958 
-58.2510947655 -442.679484438 403.156848637 431.040816468 288.956306872 -423.996224385 68.6897639075 24.4155183033 -184.356091682 2.67071795633 
1.80509261228 45.9611727763 -407.644904878 455.639964096 -427.853234591 240.202252789 22.5580120338 371.742357167 274.314675698 -234.418886504 
-29.0711189363 -408.021214638 -455.58889598 -69.1502250012 -298.70387771 -62.4864233615 331.533953117 -54.0696034394 457.581190594 148.993497479 
-29.1551991323 -146.39550599 187.381798074 24.2336147884 275.952619155 421.074885544 438.698137746 -34.2019682206 -458.914312071 -246.516071135 
-102.109070527 23.5885678692 310.545038567 -437.931982229 446.234603341 -6.16374004646 369.189941732 63.4017216656 -136.592212442 -324.521768093 
95.4528194607 -121.598896655 -461.537538872 -237.26888409 -15.2740896207 354.818549455 -334.366625731 361.950679295 304.977830198 -16.1307981132 
401.413862086 201.198692709 21.3983314202 318.597042208 -188.69328552 -422.513934636 -317.308786646 -401.822062014 -123.599148086 25.4779054514 
433.188255421 -439.638829397 -208.311960363 30.5772762752 262.728227894 431.753886104 5.32344704595 28.7994667221 -89.2087002492 -308.15679082 
302.976478748 -62.9712098701 -459.387783819 270.33059417 -402.452501844 -200.964444654 24.7427248012 -273.716071065 445.202865474 86.3031773295 
452.068982809 -316.869818145 178.622046489 40.1404367317 12.5771353548 -457.993045584 16.8356672629 -200.437604985 -29.5491427952 288.019931065 
448.8171289 202.608262934 260.77907965 -382.97896624 -364.106422348 -310.165756922 -20.9710828987 28.4246299742 -26.0173230957 242.924821402 
348.206560835 -32.7165473374 126.13434781 -328.292281915 -128.652205723 -23.4007222377 -29.0596766792 444.152359678 -352.195185473 291.437366143 
387.534636465 25.7131636625 409.695152108 -122.189553322 -73.0507588292 -320.54233445 -196.665478664 28.640774117 -435.500226944 249.375962302 
-202.763027349 355.649531752 4.4702707085 45.1140772015 385.772051799 -177.005595294 -421.610318834 -221.712083338 39.1528813683 184.256114143 
458.603252625 -391.688449411 -185.621444772 -22.4851938621 36.6946447493 -403.251664783 379.876478702 182.824661118 -53.3658949854 -224.494786173 
453.351647718 -257.970537974 -390.354003849 171.321558134 198.529582499 -444.066452769 -41.0556171531 -28.4382755681 -51.7076139315 312.545716578 
-390.842678981 286.559054434 -13.6690126414 -410.410562863 447.202390056 -75.0149395171 290.894662579 240.383922046 -32.1248637471 -67.2182277755 
