1.23999999697 1.14213144253 1.03114707063 1.23999996201 1.14212219799 0.79122438389 1.24000001824 0.661299085552 0.920055344546 1.23999979823 
1.0145890907 1.03054197259 1.14113711939 1.23999650793 1.24001350225 1.24000019852 0.951677617171 1.14213136332 1.01774845403 0.776200704067 
1.14247951149 1.01534135066 0.975586153366 1.14213090487 1.03815770618 0.681478571523 0.95386672907 0.755202814265 0.905879676999 1.19362521072 
1.23999998817 0.98666644601 0.994084640845 1.02017882591 0.768638325858 1.02082228204 1.01277415265 1.14263063422 1.23999999393 1.09058298498 
1.24000000018 0.941576006935 1.02553409966 0.569545130917 1.14213143477 1.01855934503 0.994821364228 1.24000004969 1.01439061383 1.06351260377 
0.947487452601 1.14213143477 1.23999998455 0.78146573698 0.99113740385 1.00777336058 1.24000059509 0.676713335208 1.08814796712 1.10265643858 
1.07671445163 1.14856039286 1.11790450606 0.880936618568 0.791039251487 1.04628599182 1.24000000155 1.14213143477 0.871577189257 1.04363105279 
1.23999993458 1.1418558938 1.23999976849 0.983108019042 1.14213092434 0.71860261827 1.2400000058 1.24000000541 0.847478811759 1.05766542093 
1.2400002147 0.849526518323 0.964141051468 1.14250416922 1.23999996054 1.23999993134 1.12079643376 0.929894377972 0.859241349292 0.983646839914 
1.23999999517 0.843757978805 1.00232861943 1.14213141357 0.826074201318 0.647641319782 1.23999900645 1.24000000135 1.21157039298 1.0312171559 
1.14212986944 1.24 1.23999987149 1.03089114196 1.16173590184 0.950869382926 1.14043116907 1.0105088562 0.913684759677 1.00374542978 
1.24000004772 0.929996081816 1.23999995082 1.2400000026 0.992049986364 1.03642645914 0.785849910369 1.01590195171 1.14264263353 0.995056474384 
0.99173251713 0.998180755334 0.993405859351 1.03810351447 1.23999986292 0.881238180358 1.18521796893 1.14213143717 1.23999999325 1.06978342572 
0.958062135413 1.24000002118 1.01660056365 0.911872509358 1.24000002669 1.23999990718 1.24000000013 0.950884323294 1.14247560121 1.14721248608 
1.23999999985 1.05488614982 1.02329728424 1.24000031561 1.02068207043 1.24000001424 1.0538405459 1.09252871741 1.14211249297 0.986534756562 
0.97152379752 1.14199449629 0.756035863101 1.07187249726 0.865422549522 1.23570153658 1.14177350666 1.233806793 1.06812772098 1.14213143477 
0.781305304796 1.14213143477 0.919517725278 1.06882759018 0.687406348138 1.10258665188 1.14213143476 0.773929754746 1.23999599105 1.12466841942 
1.14213143482 0.99374172311 1.2067051795 0.799510021766 0.958904200068 0.990317030927 0.850384334904 1.14213027386 0.731766826109 1.23999996411 
0.981977321838 1.23999999943 1.14213083662 0.87791359237 1.21749077267 1.24000000008 1.00364417752 1.23999999997 1.11757253272 1.00417484097 
1.00070134765 0.983178290004 1.24000000001 1.23999999999 0.996986464623 0.799863197611 1.10754632832 1.08672867238 1.14211249299 0.896917861196 
0.927339176853 1.0772032157 1.16367069764 0.976197709315 0.702297539784 1.23999999997 0.984265411713 0.974085756366 1.1424073141 0.814755274041 
1.08632598029 0.947685461991 1.08345181547 1.23999989964 1.19886644757 0.976239798701 0.570031922534 1.14245968457 0.914013612082 1.14520022688 
0.94624544362 1.08030286962 1.23999999982 1.14043719128 0.833265744543 0.969145308656 1.02376884438 1.23999999582 1.14213143477 0.958886362735 
1.11700511042 1.04416692581 0.994164980515 1.23999999988 1.23999999972 1.01025846697 1.14242649326 0.901843540052 0.93814363933 1.04432348446 
1.01229328836 0.961430944879 1.14212906742 1.13896129087 0.94113362142 0.826727083597 1.24000000382 1.23999932245 1.2399987395 1.23999977733 
0.739362114256 0.879654263107 1.24000008788 0.999165903671 0.655969136342 1.02930315533 0.998039044531 1.14213143501 1.23999999642 0.997359567309 
1.14212998791 1.23999999999 0.874090969696 0.978554627728 1.23999999856 1.03572730514 0.924582575403 0.989106481841 1.24000000003 1.23999999972 
1.02337104996 1.02583865635 0.67292701602 0.986169627629 1.12726128325 1.13847283849 1.02305997312 1.14959946867 0.991879661436 1.05587028321 
0.68778431624 0.825644200967 1.05143550955 1.14213143476 1.14213143477 1.06995301966 1.23999999917 0.827567002506 0.797404982267 0.896306087647 
0.97856045524 0.9891132287 0.874090104232 1.23999999675 1.23999999984 1.03565016924 1.23999999741 1.14212998883 1.24000000004 0.924578019688 
1.14210930422 0.77312212238 1.03296553274 1.10782983003 1.23999964324 1.07014156988 1.23999988053 1.2400002038 1.14213143477 1.19932864676 
0.94502462652 1.1916308619 1.23999999975 1.24000000003 0.81584710816 1.23999999999 0.918226382143 0.983682415426 1.14213143477 1.00646029505 
1.08850939498 0.988722029453 0.960623876787 1.18338545781 1.10086446519 0.714637213808 0.948289352131 0.934722930155 1.14242381115 0.993196079724 
1.14211249278 0.938636168696 1.23999999993 1.23999999991 0.993106631154 1.24000000019 0.920765771606 1.24000001128 1.16237467353 1.23681383748 
1.13329599663 0.782446758398 1.03814631178 0.886412252642 1.23999997966 1.14213143474 0.82955912398 1.23999999708 0.994522628859 0.888385549948 
1.24000181918 0.989856413814 1.24000821255 1.23999621162 1.00030196301 0.817724856997 1.13937904671 1.14211954827 1.14213131296 0.645675099326 
1.13230148504 0.91133369973 0.991431130084 1.0469716283 1.08684192331 1.00832881087 1.14292036207 0.721266031895 1.0341189012 0.983657668561 
1.04380782758 1.24000001864 0.895236667515 0.964405941651 0.739360330069 1.23999999571 1.01618719434 0.939491305296 0.996284221475 1.14213143477 
1.04326508519 0.866983922483 1.14164068601 0.994895924277 1.09010983907 0.9858174205 1.15359062612 1.04438826372 1.14682258826 1.21679769443 
1.1955598176 1.24000001427 1.02868017874 1.02987553291 1.23999999981 0.642543574588 1.23999999317 0.903966574574 1.14213075298 1.00211642957 
1.24000000001 1.2400000004 1.14455300509 1.14211248849 0.864442731681 1.24000000003 0.856362448556 1.02775648821 1.08344031818 0.884373841533 
0.988114426886 1.14213121069 0.882811261214 1.24 1.24000000005 1.24 1.00799385314 1.03243673529 1.24 0.578241050671 
0.767436574454 0.899519023105 1.23999999992 1.23999999251 1.05533531613 0.974753518406 0.924715600313 1.14212943047 0.993641795075 0.993961395967 
1.14246575906 1.002181903 0.916787528363 0.948862767118 1.17273058029 0.999230803662 1.23999999731 0.952790499993 0.942139757902 1.24000001877 
1.14188952075 1.23999999991 1.2399999994 0.800180639043 1.14230355818 0.859094195934 0.741433149157 1.15729268681 0.989407237535 1.24000000013 
0.637062824023 1.11762918127 0.693584506231 1.06110994169 0.978252526649 1.24000001168 1.14201454686 1.14213133061 1.24000004795 0.958465708686 
1.14420118506 0.981602815287 1.05081277799 0.725395395941 1.14202467723 1.1241644025 0.867343041338 1.14650013785 0.963677729914 0.867342266131 
0.960255831399 1.14213143476 0.728174980989 1.23999999998 0.954238481404 0.618991857072 0.931890155538 1.04956190786 0.914338714419 1.24 
1.23999974642 1.07318692205 0.747369357377 1.19627725342 0.944638992332 1.24000120116 1.14213143479 1.17550109689 1.14336633551 1.01348565147 
0.987758039286 1.24 1.23999999994 1.24000000002 1.24 1.00817562568 1.23999999963 1.24000000035 1.0188978325 1.14213056266 
1.00297561197 1.1530899665 0.782082310943 1.16050764053 1.23999999969 1.1421100749 1.24000000034 1.14213143492 1.24000000023 1.07629391643 
1.24000000051 1.01372445397 1.2400000447 0.822695729944 0.897580928127 0.894247325969 0.958171493843 1.07222165749 1.14210377202 1.24000004008 
1.1765052026 1.23999997149 0.999743576351 1.02258890218 1.1421362034 1.24000003534 1.0715684152 1.24000011442 1.02335739405 0.987601750841 
0.901191549722 1.1867833334 0.804480079703 1.00552799977 1.09417730447 0.904013995897 1.18567864793 1.14213143931 1.23999999998 1.00453593312 
1.24000000121 0.927109384802 1.14213149192 1.00912649353 0.864946432153 1.14213143447 0.887048307112 1.06382611312 1.24000000131 0.955296890961 
1.11372328316 1.14243940287 1.10071250576 0.723894283528 0.992707898969 1.07155840016 0.989081108625 0.940426876794 0.898591842917 1.23999999991 
1.23999997365 0.879390795755 1.24000000048 1.00681222837 0.976794758328 1.00947347103 1.14241087003 0.897295312336 1.07095431057 0.968928327099 
1.10997409288 1.24000000005 1.18728642032 1.04702233868 1.23999999762 1.24000000019 1.14211249265 0.996090690123 1.24000009235 1.24000000008 
0.84227862693 1.04349937562 1.14211249301 0.65689721977 1.14212752323 0.788186221606 1.24 0.985802954507 1.24000000128 1.17252820983 
1.08818441783 1.14399407914 0.993795770713 1.14802039894 0.889159165796 0.638931173863 1.03390066474 0.797816733934 1.0007505701 1.17045754669 
1.24000000028 1.2399996269 1.00998065104 1.14212748635 1.14167931403 0.858334352045 1.23999891091 0.83106041185 0.923593629254 1.02475920767 
0.999153052731 1.14212979261 1.24000000005 0.966975359609 1.03649656874 1.15088377964 0.986175433847 0.798853332688 0.718015437421 0.947208309972 
0.912312111712 0.999577031444 1.14299783329 1.1421314328 0.833465413366 1.24000003414 1.08642180184 1.01939579186 1.03522357009 1.23999998703 
0.98608534708 1.0272777669 1.09578264828 0.861949895732 0.717585037986 1.14259308751 0.941816810885 1.09171625611 1.00474366903 1.23999999781 
1.14213143477 1.0372437295 1.14849936771 0.787452748731 1.2399999476 1.24000000202 0.860060508653 1.0578519726 1.07451294071 0.782699897765 
1.08688686594 1.14203874319 1.03054009767 0.979929744968 1.24000000005 1.24000000002 1.2377652215 1.02185654715 1.08703404867 1.14213143477 
0.748916546219 1.14248367496 0.954827478059 1.23999999999 0.936129339443 0.871560530798 0.975196728705 0.927539023344 0.899331797697 0.570721304498 
0.982795001043 1.1370234744 1.08744230358 0.979573683866 1.14213143479 1.23999999984 1.24000001197 1.1359357401 0.985021017111 1.00132819251 
1.23999999944 1.14213143477 0.971919568994 1.23999999998 1.00632264992 1.23999999916 1.24000002258 1.2400000012 0.939373374398 1.07948770758 
0.909798594846 1.14236914586 0.761527994508 1.029288877 1.24000205851 1.01892706496 0.920444167994 1.09248537918 0.927960652423 0.923248485511 
1.23999999227 1.23999999619 0.978105064191 0.731307604571 0.956322989798 1.14187171969 1.14213097846 0.845223729237 1.05697372437 1.20912832145 
0.978492508933 1.00639998403 1.24000000001 1.04417013457 0.751259608767 0.827471414808 1.14213143477 0.883433861252 1.05026870797 1.16912789663 
1.0810799496 1.07338000854 1.14213143477 1.02879440413 0.8873459872 0.849234444514 0.672916831549 1.23999997155 1.23999999992 1.14213143475 
0.996953905185 1.03601410275 0.971284742936 1.2399988238 1.24000004373 1.14184945562 0.867216388799 1.07021355649 1.04947045893 1.14213143477 
1.14421561768 0.989671880454 0.67292872415 1.08843934436 0.600414289691 1.00510546494 0.841513759257 1.23999932975 1.11575860353 1.09318599279 
0.846334204497 1.01514553686 0.97341647351 1.14247792238 0.877283467881 0.953538754682 0.992798983292 1.23999997653 0.937287610003 1.11755283502 
0.99141885959 0.931002052152 1.14230789146 0.953762517563 0.585705491692 1.00768453952 0.922575235564 0.773417838401 1.24000000304 1.14214678245 
1.01036510781 0.691347770143 1.1309539125 1.23999999966 1.05314811696 1.00785819561 1.1508373314 0.938942007627 0.659249737677 0.983560594965 
1.24000000024 0.96330338858 0.986879329759 0.937179628642 1.23999999994 1.14090914139 0.799136902621 1.14213072921 1.24000000001 1.02953918058 
1.23999999995 1.14238721283 1.0820545184 1.17645732232 0.721321446072 0.985149806512 0.926977321714 0.936286202679 1.02579761556 1.23999994402 
1.17991047086 1.23999999452 0.919487205669 1.02307211802 1.24000000081 1.00492252317 1.0190639787 1.14213143498 1.24000000071 0.638589281956 
1.14166800402 0.969792593131 1.04411985902 1.23999991373 0.890101281993 1.12349908787 0.893947449325 0.967197351823 0.970895764534 1.14213143477 
0.975654851913 1.14247930097 1.04058652557 0.755205581122 0.905634806843 0.953797850201 1.14213090312 1.01525200912 1.19367988562 0.681362996679 
1.14213143804 0.793681726505 1.08604598515 1.142112493 1.2067957473 0.91150951903 1.24 1.11755676124 0.955374481554 0.991218312542 
0.675501339328 1.14213143476 0.880189038449 1.24 0.947458387132 1.23999999989 0.903572157746 1.14214608887 1.06996555647 0.949173021074 
1.05351684807 0.856275124597 1.23999884164 1.14181962276 1.24000010557 1.03894133454 1.01412020885 0.912337849125 1.14213143492 1.05438971491 
1.14212968337 1.23999999998 0.994249786189 1.03880100536 1.23999999846 0.760468875497 1.05292908286 0.624712330716 1.01306838793 0.991479425548 
1.13729881388 1.10270757195 1.24000000042 1.0018873694 0.804162257405 1.00684688629 1.14213143505 0.858063626993 1.24000000093 0.770300530551 
1.03879654831 0.760487755919 0.991483257466 0.994264893115 1.01307192855 1.05293104497 1.14212968369 1.24000000018 1.24000000002 0.624719149343 
0.99036398919 0.850063603799 1.14242403551 1.06163514036 0.936046153956 0.971046345603 0.905636479926 0.903500775959 1.12832356685 1.10592544197 
0.925904435483 0.975243650086 1.13921301433 1.14213143796 1.01642655437 1.24000000324 0.871233797453 1.23163292367 0.968969872888 1.24000000015 
1.01203359307 1.24000002565 1.14213144394 1.14213143477 1.03640795191 1.24000013164 0.889581702589 0.993118767105 0.996708546351 1.08803342785 
0.987750267641 1.06688962896 1.06641829989 1.1421258999 1.24000000036 1.2400000002 0.984046046175 1.04938887803 0.875127812585 1.23999999997 
0.971686761676 1.14209235334 1.14417953895 0.983965464274 1.01817749434 0.859674576568 1.06009829155 1.14757692201 0.72507514727 1.12483418366 
0.885728981018 1.01026351065 0.989319699282 0.723320142441 1.14213143666 1.03101579937 1.01206857743 0.804882650092 1.05857391479 1.23999999453 
0.993515930485 1.14213003997 0.980508612531 1.24000054362 1.06691344854 1.1623949222 1.24000005044 0.777159433201 1.23999997349 1.06019037429 
0.817271249893 0.941199255226 1.23999999999 1.14217692997 0.899124263983 1.23999999998 1.01488310015 0.879694098443 0.664330779239 1.14213143475 
0.939265443904 0.887678186996 1.04020715774 1.05004407772 1.23999999976 1.23999999992 1.13329989552 1.23999994247 1.14212992373 0.871116304484 
1.14213143477 0.843768403581 1.17681334035 1.23999999995 1.05187924135 0.779399171742 1.2400000004 1.24000000003 1.24000000013 0.887308276304 
0.871157312383 0.748964636214 1.07027809251 1.1432665899 1.24000000032 0.942285267527 0.896904588383 1.01183828584 1.1893667403 1.14213143479 
1.1163463871 1.24 1.14212480212 0.873100151521 1.23999999988 0.999020386393 0.887240819463 1.24000000002 0.977047963093 1.05404031321 
1.23311431674 1.23999329171 1.09606040753 0.619987932849 1.01446930449 1.14213131302 0.595733221349 1.10030420071 0.983804171186 1.2399985512 
1.14213143477 1.14213143477 0.906715347066 1.11584437446 0.885956427527 0.739666684362 1.02550895761 0.839238097624 1.10236773919 0.953701011756 
0.625302780205 0.997448376966 0.944199850445 1.14188326101 0.920564642972 0.91871269257 0.941440258855 1.23999983323 1.23999999999 1.23999999829 
0.9755528565 0.859505533958 1.14213151262 0.657719654214 1.14213143477 1.02699426723 0.971603222833 1.17580672573 1.06857289632 0.977588477142 
1.01525950967 0.920305776091 0.861858364296 1.23999999261 0.929435586625 0.930417033872 1.03058555263 0.688890857932 1.23999999357 1.14213143468 
1.24000000041 1.14213137624 1.01022660314 1.22408660548 1.0002675495 0.941799619736 1.23999999829 1.00584312975 1.23999999198 1.24000000195 
0.658016740743 1.06823314467 1.14213143477 1.14213151251 0.880429096856 1.02232424969 0.775565433151 0.894703924617 0.976961256376 0.998468070327 
1.24000000007 1.24000000009 1.23999999789 1.20904507367 1.00938334279 0.982601892808 1.14211946122 1.24000000006 0.834582577257 1.09166572421 
0.929249378129 1.08234002151 1.02174733271 1.03443481074 1.14213066549 1.11017921571 0.957523718114 1.24000001169 1.14124255828 1.24000000013 
0.944101179562 1.24000000015 1.24000000466 1.01935334913 0.990928315498 0.884017220006 1.05168986621 1.14211249304 1.23381951753 1.13309010532 
1.0404176088 1.02657698615 0.967800466902 1.23999997842 1.14146819171 1.14330617738 0.958801107161 1.0399141749 1.14213143477 0.93931538014 
1.14025795524 1.0915541707 1.2400000383 0.851445323061 1.02533806899 0.951249106213 1.19686378498 0.92886294725 1.14149237976 1.08400699427 
0.542534711076 1.22924544248 1.14213143526 1.00491920462 1.22305047477 1.24000013112 1.0193857299 0.97240411439 1.06119748659 1.23999993355 
0.816571323879 0.95886147021 1.14213143477 1.01097828376 1.04829486959 1.24000000211 1.23999999958 1.11482081163 0.99036667257 1.23999999926 
0.738269374831 1.24000000222 0.56917494765 1.14213882008 1.11524788706 1.24000000279 1.23999999977 1.20592282905 1.24000000044 1.14213143477 
1.13437672015 1.23999999823 0.86070641414 1.24000077432 0.647932917609 1.14216246005 1.23999999993 0.880965308577 1.06689718153 1.00353122936 
1.00816001933 1.14131751871 1.09195061807 1.23999999989 0.768698549888 1.03369332364 0.986615854743 0.676136949118 1.21740368565 1.07470887035 
0.985666547362 1.14213143477 1.23999999289 0.827037818666 1.14166670478 0.916677802034 0.941312862963 1.23999972855 1.2400002106 1.04072909339 
0.986282670084 1.24000000002 1.11962159335 0.977127557287 1.14213128097 1.23999999981 1.22163836599 1.02493401563 1.14213143477 1.2400000004 
1.03662727869 0.982942818572 1.24000001819 1.10820960017 0.659347804763 1.10762200814 0.997421239084 1.14213143501 0.957621988231 0.808989402768 
1.11206817112 1.19075497695 0.868519818017 1.14213145709 1.03217761682 1.2400001489 1.21035574056 1.24000001824 0.84756109354 1.14113842869 
1.05789833054 1.14213512028 0.893282872274 1.15397394489 1.2399999855 1.14181017437 1.06156074186 1.02030780341 0.990624147286 0.983213909026 
1.23999999991 1.23999999961 0.872243542483 1.00913882725 0.948194991021 1.23999999992 1.14212085576 1.01042477357 1.07220910397 1.24000000024 
0.963299794003 1.02954785412 0.937175485553 1.23999999995 1.14213072883 1.23999999978 0.799135028877 1.140909518 1.23999999923 0.986874637211 
0.88075580138 0.935242151265 0.881945181364 1.24000000795 1.02552931559 1.2400010552 1.04218891135 1.14213143477 1.15010830299 1.24000000637 
0.928294996801 1.23999999997 0.887019775135 1.23999999998 0.877485745139 1.00106060026 0.980594398355 1.11444766714 1.23999999916 1.14213049004 
1.14091047797 0.799163991391 1.23999996876 1.23999999975 0.986785748967 0.937164558283 1.14213072716 0.963308008984 1.23999997887 1.02956481629 
1.24 1.1421314368 0.984406819737 0.994158164291 1.24 1.24 1.24 1.00325131349 1.10820543359 1.07173701902 
1.03735382013 1.07155776341 1.14213143477 1.09061207415 0.658965352249 0.978711668032 1.02602031421 1.06091044067 1.14213168115 0.983789946833 
1.04735244326 1.24000000001 0.650634622446 1.01057075915 0.807168932764 1.1596906026 1.14211249296 0.94447680888 1.23999999998 1.23999999558 
1.01986506312 1.24000010533 1.24000000133 0.987641886251 1.03988134768 1.24000140678 0.936760041129 1.05856794066 1.14213143477 0.569233529252 
0.74891548021 1.15422472735 1.24000065303 1.23999999924 1.13492959522 0.935739473539 0.987477353757 1.01432364051 1.14211254788 0.997022748674 
0.690584147111 0.895688628326 1.00146127622 0.715421690495 1.0041141919 1.01910194809 1.21905903922 1.23999998968 1.24000000018 1.14212943806 
0.981398450039 1.24000332462 1.14211249299 1.23999999762 1.1333200582 0.836771349613 1.04719809051 0.751161210918 1.04083935906 0.980992952202 
0.864413210691 0.983692698586 1.14369616005 0.989949577808 1.12160898597 1.07956021484 0.623626696437 0.996437243498 0.603607969724 1.10343618961 
1.13760511385 0.95411481254 0.738411652524 1.23999985231 1.14213143479 1.14965265309 1.00652840017 0.887701752739 0.916816458781 0.687696606257 
1.24000000001 0.959408308274 1.1100507948 1.00922884858 1.12353375929 1.14211259172 0.764158283928 1.23999999999 0.966665963575 1.14355769788 
1.24 1.21912208075 1.14243798748 1.0266284363 1.24000000001 0.938824445382 0.865523672241 0.811955454592 1.14187216344 1.23999999987 
1.22275021042 1.24000000012 1.24000000002 0.974302504721 1.14213143486 0.918627166616 1.24 0.850824785292 1.14213116038 0.662012903291 
1.13153383715 0.661077344904 1.05703922437 0.831258630041 0.960564058025 1.14213143477 1.14183953408 1.01614759085 0.955920020079 1.19150362931 
0.897387640243 1.2399999726 1.12128292602 0.660106156715 0.819447044693 1.23999997975 1.14213144348 1.01836292943 1.239999999 0.990304536718 
1.05706917562 1.09406263256 1.14784194156 1.12585091103 1.00409421641 1.23999999623 0.941449800844 0.975340790559 0.984230682963 0.851624082117 
1.23999999147 1.14183958375 0.987996214803 0.904200740167 1.05480184676 1.14213092728 0.844337323686 1.05993860803 0.709979227829 1.23999999838 
1.12877586563 1.00084543235 1.00046191866 1.23999999997 1.23999999574 1.14213074979 0.896516975188 1.09359436909 0.947874623871 1.23999999996 
1.14213143426 1.23199763682 1.06263034346 1.24 0.981360303337 1.14212799946 0.92860437146 0.556652354499 1.19092247011 0.878325002004 
1.09684857268 1.15124302944 1.14213143477 1.14144126779 1.24000000009 0.88386088655 0.931210417977 1.01536061378 1.24000000011 1.06268801944 
0.872363240919 1.24000311861 0.997355854096 1.06107114258 1.24001820243 1.24000079193 1.14211250723 1.14088239944 1.08294691232 1.23999999574 
0.965314123308 0.983424693784 0.879072035618 0.620745180186 0.603554983373 1.23999999999 1.03738478969 1.14887381609 1.14213143477 1.23999999977 
1.24 1.23999999979 1.05285786377 1.0261029891 0.814994428159 1.05876449342 0.659593628361 1.14213143477 0.992510198665 0.783397267648 
0.752974046826 0.969688850217 0.759549984293 1.08936641327 1.23999999999 0.699100741298 0.655569112473 1.14246856387 1.14213143477 1.11671756957 
0.82951123472 1.24000005096 1.06905915511 0.8539715134 1.07602175134 1.24000028605 0.980060205193 0.907380339044 1.14213143477 1.06167892136 
0.903202475592 1.23999998944 1.23999999938 1.00840400064 0.902796222583 1.14243617236 1.14213143473 1.23999999945 0.668354532799 0.792616656741 
1.03798399966 1.11129402376 1.24000001157 1.14212978376 1.15712050071 0.960460416653 1.01414579576 1.24000002049 0.838458435695 0.918289476385 
1.04145710812 0.992256580389 0.778273818757 0.999587806138 1.03522614573 1.20987567629 1.04154324626 1.14379078263 1.08258774361 0.943177105268 
1.23999988919 1.04968224938 0.588332072148 0.905498727262 1.23999881444 0.880677046384 1.08218100124 1.14213143938 1.01579337971 1.01384120279 
1.07854826887 1.24000005417 0.969487611031 0.93029273597 1.1421314351 0.798414862989 1.14197538432 0.907270301492 1.24000009965 1.03339267004 
1.04713663136 1.23999999491 1.24000288298 0.807324573223 0.871252471151 0.940175015909 1.14213168205 1.10118851696 1.14197298939 0.782930512212 
1.24000000004 0.89938944853 1.21251125551 0.982782310256 1.23999990064 1.14213143479 1.21822519125 1.21798423687 1.00463398053 0.634074782591 
1.23999996731 1.21772706172 0.985375731481 0.977906109652 0.950429310484 1.1421204453 1.17440817991 0.660609401401 1.14213143497 0.812543474232 
0.89442766099 1.22006704155 0.635926285796 1.02381049559 1.14213145866 1.2399999994 1.24000000328 1.0272710837 1.0077576696 1.19279463526 
0.835364890351 1.01728828393 1.24000000008 1.10791492489 0.733469937004 1.23999975426 1.1421313904 1.24000002239 1.1408693242 0.929590856953 
1.05159162041 1.14213143479 1.10757429624 0.89361741395 1.24000000172 0.886565868641 0.940953864712 0.987413652576 1.23999999996 1.13748095715 
1.00844906096 0.982710156924 1.10361326618 1.13767975942 1.14213143516 0.869885458702 1.23999998882 1.24000000818 1.10557957717 1.24000001661 
1.24 1.23999999998 1.01146135242 1.24 1.14211249266 1.24 0.973014810897 1.23999999999 1.18266680168 1.08743116125 
1.14213263815 0.517177726959 1.23999997537 1.21681853973 1.24 1.23999999768 1.14213143477 0.887553125461 1.06088433876 1.08206018453 
1.24000000001 1.14207007097 1.14213143477 1.12289027812 0.976601298095 0.844709009746 0.724443714863 1.09892238134 1.01621532807 1.00774768584 
0.996780597876 1.11684463743 1.14213022996 1.24000011775 1.03695062343 0.932016450785 1.24000000025 0.938234769383 1.05048897575 0.982799948995 
1.24 1.14213143478 0.868480993721 0.983747403299 1.01416360621 1.13908061013 1.00400010092 0.984600863467 1.02604389353 1.04698958955 
0.969471841466 1.04138427211 1.24000000001 1.09572784143 0.97342210479 0.891546399556 1.14213141204 1.05208279835 0.820809890904 1.24 
0.936075180801 0.970915433211 1.06193037352 1.14242400475 0.903477445396 0.90605800646 1.10591341561 1.12746254276 0.99034272305 0.849440661122 
1.23999999996 1.23999990257 1.14211072878 0.918723593033 0.900415937954 1.1799662999 0.862900118177 1.2400000005 1.14249809719 1.2046446377 
1.23999932317 1.14212748584 1.09462680207 1.24000002813 1.00781353777 1.12841185589 1.2400000074 1.08672876926 1.02754073618 1.01235456073 
1.09131413395 1.08048402839 0.875103951351 0.942052570807 1.2400000002 1.24000000005 1.14213143477 1.21488362621 1.23999998255 0.79627890135 
1.23999995591 0.80602585285 1.14197978353 0.906325961573 1.142102561 1.24000000026 1.23999998602 0.883871378438 1.20841403981 1.00647590278 
1.12701893661 1.01401298813 1.23999999896 1.14213144117 1.10996105641 1.16529517956 1.15558995795 1.12181695174 0.977771411809 0.584361493238 
1.14213144856 1.24000001534 1.01666775794 0.986617401171 1.02574137814 1.24000000838 1.24000023937 1.2399999781 1.14213094712 1.20586123243 
1.15481647914 0.977254600876 0.885979417877 1.00175055431 1.00463302829 0.979830292154 1.19843631537 1.23999999232 1.14213144178 1.20016306621 
0.836166884523 1.23999997102 0.882104579027 1.23999992192 1.02691084302 1.14109462475 1.24000001463 0.920732724877 1.14213113103 1.03216208345 
1.06531297863 1.20071003216 1.14385907523 1.14183342399 0.994895624398 0.954623549233 1.23999992356 0.844182464073 1.03370365771 1.14216932562 
0.947894172668 1.00044713502 1.23999999998 1.09359597559 1.24000000012 1.23999998995 1.14213075014 1.00086448682 1.12886693265 0.89647289501 
1.14213146507 1.23999999644 0.98227976268 1.09733452049 0.753146217662 0.79295848313 1.0988527271 1.12425720396 0.862984938844 0.983310389754 
1.24000000603 1.23999968161 1.02456975107 1.14213143477 1.14212996479 0.874538756842 1.19930186654 0.56191214333 1.23999975556 1.04320756215 
0.797858360117 1.00551658989 1.24000000007 0.810355088494 1.00413223937 1.23999999986 1.14213129128 1.23999999976 1.10264628735 1.13975939287 
1.23999999187 1.23999999023 1.14211446452 1.24000156361 0.686184976496 1.24000191088 0.756850989791 0.958837168825 1.09337290483 1.24000062717 
0.794412773297 0.747082061771 1.1421131365 0.978446047873 1.23999626026 1.14213143965 1.01164438937 1.24000007247 1.10765838827 1.15049375211 
1.24000000008 1.17271893839 1.00026462445 1.15119573726 0.773059589818 1.14399729755 1.05576862153 1.142112493 1.01327198292 1.23999999991 
1.02114743537 0.854646365111 1.06847034862 1.14042341811 1.24000000075 1.00314262606 1.24000000033 1.24 0.87649568786 1.14211646683 
1.23999952847 0.825732555267 1.14213143479 1.2399999937 1.02037140629 1.1421314334 0.882387691077 1.2399994547 1.24000009772 0.618329090503 
1.14242183433 0.89485115447 0.666003944768 0.933939364827 1.03679063232 0.990141594301 1.11664473279 0.858256121296 1.10533854319 0.885222806694 
0.952742464639 0.657798472455 1.24000002082 1.24000007299 1.05052174723 0.568983311094 1.14213143477 1.07391316849 0.773124409548 1.14213143342 
0.77439088021 1.00239031972 1.24 0.643152379891 1.24000000006 1.02701886754 0.882634358428 1.22793598916 1.14213143477 1.09646288053 
1.24000030914 0.994463793186 1.23999971935 1.14213141552 0.613649867361 1.18164336167 0.927756707507 0.960464041931 0.978303792908 1.00645368815 
1.11510443702 1.14213143477 0.96710805939 1.05278477527 1.23999997936 1.11539967172 1.23999989113 1.1373382028 0.795205834212 0.974133624227 
0.804930207662 0.914641691798 1.14254834863 1.03731347052 0.978430025882 1.00120702358 1.23999999998 0.746965301562 0.968043881592 0.836121640755 
0.953774223132 1.03105649323 1.23999988555 1.14197734252 1.23999994377 1.03446251779 0.859773739372 1.14247685656 0.859527092648 1.2399996809 
0.882633373399 1.0181556671 1.24 1.00036698494 1.19417391958 0.827031198485 1.142112493 0.770110238182 1.14212615972 0.630382357983 
0.995098732433 1.23999996348 1.23999998698 1.23999977124 1.14542075147 1.14211132921 1.03366823977 1.05972580376 0.864684586221 1.142162279 
1.19625034419 1.01006577201 0.970219374152 0.957821084993 1.14240423379 1.14064814231 0.905971430159 1.23999999911 1.23999999986 0.945356836257 
1.17199154269 0.700669368643 1.05246706182 1.14213143532 0.976886565708 0.90423802563 1.03292807711 0.607619457384 1.15326093291 1.23999999882 
1.14122538403 0.997214440129 1.24000012174 1.23999999853 1.03407321211 0.836855447749 1.11460474015 1.14213058434 1.2399999995 0.927153979467 
1.02293618081 1.14213143521 0.554199629857 1.23001448042 1.24000172932 1.04223733913 0.972260404904 1.02175828981 0.997398216102 1.24000401809 
1.00197470988 1.1421300858 0.944407508728 0.803948100053 1.18786810578 0.934603360571 0.989193808283 1.24000000004 0.995143943084 1.23999988593 
1.10615947344 1.09410111765 0.832764277409 0.670902523088 0.738599767785 1.14213143477 0.875594085067 0.9125544851 1.14213974321 0.682775420797 
1.1371691956 0.896584047166 1.23999988195 0.99391290487 0.873033936402 0.620463669578 1.24000002314 1.14213098065 0.817198471148 1.00257185754 
1.16086493429 0.9798155077 1.14213145332 1.24000000004 0.648415823892 0.605244302814 1.05403188455 1.24000001009 1.24000001829 0.998892455337 
1.24 1.13982862598 0.908245801293 1.14175644012 0.861835118082 1.11226893818 0.855027462047 1.1875803307 1.03388913271 0.938107173034 
0.836700295143 1.01308028146 1.24 0.672817997226 1.00403495374 0.830948838065 1.14213143477 1.24000000047 1.00963549395 0.985191578601 
1.24000000171 1.16815677485 1.14212987983 1.03959036153 1.00116051686 0.996108806506 1.15139793631 0.91924350865 1.23999993366 1.07263052952 
0.872802322265 1.14213578382 0.99016857134 0.797455152973 1.23984131011 0.99449762773 1.24000007676 1.06797837793 1.23999997925 1.24000010329 
0.698940661152 0.789607631304 1.24000015838 1.24000002961 1.14216712249 0.934222031024 1.03397214547 0.999790549397 1.13864803051 0.837300396987 
0.874858018738 1.03073749454 1.24000000003 1.24000000161 1.24000000139 0.632223645035 0.777938395494 1.00186290291 1.24000000007 1.14213084442 
1.06681400952 1.24 1.14213150034 0.680450089171 0.979955451765 1.23999999998 0.785838851425 1.0707281869 0.614379224309 1.14216470772 
0.995123498769 0.897019817034 1.24000000769 0.732957493916 1.14213143487 1.04829981294 1.00091479981 0.993450991469 1.16454747355 1.18323421654 
0.989167536206 0.976859687719 1.08287326731 1.24000001451 0.953163269088 1.1421258952 1.19386418769 1.18108388991 1.14562992522 1.04881188362 
1.24000000044 1.14269590057 1.05552356978 1.01189330025 1.24000000207 0.877856745401 1.01018626104 1.23999999879 1.00759851105 1.14204775915 
1.23773727853 1.14203875518 1.14213143477 1.24000000008 1.08689429595 1.02185201132 0.979931821696 1.03053816241 1.24000000023 1.08702509669 
1.14282874765 1.0242275284 1.1419916517 1.22460544393 1.04926127584 1.06605367022 1.01313718328 0.962353264992 1.08565393244 1.21316545461 
1.24 0.880339753421 1.24000043804 1.00901218063 1.14213049504 0.649174804211 0.976760128616 1.23999998818 0.977424165989 1.23999994975 
1.14213064969 1.01511406147 0.966159289496 1.23999999987 1.24000000003 1.16191830685 1.12100319091 1.0253884211 1.14254614485 0.693135376155 
1.2399999735 1.13514109524 1.14213143483 0.641699914103 0.872128255117 0.796403248885 0.974592154268 1.01512422122 1.23999999986 0.998029868188 
1.01028783891 1.14213143477 1.11918134508 0.938965433979 1.04231337519 0.932180843978 1.23999999616 1.04180141107 1.14153091343 0.959195056155 
1.14213058322 1.24000000014 1.11484601161 1.23999999083 1.03420132152 1.14122296042 0.837030121287 0.927354487759 1.23999999903 0.997466122163 
0.917541312823 0.950230181204 0.987968115396 1.08971251227 1.14213143495 0.859510515434 0.999547467124 1.12850312313 1.17639148408 1.23999999766 
1.23999999494 1.23999999694 1.15086641576 1.02180773323 1.24000000176 0.995212802105 1.14215009692 1.23999997034 1.24000000233 1.23999999904 
0.727660693382 0.914416197025 0.999609611734 1.02453992467 0.905987154671 1.22511659872 0.814147332936 1.23999999999 1.14212803694 1.14213143477 
1.14212724508 0.999691939808 0.858874068978 1.1361552304 0.821801224057 1.23999999972 1.24000000048 1.23999999661 0.933295945144 1.23999999809 
1.11148561308 0.886924370216 1.23996506323 1.23999511863 0.678356935528 1.24000147995 0.981515757835 1.14213131286 1.1419810128 1.08822746623 
0.974674033036 1.14213117835 1.02776207791 1.10797082663 1.14152265571 1.00123084265 1.11280370198 0.975778229211 1.24000005396 1.00547416906 
1.00916663633 0.945197768631 1.16302826575 0.95317379144 1.14208160151 1.23999995053 1.14212957924 1.06106839806 1.05495306134 1.24000000012 
0.997742006327 0.999381411838 1.14213143502 1.24000006871 1.0308209662 0.997302402936 0.879762268272 1.24000000048 0.739358920186 0.655919010952 
0.688786262825 0.905752039008 1.23999999225 1.24000000066 1.14213143274 1.11589703872 1.01995515092 1.24000002393 0.988461683017 1.17279792561 
1.14212973698 0.86566793881 1.24001451969 1.2400001439 0.976951327272 1.00226377304 1.17672579482 0.87373067901 1.07614855432 1.24000000124 
0.9479472767 1.03770407053 0.880275540853 0.778492919081 1.01029432747 0.783144677598 1.14212927737 1.14248089092 1.17486073331 0.954324551165 
1.14273319726 1.24 1.23999999982 0.954358261258 0.574740090986 1.11766698741 1.01077634584 0.76996859154 0.972291568666 0.991080512631 
1.13702744912 1.2399995862 0.999176690806 1.24000030612 0.828653934341 1.01636104306 1.14213143683 0.973378077709 1.19720476277 1.24000093819 
1.23999997955 1.10444800867 1.13642638475 0.977431290824 0.967526356012 1.00366070994 0.960027025552 1.02099460219 1.14213143479 0.810767715997 
0.975145228687 0.714469962512 1.11895343143 0.993835607662 0.90890993275 1.24 0.976569903827 1.19816590901 1.24 1.14253753902 
1.24000000001 0.799135326127 1.24000000004 0.937178085616 1.23999999998 1.02954525451 1.14090938602 1.1421307291 0.986879588799 0.963305150583 
1.1421308597 1.24000000142 0.991692005606 1.23999999818 0.628751402018 0.85263726537 1.20028858343 1.14213143536 0.907093891841 0.995056262397 
1.19165948543 0.990836636746 0.894389536379 1.01378317838 1.24 1.14213155227 0.555630344709 1.24000000142 1.24000000023 1.01974299321 
0.867237966633 0.954737367511 1.24000000216 1.12617332483 0.985755721191 0.980326851795 0.843506132945 1.05414623962 0.903010275632 1.14213143493 
1.23999999699 1.23999996833 0.978745245083 1.13043470457 1.00785271024 0.952657057676 0.813750272154 1.24000029737 1.14213143477 0.577707507747 
0.896349304223 0.901192563668 0.967438725303 0.984906853905 1.05645690436 1.14252635785 1.04180236499 1.24000086461 0.582281850016 0.936030853965 
0.939583215525 0.848698424122 0.749186955367 1.14213143541 0.977191835498 1.2399999148 1.14213111566 0.994146003078 1.24000000893 1.21624690301 
0.969238722494 1.12377814461 1.14397467313 1.10915063434 0.775568394059 1.01699950151 0.673368771113 1.14221406572 0.899867178815 1.10282692267 
1.23999998255 0.966877473681 1.23999999857 1.09325618342 0.80181523639 1.18135852097 1.14219710961 1.06207163497 0.773801616983 0.696214672416 
1.14211249252 1.04625087031 1.23999952165 1.23999999997 0.925960494615 1.23999999226 1.14219364103 0.925551188439 1.08884856942 1.24000001602 
1.14204067662 0.966632973596 1.1421314461 0.8991435789 1.24000000558 1.24000000023 1.03220445333 1.2400000123 0.955568600988 0.823815294989 
1.23999999989 1.06988094547 0.881199386153 1.23999986228 0.991739370341 0.998223438006 1.03822689697 0.993435471314 1.14213143718 1.18522318686 
1.24000039944 1.1421314356 1.14213143477 0.960377337803 1.23999968122 0.958782673497 1.23999995933 0.780392882205 1.077271505 0.749912661331 
1.24 1.14211579077 0.95533426488 1.24000000001 1.24000000002 1.24000000002 0.634191622524 1.23999999999 1.05302276412 1.07707062089 
1.05037310229 1.24000000852 1.23999973893 1.02100403038 1.04098338274 1.16717830961 0.665845480218 1.03864942755 1.23999999994 1.14213143477 
0.841671467875 1.14031951725 1.1421326339 1.03670575033 1.01743116767 1.24000000016 1.08183970329 1.24000000016 0.981729355492 0.705214764688 
0.702197575973 0.896884067957 0.992301514417 0.939683785644 1.07751402017 0.992545627621 1.11240926535 1.2400000001 0.981467842421 1.14243721265 
1.0309884055 1.00664905603 1.09996402107 1.08114822402 1.24 0.757203654477 0.984496079039 1.14213143477 0.983993790202 1.23999999997 
0.840537330281 0.62334134452 1.09258473219 0.59642891729 1.12266443979 1.1441866127 0.994925735482 0.99723419936 1.06571388559 1.23999972958 
1.24000000011 0.710964723772 0.64796316391 1.14256819568 1.09564819577 1.24000000001 1.00415438875 0.928439712669 1.23999999554 0.978370017279 
0.77449544168 0.977012077405 1.24000001975 1.22202768457 1.14213143477 0.856062581633 0.896477080258 1.0401446167 1.24000000212 1.00263281694 
0.983921357449 1.14260937897 0.987785801505 1.23999999999 1.23999999947 0.78315719407 0.871539513641 0.956031416649 0.999913667331 1.23999999926 
1.14134265563 0.876894680923 0.853924667001 1.14213143477 1.1086827911 1.06931801135 1.03520051777 1.18391470924 0.896248514504 1.24000031036 
1.14213143477 1.03343045984 1.20205213067 0.941721347639 1.24000000016 1.01192875274 0.567103789735 1.08189288188 1.24000000093 0.793818006984 
0.972217398239 1.24 0.877983327305 1.10534231695 1.01634610476 1.14213143518 1.15160249281 1.22756223963 0.536861305223 0.944123627315 
0.865845074262 1.08412002731 0.985980983628 1.23999881953 1.14213143504 1.04393701757 1.13238091618 0.575369122998 1.24000002867 0.995718362388 
0.986184041966 0.866392268519 0.957630914493 0.883363767275 0.983867272837 1.07516382554 1.14249025817 0.811399863881 1.00252769466 0.72227349324 
0.956947439317 1.14248831129 1.10950173837 0.989508090522 1.24000002159 0.727324928605 1.07937453834 0.896349760817 1.15963468106 1.11808420786 
0.813623638535 0.924865289068 0.89470747576 1.03122147786 1.0440778114 1.23999993249 1.24000000265 1.04641488161 1.1421124931 1.02108799301 
0.987186293321 1.24000000388 1.14213143477 0.963875958477 0.979329435999 1.02013957584 1.17527080257 0.645975177314 1.19431270251 1.24000080596 
1.24000103834 1.02875257543 0.884696798903 1.14089589624 1.00241848 1.23999999197 1.23999973399 1.10628169206 1.14213143372 1.05127944594 
1.01739114679 0.81059048933 1.24000000005 0.727473638725 1.24000000002 1.23999999988 1.14213143583 1.14047416172 1.03280865118 1.23999999997 
0.744455945877 1.23999999966 1.23999999397 1.24000000013 0.871816380501 1.0733532087 1.23999999994 1.14212732389 0.968755614247 0.993278248463 
1.23999999992 1.08001702771 1.07995406616 1.24000000637 1.24000000627 0.995973822789 1.23999998934 1.2400000131 0.988210944634 1.14212885879 
0.898313368801 0.878372250857 1.14213143479 0.98674680104 1.23999993169 1.04673483538 1.13758963128 1.23999999388 1.21025694962 0.891187264856 
1.09776936632 1.14213144915 0.7788839408 0.913366761387 1.05060585311 1.00106675777 1.02435776507 1.00917246241 1.24000000119 1.03931725403 
1.13657927473 0.928884530172 1.12277659557 1.142112493 1.20023644479 1.2399999999 1.24000000052 1.23999999995 0.707545323147 1.24000000048 
0.558024204891 0.83323899251 1.0313459578 1.14212901195 1.01457008251 1.12563984386 1.14213143452 1.00250912054 1.00125104307 1.07255860098 
1.14213086503 1.15818393932 1.24000002749 1.07338202747 0.98045017483 1.06316816391 0.987255264875 1.16869594426 0.735449090377 0.992219891319 
1.14252274345 0.76893850906 0.991217916536 1.1901674457 0.92398118291 1.17755818282 1.06308860739 1.24 1.08563620032 1.142112493 
1.2400000002 0.989112929354 1.2400000008 1.22709883521 1.24000000003 1.24 1.01508797929 0.926356030403 1.14212924727 0.994232646953 
0.98771209645 1.23999999998 0.992125308792 1.16558068907 0.973643599364 0.91478234968 1.23999999997 0.801626069298 0.678805317772 1.14262471169 
0.910099673116 1.00563285747 1.23999930271 0.889118944858 1.17318712587 1.070608292 1.14213143851 0.949092034292 1.14213143477 1.05394767885 
1.03929237642 1.00228056016 1.0738205273 1.23999999999 1.14213143477 1.03403244304 0.982689375942 0.95015456813 1.2399999995 1.14211114478 
0.872613006701 1.03656511681 0.974545738512 0.6349246384 0.999090457743 1.14231192528 1.23999999979 1.13107132664 1.14068052202 1.01564088835 
0.704584510993 1.24000002068 1.02190729979 1.00862256272 0.700766569593 0.847282310599 1.2400000001 1.23999999539 1.14213143477 0.966061641273 
1.1420027145 1.07450077676 1.23999843301 1.24000033034 0.921572445636 1.14213143477 0.892006228624 1.05779321944 0.98380396157 1.07909745287 
0.847063076727 1.09592682642 1.1444458815 0.932414599273 0.985204387723 0.830464482763 1.14243583751 1.24000001418 1.23999980929 0.939262747545 
0.846081138695 0.996725907433 0.63904371079 1.23999999996 0.855291627241 1.03077563985 1.24000000025 1.14165127365 1.24000000034 0.997382896213 
0.744834406 1.02332624555 1.15573628568 0.950560910574 0.95663301189 1.14211291234 1.22637366798 1.05389119152 1.24000000007 1.24000000014 
0.980489559266 0.948545357257 1.00766204807 1.12516270267 1.13793264001 1.03950766828 1.24000000005 0.961581484868 1.14213143478 1.1945308904 
0.976265523462 1.23999999936 0.971804994106 1.24000000006 1.1567153634 1.04541295045 1.05076326372 0.592788720036 1.14310784888 1.23999999941 
1.14213143477 1.17699600456 1.05190396657 1.23999999921 1.24000001122 0.887344779721 0.843781696164 1.23999999682 0.779379546125 1.239999977 
1.1421314369 0.704959821667 1.01204379158 1.18478291344 0.96506906157 1.16473449587 1.18695919659 0.909077654415 1.07995863629 0.977319266123 
0.62249402004 0.962607469386 0.997723398247 1.15296860501 0.965107122396 0.683493286448 1.24000000379 1.23999999967 1.1611004736 1.14213143477 
1.14332108796 0.886897181992 0.892062078904 0.918781094161 0.595916241265 1.14213143476 0.614271621617 1.24 1.05278345598 0.987624681689 
1.06505612652 1.00103859473 1.23942064195 0.883083265969 1.23999997349 1.14282141404 1.02822902749 1.02346450786 1.01684420677 0.790598763037 
1.14213143653 1.02975532775 1.23999998708 0.841279191297 1.08594651997 1.24000000012 0.587177047458 0.930543081894 0.646129286917 0.984461824227 
1.13933750803 0.981378526593 1.1283781056 1.01673043269 0.937300431534 1.05353593941 0.9870542207 1.24000000002 1.15029379655 0.956310512919 
1.0273995422 0.635711925518 1.07347054242 1.22489878687 1.1421270324 1.2400000002 0.995982785639 1.24000000009 1.24000001534 1.07210091833 
1.22247993459 1.24000000001 1.23999999998 0.982657757897 0.822575633007 1.14213143477 1.24000000329 1.1421314372 1.05571432936 1.05135983357 
1.2400000126 0.878863535182 1.23999999201 1.00357335226 1.14213143522 1.24000049558 0.895328271144 1.13630718556 0.871003616614 0.94074809549 
1.01673948006 1.23999999946 0.892121009721 0.99599054234 0.873278182595 1.1421307376 1.04388075807 1.14156006451 0.87585238661 0.779333160891 
1.10349226869 1.14213013832 0.923556927758 1.01486333541 0.767953730097 1.24000000155 0.800811917132 0.577398877408 0.976963096337 1.13707978513 
1.23999999976 1.24 1.14210730296 1.24 1.09251412398 1.14212551443 1.23999999995 1.06576620548 1.00434972905 1.02589558245 
1.24000012207 1.03904220921 1.14182644436 0.855535646487 1.05103246832 1.240000121 1.01401527907 1.14213143495 0.910750131606 1.05344959496 
1.00951847661 1.24000000109 1.14213143477 1.00228331582 1.23999999942 0.795409869645 0.616363181218 1.06210321728 0.819041972816 1.14213096087 
1.24000000143 1.14222845709 0.966690251967 0.96715120426 0.999425794995 1.14197052331 1.14531458045 1.24000006007 1.093175087 1.00158536688 
1.14213058442 1.2399999999 1.14177365763 1.0497733087 0.954002524819 0.810425073272 0.697900788648 1.23999999994 1.01268508343 0.753961194363 
1.1421947628 0.990161340065 1.24000000013 1.03707450566 1.23999999965 1.01813442094 0.626021333978 1.11906600957 1.00213264418 1.24 
1.239999956 1.24000000356 1.23999998368 0.98837701494 1.14244778733 1.23999999923 1.08834407052 1.1425327425 1.15034510328 1.00461006954 
1.1424396993 1.01706204405 1.12262275076 0.95896364772 1.16742065385 0.675785087586 0.940273886872 1.06586448639 0.756181239976 1.05809414071 
1.11739161341 1.142112493 1.21147125428 0.862384498984 1.24000002498 1.24000000053 1.24000031001 0.95919084217 1.13902621565 1.19953225057 
1.14261425799 1.00286494858 0.863204240712 0.880606746374 1.07117325636 0.872856181908 1.03319405176 0.854096983287 1.13592998761 0.989040771286 
1.24000000247 1.14470792633 0.656215796735 0.989027171675 0.93490537599 1.00021410393 1.2400001144 1.14270749702 0.852980090877 1.01227395371 
1.24000000001 1.24 1.18699184838 1.14213143477 1.03441625836 1.14213143246 0.602289923986 1.07475089065 0.957435790052 0.930733669247 
0.991240829078 1.24000000021 1.06382410052 1.24000012854 1.2399993932 0.802442650171 1.02589870436 0.699308533178 0.950437962293 1.14213143477 
1.23999999878 0.875393558818 0.674045081763 1.11088565157 1.24000004082 1.02027079265 0.733682761483 0.846900003044 1.1421313478 1.24000005297 
1.01547545277 0.946709706898 1.2400000004 1.14213732017 0.756672850126 0.912846462 0.927706717563 1.0658530482 1.23999999996 1.14212415275 
1.23778430055 1.24000000001 0.689723191389 0.93271903936 1.14263327059 0.966988318526 1.02525220118 0.992760258831 1.24000000014 0.695853436952 
1.23999939303 1.24000007372 1.09405987381 0.985025580163 1.08655020126 1.14211249295 1.24000000017 1.06294040524 1.23999982336 1.14213171345 
1.04802106435 1.24000000085 0.862998259978 1.14213143478 1.23999999389 0.767753051257 0.664001447501 1.14213143477 1.24000000015 1.21830078589 
0.70325906525 1.14155384555 1.24000000002 0.645570073648 0.948588220119 1.03386931485 0.964274576865 0.946112767798 1.2399999621 1.24000000001 
1.14213079878 1.24000002981 0.654791948266 0.890571700859 0.629368560039 1.01012575492 1.23999999977 1.14212076658 0.739060129918 1.22409129841 
1.09925031446 0.905159209699 0.961552872554 1.14228443148 1.14998643514 0.661687474871 1.14581231632 0.897955730606 1.03055706919 0.887363754145 
0.614878252156 0.920042243922 0.86442259164 0.96242722107 1.239999998 1.24000000271 1.23999999914 1.09060120237 0.955735361773 1.14213123493 
0.965352160351 1.23999999392 1.14211874791 1.24000000007 0.981459557454 1.24000000082 1.24000001581 1.02509214888 0.966310222291 0.704217258584 
1.14212967789 0.991569413745 0.780799230747 1.23999999998 1.10233768801 1.24000002888 1.05555990933 1.04897850151 1.18384391853 0.992266741529 
0.590578269531 1.0774957205 0.638686415913 1.23999988177 1.14213143477 0.993856686425 0.778741702641 0.858322481334 1.1472530954 0.963330055332 
0.982607338091 1.23999999998 1.14213145583 1.102677609 0.969656810459 1.00913097062 0.768002917633 1.00872109937 0.996405968044 0.928829856719 
1.00853781879 1.24000000002 0.69850784116 1.23999999985 1.1421075332 1.14949564638 1.23999999999 1.23999999995 1.14213145507 1.22508205211 
1.142112493 1.24000000603 0.93305780852 1.16743187956 1.23999999998 0.987364732085 0.989593053911 0.956889867995 1.12990703604 1.00695501868 
1.0087510399 0.885804494109 1.04396145396 1.14203465666 0.95721525029 0.706515094152 1.08395127633 1.23999994083 1.14213143477 0.847487133815 
0.896242523159 1.00309856386 1.14237979449 1.15771110473 1.14200131368 1.04673128813 0.998527563517 1.05946796883 1.05340966807 0.782467407494 
1.14213060219 0.939037769758 1.23999999945 1.24000002322 1.03868187814 1.00056794101 1.21180411875 1.23999943788 1.0768461065 0.982297494256 
0.605077793763 1.08018544386 1.24000000231 1.14213143477 0.955778773895 0.982188010909 1.02211035982 0.750495773526 1.23999999875 1.24000000013 
1.00665748135 0.94414244325 1.24000000168 0.665423958978 1.24000000161 1.23999998972 0.98551267923 1.1421314345 1.06459615404 1.2399999933 
1.14239745189 0.750703643496 0.924746683679 0.841711216257 0.931802511857 1.09839193241 0.988484114512 1.09740878328 1.17629690452 1.23999999998 
0.96669350007 0.864823567896 1.07852157803 1.05068799272 1.00106294211 1.1418461226 0.979076485196 0.880830057578 0.736558623296 1.14213036314 
1.11653005844 1.05290281853 1.14221057792 0.670279696491 1.23999938127 0.747386325776 1.24000008018 1.07387950298 1.06111814602 1.14213143477 
0.954639018138 0.976568219539 1.01475396681 1.14213144503 1.23999956228 1.11487830964 1.23330170991 1.08376340017 1.23999865627 1.0565674727 
1.14118134387 0.928938124884 0.867099041446 1.14788504297 1.03504599447 0.899249671406 0.884966635817 1.19056713777 1.23999999999 1.14175365636 
0.933457840106 1.14110051801 0.771042693485 1.06970420482 0.931089287034 1.14213143479 0.826545444034 0.779228979718 1.24000452446 1.14213143477 
1.1413964506 1.02338949309 1.0647172037 1.13928865691 0.837333492764 1.18925693107 1.17961345942 0.91179529124 1.17140945264 1.17506265598 
0.862531589888 1.14213034689 1.01598857317 1.03559456516 1.1418045858 1.23999999729 1.24000000004 1.24000004685 0.938106952036 0.881389068819 
0.965989384831 1.10968953853 1.00133132149 0.731405182045 0.856812332874 1.16840880865 1.1382061389 1.14213143553 0.962483325442 0.791946109673 
1.00387582131 1.1421314371 0.992724316407 1.24000247913 1.23999857619 1.23999992389 1.16362533549 1.14211248968 0.603872949457 1.24000105207 
1.065136995 1.14213143477 1.23999999672 0.921440377591 0.756129854275 1.0264911942 1.24000001234 1.14213130604 0.86089877835 0.896177632479 
1.239999971 1.10739613548 1.01752048051 0.930014488779 1.23999997605 1.14213139084 0.733643348356 1.14087066766 1.2399997787 0.835450724575 
0.861087649576 1.24000013885 1.01005445611 1.24000102188 1.0081520398 0.79188171658 1.14213143477 1.07531743085 1.14210149413 1.23647955883 
1.07140136345 0.991077072729 1.24000000084 0.875856012773 1.00968060384 1.14213143477 1.14215555116 1.03181593643 1.21543955863 0.597750259183 
0.65202286863 0.676485933388 0.894151149523 0.914518242172 1.06247089236 0.746895797658 1.23999887181 0.818872990096 1.1421419133 0.952931430593 
1.23999968698 1.13732757892 1.13008455907 1.23999975673 1.24000000072 0.994872341678 0.641207756608 1.03545626907 1.1416825431 1.23999999972 
1.14213121865 0.737785033287 1.00025872308 1.24000000767 1.14200292187 1.23999999813 1.04972254399 0.968103202074 1.24000000631 0.842537994575 
1.01854447947 1.06321439749 1.00792873577 1.14213143712 1.2399999999 0.992190753901 1.24 0.809432289985 1.06980361845 0.882823496054 
1.06732203006 0.95117542058 0.996725395057 0.996857403038 1.03390956233 1.03630362402 1.09486798513 1.14212867336 1.23423453718 1.07849307844 
1.24000052333 1.24000106336 1.18005079678 1.11602106614 0.961090560167 1.142112493 0.947311918712 1.23999999884 0.979009088421 1.12942491191 
1.01756396405 1.03420195073 0.707220828283 1.14220186392 1.07393082714 1.23999999999 1.14210735721 0.599358672782 0.732229290572 0.963995367719 
0.9389984374 1.2400001589 1.01314166996 0.97587479992 1.24000000056 1.14213016664 1.05402212218 0.904853294615 0.817199193822 1.14207716134 
1.04490939116 0.878733899498 1.01546721575 0.915521377689 1.1419310845 1.23999985825 1.17791811161 1.10424600423 0.846343035823 0.973389536992 
1.24000005513 1.08970392608 1.14202515661 1.01581006859 1.2399995911 0.979076234927 1.23999999176 1.0569424637 1.12205637679 1.14213143477 
0.986876674005 1.24000000001 1.14090932942 1.23999999998 0.963304438069 0.937178933742 1.14213072913 1.02954496634 1.23999999993 0.799135110223 
1.24000000007 0.59913423709 1.03794383333 1.24000000004 0.974528613753 1.03924388128 1.19404789186 1.19081807993 1.14221457478 1.01939149025 
0.798550006952 1.24 0.805318546808 1.14213143477 0.647935317195 1.13447188626 1.02309035066 1.10380873689 0.907794019753 1.06422724625 
1.23999999841 1.00213897024 0.977883411595 0.840511093272 1.14233091827 0.800483650436 1.23999999687 1.14145725276 1.24000000008 1.01424003358 
1.0441234583 1.08562491016 1.1421302543 0.973698917681 1.24000000059 1.1412170622 1.24000012165 1.24000004907 1.03462020083 0.947637325997 
0.680821578135 0.979093790957 0.938584128254 1.2400069442 1.14213076661 1.01522805709 0.987032565272 0.971375613399 1.00393956973 1.24000002868 
