1.00254493466 1.01039428857 0.960196263532 1.06823161262 1.13023493955 0.956523714199 1.07405991191 1.06513295077 1.10080392928 1.02306116193 
1.05981953661 1.04882122893 1.01492645325 1.02056277013 1.16090795827 0.981627253646 0.987400865459 1.07546226959 1.01170439203 1.03452450896 
0.986536965238 1.08758685295 0.991412701137 1.04797206654 1.03819710173 1.02305164626 1.03590885689 1.17753374631 1.03440890578 1.03429958696 
1.02002724373 1.00898156217 0.977863649779 0.982016261347 1.12031912377 1.08262830689 1.00995693324 1.08138316752 1.08317695973 1.05875653215 
1.05835289328 1.03463284836 0.976349277548 1.06784776571 1.02959122112 1.02533981165 1.04994127536 1.01809852363 1.1643159302 1.07801413713 
1.09380584699 0.979591645111 0.991853822831 1.03244312915 0.995337485695 0.944655010845 1.05303299982 1.08809073191 1.11557353382 1.06275639629 
1.02618763541 1.07523341741 1.05740298645 0.995289875961 1.12499329562 1.10184713993 1.0284204284 1.02341748551 0.956706457352 1.0628137581 
1.05482408453 1.07105146945 1.06702430411 1.08428494778 1.11612733405 1.00373813885 1.04929645106 0.967241460713 0.97913940121 0.957732219604 
0.974442949325 1.05483758456 1.02351518352 1.03970049611 1.11654704699 0.981992141314 0.991152246524 1.0707060945 1.0210675072 1.07334402831 
0.999182690855 1.09940178644 1.04737000418 1.03935788741 1.01653154151 0.980887163314 1.01665007191 1.05515435732 1.05932551292 1.15788986714 
1.12062137303 1.04378158226 1.02580472608 0.977406512993 1.04423541303 0.979092166193 1.09316514178 1.027904172 0.970435741441 1.08475387578 
1.00000547176 0.96779228682 0.983902039565 1.08333509309 0.976821236548 1.11345769787 1.05947698365 1.08273375471 1.05946872727 1.02635952975 
1.12702519809 0.9698506492 1.15852534085 1.01368534863 0.978903673194 1.05405715576 1.06893048273 1.03991628968 1.04182210767 0.969923029436 
1.01602820081 1.05564110939 1.124239989 1.02583136945 0.997004005641 1.01143071506 0.945716013827 1.04945536551 1.09585511776 1.0715386795 
0.943933922828 0.96023046879 1.01648928782 1.05695679224 1.04282327856 1.02218850441 1.1241560797 1.05710407077 1.10730278562 1.05275847631 
