-117.199499685 289.448172331 -127.722080244 457.709542372 -404.67172127 411.158211361 -29.0468425172 -327.464333444 -348.197578443 -14.7221974338 
-28.8626949254 -323.492472198 443.060292231 -173.611168759 -393.347954467 272.030800865 -102.686095513 -459.769011073 314.25835522 -5.52337312024 
308.987655876 -461.624414908 306.817632358 -29.046842517 -29.0468485735 -172.078871965 444.229798623 -389.042199506 -383.471999379 -55.0395195413 
-13.2025533665 -103.859992742 430.113838306 94.2879477446 -396.755745744 -326.36478334 316.172704006 -178.43311122 -20.9363784038 454.497547252 
-203.938300596 -14.6349101971 410.341310936 447.838093498 -327.344371677 -128.329857414 -8.28207847134 319.347040406 -401.730636843 -458.666127177 
-8.37203313645 427.91006232 227.610360675 130.004248906 -122.331290876 426.15659471 -28.7713283297 -409.591044184 -319.61228531 -99.0656728729 
-192.924879792 29.0468419786 -414.526541152 461.098258219 -264.159511296 -436.736852255 27.8428904827 317.090024892 246.875562137 -220.087270711 
-59.4161313569 -169.880121113 -29.0181613169 -379.040587779 -388.688311367 448.910030526 -29.046842517 305.778730568 312.601193334 162.340978411 
402.658797722 -426.883339771 -206.847225819 -7.59731175829 -424.127515182 322.108094382 142.771643759 -220.45853158 -87.6606968165 29.0468421201 
312.744896676 -459.917431291 -13.5220010669 -397.016493475 404.428955196 -104.902214634 460.224057004 -12.1099073067 -132.860768847 -321.704509595 
-453.264293629 456.826450206 -4.9098908318 306.976836463 75.905766376 103.890865007 -29.0468425168 -100.202223281 424.774303262 -323.393112149 
400.531334463 -119.365445703 -10.4050177552 -341.531933743 410.761012737 -422.307404543 -324.603565884 -216.66736655 29.0468293769 -7.35243379948 
-455.824661111 458.304451361 -290.899970573 240.369943923 322.310148294 -7.05999534146 28.9002848171 -427.058155398 -207.324561251 29.0002614518 
277.661040012 -326.344192028 -458.984151344 -22.5757757047 15.1976761717 -122.970864563 410.668115573 -237.763329393 -29.0468425174 454.546959429 
36.3147754917 411.268429742 -120.740852395 454.871052184 28.4913467009 -8.77166590809 -287.990690663 -325.056274943 -459.084731641 -175.734203881 
