-100.311888934 -332.734238599 170.877954896 -64.4893167743 -223.972946404 210.57686519 -461.686340963 325.83237505 47.1912752713 461.686340963 
-461.686340963 329.562201023 130.449016265 -116.822007434 -241.816347711 -55.7142294013 206.46718068 44.9841636923 -338.233614052 461.686340963 
-340.431964288 15.4933642411 345.220917908 461.686340963 -461.68634424 -101.193573624 -126.849645695 -248.601131876 257.378362805 136.411960422 
461.686340963 206.867179008 170.29410744 49.8791741135 -236.446527898 326.864921326 -336.435920884 -108.998235426 -461.686340963 -81.3271848589 
-71.1715214267 461.686340963 212.312866959 -115.74445596 325.945026646 170.057037368 -461.686340963 -333.455020591 -228.607353897 49.4626809725 
-461.686340963 -174.977369801 335.187654103 -56.9751003308 66.977410115 178.70367815 461.686340963 213.907264965 -333.205939046 -209.646108428 
335.299756312 -461.686340963 203.418800021 -23.8563853216 -334.639828732 -149.910563376 461.686340963 -231.629037989 110.36908364 -19.638544821 
140.163690988 -122.545911821 -461.686340963 264.361150151 -249.158770355 -110.617973299 461.686340963 346.196511626 -339.789792646 18.7897874255 
-227.144806378 177.159266281 301.62592269 461.686340963 -183.015691638 330.862218325 70.9865648937 -332.77144321 -50.1676365761 -461.686341028 
339.654846225 -42.6250918956 461.686340963 236.03565522 -224.355484526 114.075962504 37.7514157462 -461.686340963 -163.176086833 -331.241209666 
-87.7921267532 -69.1186480281 461.686340963 -338.534560804 -220.055894447 61.7615066769 -461.686340963 210.938754652 181.641197005 329.65550632 
-230.497152056 180.920867379 -59.5594713475 60.2979359257 211.42095523 -186.883623634 328.518814603 -333.921084079 -461.686340907 461.686340963 
-74.3702103768 -61.3706946393 -336.699212214 70.9674357355 330.672477072 461.686340963 -461.686340963 176.787764163 301.787714989 -207.668766467 
-333.816876949 326.884257854 57.4591518567 461.686340963 -212.788230271 176.727237254 211.618371754 -64.889481113 -461.686340963 -81.068157153 
-207.919645287 210.342639207 179.221102115 -79.3692034325 -461.686340963 461.686340963 -336.594351281 328.093692499 55.8604738181 -67.5248629876 
