46.1174907521
45.8263868928
45.5293779535
45.9243760054
46.1430082849
45.8888988543
45.7004678523
45.8971920118
45.7002868072
46.045112143
45.4348923832
45.7263987153
45.5272484848
45.9088935421
45.9891917761
45.8099951513
45.5148385812
45.8379522226
45.8157592527
45.8420716361
45.9243769515
45.8685879498
43.7819290871
45.519185193
45.7956315161
45.8754472353
45.5228991866
46.0011746463
46.1026593513
46.1430086647
45.4675088843
45.4148946592
45.9390076858
45.8888416361
45.8751324603
45.8685890984
45.7588613584
46.1430044449
45.8600025655
46.0296839682
46.1430084799
45.9348915067
45.6841575783
45.9756261095
45.8043362289
45.8338705611
45.7113124751
45.6003802635
45.627439756
45.9216881592
45.9392538561
46.3197705932
45.9241079882
45.8703949321
45.959246062
45.8480157176
45.2856862453
46.1183868165
46.0451122075
45.8737593979
45.7430684582
46.1430086133
45.9346595014
45.7540987728
45.9203641734
45.8202027512
45.7747260986
45.5790887214
45.862098852
46.1232650749
45.9021108844
45.7479899835
45.9203641755
45.1690004416
45.397110913
45.9250564158
45.743073419
45.4796121957
45.767306467
45.65343773
45.9182125723
45.7738131207
46.3197703778
46.203615229
45.9514220348
45.953502014
45.7213070271
44.0003216217
46.1056199549
45.8014570302
45.7692077577
46.1031976492
46.032386119
45.6915471994
45.9378134573
45.76172351
45.9612619208
45.9224927265
46.1430066053
45.7513809874
45.7955712008
45.4268215237
45.8379514139
45.9791419625
45.9023747512
45.8679639328
45.6381863673
45.9126132156
46.0507761348
44.2551616907
45.9630924053
45.6845946541
43.9969643672
46.1232700012
45.6416088577
45.3606581177
45.828683127
45.894929012
45.3244719222
45.8883709065
45.4268138065
45.7873819781
45.8208036525
45.783572672
46.1430025145
45.2400035944
45.765306396
45.7451830743
44.3106777414
46.0372522658
45.9930100288
44.0963842206
45.6338852261
45.8458650942
45.6841325489
45.484849475
45.9136467006
45.6605807955
45.6633636083
45.7602855402
45.6190411258
44.7659633309
45.9340700536
45.9683446795
45.5184292362
45.4674712128
45.911543581
45.6788819023
45.6760638644
45.9136462825
45.657956121
45.8252253268
45.7542877337
45.7537111117
45.6393045489
45.888898854
46.0065456069
45.8379486072
44.142168529
45.860996181
45.8962278493
45.9955484292
46.1499350182
45.4860131856
45.7421645459
43.9551236987
45.8971921334
45.530025579
45.8809722759
45.8620988561
45.8933582702
45.7058083804
46.0854017447
45.8966492486
45.8542148808
45.826385236
46.0827185246
45.685976587
45.920355218
45.6394331293
45.7818836983
45.6466104313
45.8632378813
46.1083835239
46.3197707122
46.1083831565
45.9764052456
45.7575240557
45.6788854806
45.9330177885
44.9971439339
45.9408921704
45.9185265485
45.9256502793
45.7844379241
45.7541137799
45.9203640319
45.4879862662
45.984440485
45.9058057859
45.9021110372
45.7367826168
45.756660275
45.6130312231
45.6219950866
45.7952980374
45.5579101376
45.8837286192
46.1499255349
46.1083834153
45.8748992997
45.6052978963
45.7451832306
45.9843997815
45.8052329666
45.6833484892
45.6101591511
45.7732451803
45.8433391927
45.8340017438
46.0656277971
45.5635498839
46.026449356
45.8316355242
45.5869392863
45.7906522622
45.5392025548
45.9630870781
45.7187020563
44.3685448164
45.9592447731
45.7486602722
45.7776464805
45.7906485189
45.6190040613
45.8025790876
46.118386426
45.8977356149
45.7346063347
46.1083833493
45.9239333035
45.5148389902
45.7173156656
45.578043751
45.9392439807
45.741040156
45.9411537666
46.1201841042
43.9929844566
44.1904278971
45.7874719429
46.0644246305
45.709742565
45.7552796028
46.2072187728
45.9021110134
45.7654689056
45.9728313987
45.7198648993
45.9322421725
45.7569015243
46.1499351818
45.4558109197
45.8773632476
45.7776233323
45.874865847
45.687165398
46.1117025994
45.9327468237
45.6929216997
45.9780754339
45.799044977
45.5400574052
45.9054722821
46.0106062201
46.0016291579
46.0825464776
45.7344656254
45.2368187498
45.7090633033
45.722723124
45.8884262241
45.6003815966
45.8082135303
45.5945253128
45.9734176243
45.4105325593
45.9684459887
45.8609964881
46.1210328595
45.8883732212
45.5065689937
45.8263730069
45.8432402359
45.3548236873
45.6446735528
45.653721996
45.8669210217
46.0105886915
45.6611816867
45.8555047265
45.7669902215
45.3868363427
45.8445388186
45.7382720427
45.6861735918
45.9308885767
45.9243764866
46.1367635549
45.9736738122
46.0439797903
45.6510903386
45.8532161707
45.3828327222
45.748958632
45.7549633859
45.6407972734
45.9580949602
45.7098596361
45.6837535851
46.1183783388
45.6444779611
45.8952129705
46.0827160597
45.9767340337
45.8639842811
45.8258379233
45.4172511345
43.4746164965
46.017773078
45.8202391766
45.6746222071
46.1210269922
45.9055242725
45.7548095749
45.8794041412
45.6987582167
45.7276696939
45.8085909116
45.8929696634
45.7541067452
45.9756263763
45.5260105306
46.0122623943
45.7813650996
43.2922615132
45.6841622116
45.8205357627
45.8147712
43.3244483189
46.0928490316
46.0049027033
45.6598837532
45.9450141405
45.7219868484
45.6029833842
46.0928953953
45.7227239403
