28.8516772399 453.051645829 278.319105544 -8.97886501937 -319.792523472 -239.891667384 -29.0468429261 -457.681066891 432.466413051 -98.8669115062 
-106.751123657 -424.599503156 -411.728533635 405.383097628 227.840604559 -29.0443221563 169.483827895 29.0468416628 -221.446633868 426.608651933 
-339.423283903 29.0467510646 -29.0468439593 -149.905009672 -277.889396409 305.928615133 62.7949966848 151.655118396 -370.505141633 442.191409152 
-78.8716246676 -29.0468425221 311.560870707 -321.443014698 -131.938935342 403.48028997 -11.2438652194 -395.512007208 460.728014692 -457.043447088 
-319.964957087 404.659465619 -7.63165433843 -458.867836846 -124.205589861 33.1443299523 277.813373021 -29.0468430658 -239.946024403 453.62264995 
316.219691593 94.830076268 454.497547448 -396.844705172 -102.977974273 -325.245269614 430.113837853 -178.533413033 19.8514037049 -20.7383289277 
-89.4171963719 461.67994044 29.0466716865 239.453014132 -309.182705297 9.03170728198 -124.927763518 -316.124780219 384.720134043 -460.000297816 
-29.0469454868 -240.663499363 441.700686796 47.6326414096 -459.028918104 309.061977117 -315.252702369 -24.5778422616 29.0468359911 447.069634511 
29.046390537 -381.672842462 -414.633442219 -320.138930634 453.57749101 -200.153919744 -82.5359161477 4.1910643028 190.112505552 431.608717226 
15.2353742234 451.03419138 -238.442926144 4.34440441236 -321.195452205 435.779626824 -98.4119392173 -458.969373144 -14.4604119193 -315.836215724 
29.0468218121 -314.495491412 -29.0468564005 445.386476539 -455.52601899 284.942193084 443.36793668 -23.5798669369 -90.580908116 92.9257404588 
430.113812171 100.083689074 -101.117153965 -12.2093252525 -10.3481311 411.231737354 -321.118659381 -387.186208807 -325.652320179 -100.692461971 
-251.956983407 303.24937824 150.3526274 29.0465417005 -29.0468445583 -143.578089297 69.0867446756 441.051328716 -190.423676754 -364.304399843 
-12.3952262198 188.797829305 -458.951751628 -100.808208499 415.391344167 430.091644179 -321.176756819 -169.942263406 100.201109254 -29.0468425198 
-155.116945091 -398.332799374 -29.0468425194 222.207581449 -459.866687008 -242.153171755 448.06581191 428.007650956 -59.9166296619 294.268971409 
-202.37443133 -298.582202595 241.086396201 453.230896323 28.2770225607 -415.920814859 -123.312167373 -451.8346225 432.173769197 29.046746242 
-458.951525564 -21.2850668751 -29.0446686976 -363.878415501 -29.0468430009 449.747302736 41.5707255859 303.732189594 308.266080903 248.460719626 
29.0466813522 372.343696163 409.69621266 188.744874757 -214.116642602 -423.240494906 -125.047851291 -29.0468495592 460.259156335 -326.713974283 
446.631676406 -166.123638871 -386.774161657 -29.0468425284 -30.8891449551 -396.609944941 292.083310092 -11.6455763624 -325.601720417 442.133124103 
429.174819691 -100.10592752 101.213771935 -320.611953016 190.093234461 -10.9525725096 -161.201804436 -457.344540156 446.733865878 -29.0468425173 
-457.056829126 403.457371956 -11.2991476182 -131.941014764 -78.8850549658 -321.436370564 311.565697412 -29.0468530316 -395.522627488 460.729740509 
287.363762704 -450.255481418 -22.7495527191 -29.0468425172 461.040121913 -231.531460245 63.7888860894 -322.090697744 379.274738782 11.4040623933 
-94.8210799306 460.14968687 -190.272568737 145.545968375 371.218094801 4.7932294574 411.805664716 -99.6407280016 113.581269632 -315.35826884 
307.815047332 -386.657877544 -29.0468743587 -29.0468425419 -378.178767223 310.35969188 153.961632202 -66.1117680755 450.494224073 -66.030944508 
-376.88924481 450.630069569 -29.0468425172 305.157562482 312.699657249 -380.344490433 -389.374374425 -47.4513498154 -169.143239234 -29.0028248931 
-29.0468427332 -28.3435629939 -459.873382785 287.315957959 -363.346863265 42.2601956078 302.422780778 453.586387844 -237.959151988 -8.88725703142 
130.215072509 -264.255332451 -368.28124094 -29.0468425173 309.800494648 324.359260682 0.892512352638 49.3363163263 -202.667647308 -423.168267226 
-8.17969351207 -164.365783 -210.288301744 320.928976463 -29.0468439704 -452.211088948 459.375347817 -429.562763905 277.681828231 53.5522943538 
459.761414474 280.062345893 -221.653411882 -210.89949147 28.5752815987 -29.0468425172 321.168779445 53.0540921068 -430.143186137 -441.873284926 
-124.193342945 277.813892085 -7.6497692781 33.1269084759 404.609776596 -239.944884753 -29.0468425172 -319.952859238 -458.865711263 453.623412336 
-43.4476525628 -29.0468457148 404.057036752 448.314879651 66.0675170093 309.974618434 234.512540322 -108.702521007 -453.866695643 177.178910422 
-410.180228023 434.666707567 -425.033407651 -363.499520173 29.8434670659 -191.803446067 449.621314853 -29.0468425172 276.923248592 -123.492280724 
-427.487037534 23.2670707589 414.948991452 -179.071099814 -29.0468379958 -28.2346404312 -398.023817126 188.254661756 311.520087109 454.386596851 
112.128355657 323.241260138 -109.635750208 -203.716069321 -97.730358442 -4.18549673462 -318.672018737 -424.218905401 -5.91195358523 427.029397292 
-226.054705553 -407.082838183 -29.0445761697 18.5453672273 -427.070229744 29.0452931529 392.801671751 456.242831599 187.067362343 -187.602407505 
-450.268397946 379.246109871 -29.0468425708 63.7244157331 -231.539957533 461.036740659 287.301272194 11.5620596389 -322.110765108 -22.7455796142 
-173.796944631 -64.988150748 -383.289066899 -22.1325943903 -29.0468425173 317.336087552 314.145609997 450.474002805 -393.096106824 -321.646879625 
-124.098484164 -458.837970262 -29.0468425763 32.7163938986 404.661495787 -319.947641799 -239.913141147 277.654234573 -7.85353942135 453.641595881 
386.285117264 -423.56427373 -121.641127614 17.5319579853 238.225423334 -327.03774589 461.862940143 29.0468128463 -28.761388554 -218.809037781 
-210.177361566 460.341547629 188.875308662 -5.48690604018 -207.000419668 -427.502824146 410.509294042 -29.0468431331 -0.34351170784 321.542241618 
404.600334477 -239.94691817 -458.868166179 453.624382929 277.857531579 33.1928889031 -7.71152774444 -319.962789547 -29.0468425182 -124.206288574 
-459.741256129 -363.57188378 -28.9744928686 -319.095515934 299.887181614 -25.6448738097 442.441396005 446.32006698 -162.897390562 -7.02809978573 
310.410411006 -29.039195241 -29.0468425173 307.93330723 -386.499917031 -448.033804565 459.424193364 -42.5370252111 -78.3763653634 -378.021666561 
-29.0468425527 -338.48175481 45.0678203217 -136.20610375 461.980205597 320.644138532 285.121325472 -8.84153519875 -209.290697035 -429.068633978 
-424.526294217 215.080963581 -187.464395739 -120.082822312 -407.184219189 29.0468420834 456.308151797 -3.10396946376 84.8629348723 413.271699425 
-29.0468425175 -169.090935198 283.874410787 309.580252287 308.369208554 451.257631228 -29.046806582 58.7170320458 -460.122132535 20.0921409696 
-393.430116413 -92.5464793315 454.89166388 314.580513949 273.669788405 193.331665801 -106.013108264 -28.3504896538 -29.0468425202 -461.055619376 
398.158036806 44.7660492867 -218.191014675 -289.587516692 -377.203051163 -422.992734099 -29.0468425237 200.302919955 305.35517159 29.046835329 
-236.811053413 -229.7494282 29.0467850805 -428.272372057 -431.33088522 214.304192958 -215.166364128 404.104082358 397.417334225 28.5892429799 
82.7220808337 -18.7930988178 -374.15114616 -228.194048178 304.017391701 -448.358696011 460.917249574 307.612141478 -27.5975250586 -29.0468425172 
29.0466789146 -384.114178196 -4.71538847765 -178.671446635 -322.580065206 -0.969663422512 461.017579315 -213.059685487 379.083900661 -421.550470083 
-316.438792238 0.198514056678 -241.826563523 -9.33376832732 -459.036054108 189.042799279 416.337291672 454.834691658 -29.0468425172 -238.422791728 
-334.304486255 410.512886295 -209.291686992 -128.045954051 319.636284487 -29.0468427092 -430.831006409 -6.91376880061 460.341015164 188.995344363 
454.379405583 -9.65213120262 -315.325428623 -29.0468425216 302.354442653 -237.09188991 -363.234135923 -459.760655506 2.83788964672 -0.949062436294 
-216.755964332 -324.451229196 -219.122636351 -2.23016806792 -18.9045970851 -12.5451198976 462.598771103 318.251206818 392.639097754 -436.860928871 
298.644565773 -240.783095528 452.775490873 56.737212215 -460.06387156 276.765476133 -29.046842518 3.09545924149 -89.9873231675 310.645238188 
308.977931521 -347.415551066 304.738188637 -358.697832017 -420.231719553 0.430338792024 -118.674802685 -29.046842517 7.81051399408 109.96746457 
-325.521458816 410.151059159 -237.748348132 454.556244919 -9.81532253993 15.2098380189 278.201752076 -122.49413505 -458.96852885 -29.0468425445 
435.786164802 -321.197809425 -14.4643601332 4.52998607253 -458.970038797 -315.827081101 -98.41356062 15.2392732958 -238.444992186 451.030231572 
-29.0468425172 -52.6491153481 -241.956043699 287.928063941 -319.118021699 189.103038314 -459.049988324 416.139523211 -0.386155394343 388.183049687 
-324.441508509 -29.0468425165 -392.18147723 -173.276127929 381.009734577 81.6060407508 3.22817902769 313.886462578 452.123125428 -137.173333371 
-29.0468425174 -319.952049179 -124.203755201 -239.94766498 453.622874898 404.601130712 -458.868536445 277.813335095 33.1476770031 -7.66697557998 
-407.995131323 -29.0468425173 -8.58289190735 456.851560801 -188.640578073 186.680847737 321.420447612 -207.648648516 -427.76627751 17.3189944875 
15.6976315124 -314.065850781 -29.0468425175 284.910083864 461.531484459 -459.182292787 -90.5824985832 383.45165329 130.775086895 -117.776464469 
-19.0070403778 29.0464940356 -390.485898987 -169.749360952 42.9435530277 -328.952000864 454.092583773 414.040615896 -122.260869153 -286.485724471 
-400.330564898 455.517380548 -425.299396366 308.285694855 189.64765301 -28.6136102896 89.7902150657 -111.944985862 -27.7175534252 416.654543075 
-395.481162577 385.601893749 450.662414515 -139.135204753 -174.343455546 153.309031105 311.543419139 -319.991689699 -3.35919345373 -18.0377843098 
-244.221719614 -27.209831874 -322.20157534 426.401689434 -66.5826838052 24.1037806153 137.731165822 -29.0468442757 456.11174099 -455.818512644 
319.364805062 -432.40026693 -212.691956048 459.944622342 -3.91397794352 186.241894177 406.36446633 -29.0468425379 -214.254497787 -449.241859279 
-2.80649303609 321.001340006 -429.054126128 -316.984273669 -0.126662485284 -219.833188474 -8.06240935205 -209.676853625 459.552159383 -440.417008417 
-10.8478997649 -459.841700549 310.011721432 -26.3459957026 460.890554706 -321.23154164 403.309178813 -130.31013859 -74.7830694478 -365.210048834 
259.745575354 416.970292903 -29.0468425172 -459.317510291 185.808110896 -242.800660197 413.748320464 188.54513989 -29.0466125235 -266.449779192 
454.092698149 -328.954242463 -122.262082532 -390.488140579 414.046626813 -19.0033127136 -169.751499102 -286.487447183 29.0468233526 42.9464676255 
-234.899154419 448.100506962 86.6396140155 -10.2927589091 29.0468006628 -148.941499777 -49.0309399077 -461.597087635 -318.037175057 -377.298436421 
305.444581507 191.970905941 192.545188073 -27.5979646589 449.659760585 -29.0468425241 79.397037939 -461.470313432 411.188709532 -164.792838506 
445.385968412 -319.223702068 21.5553730144 -26.5454189282 -410.517869575 -192.2941829 443.368442168 -458.791360502 -165.206353797 29.0468425085 
-173.255217066 381.058436528 452.116081053 81.5348627581 -29.0468425235 -324.524356423 -137.239444676 2.18757746713 313.871801112 -392.164357752 
412.969339212 -29.0464094499 -258.876009432 29.0468047259 418.512045227 -187.071863008 187.7342935 -236.972618069 -456.83372718 262.249548093 
405.394399046 29.0466583973 -215.972332425 455.290898669 29.046573995 206.45525776 -421.988510682 -458.060034656 142.249395436 -186.493444481 
-426.80046695 -423.758220238 29.0460136663 -224.917926279 322.164770992 0.807705265331 389.065568402 -201.095863347 144.561286442 -82.7427372273 
-364.758122347 446.319381418 442.442075032 -25.9068142033 -166.275256212 278.111094702 296.975072535 -459.015755284 -173.816718582 -29.0468425172 
298.578968714 -427.072557443 -455.818370787 57.2037373763 29.0127096397 396.72510857 211.960844384 -29.046842519 456.015749629 -226.368229467 
416.339155185 -29.0468425172 189.040787307 454.841748001 0.186877025825 -241.826436502 -9.37831246235 -238.423052827 -316.45441015 -459.036125672 
277.094548785 -29.0468425171 419.330593192 30.5599525348 -458.345887975 186.589735561 -29.0465844658 -240.533783534 453.945849068 -238.312452222 
292.01872071 -184.733774319 -29.0468426566 -403.627445344 20.0501609105 17.7644291305 -429.906758607 455.623731161 321.172163057 -210.066440631 
-429.522713529 320.578959882 -185.225153852 -209.591278849 19.4468425009 455.894927816 -29.0468428663 290.267199355 -8.8586701237 -404.090646846 
-198.552921653 -4.07589372192 -323.474271769 7.07143346775 -184.928559417 -457.378940745 -116.755065295 -420.486567848 410.465785935 326.058569379 
-222.459553057 -13.9211417951 86.6824377481 -92.5867574333 -441.72650725 318.397104895 -269.540484002 293.863075536 426.482838379 -337.417111207 
-8.56388799662 -237.308507846 -10.4981284563 207.880136383 -30.1158391154 454.849765799 -122.792582144 -325.605926663 410.103554413 -458.998973475 
-29.0442429629 444.030498792 -156.982302258 -382.412126103 -365.072960697 -29.0468425172 -57.4391109475 311.387379809 -461.599480968 308.222863478 
462.068160602 -460.272336162 -323.863906999 -130.492623548 -317.797489028 2.51536924671 388.051659656 397.11905908 -2.99880599931 82.8730925164 
24.9751666456 -430.114591932 -29.0468431186 52.5709712719 459.753869102 -210.869922404 280.020452864 -441.845021309 -221.630758172 321.116002808 
416.08387816 -172.429828912 -29.0468425172 -173.8517274 -28.683874823 302.972145141 444.379090631 -459.822870737 -398.006693821 187.686845764 
458.951457308 -315.571704542 309.397247397 -76.3220890812 -390.54660951 -97.7179167273 -452.08049705 -29.0468457578 273.329300161 2.86107300717 
188.342564208 -398.321815943 -0.646556473947 -29.0460453335 317.856660321 414.872183406 -179.282421699 -427.342198314 454.474657975 23.0331939746 
267.905438012 261.275675185 311.892481234 -462.599171755 -7.82601094837 -315.069670714 457.244939861 -169.43878432 -56.5472989966 5.66436727886 
-440.928732128 29.0468347586 -185.697362039 460.540091072 10.6734675995 -439.470707532 -152.834503561 409.171956874 -222.088756961 317.998970594 
-19.0392779003 -29.0466631847 -373.786933883 -228.152228178 71.114315065 460.858487185 297.520430379 -29.0468425204 -448.349588518 303.954430775 
-319.953682944 -124.212234695 -458.871757445 453.627028127 404.622810094 -239.948586793 -29.0468425184 -7.57715073698 32.9585589626 277.503528698 
-383.802537398 -452.861731327 -29.0465492675 439.774986399 279.346645154 307.596387756 243.088705592 -29.0471031615 -244.234175268 -12.32742624 
-376.326000007 450.750194673 -389.888030923 -46.4595104649 312.83768003 -169.68922445 -29.0468425172 -29.0443050175 304.781126673 -380.926874203 
-98.1273044834 265.017711828 -315.214093775 -330.859160331 360.485436441 -394.48515895 -39.9727151811 4.5143118548 459.090323884 -2.38035695475 
-29.0468425254 409.694003894 -423.239234218 -214.111053511 29.0412176417 460.258937707 372.341445049 188.74385514 -326.712713544 -125.04622838 
-266.880991314 461.485105536 29.0468373777 -283.718682298 316.651339835 -442.323712013 -221.075225679 28.8204444737 -438.164906424 402.103846285 
-328.671137528 450.813920282 412.664634807 -168.23089311 -411.573734047 -193.678887238 -390.205397106 -15.8992523229 -102.131635785 29.0467677432 
287.4432692 -22.8919337341 461.000526877 25.4676415857 63.9247955955 -29.0468425173 -321.396079553 -450.333183215 378.939586038 -231.600937059 
269.869857396 -349.296663435 29.0467594338 -55.7287875069 404.185212792 29.0468396694 458.00284644 -281.804289126 -186.547789191 -440.043499773 
301.815750673 -450.887272458 -366.302298568 -8.04560255725 -230.138951201 460.073533094 -19.2631866353 -315.295752211 -29.0468429724 24.392072255 
-459.032473831 285.332958823 453.203765706 402.873905138 -121.641379705 -318.62889863 -29.046842517 40.7595012877 -175.093097011 -3.83886633768 
-29.0468425172 -231.175378481 -93.9585651976 62.3311039092 -23.7494611549 -450.372205074 374.250597795 151.217983588 286.045935095 460.443909818 
410.809035993 -29.0468427852 -185.888605692 -327.68672224 -459.595819452 287.878905853 457.479460527 -128.920772892 -15.5626868525 -405.062907065 
451.744004191 -29.0468426076 -367.293653991 -456.451098436 294.084664516 40.9329884421 1.64392206157 303.091229631 -28.9973127702 242.145259489 
-96.4413829423 311.494925724 58.6344974947 -454.75713789 372.93235836 -23.594379954 148.74594128 450.743625096 -29.0468425174 239.113828149 
-2.49938517145 320.981851271 -8.00928018684 -317.044686454 -219.838983471 -429.061490278 459.553560441 -209.686486997 -440.423282429 -1.10698844137 
-152.162202762 187.640363011 -29.0468425827 -129.670551919 379.809534962 247.412581511 -457.487027448 449.76317909 -322.983673896 14.3974037545 
14.4735458518 451.897422194 -210.2222099 115.85582908 -398.519495862 434.35756073 -98.5025782717 256.915555073 -29.046859408 -424.770338646 
-319.389563201 453.434790647 -460.734177895 -26.4091706269 315.149133592 -175.633595893 -100.285395547 -395.131696426 293.988230767 14.4317604843 
-28.4990399852 -29.046842574 -168.463685957 447.997440869 277.295161369 -399.735463042 -96.7302783276 440.787763958 283.537116806 -459.292189543 
-115.650656313 -29.0469806139 -458.862143335 -358.358210497 308.398423439 119.574033536 306.94173858 -29.046842517 -287.841804949 159.26165338 
-380.425606186 -134.619581295 461.877337668 -220.031472184 26.5178578587 -7.66370218535 -424.243239249 386.411499414 -318.891387915 29.0468422654 
-1.37179310547 -394.566604157 -330.985105605 3.89731244912 -40.3816293466 -98.140596818 -315.227924042 459.084321129 360.425472812 264.934434133 
-274.576281219 196.330987115 415.946192171 -442.15396527 -149.292760075 459.540838918 -438.834312936 29.0468414384 -85.8817176759 283.20539054 
416.437445159 -29.0424274094 315.248348129 188.330616028 -424.960929665 -113.183372779 88.3969977629 455.383900107 -400.280158994 -15.750641558 
-119.17564867 229.748471956 15.0602729771 378.584704239 286.70277272 -29.0468425172 -459.608165948 -314.537162289 -90.5842260719 460.958573609 
-124.226409983 -239.941749268 -320.003422674 -8.41377019822 453.616723449 404.692447021 33.3662767649 -458.869217092 -29.0468425172 277.969658105 
-418.160090826 47.1315608142 -184.504793593 39.760521971 409.667330092 -31.1067715927 -405.931830007 191.740505523 189.751814525 -267.560360827 
-140.583531241 -21.3159552341 310.712933154 74.8638450176 -1.19845342083 -319.340259981 450.344711686 385.869211638 -393.942574078 -172.381263912 
-29.046842505 301.503562963 -119.883854244 -423.445788006 29.0466685454 -410.53039849 -361.911900293 -25.5140674572 -191.719034312 458.789048633 
401.382105711 -9.0844668486 -347.098401168 456.33165249 245.694168987 29.0468424672 -169.299851881 -320.681090833 -126.621843332 -413.832146477 
-239.73500336 -459.521344579 426.864164705 -29.0468425172 219.99708204 -404.095724841 -199.345328833 287.068319251 449.788595418 -62.2936567857 
-192.104923951 29.0468216355 -415.334670909 454.880441909 -3.78246672119 403.80342226 -318.563366277 -448.67749698 -120.187179733 -205.709877156 
5.71496859314 -451.257722687 77.3517785381 -205.558752786 462.069682255 312.466947409 189.077494545 -29.0468425173 12.3163910764 -205.982504978 
-90.5807398256 -29.0468432953 442.665009769 -192.267122139 -410.518598943 94.1957621261 446.094328215 29.0467947686 282.680482527 -194.030659085 
455.106123245 154.652238481 -459.4131072 199.324429937 -303.79322735 -28.9553558829 -29.0468425172 305.799666549 -237.267197943 -26.0345760745 
-447.772088576 -43.433097822 -29.0468425172 -386.238201351 310.48534991 -29.0308377586 -378.123412921 307.788102284 -78.4305974962 459.437319854 
-29.0468425171 460.097383743 309.064934208 -75.5990414395 86.5838442501 134.015470052 -369.178136553 -30.4152438816 -297.93564326 310.309497979 
-18.3230886003 387.093274204 -219.744629295 -436.565789473 29.0468423638 398.066054858 461.956729664 1.87600822851 -323.765756339 -261.159115762 
-239.967713846 -304.949106051 153.427289717 71.1117715897 -459.208111099 -29.04684252 -27.1021708918 454.177978031 309.085032468 -319.662282266 
312.814315909 -96.7288326066 453.407317098 10.4908436158 -388.864023712 -8.40851926803 287.727328299 -382.8470499 -29.046842517 -320.179628943 
29.0466592068 -191.813506194 -414.514177266 -436.741975275 29.0467430975 246.890234132 317.068322788 461.097810728 -264.180282412 -220.086573287 
-315.277805613 -446.136734684 254.724241342 -323.730138134 379.021074943 170.140980275 5.82346152171 455.29699667 -132.610220017 4.57961280023 
39.4159383765 -29.0471756677 81.3954174173 -178.666317413 -447.438362476 309.982859068 60.6435364623 452.529157677 -117.207163256 298.229420436 
459.508875044 -208.861527059 6.45507739457 25.3164897067 322.576464722 245.844146766 -210.359812571 -428.538046682 -5.05437420445 -308.280010259 
-29.0468428432 -429.348227877 63.2855574049 462.286811669 -433.017328523 -6.21103830042 320.284952588 286.806399161 -209.457171457 -136.416500211 
-123.226075096 10.4439202968 -394.327791662 308.876769536 452.334269532 313.340705934 101.278527982 -107.857164351 -29.0468425173 -370.782722437 
-29.0468425497 66.1523867689 310.014032493 234.61772795 177.111317796 403.999279251 -453.894357491 -108.707534935 -43.5630996585 448.382956817 
303.012723969 -127.409127118 444.537416389 -175.489398301 410.239674342 -459.662747515 -9.75058623008 -29.0468425171 -398.874086839 -326.786187305 
-379.458089805 -103.656268851 306.034487566 14.4907705228 452.741586874 313.911817177 -29.0468425172 -391.853398609 -29.0366409138 -312.645608731 
-427.675003866 392.350838925 -227.390409949 -423.884527112 208.945245993 -29.2345123823 404.469108118 -219.887547292 29.0468425178 29.0461441016 
-323.74147401 -436.541918608 387.122819176 398.036801431 461.960167573 29.0468389789 -219.725532255 -261.052262175 1.86867103605 -18.1230182007 
243.900808165 -83.7294296227 447.426351355 -323.796479674 -29.0468425164 6.5270263182 381.230350107 305.34946765 -161.615972094 -453.984651325 
29.0467839752 -61.8880051255 -317.128427317 452.163321456 275.836948404 -16.7565074956 -2.40633876301 -458.995423552 315.253914432 -242.077466853 
460.385949281 -29.0468425174 250.83007651 -317.144525457 -13.3984573981 29.0459525423 -229.843382344 84.3290955099 -447.656957766 310.303529748 
382.973729964 -90.5824460992 -29.0468425173 461.475458821 284.758570668 -117.186280068 -459.163769206 -313.31999233 27.5481377857 130.619998075 
-393.845948064 314.832502943 377.623086295 -26.966644483 -104.026518804 453.399850237 -84.22972651 -327.340176855 -26.4588058621 198.762166263 
454.497548622 94.8300506593 -396.844943289 430.1138349 316.220282139 -325.245007849 -178.533715335 -102.977871541 -20.7301746777 19.8511984745 
-229.336329094 459.766519618 16.1437890114 414.40666514 -29.0468425172 185.364352766 -447.378443267 319.073747725 -215.046597549 -433.51352613 
452.060817397 -209.609197545 -42.6054122861 -29.0468425181 303.128298306 -370.675111134 -29.0460197549 62.5495287735 -432.208997706 303.22660064 
459.018130612 28.4261904484 -156.241171626 -401.659341571 -412.072328973 29.0468420507 -125.752792473 81.1398274874 314.734025843 -194.182266993 
-423.981923892 439.404416118 -203.450838482 -2.57110086892 -317.38545919 -101.051852545 -457.176011505 -3.56833479098 323.31064126 -97.0274444626 
454.087105228 -106.787962649 29.0467631358 -20.1337914977 40.4216250583 -391.551357286 -171.124983797 -286.910705293 413.016008268 -330.017468618 
395.662489974 76.1392947828 462.151291486 -3.42139869847 -214.106027052 -433.242721283 -142.831604138 -319.234220735 -1.59384599388 318.849069108 
-319.886269568 12.3371569982 -458.831255457 453.937858177 -15.8563456831 -7.31960161733 404.515107903 -318.981097175 -124.034063296 -239.341431107 
194.925080619 192.967148063 -29.0468429474 453.227115734 302.51924345 -75.8893258688 -372.332581273 412.870770044 -433.866468846 -27.7861814312 
-49.629736595 451.09551256 435.678388347 -181.699438131 -331.356138144 -392.89063391 -410.52540578 29.0468339439 -191.979329392 62.8606389692 
404.804669551 -91.0583240791 420.877673867 86.68242557 -355.007096623 89.7411108765 -12.0978838699 -132.513851507 -336.607908092 -321.685697925 
47.6251751072 309.064420294 441.702407435 -24.5693137621 -459.028113208 -240.664491345 -315.250491487 447.067890012 29.0468327136 -29.0468242481 
413.469165137 384.935883042 278.741035264 -102.469475541 -54.7474596904 -388.144018927 -326.610130092 0.827199977005 -13.125296278 -318.841842721 
449.066501059 308.187630444 -111.444397517 -456.733464486 54.9333857315 29.0467587369 -198.320855578 439.046044267 -413.37190828 -29.0468541275 
-432.402025825 459.94468901 186.241319238 -212.694010839 -214.255954372 -29.0468442911 406.365083165 319.366589997 -449.241300075 -3.87779701119 
-21.660223676 72.0414135471 292.863542418 29.0468425174 395.326252362 -228.529167083 462.279979397 -138.295387754 -427.628938422 -448.15653019 
-323.161412009 384.610647246 185.950450339 15.2179906298 -458.91512871 -239.264398796 -70.7593669509 420.544582205 -29.0468425173 279.814549457 
448.065777386 -459.858503566 293.452744945 -398.32461597 -151.656830537 -29.0468407787 183.791820067 -241.187165251 -29.0468469843 421.262769075 
-459.610613636 441.753792487 3.31821969584 447.01579793 -199.97812157 -23.8953404698 289.511226506 -397.752696778 -29.0468425171 -320.577707851 
322.335137125 -393.928808505 -10.9531101038 -214.945843541 -239.372424184 29.0468418875 462.588601063 80.107759158 -431.347421436 392.550799712 
29.0463173371 168.537984034 426.619675138 -411.71788085 405.37874694 -28.90111288 -221.350758364 -424.559929752 -107.362697077 227.872408711 
-197.449538421 449.170487965 -401.985816567 -131.688144152 404.674746136 -321.491502909 315.39492196 -452.825261322 -4.35131310516 -11.5954750936 
11.0621838532 -28.8737978718 241.789124736 303.498303521 -29.0468425172 53.5118688599 -369.501282768 -455.809056424 312.522708495 451.133116626 
413.949221603 -18.0290847879 -286.303618212 -122.249832701 42.9819381979 29.0468005274 -328.873305561 454.098573013 -390.407203802 -169.67021816 
368.623936055 -20.8388467949 -29.0468463349 186.05270568 459.896219652 4.22236763306 413.524463947 -461.046723585 -172.068137064 -326.754222944 
387.561522878 -318.990521602 -29.0468425172 -45.3107203833 -459.259087575 290.280777749 188.675052322 415.077603238 -0.595552608693 -170.654424731 
304.630580712 78.6697908702 -29.0112604688 -29.0468425173 308.464606261 -386.736812309 461.723277367 -445.014532833 80.7211721995 -163.593650235 
-167.19210529 -388.248070844 -326.978496383 444.220070754 302.21217017 7.75127843119 442.932854576 -29.0468425172 -106.143605825 -397.718598044 
-0.195249565037 -123.851912282 -316.581497983 -10.8314019873 -237.506211415 -459.096194543 410.135966979 -325.961655952 454.649046758 -11.003449336 
189.044011037 -316.431242314 416.334334208 454.833589738 -9.41402151523 -459.035917925 0.279413396787 -241.827166148 -238.421950422 -29.046842516 
-459.095709944 410.148953036 -325.966039516 -316.594671924 454.650559595 -123.847510433 -10.867920264 -0.285536667905 -10.8265244141 -237.502769033 
-447.153043683 188.830611749 460.341754834 3.67113149212 373.195066434 -29.046847748 -15.5027905765 -227.604569833 -319.298456815 410.507896135 
-29.0468425172 -172.342986097 -389.066889613 -461.620354575 309.849868861 -365.093835164 444.398924241 -28.3146317639 -39.4049346985 306.284363887 
14.5848060744 452.706233563 306.045177916 -103.705744312 -29.0468390163 -312.719452054 -391.880525817 313.909437106 -379.42677025 -29.0468425202 
-441.431759458 289.960909955 -277.893614215 460.041020893 -149.658894334 -29.0468425171 -439.742198451 411.430418959 188.281995817 29.0462638092 
76.7438006402 -94.673837714 462.380745062 -142.951009809 14.6659173615 124.808385946 -453.837310783 -313.300729692 394.476733258 300.872268006 
-448.700779027 316.124815047 -19.758131013 -211.609373107 394.351262106 462.395649486 -144.947685046 29.0468422742 -238.281039459 -431.839572972 
-78.8634084389 311.580293891 -319.716005675 -29.0468522226 -457.115119402 460.742798378 21.7112261309 -131.422320107 402.154739051 -395.585253854 
185.586750802 -240.667423599 459.421952033 309.115922542 -29.0461649885 -365.29881389 -73.7748096984 416.759449019 -29.0468426826 -460.022234247 
281.102706377 -459.121797474 -169.589373968 189.791434082 -29.0468433997 -312.763540047 -226.311675632 87.1388936794 412.335568176 13.5590070977 
-313.956933305 -90.5824977024 -29.0468425173 383.380546859 -117.716724011 17.5049277653 461.523152042 -459.181976349 284.923289745 130.751929684 
-19.0181308006 -286.432481952 454.09119204 414.036177397 -390.473016492 42.9191054112 -328.939118294 29.0465669282 -169.737013161 -122.249615587 
-86.6824417543 459.886871987 413.587985689 -311.887039936 368.528583633 194.427127098 -110.232448323 -458.588648658 194.887123423 29.0458347496 
-26.8505795 -6.10649678349 -213.153940657 -0.934163525701 318.893962276 -433.4434925 -215.89636557 461.902762377 314.690952586 -345.785714909 
-188.246121893 29.0342717817 -440.288559218 285.7713676 -441.143933847 188.548344094 411.01114772 460.26720447 -29.0468425173 -148.940035974 
403.29611125 460.888785135 -10.7999126829 -130.323583299 -321.226369693 -26.3525861614 -365.215856754 -459.843248238 -74.7953124154 309.983377433 
-29.0468425172 188.645188536 -356.054941127 410.527898111 444.572338851 -245.242510127 229.507583013 -452.581460624 305.126315644 -29.0370351475 
29.0468281675 -11.7622980721 308.579612223 236.724562495 -187.128853764 454.521478999 -240.961742159 -459.91002874 -368.764839299 -29.0469066671 
-322.440103204 -410.325656869 237.788842771 -1.81255005674 430.108746622 229.81977613 -13.8813945836 454.499746133 -383.974000348 -86.3850794169 
-77.7398856925 0.845106543261 -459.283311016 -137.574980314 -318.852966104 383.844213137 -29.0468476237 251.7038763 446.505972287 -298.46022319 
-25.9698716259 -7.09831351932 -347.274209288 323.389189191 404.754631568 -122.923658649 -203.679074005 -424.179120301 -319.709939948 -4.07890571365 
-29.0468425172 -397.912486247 292.703009099 315.892646171 -460.061843574 -22.1999047377 -177.908533366 448.196566369 277.084302239 -94.0362515615 
-321.048318039 1.92170055152 -397.511080099 -24.0761440223 440.720699057 -169.043101344 -459.751367079 -29.0468425169 284.581997698 448.065773363 
453.96976665 -319.107472005 404.408761648 -15.9259194457 -319.844662941 -7.65524965149 10.9460116517 -239.311708174 -458.807269897 -123.952395704 
-459.096644985 -11.0717261057 454.643894948 -325.971062785 -237.506676272 -123.857647799 410.140329147 -0.223180151901 -10.8537169982 -316.581104131 
-176.2790468 -410.092291045 435.466107857 312.561755777 255.239241981 451.224160772 28.3213669391 -29.0468426872 -397.505315042 -14.2166498096 
433.560181051 -202.332270458 102.541056645 255.678650768 20.0878217635 -277.21559416 236.941683608 -29.0468988865 -453.878071202 -169.356186201 
-423.437132461 -410.530354271 458.798000148 29.0468401127 -29.0468425172 301.518828076 -361.903244994 -119.904478519 -25.5709411237 -191.717195123 
317.028434634 -12.024111457 15.5179611131 309.340173399 -437.589282877 462.494044832 -389.965171358 -217.894839865 -147.03082682 -27.8955966953 
188.809129183 410.50721562 -444.09453133 -377.850787635 -157.69218728 310.837784611 46.8493675936 -29.0468425942 -29.0468443692 460.341855705 
-346.123868047 -5.70078591454 -121.888886192 -322.63603009 24.0933779063 -99.8217610399 404.496717169 -319.254094602 103.172564838 429.516875033 
441.066205974 383.925826346 -319.045006377 -136.599614403 -100.154022809 0.366641830151 -383.529153739 -321.995264469 249.603724349 12.9901809399 
-0.905718755492 -458.951444635 -319.058053652 275.110718311 -58.6040398475 387.600806917 -79.6223079836 223.414458013 426.496754769 -243.640242916 
452.455560347 43.5395704924 426.497602101 -29.046842517 104.697103617 -98.4930561645 294.784497754 -456.522360562 -319.359040931 -7.68805677822 
302.71057623 281.82178248 -163.401776272 -383.02084894 310.789188616 450.789679651 -23.1456056653 -23.24528239 -28.9749775209 -461.974044469 
-412.633422092 -209.200600427 452.597970546 29.0468386017 409.829965016 -324.580129605 -452.007387061 -195.3227752 -7.1730899942 -120.167560331 
393.420655924 29.0468254836 -419.033614801 129.273708482 304.597950261 -262.612857896 46.852587395 -372.569758533 -209.975935192 -28.9992900223 
-413.752968179 -429.598226481 -212.409458293 461.993532545 285.670246711 55.85449308 322.71672245 -208.965191778 -3.8690633881 -29.0468425366 
8.44559989496 -8.15175667435 104.6097637 427.120153368 -319.532620019 -458.672022756 -98.7265512097 -99.2994919773 448.065771028 -319.58633915 
306.970253098 29.0467622027 -169.546423123 -296.786523321 179.47317546 -387.422743495 431.399463172 443.589009152 39.7045153766 -28.9090177273 
-29.0468425169 -461.476737671 -391.033902595 -33.015430608 -170.832491892 -364.950218187 -29.0464592134 313.300672065 452.820077893 305.861892884 
0.632075319733 80.6981667489 -409.813291803 -29.0468567633 -441.774163278 -219.183971891 -191.335537334 30.7020281687 462.453939688 308.427923173 
410.728729862 -459.592807363 288.021215941 -405.114377861 -128.878277773 -29.0468425169 -15.2095060295 -185.93476899 457.477892171 -327.60057649 
130.356639835 -409.110576185 -67.1305273503 451.188387805 256.041693885 -29.0468677083 -29.0468592838 -391.600579053 309.778702143 435.525121841 
-338.531101684 456.273757262 -400.065186681 86.8993815463 -93.6895101066 426.031914094 -195.103415891 29.0432038422 -413.964769319 -197.330287817 
-12.6758056877 -2.45753553315 -216.839064991 462.587690827 -324.434691673 -219.186092548 -18.9558356385 392.542896988 -436.934365296 318.242414449 
-102.305505065 450.831621619 436.114295806 -29.046842517 -330.357503988 -324.185090792 290.078576916 -405.00973884 -120.164733582 14.1962705903 
-29.0429888063 -459.265985855 420.56318956 -29.0468425172 -239.934588053 188.439519309 185.464241239 249.771712364 -271.294874144 411.089543514 
-33.1584993141 -29.0468425172 -170.877912775 -364.943816192 313.33371091 -461.470335635 -391.053897725 -29.0205996459 305.851528279 452.85035427 
3.47288872891 254.771838912 -132.464469847 169.554446778 -323.565600168 378.912822291 455.316359178 -315.342006044 8.48032398814 -446.163651494 
-98.9632559313 272.9078502 454.270558984 -3.23274965688 -319.279639621 -85.5018537582 430.48195565 -307.67189434 117.996582925 -47.6746201892 
454.557156327 15.1445446194 -325.506548369 278.138109313 -237.750995125 -9.78520150218 -29.0468426545 410.14913006 -458.966029561 -122.460990707 
-230.68761204 396.773655838 29.0468043553 -429.030761363 455.054291109 -29.0468425173 294.826566519 21.6702692801 -402.368933507 -183.433175597 
-430.431513756 435.55479195 -14.2122555277 -102.080557183 -234.231716526 -310.630400376 398.44906715 -321.929185882 29.0468350719 213.358376324 
-0.131016754953 -325.9757157 -459.096430027 -237.507620878 -11.0293424651 -316.573122884 -123.857362973 454.647316658 -10.8382988231 410.164946045 
-29.0468427677 -395.67782728 405.230312871 311.634860513 460.74198979 -132.001212197 -457.211712455 -78.9662778282 -12.9180994534 -322.009240978 
-458.951531179 -363.880069623 41.5734543286 308.26961324 248.462299463 449.746584543 -21.2926163373 -29.0467893929 -29.0468425171 303.745497852 
216.898910794 -360.585063219 -29.042546736 450.606075244 -29.0468425175 410.522155473 -457.111582582 187.786691324 -146.397077394 189.272573271 
-27.2060773658 449.339396078 233.659007343 -283.124629253 -29.0468426511 311.292824268 -379.66910309 -73.6018846724 -88.8128841432 309.631627398 
316.646875382 -18.8974307773 454.362458865 188.230283974 -397.896431259 -178.964879762 -427.571574068 -29.042186973 23.3855856881 414.937227344 
-121.62784216 -6.90348163991 404.326832349 8.12331190628 414.156853915 -319.739759422 -457.181473992 -29.0468425172 189.687508616 -421.746131912 
-398.310350232 460.262199368 -4.95816032366 404.413418687 -321.570304664 -132.089594936 -107.15867422 -459.844237716 -11.7969293202 313.732445583 
453.307589562 -458.587076026 -319.686852786 21.7260383164 404.488799 316.924926059 -6.98381242107 -239.120869225 -123.256482911 -35.5423790515 
-394.112149083 11.3976315614 428.049433477 89.9866437269 -78.7410148171 -87.6373095427 145.313471354 -332.578261508 375.561718539 -316.169060944 
-333.796134121 -266.967149027 -438.092235454 86.6648900752 -88.1718577723 135.064545092 29.046831258 -221.74212196 461.60840965 401.043517532 
103.27900613 28.9032460874 455.261843999 182.455902705 -4.24972169336 -187.290179225 -97.0945907584 427.365794478 -318.113919244 -454.439300249 
245.025771388 -73.2665391021 -15.2279511783 -206.996700011 302.967404234 321.300507396 -210.523881933 460.131383095 -0.877796117756 -427.670202668 
-35.965286357 96.4728663754 -312.958896134 407.568311242 460.779007267 26.9158909894 184.081692533 -459.259297753 -115.660270492 377.068448329 
-241.117269484 -459.877837556 -7.19828513399 454.617865232 28.4406279706 -368.436447941 213.047470322 -187.672789464 -28.6183610868 308.605558738 
-29.046842517 -238.872562925 -458.565547283 454.067103247 -12.8040502357 419.396489211 -240.40411126 -317.865407074 186.600043825 28.9969754527 
403.2902895 -130.321516985 -74.7973588249 -321.231192805 -459.84276118 309.980360513 -10.7679365116 -365.215482857 460.893324056 -26.3490227958 
417.415615583 456.747797555 -29.0468425214 29.0467971012 188.758671381 151.383699878 -286.038872025 257.222145602 -421.977473417 -448.538499532 
-420.136929419 460.340555434 112.141542947 -202.458237258 189.120927682 373.182690977 -208.97859055 410.515987913 -29.0478456726 29.0467782006 
29.0468425003 -117.358194731 -28.4059644818 456.940502376 -191.767537578 -410.529495506 -356.251856709 2.20221174692 301.982483756 -330.322793722 
-426.199104064 -204.469183834 460.718240116 321.489792999 -136.938899506 -301.189090437 -1.5259153262 10.2314840707 -346.676509545 29.0468117169 
-446.243272028 262.792650275 -18.1551066948 -12.2753914983 435.64176998 -127.620203335 -403.510455516 -29.0468425172 405.378594531 -324.184954029 
-319.908414599 453.941600428 -319.007311598 404.542638502 -239.343047086 12.1057661036 -458.828288974 -15.8975925616 -124.04179021 -7.47243320192 
457.760674468 -87.5180357599 354.991309874 -330.993013348 -4.85616616112 -315.372701061 -392.598719442 6.95170614031 33.0546006238 259.712885494 
-20.1929729423 -29.046842517 -391.148084961 -184.950754918 409.310271447 289.974890217 -329.613934958 -104.354664168 -404.147493286 456.398981238 
188.363427332 -459.246580293 -29.020719159 185.575229157 420.353520034 411.178521458 -271.083665529 -29.0468428958 -239.846556647 250.234494936 
451.187378043 -16.4630378169 312.40361918 -29.0468434146 435.52678775 -176.176482616 255.536726428 28.4849206058 -397.400468272 -410.054163679 
457.220546594 -29.0468428881 -314.797764167 268.554057564 -448.419999972 18.5567027418 -8.24581702935 307.912573243 -386.886112583 -76.5669028091 
277.967603208 -121.676234296 454.582482956 -237.718413229 408.962992409 -323.806467525 29.0337432645 -458.947379883 14.3822600122 -29.0468425692 
441.36754094 -171.662740011 -29.0468425172 -459.120254805 -401.352335728 290.072603744 277.459722621 -169.575100487 447.407702668 -27.5772470325 
250.779137232 411.170595926 -270.961154537 -171.907521698 -459.264766212 188.339182603 420.474883977 -29.0468425155 185.832281332 -27.7077487506 
-210.875426671 -29.0468682621 460.340835181 -203.497208389 373.185577387 29.0468423698 410.51410058 -421.242830541 189.038237556 8.84469282918 
440.684375254 104.315578947 -98.1601650833 -8.48661837157 -320.237903297 14.58441891 -381.771792501 427.526732122 -98.8438135206 -319.667585244 
376.345583731 0.367154608068 -422.56005562 72.6426760376 11.350887173 460.69321813 211.012655806 -317.243837942 328.331783323 -202.679275629 
-320.625961047 -426.093603504 -453.157938035 4.20484623954 321.884951873 -204.511594398 -11.2915671227 -1.01775100587 457.126701537 -162.996313729 
-100.932713039 430.11383482 99.8920659389 416.516073651 189.003112318 -29.0467687747 -12.6155521619 -240.190379066 -458.730785601 -321.27966444 
-210.608453268 -421.09807094 -29.0468425172 208.41914832 312.562438372 460.337896975 373.15526222 29.0468354243 -203.597549168 -90.5808682932 
307.027010343 -13.9617990053 404.648271853 449.278365247 -321.432241946 -453.158901434 -131.479539757 -402.327350891 -11.1375672938 -197.643103039 
29.0468297924 206.754806594 412.417118652 449.828843133 -320.138015363 -17.8902080148 -381.675378034 -420.534704716 -212.596321403 5.83244430485 
-303.040563367 -29.0470267868 -80.3766147472 79.5186432367 -387.134530932 -448.668418436 450.960030895 305.728234143 233.965875689 29.0467729522 
310.529052284 -29.0468425419 -146.693733466 -240.264185988 79.5568057035 -461.891378752 449.519825261 -29.0468229382 305.816961896 81.6435097574 
292.025760858 207.42445512 -424.653536393 405.377825917 -221.576491599 -328.127019755 18.2281098394 450.44871248 29.0466839515 -29.0432755107 
-8.25735175922 -219.600718655 21.3195394043 -319.331452283 -380.865678318 -134.459242933 29.0468328731 386.060680826 -424.067880622 461.836445668 
305.39780677 200.385323621 46.6447183478 -29.0459422026 398.218294815 -218.376488647 -377.280930953 -289.48416595 -423.076881491 29.0468418907 
311.263793686 -19.481770101 -455.356453597 -379.740719917 -393.822565154 310.656798846 -166.935308134 -50.9929378298 446.451099465 -29.0468425173 
-356.791143125 111.800910862 308.735459221 -457.545897864 443.894690855 -29.0468428729 -125.202698484 28.1651015822 -317.495480335 -95.8570595683 
-197.532516913 -198.961998246 -14.9452809267 -414.966131712 243.299864275 -210.717399468 456.474524467 304.174658336 -430.350736613 29.0468346174 
-29.0468429876 -192.895070349 -375.043978027 -410.813604935 308.460638257 448.065931828 29.0439867001 -288.127268695 109.752747437 -78.2867491847 
-9.06512026083 -136.363233506 -429.276919048 -29.0469381239 320.540491504 63.069575543 462.294108205 -434.093792248 285.777801619 -209.426098747 
-3.51379135333 -457.185185678 -101.048091572 323.343650741 -97.055715268 -423.961172556 -2.71608473024 439.430846678 -317.397450383 -203.42963209 
432.239747763 -319.211077894 9.20246657871 -320.002581489 -15.5864633155 -239.519159523 -9.47689271419 -457.772198149 -99.112722125 453.19046786 
-134.636252946 29.0468140326 461.80279395 -319.171814268 -380.706040989 -219.705077927 -424.106553236 385.772126658 -7.90440401167 23.1920651836 
454.671190453 -364.683051904 301.222400072 -65.2849065511 195.147267555 -27.3105440503 -461.20957138 413.126521179 -29.0468425173 193.255587892 
-221.448914919 -106.768790655 405.378747029 -424.600176545 -23.6564019736 29.0468225409 -411.724971525 169.45492286 426.614543688 227.854123216 
459.400550765 -15.6130064548 -116.673091714 -455.954898891 -29.0468426789 -128.807035405 -404.213159094 -327.681327522 291.373034659 410.896927778 
-145.788663228 -25.3888389329 76.5101259007 -461.018316023 -158.367939085 -364.493207843 -369.884009125 303.656096697 -29.0468425176 441.22467059 
-459.116214931 -318.721103227 1.50359866881 -134.926416355 382.98304602 12.1969412882 -319.409136193 -21.6167907627 448.419978331 248.88868046 
4.96098262302 -355.993547814 -29.046842517 52.6467077812 309.354490766 -159.478389244 -8.00456939005 -321.160266705 459.633572527 -382.694154199 
-459.649116357 -313.330287514 -29.0468425281 -12.819428022 29.0411024422 281.319504928 452.01575154 308.710563492 -239.453604158 28.135330314 
-11.7881974693 -321.234934229 430.06036461 -100.884827471 -458.759899953 99.9714654192 -240.225686135 188.993775845 -29.0468425172 416.519724812 
204.004324443 -18.8517774649 9.06132330206 -312.039232224 453.724336291 -29.0468425173 304.059784075 -372.694582456 249.888430789 -445.140436264 
-455.343741613 309.007569437 444.516763729 431.123395988 -14.9065049725 -14.8194974267 -322.174680052 -102.104660238 -166.874195125 96.1667496065 
76.7079800184 460.504549632 -451.051740089 29.0362183418 -411.138569639 298.506260268 -234.018212761 -29.0468425172 -193.019703339 264.800335052 
-44.0515076407 -243.636986244 -461.784517867 -309.95276918 431.785666263 108.166728987 -169.278219844 451.456361454 8.32340778934 170.912884955 
451.776644056 -24.3082379356 -461.498367731 -3.47288227639 312.739975423 -29.0468425168 278.620211388 313.45957285 -169.493803282 -389.43059241 
425.691608697 -455.087560386 25.8624335605 105.654181676 -321.707705938 456.423058657 -98.6189706056 188.199085215 -29.0468425169 -83.7751869915 
-29.0436591979 4.24171986229 -369.431169289 451.207697261 -29.0468425172 -455.56773701 303.533369281 54.7769148909 241.387805401 312.134337983 
-282.304566718 461.36349808 29.0468268713 -255.955538577 310.172563401 -217.130571069 402.272919031 -442.783929201 28.1375060788 -436.767634553 
-457.050912017 -131.939912882 -11.307738504 -395.518261482 403.456014395 311.563844628 -321.436636335 -29.0468430296 -78.8856786246 460.729671188 
-28.9918187236 187.199644112 188.842497957 -406.887373623 449.255746767 -459.149360347 -205.826690622 416.374871017 -241.734384296 -29.0468425169 
-135.886186321 462.599182419 -438.951285205 -428.304090164 -208.389295271 -8.53448970884 320.964548356 -1.99718914566 -314.867697206 28.9957403524 
-321.632542423 -29.0468425559 -202.4983682 -101.792854095 -13.5331793671 189.075631934 450.760141709 -421.744741289 436.232476264 -408.025277234 
-70.377172693 -315.720947875 211.910970441 -423.794384086 209.338268067 421.849760623 -13.2426667156 6.38873984975 451.425215564 -457.258905173 
460.512168805 12.6551704856 -22.9744356256 -312.651319846 -320.775020483 374.823302325 -94.7021037737 20.4708224086 -452.272941729 -233.195390925 
-20.7695454276 -151.608244262 187.536212069 115.112806591 420.191472251 302.389342022 -363.890300227 -29.0456191206 -412.111813035 200.505949348 
381.433482218 -459.571212468 -10.9526327262 229.758264407 -314.586856266 29.0468250153 461.294555621 -120.031757701 -317.027006832 16.3088990573 
320.810525326 -428.274562836 187.803763547 290.353807368 415.591125271 -29.0468425196 -5.12517653254 -428.397914753 39.3327692826 -206.809718002 
10.3351558019 -323.583445346 -9.76953317934 -127.193108391 -76.7303253984 274.694387383 383.136783258 404.891129864 -459.312644298 -320.736129058 
-210.19448541 -162.35409087 -211.946895611 149.161990881 321.469037463 -6.72238742022 290.98173738 -429.996653108 -29.0468425185 460.232245524 
-29.0468426684 -117.10443581 23.9868038264 -313.888813005 -459.581317634 296.210595627 374.237827274 -9.18206456124 239.737067787 460.442684923 
-78.4039034521 -386.491931564 -26.713082739 459.427119634 307.943171668 -378.041781071 310.581662098 -41.9036578533 -29.0468425172 -448.025817076 
-29.0468429651 454.539735975 -237.735124444 410.163743096 -458.973151836 15.5224989031 -325.480590632 -10.4432082597 278.168125761 -122.505202309 
386.197521228 152.376382956 -29.0468437404 -140.772290861 452.535794666 -320.220402288 309.886690072 -67.1152110766 -391.88947725 -4.20429789509 
-137.040395365 -426.44642391 -364.912535542 29.0468326843 390.296801554 -225.470806636 -29.0468425171 462.328417201 282.97859642 50.5198882805 
-402.01382304 449.186765598 -11.9194655113 -321.525349349 -452.633099082 -3.98815065685 404.752473712 -197.469168703 -131.673492342 315.417710245 
-447.29195385 -20.124188448 5.88970380515 410.508227847 188.841083578 -29.0468429088 -319.174355996 373.194559118 460.341705666 -227.656382464 
-238.460452084 158.996470356 41.8239359764 -29.0468480113 290.646130105 -308.11378771 306.512049094 -459.764176134 -29.0469810117 453.726920141 
0.701004391725 -430.113829006 455.708564357 -211.631445442 -430.723152078 283.817847387 321.292024088 -27.8172604742 -114.043847031 61.368847508 
392.591995283 -383.106782559 -93.2803103708 16.4477694867 -92.8969731185 130.277368811 462.593346088 -321.572894405 5.40116816488 -311.463610104 
-338.884330057 -91.1040901702 415.07684171 206.43680116 135.337036167 -392.852367197 142.950825181 -18.8822065476 208.159529095 -29.5869938592 
-440.834852502 -14.105097648 -221.269314371 331.700376296 -278.466392684 29.0468422691 -441.252626942 461.984541718 -222.543508435 318.347739058 
-458.132509406 -201.113921619 1.99486482377 -121.147198901 -421.825742687 324.999789836 -50.7801747016 -319.523783924 -6.61390959573 405.361635108 
-72.1225260079 -73.7492525811 -27.1139263887 456.339624512 261.792280615 315.889249751 -462.433419442 -29.0468425173 -365.906901022 303.797121247 
8.56255982343 -15.7801569906 432.240233851 -320.046749548 -10.0554447071 453.190169498 -99.1530361963 -457.772336438 -239.517403755 -319.249119463 
-148.977577157 23.8972638889 -441.058850589 188.513525919 411.066534957 460.259005004 -440.366403881 -193.354870444 285.852720746 -29.0468427143 
-377.668272562 310.257295196 -391.191407703 -29.0468428911 -452.725296936 455.79317738 -28.8954390607 -42.4163510318 -168.653555641 309.130573656 
-412.936919158 431.047202117 -322.024800308 453.922555954 16.7141645985 29.0468068917 -98.7688903469 -126.868799407 -338.230559564 -195.736158756 
289.86608019 197.374016041 459.376550529 -433.964773241 -446.823387709 29.046838475 -249.990740769 -85.5530338176 417.070435425 -229.33584017 
29.0468188309 204.73009214 34.9526462521 -453.63244677 -291.264631591 -360.843926664 -67.3556837789 416.879322308 -27.0502985249 459.40443835 
-7.83714815465 -314.921470858 -367.186654849 -29.046842517 -161.232537332 -450.981953454 302.932841112 460.13489086 47.6996317209 28.9290638662 
-16.9773518327 301.927445678 22.3903471042 430.80061729 5.16647547495 -180.096193988 -401.505390028 454.074290204 220.567459135 -412.863259618 
-313.860370753 -459.176957718 383.355451764 -29.0468425172 130.739420827 18.7887124161 284.777732265 461.520211077 -90.582483334 -117.63557729 
320.648709278 461.978868254 -136.18638489 -29.0468425172 -429.058515301 -8.75049350843 285.041302165 45.1766416194 -209.28030782 -338.464069847 
433.509118044 -323.519504109 6.22440924942 -36.9355952749 -61.2631252878 160.272525877 -196.987631262 -419.881823681 325.102565777 0.619879215857 
-320.899155788 -319.666718452 404.480474481 -28.9147319105 -6.68511817432 71.382523643 -458.594535345 -123.193813039 -239.366008968 454.443262692 
209.143898243 -315.505208051 189.244896294 453.856812917 4.8231840188 -456.524906645 -425.459711544 -29.0468425173 -6.58049210479 413.34784106 
223.838920716 -68.5637409877 348.186668203 -116.241481609 -81.282567218 -396.52623489 -29.0468471675 136.505001659 456.981612918 311.847400595 
-448.033025165 459.424815744 -42.5984098614 -378.025771606 -29.0447552663 -29.0468428534 -78.3860172355 -386.499137538 307.932930606 310.406759212 
-169.096729888 -89.3215304895 251.333555763 312.627586204 -29.0468425172 6.4476441753 313.02385981 452.860387197 -461.563889914 -389.213634672 
450.980363672 313.373604509 27.513895358 281.959485153 -36.7560107104 317.24015002 32.8379672201 -241.833609109 -29.0468425197 -458.352872286 
-29.043269374 459.952730556 -212.551207238 250.656396978 -458.951443836 -56.0434810122 310.430064598 -4.74301599252 -378.326443837 153.676259622 
-204.985352225 29.0467110431 458.56282016 -195.255153812 -192.988732457 -5.98249474941 -412.736541772 322.996617196 14.379992349 -425.342109669 
-321.6688328 -171.271161569 -29.046842517 -397.762233342 -13.6239499004 439.079082033 449.046705873 -102.346821919 -459.29612184 189.631542934 
251.628057712 -29.0468426204 450.136062409 206.205399188 56.4438674186 -405.956647351 -455.978456818 433.829584994 -31.9330653462 308.09266233 
-210.573566056 320.299767589 29.0465588457 65.0138466296 -143.058325528 -410.335698654 460.927725401 -430.113824041 -191.505376781 -8.54376344502 
10.3628915633 -320.363404134 -56.1936201843 446.60846534 -381.900705498 -419.708849536 -24.094748615 -196.802482576 325.258597854 6.66434615209 
29.0438700221 309.708213729 444.130381754 -170.16140386 -317.332594032 -29.0468425172 -11.5466191235 -388.230822317 227.7929555 -378.866481493 
-192.902762156 322.743788289 -412.691556674 29.0467717851 458.442927054 14.6376027976 -195.197645146 -205.106333203 -425.429064185 -6.76353965514 
-424.653286315 405.378639854 450.448687918 18.2186816692 -328.126769675 -221.576089943 29.0468041179 207.425041247 292.013732873 -29.0468425254 
