-26.5713561073 461.686340963 -153.308815905 -271.231165148 115.181140485 -332.493588588 338.82539039 -461.390033617 -15.9716535295 233.761424104 
180.892288953 -187.252310694 -203.859668095 -461.686340963 -329.826520702 -59.2581132688 190.958610627 54.0612883184 459.571098595 326.459306896 
331.865014552 461.686340963 -337.298242087 -141.419271861 -461.686340963 44.921820449 -237.711367485 111.209558812 -80.6089706943 208.903681605 
11.8431591253 -330.50622931 324.683271183 173.122666197 -234.565521795 51.757481873 461.686340963 253.061038754 -461.685960184 -113.067239623 
461.63899625 341.165898468 -331.811460006 249.052801217 24.377798728 -162.624962354 -37.0231310189 113.590319676 -240.937644361 -461.433358597 
-316.857160416 461.686340963 -64.216380399 -321.157360887 -68.3662934399 67.7538927822 -196.602547615 320.552479003 193.412521908 -461.686340963 
-84.6828528736 61.6101746075 461.686340963 185.116560748 42.3712070685 -336.43083357 326.758784938 -217.66213595 278.251655337 -461.686239059 
193.225982163 315.806236771 -323.393006959 -287.047881951 -461.686340963 -53.9133412362 90.6369007306 -185.765135466 -53.8012457466 460.617820453 
-56.3216323072 -461.686340963 330.269467284 195.071776905 39.3529524898 -250.218228949 461.686340963 175.882111259 -335.964991753 -115.044125296 
-196.632666706 -461.670947692 461.686323052 198.917880412 -69.8111740604 -82.5522449965 51.5475704967 171.325848022 -330.976189707 324.333802395 
-48.7702652027 -230.312295972 -172.884502975 461.686338702 15.0163302885 -332.496198369 107.399587831 233.8571146 -461.686340963 342.493494104 
-6.56498786372 296.582741967 -239.342646961 -460.86942262 175.805072629 55.2945271792 326.93202424 461.176244987 -334.297985893 -105.986116409 
59.1595295662 328.964994051 205.0097154 -229.502911536 160.985665367 -119.46041978 -60.106564877 -461.686340963 -331.396969998 461.686340963 
208.909750423 -64.3616315664 -136.336530565 -337.925127426 116.380346026 -211.084048416 461.686340963 331.343400242 -461.686340963 57.9786423699 
461.686340963 -335.634608986 -81.5267147234 -231.048581678 -461.686340963 339.938912403 215.488760328 104.603169704 50.3839352798 -147.879597323 
-240.109945528 -120.359683537 461.055672612 -335.895961434 175.996529579 314.865751161 19.1932404115 -78.1748005488 145.876069473 -461.686340963 
-164.10680698 -38.6513915669 461.686340963 -461.685437058 338.210324758 231.127466427 2.05580169056 -334.455676168 -241.218371695 114.214732012 
222.856344104 58.4484245087 -45.4283522149 461.686340191 -328.428431911 -461.686340963 -185.377903357 -191.376648788 97.9895363887 336.176596398 
-221.396332867 461.686340963 323.566847276 -461.686340963 -331.596023702 -97.9306453176 -68.9681098045 171.716406373 207.345527532 48.6745379377 
242.751213927 -461.686340963 -160.347441517 17.9377844634 121.148829965 340.887510184 -227.822710517 461.686340963 -330.275023215 -34.5267672027 
-190.311365931 209.345141157 66.6116101947 461.028867177 43.7855532888 -461.686340963 -330.751377571 -82.6871127849 -220.559078471 328.325289186 
-461.686340963 222.212768716 461.686340963 120.482618447 -334.925645455 70.9783998778 -206.659173826 337.45689785 -52.9633063452 -125.527729884 
-143.816853776 -58.1152944873 -334.148197192 -219.096287593 108.909666785 222.107373813 461.429117675 83.1645827339 -461.417493213 337.965560917 
-35.8961746204 -140.128569563 -461.686340963 -263.895390921 332.749900734 5.03442403269 211.944870603 139.442486012 461.686340963 -341.295858295 
344.413923346 46.2520151318 244.20006732 461.686340963 -166.738836324 -40.8023709519 -461.686334348 -329.551671263 123.975692167 -202.554609243 
329.857610302 -70.0935479133 -461.686340963 194.326696692 461.250238653 -48.7821261229 186.952391441 -323.656368684 -203.537913649 59.5047305645 
43.5678505328 220.152739471 -334.932383665 461.686340959 -224.685204447 -99.4952751896 -461.686340963 -66.1360000363 163.674176024 329.176679603 
172.019152735 461.678884916 324.722665627 196.377348085 -231.08146462 -108.360252984 -45.693189781 -461.686340963 44.2626695576 -336.101650799 
461.686340963 65.5607635534 -198.746811793 -327.309331364 222.851638671 -454.779033984 -51.8549744591 333.415741143 -82.8259900589 182.478700784 
-52.557181473 219.686123627 342.032032607 70.4600235729 -461.686340963 -258.040018914 94.3464240964 -337.510897564 -170.744506631 461.686340963 
332.12381979 -460.709997608 90.4159996097 -45.8726729862 -333.265260394 203.393251955 461.609784677 -216.121058723 -169.450575311 67.2725471539 
78.684839206 218.184596387 333.129161519 -225.030054506 -335.19599618 461.655565579 -43.4964389572 -461.686340963 90.7258015006 -167.713747977 
344.765080878 -329.377873236 72.0673363853 293.025725281 -219.389406271 461.686340963 -461.686340963 -122.856091205 5.0703969224 163.104926015 
-334.435729181 -461.686340963 461.686439235 -213.054223383 -68.1417819795 118.438801205 -134.308605227 343.667042686 222.205632384 62.9325386769 
-328.651579858 -461.686340963 457.332595874 -37.2622581587 213.13899948 -274.267840632 88.2524146225 -60.8920472553 -188.719210215 333.408290314 
231.570328913 -168.153838315 -48.1324153266 336.117173518 93.472242673 -461.68635942 -200.397250745 461.686340963 90.1730795868 -335.995439054 
326.811700273 167.3949777 -332.733237703 -63.9322860992 -461.686340963 461.655168438 -97.744669187 48.3182037214 222.725221717 -224.07683969 
-4.82317009098 326.903322108 225.218148433 -129.149595612 -336.366383774 461.68634092 20.77681294 -257.688738894 140.745905765 -461.686340963 
-214.473698217 -461.686340963 461.686340963 -159.554572985 64.7426212902 -50.2389489159 332.108291713 194.569457399 -331.794198446 192.689197701 
