0.632030889142 1.0303617451 0.899540785647 1.2699999932 0.997203762019 1.14213143399 1.26999999634 1.13376378787 1.04337848757 1.14213143477 
0.937027487921 0.965003631724 1.1409614009 0.800190863598 1.03028854521 1.27000000016 1.27000000424 1.26999999308 1.1421307445 0.9836360366 
0.779967246983 1.26999991554 1.01608084557 1.02454803658 0.9849221494 1.14213143477 1.14456680432 1.068306553 0.667546807214 0.728968656525 
0.950570188136 1.14213143462 1.0080358062 1.27000000001 1.27000000011 1.13727970377 0.813365549981 0.837090947129 1.26999999995 1.26999999993 
1.14213143477 0.902285236331 1.02726786355 0.965478563074 0.777801820091 0.94221783703 1.24587641364 1.26999999992 1.14255810786 0.690605066302 
0.731007510653 1.1699712401 1.10100327793 1.13351060793 0.88458938553 1.0106252698 0.977401089242 0.955359454879 0.904665128423 1.14213143838 
1.27000000001 0.849696196698 1.03280823304 0.877445728676 1.14116572677 1.20072487174 1.26999999998 1.1421314454 1.11065585887 1.20420336626 
1.2700000056 1.2699999996 1.14213149849 1.00063775107 1.27000002921 0.953000951934 1.08420081414 1.07956160484 0.796950301426 1.14211176563 
0.896520674542 0.827534942357 0.961905870942 0.809933525692 1.0582338698 0.92786176057 1.12734258284 1.27 1.14169841738 1.26999999997 
0.980182418871 1.26999999986 1.14213098184 1.2700000007 0.854747635381 1.14200177686 1.04911468605 0.933596235242 1.06213511603 1.26999993513 
0.969922238632 0.899593560565 0.851654439079 1.08548245312 0.712773538828 0.746166062543 1.13669413255 1.27 1.14211176616 1.14259350825 
1.14213143503 0.733116874007 0.994621485009 1.01082624777 1.17996619365 1.04102597575 1.26999999767 1.17908096757 0.994898181209 0.896894417097 
1.00340686643 1.10953088946 0.917918161427 1.14207823281 0.971649121834 1.26563319807 1.24594668816 1.08034785058 0.874036316283 0.768425498229 
1.26999976957 1.14380699765 1.27000001436 0.997077110734 1.21785505725 0.951478965726 0.822942937224 1.13364525516 0.921532467173 1.14213143481 
0.76040685712 1.27000000003 0.576935420703 1.26999999998 1.1969662408 1.04998237426 1.27 1.27 1.1421314344 1.05194519762 
0.987230067328 0.860139233333 0.653343348811 1.00547663184 1.00944800522 1.14213143969 1.27000003365 1.27000000083 1.2699999997 1.16468321718 
1.06478129015 1.12406929433 1.06016708744 0.657979782586 0.758412188592 0.864877040719 1.05010290543 1.14213146983 0.983892981508 1.26999999756 
1.1517116498 0.90093425031 0.737866168448 1.14213143479 0.915947216582 1.00623549359 0.704498575405 1.13747231698 0.953036690436 1.26372964038 
1.2544822681 0.917695688833 0.889151294352 1.03544325641 1.14212993999 1.00981478787 1.27000000005 1.27000004566 0.86785316412 1.14176604852 
1.19927710044 0.731715811375 1.26999899488 1.11322319358 1.26999963355 0.826289945758 0.783586345369 1.03388439579 0.656331337827 1.14213143477 
0.926947131677 0.951147426291 1.20062804778 1.02622494041 1.08955484221 1.04588424791 1.14152761944 1.14039267796 1.27000000243 1.11886471485 
1.14022902875 1.27000000001 1.14213143477 1.00904237582 1.09275229557 0.887817599343 1.0226307969 0.845188572717 1.03993187874 0.900896076451 
1.2699999998 0.96503693904 0.983650256484 1.1421307479 0.937068184569 1.03025169663 1.26999999997 0.800169864543 1.14095923492 1.26999999999 
1.2133555115 0.966221090967 1.27000000006 0.960403280301 1.03811101759 1.27000001936 1.1421299395 0.903125368473 0.6835750805 1.26999999952 
1.15549325093 1.14213138389 1.26999984557 1.27000000872 0.630652386049 1.1815489842 1.1421314348 0.955658577691 1.2699998599 1.0336843451 
0.922015451978 0.663092096081 1.14213197366 0.941179370496 0.811927571931 1.27000000011 1.27000001613 1.07167160484 1.01057291875 0.81370207286 
0.852054982416 1.26999999927 0.924458576384 0.962260286545 1.14542231915 1.14213143477 1.04051095239 0.953144937318 0.982142552605 0.904908233415 
1.14213151819 0.981805407237 0.882714493586 0.975252349402 0.978392197366 0.981884898779 1.27000000007 0.864403495536 1.1309583589 0.552118087255 
1.22670016891 0.752664822254 1.26999999995 0.99890255745 1.00542410333 1.16475936559 1.14212962852 0.877305454012 0.974431173248 1.08099351023 
1.27000000049 1.0662696717 0.934729165843 0.786124554461 0.999506384408 1.14200026298 1.02822416972 1.07084098643 1.10838741678 1.24268474469 
1.14212845721 1.14213143477 0.855284505651 1.20230280714 1.00268630659 0.982192087663 1.27000001358 1.26999994721 0.647557066544 1.08386102416 
1.26999999941 1.1421117391 1.24561385853 1.02338912038 1.11225513593 1.14130121768 1.2699999406 0.747473258701 1.0725740308 0.693337925661 
1.04706891067 0.825291909589 1.26999992808 0.807197985937 0.772104938254 1.2700000003 0.853103804664 1.14211176616 1.12946979056 1.26999925604 
1.26999999999 0.909841286615 1.27000000007 0.608291722212 0.820736177386 1.27 1.14212337049 1.07378966114 1.06533968587 0.892678676168 
1.2700000001 1.26999999997 1.26035509723 1.14213143477 1.1417138652 1.18370501346 1.03826539817 1.17726323799 1.04036490193 1.01639176309 
1.0863559339 0.681305649498 1.0148870651 1.27000000011 1.26999999997 0.798647565182 1.14212851341 1.27 0.917040002156 1.00569850246 
1.01984517708 0.843796284161 1.27000000012 0.901757444838 1.14213143477 0.875309820387 0.741439761233 1.03918128602 1.27 0.896694417383 
1.00137558723 0.984192994293 1.26999897452 1.06151916131 1.26999950757 1.14213059273 1.26999999964 1.20388009798 1.04201916541 0.931070604409 
1.08437702004 1.14213143491 1.03664616213 1.2700006414 1.26999999885 1.05583515274 0.974462988167 1.26999944112 1.14211176541 0.941450798514 
1.10640168908 0.982993486123 0.947206436289 1.26999997185 1.19430142235 1.14245860437 1.26999991097 1.1421102147 1.05293903047 1.01138562061 
0.820421666764 1.14010898582 1.14211176616 0.981995521534 1.02462219762 0.826537139306 1.14257546978 1.26999999995 1.08101468239 0.929666357308 
1.11175048949 0.884472426038 1.03723359443 0.651062023783 0.890626553244 1.11668184349 1.14242694281 0.935785119757 0.837151882699 0.992213177813 
1.14212891084 1.27000001497 0.684646233431 1.06948658827 1.18728030425 1.0217594936 1.27000000074 1.02980510559 1.26999950836 1.26263694912 
1.05576708883 1.26999995626 1.26999998739 1.27000009178 0.871912690757 0.982876822704 1.14241811461 1.1425873212 1.24870627085 1.03258770407 
1.26999999695 0.908413961069 0.994222172971 0.801644201329 1.27000000003 1.24929088378 1.00602416022 1.14213002668 0.884508183403 0.944405087632 
1.27000000002 0.832594173418 1.02306805319 1.27 1.05999416805 1.14211176616 1.24148627042 1.26999999998 0.994905086025 1.27000000001 
1.14211174112 0.916076657931 1.26999999995 1.14866608865 0.728092310074 0.805205855537 0.929454175004 1.2700000044 1.08502076364 0.85412434057 
0.992556713143 1.1421314349 1.24316578833 1.17613254955 1.26970538275 0.696356410725 1.02448516194 1.26999999676 0.981155759696 1.09552484025 
1.16202671676 1.14213143477 1.27000000001 1.0712066779 0.617194852446 1.27000000014 0.842492866167 1.01098556711 1.00269559902 0.988077829083 
1.27000081715 1.00915232066 0.773876438069 0.991916830239 1.26999997224 1.14202824156 1.27000000263 1.2699739229 1.03797529953 1.27000000052 
1.02356102158 0.642989401531 1.22442183751 1.27000000798 1.26999999886 1.27000006282 1.1602276861 0.995513079794 1.211301132 1.14213143477 
1.07695433525 1.14212800578 1.15384876376 1.14238063671 1.00439551771 1.27000000191 0.685560985676 1.03860562447 0.978838933502 1.1786258873 
1.27000000001 0.71655087253 1.14213143478 0.787003217471 1.26999999999 1.26999999951 1.14213143477 1.0665833942 0.850683223679 1.27000000008 
1.11818448318 1.14203340629 1.26999996824 1.26999999998 1.0142910052 0.988591534557 0.698494293594 0.833156547049 1.14211176616 1.18473111434 
0.987165433882 1.14211176637 1.12410117353 1.27000000011 0.982469785893 1.08293844367 1.08585966398 1.04826466109 0.81827891038 0.819594760935 
1.26999999158 1.11279528748 0.913699768221 1.00636436227 0.989449360713 0.864495668893 1.26999999991 1.14212914436 1.26999998084 0.99105016303 
1.13056387708 1.14251659728 1.24576200383 0.965236011587 1.17539515537 1.14212907348 1.01237428661 0.814613001172 0.981874149739 0.8465622387 
1.27000032302 1.14146395666 1.22926978178 1.18623511486 1.15061852556 1.12891101526 1.02695809309 1.02219611511 0.716151503439 1.13792055301 
1.16092185449 1.27 1.03759575664 1.0507686691 0.744477143742 1.14211176616 0.779236741077 0.860500064684 1.27 1.03556198179 
1.07386525774 0.792156740927 1.01921623698 1.14736566714 1.27 1.079145535 0.973233584928 0.776194824516 1.14207946349 1.14215608483 
1.2341166261 1.10338995616 1.23345527859 1.14238802716 0.841472514317 0.97812326633 0.928332501653 1.00114101559 0.960128433795 1.26999999999 
1.26999999999 1.14213143477 0.925726336755 0.802614667162 1.27000000002 0.874653605437 1.02724340858 1.01311477011 0.745756208724 1.26999999987 
1.13602835261 1.04261298741 1.00987808372 0.938518168109 0.619603369655 1.11416979523 1.26998519159 0.960840793022 1.03228779238 1.15636181233 
1.1421158542 1.14244157259 1.07616157416 0.934423641555 1.27 1.16951131917 0.942728990802 0.973990567099 1.26999999999 1.01426222464 
1.16179759007 1.03260722408 1.26999990114 0.608644601425 1.02725875571 1.096200137 1.14213143732 0.694839892881 1.26999997427 1.01242560692 
0.941508323301 1.26999997667 0.981712609671 1.27000005703 1.14244597219 0.83748320843 1.15662429576 0.821463241423 1.26999999932 0.99719059291 
0.991535422471 1.14212777817 1.18167351218 1.27000008614 1.06317791697 0.982095123644 0.810438279594 1.12613439265 0.971944326532 1.22845649014 
1.00634938262 0.832055285414 1.14198275179 1.14212442789 1.14777034586 1.26999999979 1.2699997513 1.26999987637 1.26999997 1.04153836656 
0.889292930075 1.27000009102 1.08923140299 0.669371333936 0.687174464159 0.786487528375 1.10374882239 0.744720925432 1.14213143477 1.14213143622 
0.879007650876 1.01494845483 0.961045497992 1.27000000331 1.14213146899 1.14026113539 0.988790473907 1.27000003341 1.19694097577 0.904390295614 
1.14242605435 0.942706506981 0.935517454087 1.08860664511 0.899538537307 1.26999999878 0.796740926593 0.986856138165 1.19978321273 1.26999999854 
1.06883240548 0.889215597737 0.651707826596 1.14213143471 0.751691677127 1.06983595567 0.933692878041 1.09832093933 0.935315460811 1.14213143477 
1.26999999857 0.618728950908 1.02415004046 0.948257920051 1.22950731393 1.24146040017 0.995030805731 1.23827879203 1.02137417678 1.14213143493 
0.766074900025 1.19609558271 1.14242588391 0.993362208505 0.937566062232 1.26999996079 1.11499070225 1.26999997793 1.20112907234 0.89956973393 
1.15575039995 1.01358975284 0.975037784497 1.26999999993 1.27000005513 0.938090731354 1.14242829348 1.07623031748 1.14211599652 0.889282008833 
1.25782667537 0.868827485425 0.944849098486 1.0523202494 1.12338768329 0.987389016776 0.777100749805 1.12996026236 1.14213143486 1.26999961276 
1.14209947032 1.03470982797 1.24665454705 1.0362028164 1.01450809497 1.27000008336 1.0523194414 1.27000008339 0.956576303721 1.01368341954 
0.929710390037 1.19509259437 0.894649421198 1.01559275285 1.14212145677 0.967694453957 0.9775754183 1.26098074645 0.802236785309 1.26999999997 
1.2700000136 1.00659513518 1.27000000233 1.1459764068 1.27000003268 0.768037008322 1.2699999969 1.14213143477 0.826836321527 1.04097791543 
1.05718319068 1.2700000001 0.964347609663 1.1421314366 1.1085732838 1.2699999998 1.26999999997 1.14210514444 0.757936817146 0.882615180446 
0.696137153967 0.807202031046 1.02494130775 1.14213143477 1.02146093308 0.752555697038 0.829685310177 1.26999995991 1.2700000021 1.27000000007 
0.994976599065 0.92352029561 0.974512406748 0.900924809466 0.993635141681 1.14212967316 0.780234697055 1.27000002331 1.26999999989 1.0542000673 
1.27000005175 1.05991082018 0.941180262854 0.874560454961 0.909989277096 1.14213143414 1.14213143477 0.757084520631 0.931741213697 0.773343169066 
1.11675853119 1.27000001422 0.943075530797 0.947132309897 1.22660984194 0.738092731395 1.14213143477 1.14213126236 1.0223482285 0.745791296875 
0.983523263923 1.00445079884 1.24386694233 1.08550285987 0.950885758807 0.874042525743 1.27000000524 0.817434661108 1.13770112446 1.14213143478 
1.03767930463 1.00070139766 0.937421750155 0.937995687274 1.01239864619 0.957818496929 1.14213143477 1.11905697374 1.14138938575 1.26999998529 
0.983530006495 0.972288559804 0.940864213689 1.02499889194 1.27000001894 1.1421298369 1.16612365997 1.27000007751 0.980661981428 1.27000019492 
0.916155489559 0.970649707359 1.26999992054 1.14252977581 1.09421147382 1.00296992048 1.26999994111 1.26999999999 0.964423921484 1.05412271203 
0.875193978084 1.27000000019 1.14699020481 1.26999999984 0.980169451157 1.14211176616 1.27000000891 1.27000000002 0.990461114268 0.672317516525 
1.27 1.23830014614 1.00340752996 0.998066296625 0.875207256812 0.881364959685 0.996049857249 1.14212816504 1.09121697361 0.916068112206 
0.986386566949 0.998701556484 1.14239156984 0.796868343708 1.08859717065 0.929412221003 1.26999999991 0.912088584714 0.958079740156 0.77680320037 
0.946387121076 1.01874194667 1.043420344 0.810852532239 1.27000000728 1.1563397959 1.05659419499 1.14213143477 0.772320370025 1.03289172612 
1.05677780183 0.844766913089 1.27000000002 1.14213143477 1.19671216801 1.25213306088 0.76459635429 1.27000000014 0.89252677783 1.27 
1.14213143479 1.05038203556 0.991980513237 1.27000000108 1.26999999994 0.892432119663 0.891986435149 0.888929580489 1.2019027189 1.13728079666 
1.27000000002 0.63005506288 1.23426319909 1.26999999993 1.2467964289 1.14212581884 1.05887199943 1.26999999995 0.987863699967 1.03446022163 
1.14194035697 0.934622043781 1.27000000125 1.23118981842 0.890799950083 1.27000000083 1.14213124172 1.04457264369 0.753438309678 1.24860306838 
0.886405153262 1.27000013627 0.982809343345 1.14213143477 1.14121179889 0.843877780073 1.03473028298 1.14836257829 0.917369531135 1.13817117044 
1.27000007765 1.01255903542 1.27000388102 1.18227108874 0.96971189051 1.12965524568 1.26999999996 1.00575963593 1.14211176613 0.877566277053 
1.12467613324 0.804181218647 0.886016616146 1.14177447837 1.09121323517 1.05249011627 0.944104732536 1.14213143477 1.27000010258 1.27000007724 
0.947610120285 1.14702845057 1.27000000066 1.1421514423 1.14145867927 0.884734422304 0.892608296844 1.26999999485 1.02354574405 0.934732659176 
1.12286266562 0.759394942358 0.932165333152 1.26999998142 1.17970144278 1.04467989878 1.07919977023 1.19034988823 0.944473194233 1.14245343075 
1.18115587803 0.862735004345 1.27000012148 0.894617115233 0.846511101603 1.14213143477 0.86785646514 1.05325729926 1.14192792777 0.988626019558 
0.682148260604 1.14213077465 1.00143591517 1.27000000294 1.03376444604 0.935574734609 1.01576547347 1.23978875356 0.966667164686 0.979150340726 
1.27000068017 0.988277786808 1.1865822006 1.13761169067 1.14353024206 1.07344018372 1.04543531974 0.93162844313 0.9341346377 0.988436811118 
0.990298664199 0.64468513392 1.0752474553 1.14213143552 1.17655489493 1.27 1.27000000001 1.17828450627 1.14213009294 1.27000000005 
1.25470963039 1.01775827723 0.805244918314 0.58359054438 1.26999994212 0.985405913868 1.26906101188 0.99267456555 1.14213143494 0.61018208796 
0.964735753416 1.14214316455 1.18572261221 1.05244423801 1.26999999655 0.968379961075 0.944426208434 1.27000010495 0.934463792068 1.14213143476 
0.99123689622 0.859340944183 0.88914012775 0.969425013537 1.14213019198 1.26999999972 1.05327381858 1.08988372944 0.98252075338 1.14177930588 
1.03345134811 1.26999999922 0.937229049321 0.97908938715 0.873487669228 1.14117281445 1.27002656375 0.792894962652 1.14213083643 1.26999999404 
0.619854056164 1.08138156207 1.2699999948 1.07868169477 1.26999992217 0.988943910007 1.11956355687 1.14211176763 1.14049134371 0.954042720908 
1.03806646145 1.00605963337 0.838567242086 1.02132488622 1.14617506234 0.824382035649 1.14213143477 0.658841017802 1.27000007555 1.26999999922 
1.14213084981 0.997410837389 1.27001076861 1.04412708754 1.02307269596 1.26999999336 0.836231932666 1.01273200309 1.2202517984 0.587574532132 
1.14213143477 0.945220883399 1.07830730881 0.671246202195 1.26999999929 0.973151017057 1.13871411624 1.14213143476 0.916564577372 0.748506296253 
1.2699999911 0.912051502164 1.27000019865 1.14213119736 1.17864368717 0.913415020798 1.0040915142 1.0474350992 0.612593049453 1.01493202644 
0.924394953283 1.27 1.06566424924 1.27000000004 0.986352751663 0.713503524737 1.19187035104 1.27000000057 1.14211176616 0.894721957913 
0.983144894349 1.05009353326 0.85018268278 0.584566006735 1.1421330838 1.14207582482 0.962071354142 1.05332102222 1.2699999999 1.01868968481 
0.997175605305 1.14213156794 1.26999999965 0.963866896918 1.00932915474 1.05233898555 1.27 0.856816637194 0.955129086103 0.78781542004 
0.961232851464 1.14249966835 0.866623082113 1.0223771068 1.26999999996 1.01170324669 1.1066829222 0.834036765496 1.26999999743 1.2098447446 
1.09063952119 0.580315408873 1.07272637675 1.04043815872 1.2700000007 1.01522511717 1.21219696194 0.819172049437 1.2700000087 1.14213012216 
1.270002404 0.756613156121 1.01877701941 0.868484634866 1.26999987705 1.14213236327 1.26999877466 0.924748289144 1.14213143472 1.05163104381 
0.702484279273 1.14213143477 0.588580120449 1.00276040928 1.27000000518 1.14212816825 1.03996261392 1.22546658545 1.03767724155 0.853980125162 
0.710226399578 1.27000000001 1.14183262063 1.26999999988 0.846353987226 1.05936608885 0.904938533923 1.14213090468 1.05248956189 0.988892405891 
1.11053990669 0.876500755748 0.850446978454 1.14120776837 1.14213144488 1.03341474931 1.27000000715 1.27000000562 1.20236916862 1.2008293641 
1.27000384212 1.09580272751 0.969693722258 1.01214341201 1.03959130318 1.2699774472 1.27002345654 1.26991581195 1.14212936061 1.26999999448 
1.06894867118 0.93446995516 1.27000037259 0.900905493656 1.14213143477 0.868571778398 1.2699996934 1.06163797014 1.26999996844 1.27000262738 
1.03309351022 0.619091961429 1.11410280992 0.994875592126 1.26999998862 0.884826156451 1.2699999175 1.2700003995 1.14213085261 1.26999998698 
0.984265046252 0.725963616098 0.604729377733 1.15094943473 1.14204290217 1.06891050723 1.27 1.14252786258 1.05484547141 0.79743910602 
1.00323035887 0.934478745918 1.25861563771 0.993399149619 1.27000000001 0.921339710691 1.14213009322 0.68958337814 1.00938236909 0.721815116978 
1.14244236229 0.942632089525 0.991679435854 0.878920014381 0.897831654363 1.11173633002 1.03688033979 1.22850233706 1.0479825582 1.16826626592 
1.10060473858 0.812887682857 0.934275339111 1.02777308858 0.984011821148 1.14242334799 1.09809670292 1.12888313456 1.26999963031 0.921938914337 
0.826591924809 1.22210696127 1.00278354571 1.27000000001 0.979443048638 1.14213143477 0.896457963751 1.03787292 0.7524106858 1.25455013301 
1.14213143477 1.27 1.00270133064 0.842492007394 1.27 0.617196033673 1.07120859915 0.988078987728 1.16202983765 1.01098490018 
0.623559320315 1.03654543949 1.25998921839 0.875225715393 1.27000016214 0.75256014453 1.26706290406 1.00568078115 0.997490907516 1.14213073895 
1.27000079488 0.924462209739 0.989967731826 1.02666524321 1.14211176616 0.953506798161 1.13034736162 0.976319053894 1.27000001 1.18395057716 
1.14213143552 1.14213009268 1.17654602009 1.2699999986 0.990299406275 1.27000000002 1.26999999999 1.1782845029 0.644683962665 1.07522484822 
1.02395885901 0.637631553137 1.14222011395 0.991504356272 1.11005617784 1.27 1.01937068518 1.27 1.03953473681 1.27000000015 
1.2699999986 1.14177041416 1.01246940539 1.17642554772 1.26999998936 1.26999999995 1.14212990188 0.819940397597 1.20413434233 1.03993095385 
1.27000058334 0.620636440558 1.03768497786 0.902939010873 1.26999931009 0.989522364331 0.847990861013 1.27000025554 1.02192283973 1.14213144934 
0.903582145403 1.14224608954 1.14213143477 1.06085768372 0.862532941974 1.17680021356 0.690240747866 0.872150257664 1.07780343811 1.26999999977 
1.26999999449 0.920641788632 1.26999999695 0.987381904146 1.03774523482 1.26999996339 1.14213145675 0.994261891347 0.982456333697 1.01523852869 
1.20392739943 1.25762460158 1.14213074954 1.04643662612 0.904278449784 1.26999954859 0.643056876561 1.26999999923 1.02957918909 1.00211816871 
1.02844248672 1.06488192747 0.797578088548 0.843889057075 1.04939052614 0.668889405367 1.14213143477 0.951537150461 1.02750974622 1.14213152623 
0.839418166967 1.27000003438 1.05417327695 1.14213143477 0.95546053341 1.26999999602 1.06664397874 0.849911432448 1.26999996719 1.27000000043 
1.10299955678 1.00938416651 1.14213143477 0.991367365181 1.26999999577 1.27000000004 1.14434619661 1.14198174739 0.866501902775 1.0909194017 
1.05319640375 1.01369820155 1.03577202807 1.24755849686 1.03558962564 1.27000005692 1.01423221775 1.14209965865 1.27000015249 0.956808696329 
1.0007978672 0.831966650656 0.829920479071 0.864049108309 1.14090124368 1.14212759532 1.02746458881 1.26999980998 1.26999999992 0.902101946983 
0.86705727551 0.976840654046 0.963593590087 0.768603327334 0.924822092544 0.812082081387 1.04818757879 1.14213538669 1.27000000575 1.13038497677 
1.2699999988 1.14210004857 0.842761924444 0.866134664252 1.27 0.628885937974 1.06922141187 1.05380413214 1.14213143962 1.00972556525 
0.967729463345 0.831090393951 1.11553721686 1.00995531215 1.14211176616 1.27000000213 1.18079933368 1.14202503706 0.694170226973 1.07199277205 
0.995618871348 0.953230182274 1.03607486122 1.09330220711 0.996663274704 1.1421286797 0.732525694751 0.823573505608 1.00129995409 1.23000108385 
1.14213123958 1.02180281532 0.970561217556 1.27000000258 0.966304696238 0.780656332381 1.1516532015 0.939013377657 1.14243852657 0.828209090823 
1.03195346682 1.23733513148 0.695899246588 0.87598724223 1.25502398505 1.26999999544 1.14209284641 1.02422226319 1.14213143478 0.745495258886 
1.20134152001 0.729821166891 1.26999938258 1.14213143479 0.939006126025 1.03751449787 1.14367025285 1.27000007259 1.01533331911 1.27000019602 
1.14213143477 0.659574644856 1.14249069099 1.09066429109 1.11189764856 1.03574672038 1.11953292922 1.00361871894 0.958507646469 1.0732020849 
0.712537741977 1.03113338346 1.04393346645 0.802129406525 1.14213143668 0.988899351181 1.26999999847 1.01246059845 1.0107853269 0.881302116879 
0.78704361061 1.08221796141 1.27000000017 0.778964073382 1.14213143477 1.13716442422 1.27000270545 1.06133138292 1.26999999986 1.09100755118 
0.868098589191 0.704026467727 1.08445199648 1.11849151201 0.937985503396 1.26998686752 1.00343613421 0.988304720369 1.14242702146 1.09314383851 
1.26999994355 0.993050678424 1.14262561675 0.957969414451 1.01494875496 1.00388451759 0.749731399481 1.01334745782 1.01892643712 1.09043609336 
0.983655136349 0.93707474472 0.800169631244 0.965009738064 1.26999999823 1.14095928166 1.26999998085 1.03026836676 1.27000000002 1.14213074725 
1.01726450136 1.11587636981 0.775269999789 0.875281702259 0.900257316509 0.932814880377 0.861892015653 1.07957985482 1.14211607556 1.14241806902 
0.786310521736 0.908094333893 0.89360792938 1.26999982359 0.66535942298 1.02054710696 1.14213143473 1.14213143477 1.27000007895 1.07342418003 
1.27000023579 1.04890222842 0.975698857823 1.24738556217 1.14213114348 1.2700000223 1.14197959022 1.27000012656 0.844150276364 0.725559998326 
1.27000000007 0.937068746591 1.26999999998 1.03026000943 1.14213074779 1.14095945287 0.965043665029 0.800170312969 1.26999999997 0.983652033474 
1.27 0.988366460803 1.08958265181 1.27 0.865325460162 0.884650575115 0.891638676419 0.734421284022 0.983983008289 1.14213163916 
1.26999999999 0.777841718841 1.27 1.01954747393 1.00802266662 0.657464750861 1.13212808006 0.912496599524 1.14212897071 1.27 
1.01054318011 1.14213143477 0.649898802446 0.995804149593 1.14212715906 0.830783554932 1.01471425978 1.19381927172 1.06055957335 0.824014483648 
1.26999999707 0.758024496414 1.23578861308 1.02783599489 0.789671554738 0.843044204113 0.998427792243 1.14213143478 1.13375400389 0.997317928089 
0.692593276367 0.891243257129 1.07074232416 0.931377518788 0.886728673589 1.10525598058 1.14241541756 1.09502283943 0.908564570621 0.987518061627 
1.14213143709 1.09121086259 1.16497601039 0.714007758953 0.929619265932 0.976743632002 0.976921507992 1.03850605027 0.999030860167 0.976016989208 
0.965040686218 1.1421307479 0.983643556167 1.03025010292 0.80016862791 0.937070581621 1.26999999994 1.14095911833 1.26999999999 1.27000000002 
0.940604748058 1.21107416697 1.12142838699 0.986944352628 0.805862000225 1.08852730845 1.09482859063 0.846799846178 1.14243957024 1.02592474781 
0.835317055828 1.02597312539 0.879904175736 1.05956930483 1.14210497671 1.27000000348 1.03748199247 1.14213143477 0.754198333332 1.26999999203 
1.14213143492 1.27000000002 0.920322466329 0.686054022653 1.15719721454 0.98142330826 0.644638161686 0.999984951681 1.22042322426 1.16440796462 
1.14196532049 0.896184682348 0.960456261399 1.05738822148 1.02956836051 1.14213143477 0.892193143627 0.804356654281 1.270000455 0.892082592217 
1.27000000051 0.970073641903 1.13746468414 0.994451229991 1.02239401071 1.14213147406 1.12624554419 0.964334841481 0.55429456944 0.906337727549 
1.02313334199 1.27000000081 1.14213143477 1.02692694067 0.790429520607 0.988388702737 0.788160364514 1.01766587841 1.03866102991 0.8053521771 
1.06336839588 1.26999999528 1.14213142918 0.571638734894 1.11394710882 1.0521016041 1.14213143477 1.0372317933 0.813050198305 1.05344102331 
1.1421117665 1.02076411398 1.26999999914 1.02997493762 0.875955213259 1.27000000023 1.04101618754 0.924375069155 0.807310100099 1.04323493446 
1.00637805663 0.883958277381 1.14213019528 0.940778806005 1.127382569 1.07463148408 0.999968448874 1.2188931984 0.633621716714 1.27000000001 
1.26999999707 1.01547704328 0.576438378484 0.940592677603 1.26999999934 1.06768930764 1.18388216248 1.17184914885 1.14212823614 1.1267950844 
0.712530104001 0.881350086489 1.04392476104 1.26999999912 1.01078476969 1.14213143668 0.988881804773 0.802116364488 1.03109882934 1.0124053344 
0.762724364464 1.00235208376 1.09305934838 1.08902610337 0.875549906688 1.14241168973 0.986395158264 0.929622263337 1.03944284744 0.966975823897 
1.26999988301 1.26999982359 0.905502024203 0.707357560059 1.00592886526 1.14212968674 1.27 1.08502343402 1.14213252065 1.26999997703 
1.14236775379 1.27000000553 0.853309191737 0.901822545805 1.04496256956 1.01469526306 0.861580910833 1.27000000484 1.26999997992 0.9151716889 
0.642500965001 1.03089535605 1.06679475154 0.990671064126 0.837070747588 1.27000000076 1.05224211795 0.951208058581 1.1424691184 1.14213143477 
1.18865013059 1.27000043741 1.26999999886 0.909407319358 1.14231361561 1.26999996336 0.843295459875 1.02512708805 1.0650712227 1.14188805489 
1.27000000023 1.09170149789 0.950393833898 0.971587718391 0.823097398751 0.793354354231 1.27000000371 1.1510052497 1.14201908964 1.27000000018 
0.620558367654 0.983255908549 1.14213143363 1.10549877106 0.719576980073 1.26999999881 1.21154785535 1.11326182122 1.14242562934 1.26999999692 
1.19701029999 1.20115171734 1.27 0.899550663417 1.14242589344 1.11494561579 0.763564803963 1.27 0.937562977201 0.993332795328 
1.27000000149 1.27000000009 1.27000000995 1.04069017232 1.14211176576 1.02557452044 1.09537502151 1.26999999444 1.2699999998 0.764589878691 
1.26999999713 1.01358100212 1.27000007325 1.2699999998 1.14211176567 1.03807621085 1.14213143505 1.15456258084 1.0808365224 1.08598531877 
0.911465717084 0.816251183354 1.14213143477 1.03371970809 1.08027576911 1.05807190313 1.27000001638 0.88993865169 1.1421314339 1.00492514205 
1.03764655512 0.935117859193 0.587259905212 1.14187047015 0.875293773641 0.975492446409 1.14213253269 1.27 1.0345174807 0.952507380294 
1.14866208393 0.912725049449 1.06207274601 1.26999996361 0.932930843846 0.694010439445 1.1421314344 0.914256647234 0.930620989482 1.26999999984 
0.868931719415 0.919576415157 1.00852861594 1.27000000217 1.00575248251 0.941503750848 1.26999999971 1.14213147223 0.592010837848 1.05298671209 
1.14194354816 0.94352715694 1.26999999996 1.04423867522 1.26999999978 1.24048745139 1.14212277391 1.26999999998 1.26999999998 1.01488156458 
1.0366419226 1.03248691514 1.14210984978 1.26999998669 1.06022135884 1.07157097436 1.02977787242 0.996820142444 1.02439230401 1.14213143477 
0.806175969164 1.24952481119 1.27000000066 0.991282768028 0.9821779036 1.06227944325 1.04658195399 1.14212947765 1.06612701591 1.10892892067 
1.14213143477 1.0261948247 1.14211055835 1.07690239553 1.26999999982 0.901904116296 0.86982478015 1.04123463457 0.74068120726 1.27000000331 
1.08582953236 1.27000006366 1.2392799439 1.14213064766 1.26999979015 0.935943825066 0.977994044512 1.01574320665 0.997699144754 1.03211932637 
1.27 1.27 1.09835578638 0.828200567507 1.1421229302 1.26999999998 1.08775415296 0.982368797986 1.14265266506 1.0200885919 
0.838420884143 1.27000001452 1.05453140231 1.26999997966 1.23059587545 0.965040670744 1.14648147056 1.14240448676 1.19318218567 1.14228303817 
1.14250132595 1.26999999774 0.80704799518 1.14243883305 1.09480136422 1.00431382283 1.00911995929 1.03492582339 0.984449722754 0.807822627706 
1.1280212451 1.05650800164 1.19095786935 0.839542883563 0.960902631891 0.660792357909 1.14183594731 1.14213143477 1.01614116273 0.957323407156 
0.992209537006 1.0366586323 0.935736769727 0.651579099383 0.889808470882 0.884540043062 1.11618643182 1.11162346724 0.837419874207 1.14242671833 
0.827471129851 1.26999702352 0.827462445772 1.14203867662 0.95786880167 0.913623007657 1.07514891424 1.14213143477 0.992997050106 1.09179022328 
1.1421314348 1.20272258665 0.988328162804 1.00123384671 1.1356410044 1.26999998449 1.17686509785 0.999878415535 0.951739238272 0.98492769666 
1.26999373841 1.26999999712 1.27000000035 1.26999957551 0.988236900342 1.27000101705 1.08220565574 1.2699999988 1.14211176598 1.1258863944 
1.00247524793 1.1825222338 1.27000001425 0.918483939674 0.811740495917 1.12195840544 1.02307790499 1.14213143478 1.27000183903 0.856253919688 
0.868379950502 0.955354237498 1.24259650617 1.02305387645 1.27000002145 1.03316172409 1.27000017609 0.889504991037 1.14210399949 1.08453019029 
0.986294500692 0.947347472095 0.582681964298 1.0406295237 1.27 1.05111908287 1.14193447208 0.922644363736 1.14213180179 0.890581792098 
1.04775548828 1.01592897758 1.26999088241 0.970575077321 0.884468398795 1.26999999784 0.906541796714 0.961605493871 1.27000066447 1.14252369672 
0.614653612381 0.894662223077 1.14130217473 0.882517007177 0.894025670164 0.845881377164 1.07139266613 1.14213143477 1.27000000627 1.03468713435 
1.07926653429 1.14209593576 0.657159074286 1.01190252969 1.27 0.778878902487 1.04067873998 1.06980040053 1.14213423765 0.5873039619 
0.992827718167 1.27000000008 1.27000000199 0.994991494758 1.05056159156 1.2700000065 0.977771042376 1.09494610718 1.14310398274 0.883156529555 
1.05384862631 1.01257432253 1.14222050938 1.18190337253 1.18983396429 0.975799203345 1.2699999999 1.14208257593 1.07104496589 0.996306670181 
1.27 0.937067452416 1.030254341 1.14213074776 0.983654907782 0.965038456517 1.27000000001 0.800169737269 1.27 1.14095932531 
0.798865024254 1.26999999983 0.936803178395 1.27 1.05965621537 0.970042183627 1.21001176211 1.1421311222 0.984186229509 1.14197026933 
1.0097621176 1.0943904677 0.891189688619 0.960733089221 0.770934992577 1.01858801504 0.931634213723 1.14249669972 1.07837454167 0.761689043582 
1.22401875289 1.14243581254 1.10865364614 0.99879028288 0.93931865125 0.990912174941 0.917434248666 0.890870046176 0.728677149512 1.06147632966 
0.789429050999 1.05995865289 1.14250966836 1.27000000296 0.953706043346 1.26999999945 0.940116063774 0.992674080945 0.962921565287 0.949888446974 
1.14213143499 0.904088907457 0.632434105195 1.27000000225 0.991767201358 1.00404528039 1.21914504191 1.2592680628 1.206873302 1.24858682537 
0.792820768643 0.995740439023 0.984191344664 1.00023014248 0.643054234926 1.14211176616 1.27 1.2700000013 1.14212214796 1.18182596601 
1.20400543835 0.999610105906 1.26999995431 1.00645613689 0.578225101926 1.26999999863 1.15661547982 1.14213143518 0.986789236482 1.00948498625 
1.27000000068 1.27000000487 1.08907811128 0.677491720845 1.14893067925 0.926674336461 1.14212060771 1.01860001959 0.964659921413 1.26999999983 
1.03894839372 1.26999999984 1.14238980177 1.26999999996 1.06152749206 1.14203964684 0.919989122563 1.26999999989 1.15118152053 0.709568184073 
0.784324021303 1.26999997562 1.26999999922 0.921371422462 0.827150065023 1.20614151766 0.95196379613 1.07137417852 1.14213143477 1.27000000005 
1.09708038455 1.26999999579 1.26999999747 1.26999999975 0.97962828992 0.912968382384 1.06559235849 1.14227069706 1.26322059405 1.26999999662 
1.27000000002 1.00873812374 1.27000000025 1.26999999977 1.02768740168 0.857527734198 1.14143453881 0.83904162573 1.02433535412 0.851069271987 
0.565408288687 0.992259047061 1.01497059186 0.999049285746 1.03569881948 1.04606433183 0.856004703787 0.764894465946 1.26999998689 1.14213143515 
0.743443368415 1.26999999965 1.07669455246 1.07703848815 1.2699999997 1.00174856586 0.878435656213 1.14213143477 1.14211164438 0.870178139079 
1.26999930736 0.939292798145 1.27000026613 1.09484805594 1.14213141092 1.1406470837 0.829682727064 1.01645102219 1.2699998296 0.736692103319 
0.866979640322 0.941266643176 0.812140327247 1.1006622239 0.992481693507 0.993199918901 1.14211277964 1.02297116038 1.26999999931 1.26999989705 
0.977001388734 1.00910018759 0.976994992704 1.07150746846 1.26999999146 1.27000000018 0.805048677638 1.14214925146 1.14856618726 1.07098583786 
0.71303818769 0.857836978217 1.14211176616 1.14261198646 0.653295813275 1.27000000001 0.721166870449 1.10559536061 0.96642635009 1.13908443146 
0.743210488983 0.855653665599 1.00781166053 0.931777643976 1.27000003522 1.02176699163 1.14213142127 1.26999989053 0.881456732894 1.2699996902 
1.26810453172 0.792214397649 1.04361026359 1.2203108087 1.10983866465 1.03349361434 0.632551073502 1.00390124824 0.999516061589 1.14212967219 
0.911911475054 0.905265751997 1.2405550012 1.14210569917 0.933041640947 1.13986674224 1.2699999994 0.961935137321 1.27000008754 1.00424434726 
1.07318907684 0.998904699193 0.968038231233 0.74445189478 1.26999976159 0.911982497742 1.14213143477 1.2699996275 1.14211036188 0.914018998423 
0.941474484106 1.27000007418 1.04649837655 1.2699999999 1.05701687462 1.27000000715 1.14213143491 1.08418177543 1.14211176542 0.974302571691 
1.03130943861 0.975689415447 1.27000000054 1.00581441883 1.02819355775 0.724298282123 1.1416184673 1.04265588878 1.14213143477 1.27000000006 
1.26999999713 0.979961333374 1.14213143477 1.0062679132 1.03248255848 0.974766005881 1.27000000004 1.08672869954 1.07506660353 0.730688124048 
1.07720309482 1.2699999983 0.950243723462 1.27000000013 0.526140237676 0.724943951231 1.14213143477 1.0023462661 1.14345051216 0.624201011095 
1.26999999998 1.04599114649 0.952632459522 0.882891902739 0.978598963753 0.987098979626 1.03162431211 1.14213143477 0.84706003877 1.27000000018 
1.27000000024 1.14212957136 1.00288071393 0.659859253528 1.05197082242 0.960682127764 1.00604612522 1.2700000143 1.04621472473 1.26999999957 
0.951201448118 0.984890557689 1.2700000004 1.15150527253 0.952487898212 1.14214626602 0.932261467282 1.14213143477 1.26999999994 1.06034176754 
0.902092182517 0.988725022029 0.580335651411 1.14214145365 1.27000000066 1.22031894315 1.12038065455 0.846484449251 1.14213143477 1.07294762169 
1.25072817859 1.09875155291 1.14241671938 0.950294196631 1.1293683988 0.988507550901 0.981280900421 0.71402929417 1.18080335659 0.931915906678 
1.03357053051 1.14185459265 1.21554286031 1.05086347774 1.27000000001 1.22367313086 0.952983940507 0.842233415464 1.14213143515 0.951959936473 
1.03569684106 1.26999983948 1.14253478076 0.810817069239 1.27000018036 1.07355967564 0.969756100197 1.14213144065 0.73923159717 1.26999999161 
0.978306954993 1.26999999996 1.26999999994 1.01238011631 0.914937068279 1.23178104701 0.674759175079 1.23190431419 1.14213143475 1.14243210194 
1.14213105512 1.13119416812 0.992359586273 1.01129265407 1.2699999994 1.14211400132 0.633950763315 1.04626177826 1.15825576129 1.2699923679 
1.27 1.10594887546 1.27 1.14213143477 0.539509186942 1.27 1.27 1.20547501393 1.08614147142 0.903093777993 
0.832756896451 1.27000038793 1.04713979766 1.02297551707 1.2700000002 0.688637146815 1.11171409852 0.744923544019 1.14184889458 1.14212763902 
1.27 1.27 1.04062335664 0.96563757213 1.0508971853 1.1114515022 0.657033753938 1.14182308199 1.01972311927 0.947385418556 
1.13550908591 0.80500133145 1.01553289624 1.14213143482 0.965784930359 0.906983913934 1.14213122825 0.954475449933 0.64494003902 1.27000001639 
1.04109406099 0.985133294376 0.928703893484 1.2699991619 1.01500275506 1.26999830884 0.811717675525 1.14258944394 1.07437913908 0.975639386289 
0.959901977838 0.748821191313 1.14213132856 1.13648612898 1.26999999999 0.862282014776 1.02919854316 1.27000000001 1.27 1.14213143477 
0.889911155242 1.27000000007 0.927294243283 1.13950401031 1.14213143478 1.02989125252 1.0176435628 0.870627603141 1.01468544866 1.10925170603 
1.27 0.596804994352 1.00392901633 0.826759837064 1.27000000368 1.26067055422 1.14213143477 0.975773057416 1.26999998627 0.956706642271 
1.27000050305 1.14084208237 1.14213143477 0.983094510566 0.97304700107 1.27000029228 0.993474325911 1.0293709354 0.846543549945 1.26998695342 
1.26998582476 1.2700012188 0.908387480653 1.04998457857 1.05737849291 0.708975647009 0.846731591628 0.989555392269 1.14181893841 1.14213096862 
0.868134379663 1.26999999989 1.26999999774 0.86446237079 0.770189239295 0.851027059449 1.22462496751 1.14213110277 1.00139106182 1.14213143478 
1.26999999724 1.14213391941 1.02142550874 1.06627791814 0.815522034353 1.27000001494 0.874352719575 1.22252205062 1.27000000004 1.13991453968 
1.26999999993 0.991199067958 1.00617264355 1.14213013899 1.27000002216 0.897099352881 1.11292406057 0.933376985716 0.96186684741 1.24223546169 
1.26999992306 0.847173139848 1.26999998035 1.14213143834 1.27000001125 1.03902740956 1.14213143477 0.724371252573 0.962974151175 1.27000002903 
1.00784302402 1.0244705245 0.99795277149 1.20585191002 1.14213145523 1.27000000049 1.01788346623 1.14094282288 1.01827052319 0.757584831026 
0.8357287148 1.01569434369 1.17794847802 1.00074714375 1.14213023481 0.898985237405 0.743845652909 1.27 1.27000000001 1.10216267496 
1.09664457503 0.985162311469 1.11835942812 1.26999941818 1.14248201804 0.869776437528 1.06902794664 0.955067710534 0.817135067302 1.09742180657 
1.27000000023 1.01369031589 1.1421314089 0.899624185257 1.05760066343 0.814891874925 0.88178150919 1.00524212518 0.829069411561 1.27000000023 
0.87431580996 1.26999999999 1.02548539179 1.27000000169 0.998639736397 0.766386683082 0.803748985749 1.14213143477 1.01618696519 0.798758510367 
1.07716434956 1.26999987916 1.14213143477 1.14211164438 1.07663986925 0.87020124188 0.7434669455 1.26999999878 0.878292643297 1.00183550853 
0.999974596657 1.14211176614 1.08521993102 1.12303381767 1.17548353728 0.923034594212 0.738424110492 1.14213143738 0.906547944894 1.27 
1.07684288441 0.992385711711 0.938978744668 0.99287389834 1.11240725596 1.14243537776 1.26999978879 0.703609450835 0.896788927192 0.979630482412 
0.993602397617 1.27000000495 1.13189777985 1.03059422557 0.923964698676 1.1532649802 0.952214566931 1.14213143511 0.73796999421 0.950229417944 
1.26999999998 1.0751594951 1.27000000003 1.05102028234 0.813874388901 0.707560930444 1.26999999999 0.801669658688 0.892469532756 1.14212730364 
1.14213116155 0.87421340584 0.89099123602 0.99831180664 1.14213143477 0.701535659678 1.27000002786 0.863839453905 1.26999993463 1.22683329124 
0.930770124058 0.97135065676 1.08736863307 0.96819105207 1.12095804791 1.27000000043 0.989154416379 1.27000000069 0.695422693242 1.14260805742 
1.27 1.14257541629 0.983094145136 1.13962032259 0.820982483481 1.08459003411 0.831545970237 1.03381244868 1.14211176616 0.911634888316 
1.1468550391 0.985852677237 1.09053440901 1.04318414513 1.15336834974 0.866904019321 1.14163786427 1.04435201664 0.995127134342 1.21669471206 
0.77036926113 0.786334327193 1.13703299605 1.00928458656 1.14213143344 1.2700000002 1.26999999344 0.995011271563 0.914865733644 1.26999999778 
0.666371446952 1.15353958706 1.14250356004 1.00778566236 1.06810150501 1.13694456945 1.14212925949 0.99936709874 1.27000081257 1.2699993342 
1.07851558077 0.96600660177 1.14213143477 1.26999999993 0.919785423062 1.08544878623 0.67635766491 1.14213143477 0.745377199379 0.968956040076 
1.13855827486 0.963309776275 1.12423260661 1.01013592138 1.27000000003 0.790132055297 1.10684724615 1.27000000005 1.14211180743 0.967678877209 
1.02030151066 0.915946404694 0.947071070647 0.954866206188 1.26999996377 1.10247985904 1.02810089844 1.00510800388 1.27000000194 1.14280225724 
1.19751752598 0.962653441468 1.14788485079 1.14213143471 1.10723394929 0.616538389279 0.685480379077 1.12288153975 1.2699997919 1.02926327547 
1.02276611839 1.27000000032 1.26999999896 1.22491892226 1.00532462116 1.25730341247 0.700086411292 1.14213147559 0.886033430752 1.27000000327 
1.16368632033 0.914429207489 1.04355184071 0.964467929639 1.11277312844 1.27000025623 1.14242458532 0.936828917862 0.835366911822 0.993160809937 
0.804436144135 1.26999998826 1.26999999999 1.26999999577 0.959054308035 1.27000026433 0.831056746396 0.567666612145 1.26999993743 1.14213083659 
1.01052359502 1.19454059659 0.96677652866 1.17584298427 1.03661116349 0.549164318818 1.14819863143 1.24917133183 0.779053804802 1.14213143487 
0.876320107902 0.889751870147 0.830252111959 1.08348414048 1.27000000009 0.719181870205 1.14195009334 1.27000000002 1.14213143477 1.08213973595 
1.27 1.27000000019 1.13422177185 0.863372682613 1.10604483124 1.17073815085 1.14213143477 1.27000000009 1.14211130321 1.06669233197 
0.802563696711 0.905961311553 1.27000006821 1.27000018712 1.01194367591 1.27000000001 1.14592094798 1.14213139523 0.905316650197 1.01447261395 
1.27000000165 1.14213143477 1.12300577101 1.14119965221 0.878100220418 0.8731827119 1.13204421438 0.852174149999 1.2381662892 1.03180550662 
0.816063768952 1.02682733916 0.992217893629 0.997065985364 0.688789814933 1.26999999989 1.14213143517 0.636632262628 0.949481141584 1.01020018774 
1.27000009255 1.00473498582 0.932873167688 0.717356978047 1.14213143477 1.27000000004 1.27 0.989525703929 1.07994825048 0.965082388804 
1.2700000165 1.10522158759 1.03472684839 0.886681369203 0.804352682848 1.1430881294 0.918577224904 1.00185683817 1.14213143477 1.14121161793 
0.879793832546 1.26999999964 0.641974359879 1.14186613919 1.13621714818 0.821290337352 0.991227056778 0.890614935383 1.26999880093 1.08980022914 
1.11773089437 1.14213143477 1.24613353882 0.843136411407 1.21812066499 0.97251069246 1.19539865219 1.26999999337 1.27000005378 1.27000017565 
1.15170419479 0.947248214185 0.825019911149 1.14211175734 1.27000000008 0.644239689094 1.26999999999 0.924572240068 1.13591617474 0.778277254645 
1.04744432852 1.07918432918 1.14210893745 1.27000000784 1.07742429921 1.26999999997 0.901545264345 0.789847069411 1.14213323828 0.998575016399 
0.964098795563 1.06992817351 1.12568814725 0.996209761809 0.998430420371 0.894325558079 0.915004847643 0.948651749105 0.969093220316 1.14246313423 
1.27000025444 0.596684068187 0.982904490788 1.00186772367 1.09016177985 1.26999991917 1.00415389263 1.2699999986 1.26999921277 1.14212966409 
1.26999979952 1.14213142733 0.915952735748 1.08149761053 1.23750510011 0.617381199171 0.836411439268 1.02069261868 0.996800545654 1.26999997996 
0.619160401608 1.11457357398 0.994890974416 1.14213085266 1.0333046405 1.26999995182 1.26999958005 1.26999996265 1.27000203626 0.884711881901 
1.14213143477 1.01564346266 0.844168147204 1.14213143477 1.11553498675 0.95478322461 0.884104168838 0.739679437274 0.908780042733 1.10184460691 
1.10188894314 1.07032437845 1.27 1.01224914814 1.07471275676 0.915218138407 0.976847834577 1.26999999997 1.03158311361 1.14208880789 
0.964378109394 1.05719689674 1.06125763717 1.14213194283 1.09337892927 1.25978943356 1.14193757254 0.977847713402 1.27 1.04424523083 
1.15550127963 1.05243725138 0.565570149202 1.26999999763 1.26999999803 1.27000000296 1.07277803201 1.14213143506 1.14213136476 0.979974180264 
0.988529090471 1.27000000002 0.962726838371 0.906611308083 0.826023246632 1.14213143468 1.10108563672 1.02828691294 1.27 1.23198289405 
1.1416738224 0.977771524029 1.27000005962 1.26999960624 0.812854130493 1.04014565319 0.963002606102 1.14213023708 0.993118406592 1.27000000037 
1.14153786344 0.887319935934 1.1412048518 1.10636538182 0.802685262559 1.0346881295 0.919348318293 0.997021950617 1.14213143477 1.27000000003 
1.02478715824 1.26999999886 1.26999999989 1.07638098503 1.02098302299 1.14213143477 1.26999999988 1.26999999995 1.09098173725 1.24954224832 
0.856201926955 1.03521569923 1.01407694858 1.26999997723 0.992230844818 0.564949424337 0.998826272221 1.14213143513 1.0463887523 0.764808644025 
1.15362156258 1.10563318631 1.22669439813 1.14213143505 1.27000000517 0.943650148943 0.971284053525 0.536569261276 1.01636566868 0.889708749832 
0.844265739332 1.26999997479 1.27000000006 1.14213143455 1.26999999537 1.07868004786 1.01893282589 0.82380512724 1.13105383536 0.917582804247 
1.26999999999 1.26999999994 0.933366898 1.14238546835 0.881545507263 1.04674043257 1.03010373645 0.991273739429 1.06757870305 0.964260389641 
1.2699999996 1.01200548691 1.14212974146 0.94937503687 1.18071805603 0.906683917216 0.714654260597 0.830213713524 1.14246609768 0.759007258324 
1.12374651764 0.789795588455 1.2699998506 1.14213143477 0.893929665885 0.676718580998 1.26999981042 0.952801967445 1.27000004257 0.88496238769 
1.14213143491 0.826044792631 0.878228888295 1.13534496369 0.959935505628 0.694467544486 1.00541161269 0.741294583211 1.19360205021 1.15440125966 
1.07130978132 1.1421315189 1.04670644098 0.981325734847 0.681044133473 0.855496876755 1.07222879898 1.14213143477 0.986388723355 0.804712737281 
1.03431837599 1.27000000028 1.11476098337 1.14122256939 1.14213059362 1.26999999906 0.928900773129 0.838326475844 1.26999998607 0.998029244177 
1.14213078985 1.02930959154 0.937699700005 1.26999998313 0.885495267875 1.27000000064 1.26315218441 1.0027950896 0.623612662745 0.995998669439 
0.894884938174 1.14211176616 1.13372237086 1.27006979964 1.10429019366 1.0222030977 0.969038896766 1.26999999709 0.993990230807 0.990156241904 
1.26999999978 0.962631974475 1.27000000175 1.21650048996 1.01092567539 0.973984857587 0.837747109526 1.21511146686 1.1421314442 0.63120388906 
0.937922105813 1.16772905609 0.898029596381 0.938638705479 1.03696513591 1.09782495719 0.987858452208 0.783474238529 1.12221011778 1.14243219341 
0.837808505965 1.26999938904 1.27000080434 1.14213143477 1.23118628217 0.779584077573 0.991966199803 1.14873600086 0.993692746346 1.26862395176 
1.1421313871 0.791272819884 1.26999989325 1.24001795854 1.01519244981 1.22859418401 0.943901680058 0.981844700655 0.88193311409 0.988674138419 
0.9518960213 0.797538517007 0.668790023857 1.04911755376 0.843828745851 1.02781175133 1.02763450494 1.06479918712 1.14213152738 1.14213143477 
1.27000000063 1.14143884857 1.27000000029 1.14325492695 1.02114092665 0.889648091823 1.13285002546 1.2700000001 1.04184356277 1.05756779434 
1.05806324991 0.850079390429 1.14213144103 1.14213143464 0.98541742729 0.887820801674 1.26999984682 1.0290905703 1.26999996638 0.579242340197 
1.14201200065 0.992651496322 1.01771091173 1.05831734673 1.14213143477 1.2700000003 1.04331900855 0.821462852253 0.840609742464 0.922040693476 
0.609995244671 1.07244465299 0.860062923826 1.03151076055 1.05059401424 0.623742946449 0.878985015735 0.998399024129 1.14349811419 0.995144868285 
0.742112085479 1.14243727532 1.08975251882 0.677529488811 1.08408922032 0.846396671309 1.14213143477 0.881149460249 0.95501176899 0.675105493273 
1.07626418337 1.27000000035 0.992160489084 1.04179888371 1.12637459102 0.843472863737 0.824792330811 1.11668000227 1.14213143477 1.00529688463 
0.929678182146 0.967958492625 0.915223233167 1.14252822661 0.98506212997 0.905606311714 1.03883120703 1.26999998553 1.04856485584 0.605701809975 
0.954520902639 0.938059573454 0.99309277214 0.954434785193 0.99216457478 1.14213157436 0.68481869983 0.954084958872 1.27000000444 1.18996442791 
0.996470813968 1.00293091497 1.26999959115 1.26999999989 1.26319664141 1.02990528487 0.623483828736 0.885557974216 0.937230455858 1.14213079313 
1.02811495499 1.14212005477 0.803487540118 0.738395692003 1.14213143477 0.981942486609 1.26999999992 0.837792163088 0.999496644335 1.18096090718 
1.08772165438 1.01110891683 1.00875394835 1.0053487175 1.27000002462 1.03385186812 1.01263325268 1.14274408534 1.21787428708 0.93601596388 
1.01957050652 0.717111436702 0.773906136551 1.27000012542 1.26999943743 1.03416698124 1.14213140324 1.2699994143 1.10039219856 0.885137942367 
1.02738807582 0.843841904415 1.06495351059 1.14213152642 1.02699746579 0.668801607845 0.952090244168 0.797359347577 1.04940354284 1.14213143477 
1.01814311263 0.673008626477 1.26999999996 1.17425296289 1.14213143477 1.26999999977 0.714729781347 0.864081847311 1.08354296471 1.27000000004 
1.03488433123 1.26999996932 0.88974967735 0.811707131029 1.14213118131 1.00087846263 1.22163918074 0.995057566758 1.14213143477 0.959523823205 
