460.353983127 410.425406636 -30.2235925078 -75.1167016714 3.87085155702 -29.0468426383 187.033846227 373.321260142 -319.840198371 -462.316080817 
460.595236012 393.184024166 -29.0468441306 -319.594615452 310.320866676 -424.603188109 -67.2480427967 -50.5994754576 -392.122296959 -4.55673303791 
9.31453461143 -117.119977863 446.640387833 -29.0468425195 304.255001331 -86.6306392727 -345.637331118 310.268300128 59.0920806458 441.479745989 
447.3810627 -379.037268745 281.764846356 -78.5932353534 245.794082006 -29.0468425175 7.12548730744 316.398371388 -43.6112893549 -409.565021228 
-108.058532929 -23.8743529014 360.618746815 236.637072371 -70.5234231026 315.964566087 -178.2790458 142.645659561 -396.604663349 453.291204045 
-168.925122477 -459.120461399 307.955289868 -29.046842597 39.546358007 454.175024376 20.2054518285 15.5707698208 -360.786858424 -294.77419683 
-130.477252913 435.343010839 314.360572276 451.298801669 -86.6823970403 86.6823985347 -98.6489246328 -394.098960003 105.419261619 -421.390512514 
-109.490144906 -119.165479724 -459.158248139 460.447254414 102.835983303 88.275541303 240.226350606 114.56113159 -359.11275312 -86.6824608196 
-316.849027568 450.361259157 325.612466632 -15.840033573 -0.945626074279 -105.019640445 76.3860346691 -458.951442062 -326.152560447 221.080525059 
442.867328408 -84.6789321404 -409.093370154 -230.936531064 437.348894017 -29.0468458531 260.783968118 -29.0468458221 276.732403861 -440.956347829 
-29.0438724924 307.896452154 343.838422097 216.281751922 443.348159866 67.9207142776 -154.379186964 -61.5277342983 -29.0468395971 -374.250166896 
-323.84953521 404.648304129 376.642466594 179.224577164 -347.072320923 -6.92377276237 -127.752518708 -122.935112286 8.77255055942 -319.656617427 
446.175495737 233.782563186 -395.162205695 -318.802125402 28.485734833 -452.360558253 -9.43215569857 -24.566107879 -178.179305583 315.370257283 
-70.0394930985 236.893366324 265.696918973 304.19456254 -405.102789672 -29.0468394197 430.113857292 -29.0468459853 37.9377313377 -373.294468748 
457.493601992 132.972816991 4.36870350789 -89.1910331302 228.082937391 341.285937869 -278.11396209 -306.956661982 -247.749862225 -74.0962932246 
-6.80796343282 -318.994693512 435.520475663 377.288083428 -14.3507632395 -327.181549193 260.124613554 -42.9884512027 -359.74809923 -98.4309287276 
240.114108626 -66.3718756645 120.505487631 362.864365081 -9.1935597039 -316.137113065 23.5985128272 -365.17133336 305.035025791 -99.9279559225 
-391.882486014 -29.0468425172 -312.771306034 -379.427177382 452.698687747 306.042012356 14.397320122 -29.0462522347 313.911078951 -103.745514868 
-133.586776286 -321.235187855 401.851708763 310.776867402 -327.493639073 -10.5892930415 -460.2931796 -121.145324264 448.065662127 -15.3415663509 
-313.420241021 -92.7763856006 27.2284662756 11.2682178644 158.259745911 145.553745659 410.051012478 373.894817263 460.409513553 -157.066080235 
455.149211479 -239.226151222 -460.068697037 307.330815739 163.008978719 -304.579264425 -29.0468425312 -311.701212668 3.04342477276 108.428892797 
-29.0468425994 -40.9393989764 -387.778487788 1.67466628441 -56.6320981773 383.647735644 308.382795735 -318.696232597 159.537178348 451.791967818 
-50.596224279 393.190564611 -4.58393673057 -392.105991023 460.59398102 310.315956009 -424.586882156 -319.600786054 -29.0468425888 -67.2396619617 
157.507467576 -35.3234283298 -272.142545413 358.86685235 12.0486013986 -54.1475925673 -239.661292888 383.588669538 461.735449184 -315.764085353 
371.780980826 -83.1352897744 187.502990108 -99.7221798422 460.204467207 8.56163148513 -440.388981872 -318.781257662 84.3923669004 411.435121278 
-29.0468202816 -83.9907170546 -248.799713515 29.0468404722 306.654371162 -374.250633986 142.706119279 215.602101943 442.499506896 -145.961942085 
439.602451651 -126.319971658 -29.0468433447 90.1988828851 -358.295961896 -94.9958341362 314.639558876 94.9463989576 299.858794413 -137.595945525 
-321.395869282 299.76838621 -8.97173827107 460.21250215 29.047019159 -314.841172786 -450.748079967 -7.31221528723 -29.0468425173 -230.017812836 
-124.116427404 425.206525999 -459.10345097 411.296537155 -12.0729852477 209.644262584 -326.303910412 -418.945916085 -29.0429597814 185.865523644 
-88.6182937461 22.2589565688 29.0468424425 -88.27892737 412.509615442 -311.471752995 -310.440052448 -225.226962159 192.391762928 -449.36745083 
-59.5274002103 -428.178066825 -334.323201433 158.666182248 411.945697715 -11.5167589158 -100.256530584 120.021612235 207.154838144 337.22027569 
-25.9453579934 6.64400965242 -411.248675763 -188.32596715 27.2248277069 -273.944080142 203.26426569 337.178559271 316.100032908 56.5542070354 
-29.0468488744 293.553344571 -218.107925144 1.65692494096 436.964083423 -175.431925571 450.318251766 -142.951034409 324.546697307 212.314783028 
-220.873258232 256.467415651 -11.5877534063 157.795269665 86.6848121123 -197.531230755 -165.048764744 290.159193019 -86.6824415178 449.401142493 
212.384140954 -42.803021462 -425.653376514 -392.927147602 -30.3469869407 408.336822774 29.046827974 -223.525343693 264.991151123 458.126885324 
22.9161714406 61.8362723463 444.880845033 -145.862582049 -26.5402008911 443.871604275 -326.162782701 -358.643673836 -317.292869509 29.0468376061 
420.004471466 -324.224799909 -102.208366407 71.8609299002 -343.974369876 -29.0468752872 184.57982553 86.6824037055 -93.176001983 416.062544748 
446.242496215 -0.0153198148307 -129.954067706 0.399743860947 -21.6246776159 -321.78527442 -354.266165529 382.113643641 240.360349518 -319.1970547 
299.760873811 -459.222592082 23.3695779196 159.860629128 -61.5307578091 -313.520886597 460.728319229 -80.544021988 -29.0468427474 376.641227813 
374.245076385 460.443377458 -235.445569583 -319.21076824 -35.918870175 -454.279681048 -33.8508144568 4.1605685244 253.611577747 3.08666971287 
92.1961112154 -164.734894766 -28.9646735799 -29.0468425156 447.670994054 441.108438243 -382.45718796 -61.4455647186 289.376322036 296.885507916 
-9.00679513574 455.883747183 -29.0468425168 -185.1976062 19.4769739065 290.290356715 -429.54494676 -209.615570165 -404.065247753 320.575047741 
-329.96272848 -387.127125815 451.787490884 52.2102101953 -150.666835867 -23.2521216115 -362.444040961 434.538268161 -40.8690206292 -168.65075615 
9.44538023613 -14.5764485876 -205.342428124 294.498273725 327.020892234 66.9890452856 -424.540069964 -148.224371554 -205.876243426 407.681359826 
299.17480711 -391.54341449 413.421431893 -90.7183628876 -459.239821136 -123.962270466 -12.7813052199 -326.440280593 -29.0251188041 314.273938275 
56.3651320445 -315.908876911 460.493304819 -138.553996083 57.773631539 -356.800575152 353.434665535 29.0468269309 179.315977366 -389.281466287 
-29.0468425178 -21.9578115395 -61.6281205327 -247.955212837 300.965269725 -42.052684019 450.373520138 -379.768411953 191.67739482 310.355008737 
13.9183244808 -323.310458002 -458.951627749 185.92008219 270.124605199 420.484234192 385.807852694 -116.486759701 -29.0468425172 -239.127323605 
393.983398683 -330.951615497 -363.51630932 8.36005947648 117.037257363 -117.349171883 -315.234962431 54.0955511315 -71.3488151147 430.113842587 
48.1007429481 42.3424244316 446.358192797 -198.177138312 -38.9052774521 -169.931439463 -431.559961662 241.417031489 330.87146039 -302.729201898 
74.2666368286 454.236932846 -160.112771144 -159.028594553 -378.499891631 -65.2661420152 61.9303429478 374.25049094 237.302629522 -337.220307365 
-61.7998068647 -29.0468425172 -61.6082418863 -280.635185406 -197.556687807 -413.434698337 438.300201537 28.9264890058 413.426589099 190.527815459 
36.7409449388 63.6636830379 -359.665601215 304.88650831 -103.125061877 220.574467713 29.0468280911 317.231588297 451.432148821 -211.084412052 
191.615147094 -29.0468425712 -72.4741751217 -443.171318684 459.968605066 19.7939547762 245.012741367 -315.894453239 -410.690427552 369.363081515 
-40.0065828428 -362.901764528 -29.0468425172 -395.382655676 301.999499153 113.344023041 -95.0292554298 0.378825681241 422.034802726 -316.6260628 
-70.7973960961 256.755161362 -318.934558128 -21.0907808974 405.378771245 383.072948442 -359.162058825 -326.68116705 -100.54914963 1.05741633231 
-52.479921895 -459.070054522 -318.760055697 -242.007148981 189.055648118 -29.0448035643 416.250350497 287.898899364 -0.0180911990201 388.060249665 
67.0658963675 -28.7841122185 15.0319594376 -157.214861762 -457.106475444 -278.064880871 306.852738387 155.348582911 378.215178465 -315.437287708 
-385.941414083 -375.966752825 278.192805079 429.775651469 -82.407960785 -343.485859114 312.279493489 -29.0468425171 -92.698393859 87.9847398631 
29.0468319263 -410.51916363 442.328382873 -458.942851422 -51.2113887202 -166.040515614 -29.0468546738 446.434246301 -192.245083786 -273.268951967 
-455.949426689 -11.1673789287 -29.0468425171 -426.772657126 296.187080665 455.675888515 -206.089977262 279.072622381 51.5306422706 246.363717051 
-418.172897688 -290.44794952 -29.0468425172 183.502998562 -39.6664301675 130.575885382 142.95100664 424.512212093 436.728442899 -141.956195538 
-269.441546952 -221.686355296 29.0462364595 319.105798967 -222.99558016 -1.49097031559 293.991863318 -441.269259334 404.820482323 -441.001396314 
-29.0478827485 -457.009370017 266.396106014 -35.2652386971 -270.939158561 400.19324658 -237.601633293 29.0468239974 -68.1659269349 454.76326892 
-204.957233101 -145.319373 287.845119734 461.924624887 386.817453674 27.0382568791 -327.763512873 56.701472627 -364.528511292 -10.389868866 
-198.454252274 -56.3028458691 338.94547415 8.24513224934 -417.714682175 108.683408595 -309.413836318 462.384770299 -233.582348455 86.6824278321 
410.868644238 -320.981610297 -345.31071891 -128.131857856 -112.216521717 27.9036497189 117.686355401 -355.426934435 -29.0468425172 309.509907662 
448.931773869 -316.985838035 -66.6588391744 -407.851675971 9.84244138789 -440.332567112 131.149868134 -121.585282772 355.565368407 152.479207068 
301.179204922 -220.269022539 303.041539871 440.167507497 382.127310085 148.067272163 -29.0468425432 54.7920789415 -23.3504596304 -433.35813297 
435.834835908 295.261238322 2.12052125275 -457.790445834 -327.539852041 -29.0468425263 -5.25546260463 255.106354212 -98.0766007891 -318.757018625 
-424.617751815 -373.182471398 -204.656185657 -4.69299521208 309.696996398 -292.569360277 39.3119230917 323.242681175 -29.0468425172 281.756696096 
255.210975869 96.1064084868 53.3573209683 -29.0468425584 -405.212314972 300.351606263 434.634540209 -29.3572389588 451.40482823 -455.560008238 
-360.579156035 459.615002822 -9.5278321648 -29.9840436635 -384.205664536 -37.7226094468 -29.0468425171 312.196244543 365.765191661 -330.368124047 
77.5022815488 -313.129504536 -430.122275932 319.9816535 -210.157572338 -243.583557403 -20.2177492807 -42.467474113 11.592565247 462.405040419 
393.468036237 454.623596101 -1.37517321787 -318.33985772 -63.9719508976 -233.823785088 -453.701101343 266.111004968 -29.046862539 -30.244192557 
-42.5360632508 -260.717925897 78.3912311131 -347.783865748 -29.0122838528 303.319946205 310.262138921 -29.0468425173 -368.406495577 188.203158386 
-315.638518038 13.1602266658 -452.736101386 -315.528912787 -18.5962671893 -95.2987662927 -230.312975423 347.411568025 27.1451803454 460.140900288 
-29.0468583105 226.956352008 -406.02305116 451.337462041 -321.349553105 435.279272012 -24.6972948872 -455.737542935 256.867525598 -56.4965332928 
-143.448378236 460.498262384 -93.4785893396 72.33863284 344.07429605 -95.0232499471 -379.27083856 -344.279880254 127.689153065 85.9447736787 
408.95105297 127.123022898 430.113846528 -454.26957106 236.143986893 -137.296752617 -161.046490082 -86.6824579972 184.473478996 -32.5093858843 
63.5793731616 436.832030188 224.284745479 -209.619636152 437.711610067 -147.58661946 208.662279193 -29.0469034296 -337.225043053 41.1590908251 
442.089941463 -319.242795544 426.662777993 105.631299704 37.6888952425 -324.595751782 -98.2745047945 -105.585732021 -357.076718928 -8.11383067668 
-83.0271178232 308.02284912 310.839571754 84.017912393 454.657263244 -59.0215774902 -451.112040973 140.761795992 -29.0468425171 -376.665721939 
410.159278509 -70.8322196722 -29.0468425172 459.779512419 189.947016618 71.5500826079 -437.464215777 -66.1384287968 301.339943295 192.531987814 
449.326443216 262.076365759 -107.035702511 -394.379517647 7.31969571663 25.1597406811 233.364031689 319.233375745 -29.0469154181 -379.910186733 
313.730516491 -5.1895346491 461.575789648 319.660118325 -8.83975383979 -213.655580551 -397.796542882 -210.710385675 -10.0098980456 -431.099347008 
409.201447321 303.430656188 -27.2169202274 -83.3248157374 -400.738851173 -250.143688839 -273.020865744 -49.6272380776 52.8230130457 296.542297086 
-315.373613921 -197.134416356 -2.46415001444 -413.635844087 7.34484314794 462.459460285 348.880903705 -446.115849681 22.1096285111 -121.378137999 
-197.543893537 114.934771372 -417.595027172 144.525258173 -125.630890253 -165.458719239 89.3990398448 -197.939610376 366.935012651 457.545525592 
-457.504181618 -119.507127669 29.0462691957 -7.05733164013 -36.6825873481 -421.669196374 411.256928745 -324.704641075 -215.278619262 401.821497388 
323.215232909 -2.18624410613 -424.159789806 439.232171384 -4.03316638275 -203.645463555 -456.640021987 -101.234872171 -317.285452538 -96.8666492514 
187.191196072 457.932570102 -13.0574585888 -416.210456844 -192.059658411 422.275016124 -29.0363486986 -442.86387032 9.59081277048 196.960979592 
323.987849833 461.24080645 -191.362741428 -123.882138556 65.1702447802 29.0468405432 -33.6622875835 187.325560909 380.976712519 -155.149517406 
-379.03943792 -388.582984684 308.609889228 175.276901083 -45.0860006501 312.821505856 -29.0461318635 449.043202544 -99.8803887306 -29.0468425941 
-365.3856182 458.951359149 -156.127874157 -77.820757541 -172.516915243 -332.904370485 47.689251052 -389.827893565 411.117767304 -29.0468424666 
-28.4746451638 441.910511258 -164.990315137 186.68739017 -29.0468429848 -459.019564888 -327.246922193 296.19073041 446.857009036 -131.677184666 
432.387888375 -44.860648891 -11.8396333134 -394.234380049 -32.3804742673 -320.996277535 311.137716771 151.408032143 453.099725228 -101.124131277 
252.494373152 -154.703176402 -161.605661698 65.7355647358 -383.68218691 -1.39242209744 -402.431634223 297.783289587 -369.950628146 439.487292567 
-424.173440367 24.8047969246 458.59255789 16.2706021673 0.382254783633 318.600577324 322.710227503 -406.368995335 -191.37801232 -201.99820035 
461.379765622 -461.207339422 -131.749043941 -274.644275772 -29.0468425184 -367.078288325 -29.0468418358 -54.3745331846 305.461170311 308.301156237 
-192.930604224 332.988909985 49.0655715732 -260.892922732 -415.223149905 324.428703269 198.572096694 17.9896304239 -173.951768036 -392.959201069 
-6.26012058708 448.557318194 -159.640967425 -320.246824069 150.980175478 -410.423774687 394.078733861 316.810365669 22.6999259137 -162.519782768 
308.900877002 -320.798949083 251.049596304 -23.2571973104 -47.9275824844 -371.514026214 447.683349888 -459.291558395 -29.0468425225 -0.367061904838 
281.528034762 29.0468207715 -449.969520189 -29.0434414174 -426.000749119 -223.657868968 74.8940898615 -120.482198824 298.991518744 391.913498103 
419.418033174 455.956866339 78.8893128851 -459.201846585 -292.802060275 -135.649240772 -135.593368588 205.67912877 -86.6824804202 11.5619748325 
-22.8690467807 377.888808174 33.6010501467 -232.009276935 -9.20673876763 13.3508639956 -450.838678093 -316.758246532 -321.823274469 460.876224522 
63.2882943516 -424.609514855 54.5437496259 311.649059521 -131.578521072 398.834521909 86.7922423107 -164.064460362 461.866535981 -100.567452451 
-29.0468425174 450.250553391 418.623986125 -149.220166593 -405.410403803 -437.891647352 317.068964499 184.677080792 -200.829577183 1.72166132363 
311.075414021 -51.8254927573 461.36322897 109.392749986 97.9343352893 -29.0865586324 -426.353311893 -356.236181213 -393.869992655 -104.202415209 
447.770223594 236.286527205 -355.24427424 407.111625869 -380.65262504 -1.68795136929 -161.159684241 -322.763371708 61.5837485562 -162.496169473 
87.079050162 453.743378831 -324.834173858 -222.468184247 -4.00105534389 107.744613665 -343.820162635 134.252985342 -101.889490022 -93.0265595975 
-328.015273596 395.700757614 -360.497149475 193.647431365 29.0468222567 -68.1374206197 -284.701735076 -22.1528775888 -76.5718483257 462.235638552 
-458.491759042 432.614961153 287.535091639 28.3182944962 -52.5774824775 452.171456916 243.866245842 -29.0468426803 -12.3469396087 -405.177592205 
-357.007860917 -7.64983271274 354.165094958 -325.989776197 -129.454954926 -316.793847804 -9.71032969262 3.88968213033 461.564499585 401.420732086 
-317.733034509 -356.466582327 434.124664965 386.912368325 45.4085307013 91.7634226284 3.54017055611 -105.143893285 -323.985691192 79.9960703906 
3.92258822174 190.832986833 10.9119003245 -209.33835586 -297.73933877 -29.0468425427 322.319889455 -206.680263524 -426.928429346 460.804484579 
438.21730205 -317.8425472 119.334704104 254.943882575 -317.393761348 29.0431791497 -62.3779507556 354.463088548 -29.0468427261 17.4258129265 
-212.553053374 -430.10444721 127.682324878 293.384493071 -294.948530681 309.308699865 -11.5711166659 443.623686054 51.3568933265 -29.0468425172 
-121.694436728 462.477141486 -448.065771027 393.666061717 -228.873459076 89.9421197979 -278.379459009 188.414827348 28.9964003159 -433.809486015 
14.3061770052 232.352509107 313.745170681 446.586462506 -133.98546147 -442.342179553 216.557429494 86.2877866206 -103.213202193 -303.757821383 
-5.98934389444 -428.826974154 460.338207658 410.531827669 -214.723425492 -29.0468437306 -188.894454361 189.861088495 33.2178312623 -408.761112283 
451.218513232 -77.8345132589 -29.0468550313 -435.942145505 26.5544500991 262.02917044 299.841917156 -403.754455908 -29.0468211811 435.475423739 
105.509185302 451.388600176 435.194981537 -86.6827486235 -394.455723054 314.532854449 -130.568335502 -98.7543273704 86.6828503697 -421.344011636 
353.155535858 79.4269866153 -8.07582995603 399.892014717 -29.0468425197 306.581030232 -115.114751069 -170.321023976 -319.208425326 -351.6896595 
73.1462283691 414.759193118 -98.6269520163 -5.47525423579 -349.494790824 207.309608847 -189.194099564 426.922808829 -392.40652366 117.876476067 
-28.0852165606 458.109016992 -102.383436057 405.379274093 295.636400638 -29.0459843467 -390.91271554 -365.055618966 -332.574602766 -75.9953711326 
430.429383342 289.243225678 64.6856707636 -42.5434043458 -26.5871516537 -29.0468425172 -370.882354898 -243.335822528 243.649094782 309.372021804 
251.352438066 -374.250790715 -459.141196918 36.0270283317 -106.260455268 -29.046842517 -324.32265296 309.382629857 445.169476479 -50.4641829678 
-430.113852733 -210.834843547 320.508834714 -221.621537099 459.753019943 -7.86250680945 52.7916919768 -29.0468434697 -441.841737036 279.968884322 
-441.41432759 315.678737275 -206.253287632 -114.268628043 325.106928649 -426.313833157 -5.21133383106 -149.975893544 220.093800519 -1.3835294157 
-248.108412129 309.9301929 414.301287845 -93.0046494879 -29.0468425174 -343.800952034 -14.1700839424 87.1670476693 90.2584432421 -375.819891551 
-330.951394909 -117.34901234 -71.3489043628 -315.234483785 -363.516145985 117.033247082 8.35897496343 430.113854757 393.982885738 54.095167775 
453.829248063 -124.701783617 29.0468123487 -282.357151013 -139.198051174 79.9280738602 -358.359730654 21.6749366012 410.352087154 -326.147015047 
-189.031279242 457.005780516 306.54240609 -3.22785246646 -371.616863577 307.868360717 10.3214831481 77.2345138039 -404.097755626 -29.0468425171 
-459.201747839 -86.6824735035 -292.804149823 11.561016263 419.417636267 -135.593287408 -135.649239519 205.678567735 455.956845823 78.8841636547 
-234.904692488 -98.912524884 -168.5141264 45.7746208161 29.0466992103 -430.113835723 462.318089522 -301.312189966 252.108419599 395.004706417 
-108.94985293 -78.3776509997 459.67196275 185.410885926 -98.4629718458 -434.325481658 -401.844590418 -29.0468426026 415.051036854 257.346287133 
-58.5523575123 459.645197638 -28.8872798996 -29.0468425173 -363.931532903 186.171745586 412.217579621 -65.3561359326 366.071128661 -333.657049845 
37.5670457977 -275.421384913 -29.0468425172 -20.6201496266 448.466837918 229.90523244 40.7776319612 427.786882456 310.073839471 -408.220620442 
232.807103901 378.454709898 -89.7786575844 6.98807699858 457.661749916 -50.4227736558 -324.324287833 -22.1194692386 -317.644824024 284.89762773 
-380.83018163 -132.350176703 -331.745825593 -160.971992361 -29.0468425172 300.038133354 455.865169444 -364.227372422 -26.2826434772 413.192099646 
279.724578348 298.273674883 316.549949602 1.16361312162 -168.026483993 57.7757714201 -29.0468425792 450.931193365 -40.7732296252 -459.547311922 
450.420976331 -26.3145403413 315.01890035 -209.206166756 196.965125537 -240.960888142 -50.7537718506 430.117054582 139.04037174 -272.859988259 
377.131668553 29.002997823 -408.265407156 421.755238742 -92.6240350994 -54.461676362 191.997133162 -29.0468442939 -316.384620252 217.780741503 
-230.333244535 460.135386344 -315.552585972 -452.755246798 12.6302619098 -95.524339632 -18.6134994088 -315.83629978 347.42533941 26.8870804782 
-183.416431878 311.8159711 -140.029943731 446.529529802 -16.87294034 -392.695043719 311.319780811 205.800587675 -425.176151599 -29.0468425173 
188.102830503 298.485148445 109.376276915 -201.627679077 200.605145099 416.284445551 -29.0468425173 -290.308739861 -418.787706981 -29.0449845497 
-248.414789336 29.0372630325 293.502648469 441.555767211 -103.762261157 67.6163870308 249.207710807 -29.0468425172 -452.118183947 447.216623565 
28.2468036361 -316.30841379 191.702434521 459.894761331 -410.224511374 -442.705402703 368.609053153 -29.0468685682 245.873519767 -33.5423062662 
-6.23195993196 -320.492544088 -10.5873407989 -340.44307604 410.920413771 -324.191631373 429.111156039 -99.8677369535 101.894310862 -118.456182458 
17.1564184797 45.2804631549 430.113835311 -142.562723247 69.9520818687 -386.376418323 227.588768391 -204.092224668 -423.610186726 430.28199796 
396.870276449 167.931369173 462.097487293 3.30653944544 -86.6824415528 149.698257334 -57.387725832 372.720613827 -415.281087347 138.381576726 
-318.164155188 -239.368513781 394.05709221 -243.875552904 105.628963538 -0.970909944638 -457.605444765 -46.1159938614 435.651345836 -26.5515892972 
-29.0176274474 30.6359030249 -458.348615059 419.328408113 186.589916588 -29.0468425172 -238.322234252 453.946119746 -240.529237878 277.245120241 
-98.7386451969 431.048320944 -136.155006163 69.8697492179 -322.786916904 -3.44755491441 -355.629637048 -8.64139160573 453.921867773 -319.697578878 
378.100135607 75.2598631073 -209.04853653 448.576611663 -134.130811035 -9.71572548123 229.917762033 321.847656261 -166.620729614 29.0467598487 
-414.492296325 -196.859340608 -198.166451414 -20.8837141661 -210.95413895 243.275646149 274.582946691 456.612719822 -430.877515854 29.0466309417 
-324.833710198 -248.004908069 -462.323183126 -148.992150659 163.074273274 -18.1320449287 264.676899101 392.741272789 431.907994101 -48.8639626622 
-4.58920402371 460.593639557 -319.601814062 393.185691421 -67.2401526418 -29.0468425655 -50.5961962608 310.313395351 -424.58723372 -392.106342583 
454.322026578 -29.0468425171 22.3565046379 -359.099293573 307.964395322 -238.696327947 -30.0839727709 189.49101698 -29.0468186282 -458.951361895 
-421.764300235 402.333647802 451.894175311 -62.3879958271 65.0650444245 29.0468421588 -22.0169211623 -456.41471279 -215.737981103 309.788794228 
-459.056006522 279.185169106 438.705652495 187.511924043 -326.985497054 -103.102285911 -29.0471935558 -80.3335559328 -29.0468426003 449.270577009 
-67.2388172279 460.594011941 -424.588521829 310.315710254 -392.107630695 -29.0468537547 393.191568248 -319.601171481 -50.595940775 -4.58597777426 
-425.689926642 405.380741938 29.0468286037 -55.1976197799 403.057293259 -278.250716511 -223.909565585 63.7086221767 -2.91675802378 -288.411179858 
-22.7779871765 445.115051582 -146.56625978 443.638144926 29.0468416492 79.592106753 19.1731938056 -316.189002113 -326.698422439 -359.179313573 
-179.132444488 -427.465440775 454.407688042 414.895088724 -29.0468361364 23.2114500188 -29.0406941876 188.279395906 308.627368877 -398.115951801 
-404.331438131 -94.0204906895 -129.051493295 1.93616392907 -316.022228696 431.454739726 127.700741468 -373.466697837 -29.0468425172 303.956821359 
-192.903852522 -412.706404345 29.0468170134 -205.064208655 458.429031284 -195.22680732 -425.419594068 -6.69641907145 14.6331276604 322.742129036 
-288.963497006 -317.935953832 -457.648020794 -168.509274129 435.142946535 -31.3396395429 29.0432244156 451.420176412 17.7270504465 35.9749799665 
393.191437803 -392.105114243 -4.58156490343 310.315600991 -319.601408033 460.593767366 -67.2393373898 -29.0468551871 -50.5960141735 -424.58600538 
-206.671308804 263.291044299 -207.772678196 322.997565222 436.435246694 -29.0468494776 -5.14584479339 -401.786243388 -426.151137834 15.8716023269 
445.028188759 -172.355357252 312.638668006 319.117273075 20.0126991229 197.813506852 -29.046842517 -452.22880663 -390.129030983 -31.159423881 
-319.556071199 -448.065706593 -299.686300169 253.09567877 20.6803676995 16.4692347969 455.369017973 377.991692334 -129.175111257 176.337251612 
23.6154590687 397.668626729 -95.5067451489 317.668439777 -10.2104907016 -411.75428096 -321.137845837 -314.245152866 -161.009970859 453.674447022 
-448.014740817 461.103738976 -20.7208919376 302.546960378 78.4369393699 -318.682489231 -29.046842523 303.712762444 -227.572789301 -6.08264029006 
96.1511720124 -93.0800349677 -343.85281932 424.468552167 431.087534038 -322.120062004 -101.979572355 -14.6326104176 86.7388257991 -246.136591093 
-75.9068184786 216.678325951 -29.046842534 67.4889370332 -283.4444856 308.089237653 -448.546320482 28.5962123061 426.525574443 -299.188894031 
-301.633037375 441.3709666 -365.612829034 66.7721198334 -145.128449787 -334.113928531 -29.0468423868 29.0468179676 139.416440996 303.999535431 
-12.5211004729 -408.50405808 -326.509747016 -29.0468425172 -188.781089867 186.466646492 410.678109738 -125.668240231 458.161222748 -459.30928757 
162.501260819 381.345960108 461.284260294 -20.0766875626 -229.419426172 -29.0468425173 -242.662070166 310.391629347 -196.938007154 84.2445153915 
-98.7500035903 -319.709978909 -136.15171382 -355.625629093 453.920524379 -322.783269724 -3.44022207504 69.8768005164 431.050504996 -8.71813032302 
428.355382411 -17.7398009996 -104.613907391 -4.25378526832 -407.821036485 -424.245531317 323.258477952 -203.748476518 117.392801628 231.485388402 
29.0467501042 -188.343566165 254.447059185 457.342780094 358.656706283 -111.97081914 138.732840484 -127.43544154 -449.758948265 114.214457149 
-273.473428411 26.1994678788 68.0558345428 -220.329366315 -284.88961203 360.205388945 178.187001404 -418.317600322 -62.0429869857 -51.8566688715 
48.7133189509 171.658450978 284.881591691 453.144268098 311.210762703 -271.238215429 -29.0468425214 -240.959086822 -459.450459064 -28.6261093386 
78.2091432985 217.981700259 -161.476633696 442.811255826 -443.730992364 -220.057625711 308.565442993 307.389471973 -29.0468425173 -28.6824517966 
-364.189296126 274.073474756 -29.0471053474 446.949460779 -31.8493510844 306.345550615 230.99857056 -207.428939911 -29.046848142 -239.892997278 
448.567370389 405.691884929 -39.3507084343 -190.71782048 234.384691411 -69.6146436407 -192.068255851 29.5074787268 -410.32113651 176.359480125 
-312.940596334 10.8837820246 -243.571017621 462.393437182 -430.113862157 -20.1864286873 76.5391875809 -42.4266369751 -210.14949565 319.993902463 
-91.4323122138 -374.688848592 -191.219097181 430.115650543 -342.206348067 91.5196027652 29.0464466771 335.643034695 -398.030928319 -36.819109217 
-69.4792608574 149.518066653 230.593358654 -65.0799758746 -32.5971075881 -75.149125093 -458.952423413 256.689486626 461.90570563 386.655006765 
454.231551842 83.1193014963 -450.904092438 150.818565826 12.6296193825 307.27284068 -71.7826884352 379.156220238 -49.0907995622 -316.232424212 
309.41890287 -234.76828591 -212.979129189 -28.9531382228 2.95586979059 462.326221825 -301.018515691 -430.113810528 29.0468402809 390.277823245 
-385.871865561 247.054314734 273.813249203 234.760805073 46.2287030767 -71.0899793253 -142.941775611 431.279852681 -29.0468427907 -173.329381448 
-317.647996292 96.0788358745 -29.0468425168 -48.5002344369 15.642444342 388.464200103 -358.647259155 -327.359071851 461.829142916 385.998053756 
-86.6824537138 -288.84117892 -438.877636797 206.089354763 401.155002549 -133.541540759 -406.396745464 178.058146477 -44.7722636441 445.579074479 
-5.72533693535 -97.6622210476 -29.0468425173 -68.2378823656 106.78754993 269.579450774 -318.689161266 451.035943 425.570528129 -458.454793844 
416.464738002 -80.7118176271 -432.851020596 407.408811668 28.9928402706 185.296470995 -29.0468425198 -284.714956891 214.817162923 -302.457240984 
-459.552198371 449.656223438 19.3950627799 251.229897527 -17.5332877375 438.063435915 272.038360296 -29.0468439176 -398.131335178 -171.490639785 
378.680643888 -24.5518097094 -459.190936734 -320.592113284 -65.0338135401 -318.545012908 -1.1783170812 448.393278093 4.00286327455 251.793754323 
-430.627379755 199.307383091 29.0468130689 -235.559212537 29.0468290081 -87.2047599841 245.952842707 432.911902449 -297.829454354 407.794045615 
82.4607986326 400.782350686 448.065904182 -235.455726443 -315.815765689 78.7016356296 -89.8431383548 -138.325798988 142.951006209 -461.259589788 
-133.857885175 -241.356404326 -370.369527254 -460.066954128 242.928206805 456.273005051 -29.0301724654 -12.1205481522 81.1895613912 308.854457524 
-29.0468802075 313.860901451 -204.156062813 121.550097917 460.34340082 188.506298338 -9.92495171312 -405.654116319 410.496791504 121.018847267 
320.565845951 -29.0468425171 -209.557230208 -185.224287564 19.4402374245 455.89130726 290.408372028 -9.25240073082 -404.085038869 -429.494704657 
-303.975416327 189.664646871 430.687863055 -44.0362177221 -5.91921463817 -318.676833054 -97.3679769087 -410.765857486 430.381097514 238.552450507 
-376.201379542 192.890268244 -26.7244541702 -184.020527186 -29.0468425192 236.208317786 -402.57312466 266.659846651 6.92915364391 450.120797736 
379.780958186 -234.915817036 -175.432631534 26.9740793217 461.686121979 50.1634035922 237.403096029 -199.070943436 -142.951010985 48.2460367242 
381.910615382 -139.377442039 -370.503539398 56.8530443394 11.4743586118 236.138204046 23.2367404432 -330.25104602 -148.352754699 330.718518795 
-206.390939096 29.0443092636 -452.956987648 -221.347158684 386.851467831 433.213784182 -94.6992995435 -424.783934961 -315.043290028 29.0468371318 
-3.70081850652 461.427748927 -212.664100505 310.694001123 -430.113834474 -209.730605072 -20.0805700467 320.21113526 -300.98736012 5.86281313342 
-0.21034397799 443.623295882 -118.814526742 -108.870122406 -31.2573790185 -458.176653999 -317.544935596 110.684751476 398.91123119 -325.378144178 
-101.275568279 -321.500865853 13.6196078612 453.937723794 430.818902443 95.0261290164 -13.1320756016 -398.928683314 -184.102207602 315.532313191 
229.526767382 -19.251323673 456.173340144 426.26104018 -412.336214714 12.1264684178 -194.691990602 29.0468224997 -283.465770304 -192.981010468 
115.826026155 295.536870225 -435.448901096 -10.8543611815 -98.581176972 24.6115377436 402.545976186 -215.295408454 -305.212114971 318.427120727 
164.281795534 455.227216324 -288.09090195 140.943732738 -318.244813335 -97.6480735079 -65.3291410642 -55.736555096 428.429488381 -4.71687703058 
-50.5962097775 460.593972349 310.315972877 -392.106669225 -4.58816964632 393.190973911 -424.587560361 -319.601285427 -67.2395835903 -29.0468636406 
442.324005718 -82.2707514418 -29.0453235536 -439.141173661 279.538387756 440.921686267 -235.867463539 -407.837507366 282.493863136 -29.0470274924 
166.467108632 -46.253162943 -172.916249313 -244.426476054 -385.658279594 432.464050466 -29.0468425172 -462.065354429 307.559144185 443.552692298 
-233.842020127 -428.98422211 -9.00340113399 -138.644303906 -209.372614871 320.840277263 188.139970637 460.541867102 76.945900918 -29.0468425173 
45.8609368779 269.925559765 -400.535046852 -132.660560923 -377.683603145 -268.937178923 86.682436458 458.943192021 -183.273713459 37.6360507868 
-323.174739837 -29.0468429086 449.837642465 -122.850574006 10.6038151037 379.450277722 -149.479626566 187.687840313 247.066951755 -457.436506741 
210.006405159 187.926982047 -29.0468425168 415.182154338 451.339575761 -424.476720229 -456.957611364 -166.852618284 -18.6308978401 199.231984725 
-29.0468425172 57.1018129521 276.798357867 387.885489389 -229.883157957 -449.906615789 -19.9053581873 -321.187510235 8.36509962825 285.224904206 
-143.567106798 130.749451709 322.91254304 358.626456026 -355.621421042 -29.0468426892 -87.4983786782 115.588247556 309.395359273 -119.980881413 
322.316708381 230.496642511 -458.38892025 -322.940572795 -15.2313542618 86.3741064526 -237.02432537 -39.0378223479 -124.251143867 405.378748601 
232.295083041 198.901143973 -241.6452754 10.0661812485 427.980591989 218.752869543 430.023606406 -20.539159811 -178.200829701 -210.501904487 
-138.126464491 32.2941070251 -186.270678102 -404.913863648 311.163180052 459.806510115 91.5990446876 -365.951939508 36.4734174852 -171.380155494 
-452.231405596 116.617584769 -68.8459880832 -101.1117576 410.46775631 -29.0468433219 -319.431865068 239.044653286 426.773440725 187.819480445 
83.1249694775 374.295240647 -140.05666692 5.38973597778 -65.5200870791 16.5077137162 -313.159788169 392.784420679 -358.030740107 -324.756970449 
-385.316653987 -28.6652489503 315.769531069 -164.819247051 202.414694404 -29.0468430586 451.080053831 -462.169253844 4.30049120877 311.204685931 
208.017741749 -119.31997524 -176.608094955 -2.87575090224 -393.308302049 11.1586472119 -318.24201204 314.41301039 -423.380193208 404.00130936 
125.920026026 29.045992734 445.077546507 23.9462743687 180.880716071 443.675510158 -262.145358655 312.144652978 -294.626249629 -91.0944966181 
-29.046842516 452.798608722 -212.042485901 29.0468112589 409.756589386 -57.0041675156 -420.156021578 -275.998661017 -458.878543101 205.840071718 
65.2585176927 304.735790901 -29.0468425173 -372.726550839 351.384418593 -61.5277336574 441.684357263 265.29050086 -29.0306357461 -152.85969791 
-100.280312614 312.266580008 43.7093193222 450.892067607 -387.346525832 298.530854307 -328.69655679 -358.751773318 -29.0468425177 -114.761061312 
-459.096518784 -10.8004688129 -0.128712310868 -123.863940904 -237.507370706 -316.568509647 454.638830032 -10.9627762483 410.135556232 -325.969830402 
-386.224556884 450.514616046 -165.708036724 -329.351380284 -29.0468425172 6.80424531908 -462.150920919 311.209300558 -109.983588592 307.713951879 
270.677802121 450.068196825 267.027489276 -402.179832655 -66.6130973953 -29.0468783605 -459.212103215 -77.2272339256 -29.0483548757 437.37885731 
376.584959142 159.833466755 28.3215237149 -61.5307044157 -313.242446716 -80.5239365925 -459.21071352 299.77625926 -29.0468425173 460.721640105 
193.928543524 434.891220106 162.018063656 -29.0474500875 451.573006388 254.668217684 -29.0468450804 -407.792748795 -399.239675156 -40.4796050574 
-5.56289956731 -246.18712906 -305.03055123 433.615919722 176.311687112 -175.638185402 -433.630616637 406.96452214 29.0468425029 217.591257727 
250.411925641 220.927822534 -29.0468426839 -375.838970292 28.8855133711 298.488199899 -34.7687208875 440.551448761 -246.256564349 -156.433095831 
-409.541029798 260.22100736 86.6824237382 -261.572338325 -29.0468435191 438.283682599 -40.6389503907 -272.091121122 436.789295548 -53.3004488478 
-358.722607958 -326.240355175 410.516073833 441.425719575 -21.3614498843 -124.85367253 29.0467388708 -141.914692673 79.6604686695 -383.201166087 
89.6468288539 63.7193813635 -152.077417123 70.0942550005 395.223707369 -419.859674801 462.29212921 -96.787008127 -128.029635978 313.206340389 
-3.22536028532 461.60186265 58.0585767647 -294.528363343 -427.327873494 -90.7420727171 -205.206341508 320.890840027 -29.0468425171 287.995368266 
-90.4870584149 -7.46088143564 -426.185945886 -423.669140722 29.0468399946 322.125637761 137.973205315 402.60503364 -219.535284273 -205.879526314 
313.710488713 -3.5697103898 -238.13199189 29.0468378224 -213.314260321 -119.47262699 462.375650268 -431.03268985 -449.267282896 394.519633967 
-57.9642622931 306.845778912 -105.404017329 360.568014354 8.23407169925 418.701879563 111.155349749 -450.669286456 -60.6495320296 -236.156873926 
305.678145073 185.219443709 -61.0233084686 409.936820441 -29.0468425172 -152.925337597 442.085007658 161.2095757 -30.0195116768 -372.584358828 
-420.167625324 83.1872319741 416.837603595 306.286580416 -451.731311135 -29.0468407746 459.042822835 -28.5789663394 198.485505685 -62.3053085037 
-236.998336915 -18.5615668891 390.589457748 -196.965233279 462.362261255 -268.547060341 18.2200696869 29.0467223477 363.959977168 73.6433924296 
-321.536717271 -157.278783028 315.083662282 -130.96715387 -440.581781005 67.3363102432 -11.7522376623 405.344473487 19.1921363691 -408.100888065 
-435.306055325 -306.396363558 283.329975262 43.3715403103 187.9325662 410.473054551 -99.6340009094 -173.598206178 460.346919479 -29.0468432423 
410.534082729 64.2019828864 298.644850216 -436.246714728 460.33787342 120.866688169 -86.6824526508 -29.0468550501 191.457185332 -93.9091164341 
-426.915326123 -200.908371215 -317.717709265 -9.6769887517 429.056762077 386.067800408 -205.145196477 -415.92110313 2.63820014937 16.9296334369 
459.79001916 71.3304344311 -65.8886723521 192.75641127 248.248680147 -29.0468430383 300.731335503 -72.0597959984 -111.764262003 -438.902618544 
309.326896094 -65.3468888991 454.245399238 -29.6961508008 -384.832186127 98.9456383617 307.907488571 -354.910546842 -29.0468425172 152.704121602 
-448.065770757 -230.498113872 395.404554437 154.710534593 286.015785405 28.9842236038 -319.368940789 96.1296428908 -18.1299734638 -278.683780076 
230.813064871 -29.0468746147 -391.263946105 28.6158169014 382.268005247 -41.1151105385 453.29992472 281.370238733 -317.767515691 -81.6005009249 
-435.30118644 -77.8171488031 298.343635001 -29.0468425165 261.670996104 451.269123535 25.0146929643 435.391949765 -29.07084599 -403.38425991 
410.618928332 -126.517185745 -107.071259417 -29.0468425172 269.669909201 187.623864798 161.657577704 -56.5135797236 413.198279009 -459.365213774 
60.1346327662 -395.646050192 326.476226895 100.43533849 -368.585976289 -120.703914323 462.495800201 172.636461515 -428.126967734 -142.831265362 
-459.284855849 415.196597818 -13.6250561395 -326.485315287 301.420617054 -398.62080307 -180.170243771 -27.0781309232 310.000553872 -124.846116054 
52.2990839995 455.08477921 -121.809194971 -459.168573679 -166.308632756 324.189528139 -116.719199488 -19.7951339382 91.7451602783 213.498368476 
-239.160066094 287.408511816 -10.4560163413 186.477248376 -328.338309901 -458.927094992 -29.0468425174 -29.0468316478 306.329917285 418.875801286 
-282.107101551 439.757611845 -38.767199375 -29.046842517 -325.842452568 151.037682992 448.640621914 -358.323343791 -49.1780228098 29.0467720208 
3.4068040872 324.210248626 -208.079549 221.384816757 -427.846311312 459.508208179 -315.477465972 -209.760304413 0.938296586931 -3.23137502111 
-462.223286425 104.845235507 -331.434349539 -386.239477096 312.732823322 141.90997488 -29.0468425172 460.399428669 -65.5882422959 -80.6677050645 
425.630135989 -430.113823253 426.448116752 -51.0717352047 137.270182318 216.737878442 -204.407782423 -301.799870471 -65.5653413223 207.888325245 
-164.813096976 202.444791735 -462.169564568 4.34730984544 315.775308649 311.202984573 -385.293002701 -28.6184239658 451.06642068 -29.0468425172 
442.387738783 -29.0468432698 283.835667167 -29.0468437435 71.2579094381 308.874910509 446.374269722 -453.02882893 120.287584047 -61.5278091916 
-29.0468425172 320.290932577 -210.361546285 -142.005012789 -8.69126086308 -429.988765887 -290.883910174 65.183240559 460.957656589 188.117615658 
304.657776697 -77.4777621289 -40.3951107238 -377.546603476 311.07125315 88.6672506751 -29.0468425167 -371.26204916 143.123370575 456.110643233 
-158.428980046 351.30201617 -211.907049908 29.04652979 232.51938423 456.68474673 124.754701355 379.751134376 -18.3325425707 -125.948087097 
-39.4979268304 -29.0468425173 187.716189503 412.041132444 -459.273239722 271.080008637 -109.856705182 410.46274253 -90.1488335892 178.539359906 
-29.0125665002 453.52478368 131.120750676 151.477240572 422.477517998 -330.920759944 142.951006348 -204.390842136 -107.967344518 -71.5925440041 
-61.5268537058 -383.465556293 -29.0468425398 -165.949326273 93.0215948585 283.802253064 440.952254527 447.829944471 -29.0459625594 295.284607484 
-458.589785087 81.6592313957 -5.88701711365 -121.704503321 -319.276998525 404.63055873 -133.240722011 411.78444383 255.228054999 -271.768054462 
-25.8954176461 -317.638691245 -29.0468425365 292.308967295 -378.55832493 253.965202413 -43.8562360173 4.04930979477 443.891669124 -408.769437269 
454.593249741 132.189263071 -459.080701235 420.350870564 -20.8554863837 -238.625836232 -85.6887362125 -241.705613998 94.0117517124 315.353084407 
291.433203391 -29.0468434288 -29.0468503346 -48.9520623686 435.873783216 260.492759254 30.5493441667 -458.950497847 -403.039210737 450.977177762 
-202.729282012 -1.25998924745 321.748978168 460.941510298 -425.018810072 46.5286891678 -94.4579535895 -301.015800038 -268.534501067 29.0468296412 
-208.076261962 -351.605151019 86.6824414907 -32.3475776519 -241.281335987 303.553232186 -29.0468862362 441.180841064 -17.8502307764 -418.971141923 
-320.529177624 -9.98936104279 -459.120853859 -29.0468425174 -100.899613349 245.972622144 437.930507388 -274.719625707 186.763504199 411.910485911 
389.659400141 -64.8947635906 -59.6383327936 184.823840384 -29.0468656808 -458.8920313 417.633916379 -326.727138389 -29.0468425174 274.853944992 
-452.902677984 -108.182959138 309.766145689 -26.0335409165 -0.355568545265 -234.936661586 -430.251314114 -210.498000108 445.403420966 320.219993966 
187.13128466 -190.645675646 121.935718476 29.0468423177 398.465656664 -131.400020211 202.997326266 459.339915808 -156.280531185 -98.9181832028 
453.035673122 -460.292906391 29.020361694 -29.0468425169 -314.787549596 -242.139340694 239.699453589 169.383708788 312.059803154 -309.377215148 
449.691995141 403.418769789 -223.116786455 310.535181563 -425.314884227 25.5242358445 -292.515426905 205.948688284 -28.9915875365 29.046840818 
-69.0288196026 -66.9218506729 -284.095913804 452.428848019 29.0468308576 146.690969996 -460.587727642 205.792235376 -34.755999878 317.557727799 
142.057888618 169.256123938 -462.043753163 394.408389589 437.396150938 -80.3523392189 -1.05501507297 -331.119684757 -318.436484071 104.999042098 
-183.096467943 -397.918595305 -416.08627171 14.3006029467 453.157405478 432.293716081 28.9505805078 40.9839151108 -202.687391155 315.267337036 
-295.861315405 29.0468413961 -140.808027696 367.537996202 66.6142237122 -361.658087638 -327.185991773 459.78963062 -22.2931901132 2.53188649049 
-151.775205234 53.7218716697 120.263780246 120.6937015 -329.370303782 -374.883439236 -115.976633444 462.509334148 311.606274119 -29.046308976 
-41.5952749366 -410.605710068 310.951996795 432.266966634 232.399453877 154.335423961 453.173792088 -28.8304856597 -394.230063521 -29.1200066016 
431.931602816 -459.699032528 31.3673236327 -326.899492008 -29.0468425172 243.092261571 302.096126538 -407.900012613 173.508607774 -40.3498528036 
81.8287200166 -370.627674794 -189.998408662 451.013049755 -190.64302815 322.287982076 32.0086755289 -409.251235857 219.571429041 -83.2037172303 
-243.063048478 -29.0468425171 308.248246261 -29.0429585579 -374.252478641 301.663955862 -61.5593260225 448.066461524 268.888795447 -35.7029147475 
29.0466900733 190.093042784 -29.0469200851 -57.9981679176 405.378496053 -426.189883772 -224.954058404 209.370651341 -296.989914995 432.223397553 
-146.022838726 -448.220003608 2.50814355752 316.242043996 318.613533843 -228.467653147 460.497970442 -215.615784022 -19.265727275 -434.246614754 
-158.097870489 462.191133984 396.077037986 9.18417602825 -29.0468425171 -39.057557945 63.9391176148 -357.815027272 292.758116915 -325.334136255 
-34.2462188424 -324.327236521 -29.0468425171 220.365185655 -461.554460374 460.092384371 312.149270907 370.6301725 1.1967341916 -140.025250372 
458.102545419 -102.505888819 405.396426443 -332.624014239 -28.1396158635 -76.0419364237 -390.964681328 295.747542575 -365.105015121 -29.0468425164 
-28.5031973208 280.267256789 -13.1830897555 -461.457480509 303.02272044 -29.0468425172 312.844644329 -389.746409408 451.282745768 -169.916240372 
-139.874620103 29.046842368 348.560175583 461.749144648 -230.19969897 -427.882559935 7.54684999564 -449.315065905 -10.4527310813 -316.51552537 
462.36389675 3.3887621267 -126.078799828 -459.837417201 -317.133910479 -163.650703765 -29.046842517 390.60360426 158.530979604 306.644059094 
74.5567133816 305.770220259 461.641225157 -273.086056513 192.389426092 -239.594074807 -29.0468425939 -439.487897835 -100.446640569 384.389039345 
-3.18259067113 -382.198481457 452.066786747 -29.0468425172 310.641334506 -322.707873747 -0.206676376543 292.404892847 -352.877289074 -92.9417895483 
-63.7735123935 -4.86702431048 -112.43493335 -126.040788989 -319.205978011 281.812787105 443.059595823 -400.017706398 398.944492649 -432.498597602 
154.173617603 432.190467691 -29.0468989709 -410.680151266 231.844223205 310.908905813 453.220663499 -26.690840682 -394.166205754 -41.5140113147 
142.951000955 331.936957033 -41.0135728675 438.759254375 -29.0468558716 -354.222045203 -83.4411360651 -388.507552601 308.916640054 80.9159152849 
-313.20532128 -65.4721035431 -140.000310729 -357.979742783 374.291618523 83.191548793 5.74574759564 -324.706607326 15.7802213106 392.80342949 
-29.0468429215 307.914820038 -459.200959968 -318.97834803 -16.0411542667 -361.592983169 13.0132228868 -239.067808619 453.837673474 10.2282811902 
300.427693573 218.340581204 -212.256060078 -142.950964875 -173.430545275 -29.046844839 318.629008447 445.683570552 9.79840211412 90.238165827 
-281.221714327 -405.378740681 435.054048827 -248.741235267 53.0383350354 256.430906884 18.506143534 445.826333932 -29.0468898298 -27.2455351415 
-55.906048009 416.443979882 -29.0468475197 -240.557880285 188.653571417 -22.4257397144 436.022270986 247.437934453 -459.14786447 -406.147948832 
304.157520344 12.0593156462 -149.014440332 -86.6827386368 452.461353301 93.2863418772 -117.429293994 -1.24688734327 255.846865518 303.995912763 
-310.229061107 -174.611721269 -6.9923736394 237.881208057 25.9568552372 277.532799521 451.452139561 316.723940621 -461.101436826 -36.9667802175 
-318.678584761 -458.59960757 -166.460440408 8.01117914828 44.0144116925 437.548650234 293.528352106 -29.0468436197 449.965930921 -31.2551067786 
313.016733498 -426.882189293 185.278870191 -60.98170153 -394.401298101 -91.9287543957 459.771242626 -29.0468425173 -81.4168133367 414.374532939 
-326.234938299 -185.851781023 -29.0077331594 -77.9808781071 -405.019804013 -459.034478639 288.621102261 -29.0468428847 457.629564314 404.138048945 
445.267172285 -375.120863641 -3.11495444506 -184.649080259 -24.4086546166 -29.046842517 312.932528056 -407.601754509 306.684832733 -391.954840781 
-405.366307142 -29.0468458727 -100.349368128 235.992161422 383.130902484 29.0468267434 -186.239441784 187.781463418 -279.222553245 451.89008782 
-206.753441281 -199.448518134 323.510730845 -422.185471516 1.91393232887 -6.55829382986 322.405012749 22.4181200986 -208.380368539 -426.493593317 
401.237465789 55.0275662792 -284.264347832 -248.044509267 151.186369504 -152.366915162 405.378798204 4.85275607151 238.983839783 -71.0059779232 
-323.762358868 314.978204934 -109.867314549 -460.729571932 282.939335081 -175.518862881 -27.5755431863 452.457919192 -394.842561928 39.7490077313 
450.929494042 316.553671909 57.6984097162 -168.116812114 1.13132969795 -40.8762850027 279.729184822 298.187433654 -459.543710595 -29.0468425173 
-409.995999748 -17.1180788044 -281.016562274 170.344793437 301.583006629 444.022283626 -191.499547225 -149.808284854 -53.7748222762 30.2794740257 
307.292367679 311.799451452 -354.917808744 -26.8349544176 -29.0468428103 446.004034027 204.222391236 -167.730907062 -386.295557065 70.7880195422 
14.4443473092 -185.872234705 456.654712062 232.439689489 -413.038095455 -162.21723478 -29.0468425165 289.842730408 58.9041427545 -404.357106121 
-187.498113143 -225.086260362 -407.041737064 187.073939003 -29.0389826434 456.1439299 18.9744455959 -7.30003550978 -427.709333369 392.709593664 
46.4011584261 -370.732197828 293.964736408 440.857522751 -151.40463321 151.822546603 -29.0468425173 302.794916197 -28.8839450314 376.169496814 
308.764298363 -36.5489197033 60.2154020446 142.950989178 -363.36056145 -254.989533557 135.38775729 -29.0459187254 -358.140503346 425.868841027 
121.017593589 31.452646367 -180.062626427 -185.285986701 445.433828952 141.198273271 424.025185274 -322.853223736 -15.1883790491 -101.085772918 
-322.941863657 -324.287621391 -37.5709462278 -18.3670966996 408.700916722 -326.006134698 438.529405922 -29.0468425675 -88.4513923919 273.446479077 
403.937098939 -29.0468447669 -78.0010298117 -459.060762077 288.553345335 -185.763821745 457.640965331 -404.944404074 -28.6658977826 -326.261221607 
389.544755744 -29.0468425174 -316.595224223 -353.516374238 -422.417987414 5.31317868897 -48.4957281746 186.947606035 414.127716782 189.640202556 
199.427229754 3.43240390548 -314.324219173 459.220938121 -7.37884446979 7.73017735433 -209.820703519 -421.739224743 418.138063461 -93.0633642079 
42.4283417624 448.063365009 -104.830924388 -389.684368162 -361.488808884 333.494697038 -331.395612618 -116.50918862 313.273499679 -29.0468425173 
-41.4143860942 0.902393467909 298.135554813 -459.542535559 279.771032485 57.670401099 450.927510269 316.508109277 -168.037186829 -29.0468425172 
66.0206926398 442.376884108 -173.911434776 29.0468384506 -102.434559394 -141.686634357 200.457328254 301.697131735 419.311371828 200.303052735 
-319.019100991 -92.0618089857 -38.8346982906 387.672592629 -41.1090563264 -0.986361054751 176.487352045 413.271686531 -459.285313148 293.089563732 
