-35.6862991563 212.134154499 -159.629904729 133.856043019 -461.686340963 461.686340965 330.472866418 -273.032344269 -332.991914436 4.49964943894 
31.8516943493 -242.074660533 461.686340759 -333.222532147 341.931161911 -35.4343479635 -159.942536231 121.584766658 243.747674906 -461.686340963 
220.526425623 -9.05203970804 117.434247857 -461.686340963 -347.627388621 454.41181571 -306.496465902 341.980525185 -190.318374679 -135.313437413 
-117.151052124 264.366380112 347.058303732 -223.862581421 35.3957578024 461.686340963 -461.686340963 -336.224005107 143.109029805 -73.5344271249 
448.916824132 -461.686340963 288.387045209 42.6133938093 166.395648518 -336.6313754 -109.241412826 416.432245228 -236.68459566 -87.651057409 
66.6325883472 -55.2925655775 -344.152586396 -461.686341607 209.627280018 83.0179089833 461.686340963 -166.390806476 -288.183833182 332.290150644 
-324.985323616 -154.200366157 338.137625847 98.0955964342 454.405282982 -454.405282598 120.592657739 240.632952345 -28.6186533595 -188.832118379 
-330.162372217 203.700963562 -54.6919625378 -34.2037945015 82.7745788704 -172.693093198 330.423996285 -447.247240567 -290.207478867 454.405358183 
-335.800810786 -103.010366397 327.571393739 -208.595009231 -461.686340963 279.638349839 455.706010242 -57.9790504125 157.130914587 51.6184764859 
131.042897846 56.0989022946 214.964876115 -208.264271849 -148.026892522 461.686341632 -328.948607575 -461.686340963 333.672752006 -67.5535168562 
-461.686345997 -344.207838687 102.828111059 338.444358693 -129.563050784 -6.16104584529 -147.15137312 210.98162424 461.686294079 -271.909507862 
329.226896537 -224.009845914 268.139984477 52.8590283698 -57.4722087635 -461.686340963 169.684425265 -174.392491198 461.686340963 -333.164308417 
-120.861405718 16.2410494007 -238.957545221 333.966729839 461.686340963 92.5296734998 211.746200008 -461.686340963 -109.241466253 -337.189468515 
-74.1291156447 -333.308488213 39.5995408456 347.684144424 -223.293691293 -461.686348651 -170.29412689 461.686340963 154.450777426 273.0647295 
-65.6213158904 -442.519923235 -78.2620903046 -321.89213332 85.718964731 311.756396775 57.6548084623 -193.494427378 390.653115369 206.935184906 
-461.686340963 -333.785896347 -153.65418559 267.122655133 461.686340963 326.097927136 39.9862599464 157.865729641 -61.8549394399 -210.256685285 
-64.6743348462 456.971092725 174.104011674 -285.672559027 -185.613337854 -336.469343003 -461.686340963 282.883913419 346.894896897 50.3423982156 
-244.12555649 -461.686340963 19.8978562521 263.751982411 -90.7571366171 345.949273571 145.225890801 461.686340963 -338.559728176 -122.285330856 
-162.283249133 -331.681932115 -228.416575077 341.502948726 236.252244293 -461.686340963 -36.6527435389 90.210418672 115.044071739 461.686340963 
-339.020655672 -215.63452364 147.916462854 -461.686340963 404.283554129 -75.4822436304 -212.929782584 272.339032807 34.8036683048 434.369406588 
-77.9110413448 -82.809326443 40.2207916996 344.739006636 137.184080509 -336.214198641 461.686340963 244.903300927 -461.686340963 -214.815663713 
461.686340953 133.877411068 250.592422911 -461.686340963 -151.193255403 -257.101446762 343.751131666 -334.066169802 -20.1257770302 95.5103289436 
121.598902222 -242.06435444 -461.686340963 243.773368951 31.8716418843 341.935773335 -35.4480594629 -333.216737566 461.686340954 -159.94511436 
-144.078955418 246.258058485 122.167852792 290.504721838 -461.686340963 -5.84011864098 395.099843992 -257.194520053 -13.7285249658 -336.81963934 
-274.894222123 454.85338104 327.300996389 15.0747178411 -38.0627866482 -461.686340963 138.670464178 -333.986325951 -158.158286615 209.988401662 
-461.686341758 -150.992793891 335.910906444 461.686340866 -345.374230376 -271.908909282 -15.7919200322 226.270087968 -132.174936059 104.973181482 
-141.09115529 91.0497816638 -461.686340963 221.538959988 -291.19480985 452.270755131 337.875639991 -31.2164576067 -351.755701707 -167.909195195 
280.70188735 351.84060066 -211.761491398 37.935074883 -461.686318648 -337.686311929 -100.982580698 160.474813647 461.686340963 22.2488648976 
175.172085571 -180.722676932 55.5629385952 210.282907913 461.686340963 -48.6592403724 326.922084809 -194.027150231 -461.686340963 -328.561648457 
221.501441647 -461.686340963 461.686340963 -221.186430218 -207.704985332 340.85040772 -341.819239021 -8.69389912572 -83.3829397956 108.220092088 
457.835751055 174.407831238 -319.391469289 330.166643492 208.903371501 -461.686340963 -61.2038305459 -187.316458977 60.6854424399 -316.670938116 
210.995748566 461.686340963 -210.384618549 -329.604189105 -461.686340963 1.87769239134 96.9163087039 -316.710109802 336.504163587 -108.957437048 
-461.686340963 -357.396712644 -277.449927884 -152.504929012 -149.211217753 189.25328212 103.235819033 439.957952448 322.528674789 -12.7510770269 
-71.215690332 -331.696614275 -213.016316106 35.0945877384 454.404662897 180.504371946 431.208838205 304.384609828 -454.405271565 108.043474209 
-56.8529088604 113.168323404 -179.77307125 230.919778292 461.522094526 -216.572621135 -461.686341019 -331.602246139 338.140993873 62.301528404 
208.960690051 -220.931306114 124.845930878 -76.8166785331 -461.686340963 -127.952054544 327.054612552 59.6825777954 -335.38401546 461.686341584 
191.777605538 -40.2473274531 -161.146224286 85.2615057711 308.50664073 -461.686340939 -326.51432942 454.405280434 276.757331098 -200.154626225 
120.65519945 461.686340963 -165.980335978 -461.686340963 209.811615809 331.165366447 53.5865799738 -259.518788953 -50.2012157698 -333.595866543 
337.735551284 -53.669244854 -461.686340963 88.9423399386 210.982062454 -338.926143186 -29.7363971939 -181.980307875 461.686340963 -268.141936483 
-271.915775452 -34.2654169496 59.2238580028 -333.582988672 -185.727195655 -67.3441934966 211.760402139 461.686340963 111.090858022 -461.686340963 
10.2279015364 -130.506191297 461.686340963 -461.686340963 116.258735168 -136.45620515 -258.977449728 210.981670665 337.34199725 -344.082902939 
461.686340963 -74.0604703367 -461.686340963 -98.4185349604 49.959887522 -333.179576456 171.503063515 296.158225102 -224.928595752 332.301844945 
323.486225946 -208.578447302 -95.5337978513 -458.760127122 -83.1248164987 461.686340963 54.9270241057 156.677109447 208.658044781 -335.763055555 
-461.686340963 109.678473343 -56.2015473997 -12.5183070025 -326.248794063 456.893126071 -182.1389681 324.261959874 -309.000984039 217.965550803 
-19.7444718175 -244.659847718 205.767276739 -116.427382411 53.3953968895 175.431891316 461.686340963 326.794024686 -461.686340963 -338.218980589 
170.972749 -336.683671017 -33.4718442746 9.99332953808 -149.265273472 293.002421908 -262.4833893 -461.686340963 425.560049121 42.2977516053 
461.686340963 -461.686340963 210.99469706 0.982221659966 100.977950372 -145.687436606 -102.946092084 -263.214282767 338.444095556 -341.899100381 
461.686340963 329.733123731 -57.9760995925 -328.656038777 28.9194755437 -190.758057847 253.697646944 144.298226134 -461.686340963 -182.81645889 
-240.815047847 322.557599226 -65.3780916516 -461.686340963 48.9394196263 187.347259082 -337.316518837 458.521953173 -180.564324932 170.294091199 
-459.279273565 460.006718364 -120.299121984 -402.22626615 -18.5844910712 322.719986558 -165.84339433 -279.422591417 211.962850675 107.609330619 
455.973752454 -82.6933734154 -336.682295605 -83.8846203591 -209.344533506 161.753214843 -457.532188793 271.90911006 47.1039613185 316.670912741 
195.996140713 461.686340963 -56.8037887753 69.4302758489 -337.285772403 -205.73908411 -145.099069028 -461.686340963 205.756317117 336.407409744 
-460.714349787 211.267665031 57.3145723193 -295.367892537 -180.63519566 -57.0418137016 461.686341179 335.441562349 97.3965661797 -410.810117177 
338.332676986 461.686340956 -177.48802346 -39.133713914 -41.8117080222 -461.686340963 91.2364671154 -336.697215747 211.570956386 -277.816960314 
160.787174811 285.627350861 461.686340963 34.9226805501 349.745446148 -71.2060979811 -214.343861977 -461.686340963 -187.462931984 -336.010188639 
177.65775906 -39.0284993153 -333.842367232 461.686340963 222.858800616 -258.007166467 57.2094352649 326.567817245 -156.567225574 -461.686340963 
-138.822542579 56.0937599507 -334.006235922 185.675915826 333.858202484 461.686340963 199.755518693 -18.0373765823 -461.686340963 -250.148437237 
-171.382022775 461.686340963 -461.686340963 -54.7373260135 67.6507043246 246.122008174 345.187951152 142.816053729 -265.661787112 -337.126522755 
-253.48718787 58.3924788348 -31.3000385872 171.012791053 -126.896108664 309.097148802 -340.091888908 -461.686340963 277.261833963 454.070898179 
-461.686340963 -211.934910746 132.701601645 58.0240843228 209.859864934 -62.7855331638 461.686339774 -120.065053369 -339.466342433 330.683201277 
-73.7161663096 461.686340963 -461.686340963 177.394478874 -336.253984231 -75.1501036338 300.711123354 341.534789351 -215.79791485 66.6111565152 
-195.669897943 297.029576677 -461.686340963 -324.827270899 265.147457058 78.2640870203 439.957959533 182.19816909 -149.936444714 -45.2295684473 
325.867661129 -261.22573458 461.686340963 -333.681561381 -8.42911847059 -461.686340963 -3.47250794859 -135.961248726 223.738536493 136.785646334 
461.686209551 -68.1597487975 334.584747454 208.962675853 -334.690839944 -231.029893314 57.4112871362 -461.686340952 -183.724431309 79.9342230907 
-333.615847071 -11.6246213472 -226.475030383 10.7216632712 252.10677036 -461.686340963 325.551426865 140.347147313 -137.542030127 461.686340963 
322.471729417 78.5971695827 314.585531415 -461.686340963 196.643655474 -221.984618809 -342.782920112 3.40786137786 -101.624412241 454.405273294 
211.192226649 331.920057292 66.4435620696 -62.9441609574 189.354357524 461.686340963 -178.036690315 -294.662868299 -461.686340963 -342.692703115 
110.503990699 -335.672337206 456.934840803 217.603610572 -461.686340963 -42.2852807623 -153.710519116 74.8350754226 -270.095755482 330.893749288 
-350.515753705 -296.327099722 346.806205829 -139.352092218 106.695190625 -13.6962158056 -461.686340963 221.266715999 461.686340963 -160.309192097 
-152.68668424 347.565647366 135.393909206 -64.0652059755 256.722575576 461.686340963 -461.686340963 24.076035705 -210.688395424 -334.009087922 
181.973885764 -273.20011104 306.572238171 461.686340963 -342.517015097 -33.5975926291 -152.418887442 329.796770408 -461.686340963 80.4240512707 
-334.46799402 -52.0447248419 222.693880375 461.686340963 -223.121107036 343.316712998 -156.38081455 -461.647128774 97.5397857336 75.7575693227 
-1.29138103576 47.4320547474 461.686340963 -128.4589234 -256.222291505 163.602796884 -461.686340963 -340.170064872 282.166062048 323.105534169 
-217.629478859 -339.293675404 170.268136032 332.859079228 294.86095683 -96.2479972126 461.686340963 56.9191078784 -461.686340963 3.08567704575 
-241.627129119 80.6664136501 -461.686340963 -334.400828087 -180.765033481 59.0119259747 -65.7350411101 334.53142495 461.686338645 208.889174099 
157.498984103 -66.5678746513 -182.940160807 -303.901751261 -461.686340963 348.505463831 -341.986310944 461.686340963 278.973274078 44.7639916533 
336.797209609 -461.686340963 90.5610074547 -337.040481079 -167.732442181 212.868867762 -29.5880393206 -265.347186098 461.686340963 -39.0731538893 
-461.686338961 223.331643687 -221.489636102 97.8929316651 331.574535997 -154.396534094 461.686340963 74.8268998463 -333.497312266 -58.9284548141 
-324.521431568 33.3930460333 276.411130864 -456.217316 -211.063033322 1.11824141373 -124.494243247 308.137342122 153.96657205 454.498460685 
-215.267315525 -13.5996053576 170.294079069 82.5222779095 332.416050307 206.723952924 -130.577141032 454.405266675 -331.532782412 -461.248920012 
-208.754918446 -149.617635821 403.553172465 261.179210684 146.910567307 -69.7701575888 39.9327937577 -461.686342229 -316.665160014 229.275134211 
133.435448847 -333.552913031 -177.627983918 -61.3156435421 460.594595814 328.526152533 -210.748782461 202.262732023 56.9421550394 -461.686340963 
-36.8253655513 344.089144035 -341.444065421 226.915647363 80.4899243038 457.899651325 99.074630288 -154.410919208 -461.686340963 -268.103339916 
-211.355234909 36.0968957881 -461.686340963 44.8172495809 -87.2004938574 244.987107314 147.67196864 457.000583923 350.364810326 -339.987277401 
-108.435061528 345.764094141 -115.232814077 -240.190864238 142.954675816 -461.686340963 22.9729933018 -333.561758811 461.686331754 262.990881461 
338.729287612 -461.686340963 -16.2662406106 -333.161020855 109.864420084 -38.3189852706 234.806494036 -291.101828526 461.686340963 -167.261020465 
214.735200443 -334.724331893 -461.686340963 -111.081864921 -230.170158044 328.3067827 56.0206997432 174.355509282 458.682712118 -38.956131818 
-337.186316422 335.829719044 91.7478070488 205.311627634 -461.686340963 -2.22069804337 -245.75415514 -54.4259080186 461.686340963 -175.094985822 
-72.457834894 60.7397097795 -196.897935301 400.925787072 -320.779330029 431.046525739 -453.707767663 180.341855435 280.751991384 -65.3491228448 
62.0073803546 180.769503242 -461.686329501 461.686340963 -58.0775932881 -188.23988503 210.367080069 328.42389868 -334.221971874 -228.464180588 
329.822546046 -461.686340963 182.947104572 -142.230760773 461.686340963 306.564546379 -67.7576510915 60.751862493 -335.390980459 -211.603285809 
-330.71500933 63.3201644698 277.861082041 -199.84029702 99.3504291008 -186.952452528 -461.686340963 131.053540745 -53.1124493264 418.57389891 
329.097010461 -21.5906460811 -337.8822369 444.854012744 -173.335511013 -461.686340963 208.701057034 85.9321244053 -261.310305737 -49.371635663 
264.36296204 -249.324738649 343.537876681 16.1373011752 140.024473798 -339.582905417 -461.686340963 -109.919861129 -125.337842053 461.686340968 
58.9440739843 -57.9794852907 -82.8975156817 178.670541897 -335.165704983 320.723840234 -459.33125708 -206.000002485 210.662813184 461.686340963 
461.686340963 133.987678236 -209.815519692 -329.904017997 -461.686340963 -56.8962696896 230.949291516 340.563537125 -118.76392346 70.760909316 
-163.295297914 122.686365864 -461.686340963 240.419564498 461.265205336 -331.906283839 341.164088614 -36.6449404046 88.6548245202 -207.150204615 
-98.6229179734 144.530809951 -346.490151037 -457.051477489 -225.70167084 461.686340963 26.4020830263 350.796664628 277.106738441 141.44557851 
-182.918095652 -58.4991884798 59.8603873252 461.686340963 -461.686340963 334.155996083 -330.296777688 220.75446731 87.7630494461 -303.524910957 
19.3819532829 -22.1225892544 -148.054653316 246.187932694 461.686340963 -280.578800845 -461.686340956 122.135199877 346.494720557 -343.827796257 
-322.328899168 -320.644452359 459.157387364 -1.71349723489 -201.938431065 112.702318662 -106.541738147 -461.686340963 340.114931759 213.847023592 
-461.686340963 112.466956091 180.265634951 -332.610067489 -4.54559200033 212.137622568 -240.664823645 335.837116725 461.686340963 -135.049898195 
-343.264620972 332.09158759 -42.6597881304 209.924783668 -148.892736417 -275.216914816 116.220707824 52.573056698 -461.686340963 461.686340963 
-47.3629209147 461.686340963 -105.063933979 -461.686340963 179.03486689 330.577736578 -221.514169093 53.2736036261 -338.510684396 244.076689256 
193.023850346 -73.6771663009 -208.883568624 53.9989850826 -335.257081376 180.874624082 -71.9253697436 328.018371518 454.405261498 -461.686340963 
168.083352649 266.176064399 -212.537118101 26.0685498186 -461.686340963 461.686340963 -100.507648689 -335.886059853 331.129682026 27.3855098851 
-63.2549961657 -181.991390194 -458.465332536 340.683905809 97.7877824269 -233.170900805 225.153598892 -331.507498732 11.6449599801 450.840206691 
-461.686340963 103.590706346 -194.71128622 -173.191962088 222.791578008 -51.6516443315 335.532728545 -326.66810096 74.2839130733 461.686340963 
341.222594791 116.981010346 19.6447958423 -448.574255417 -161.534848773 461.681323651 -39.3254623665 -293.684656984 240.993747154 -313.352417317 
-115.953338048 22.5477542178 79.5422036813 208.905229624 -212.598315999 461.686340963 -338.020451615 330.246871957 -457.575973847 -84.8657690355 
454.30343977 -85.2806741694 52.0735817274 -334.485894349 -461.686340963 -208.389655534 308.693045263 166.218043747 -67.1048922401 276.906119119 
325.315007809 238.108923188 44.9937433594 -222.634040326 -461.686343796 171.016924434 -337.961628138 461.686340963 -103.679915834 -5.77824261324 
60.3887933896 -162.596439764 339.587303837 215.480977385 -68.5903679882 93.5209774227 -332.296955213 461.686340963 -461.686340963 -223.175821361 
39.7706291097 -130.085476808 -245.29762566 327.217076473 168.214233588 -335.852628032 461.686340963 -461.686340963 -16.4456910229 229.095685654 
-334.970673012 78.3943672572 -3.60496088378 -251.957208803 459.619379065 209.645649125 -461.686340963 51.1043329302 329.099037559 -127.820185077 
-461.686340963 336.94380355 97.6465459965 -48.3684579107 220.671907301 461.686340963 -330.663329512 -301.154483241 -177.063446056 -28.5257836235 
145.354207417 334.86783375 229.027496275 -63.4408503177 -335.289271717 -461.686340963 53.2766753144 -295.827957834 461.686340963 -186.596623225 
299.074427518 170.314064537 18.9891521915 -338.178160986 -100.823580122 342.881649813 461.686340963 128.715068371 -222.013479571 -461.686340963 
315.301166922 -1.93966339964 -115.043736576 241.315090893 10.9029600639 453.568328431 -334.652106418 -217.872185745 -461.686340963 158.920070263 
-461.686340963 -253.804330069 338.715526412 -119.596580061 104.346859455 -132.659139831 -1.49805545017 228.393367833 450.160893617 -344.088996633 
-103.997699227 173.028832968 -35.9370430485 211.907998293 38.6133931188 461.68634081 -340.436712889 335.246009758 -461.159422547 -215.670960032 
-98.5164831565 71.8899696813 461.686339382 -55.8601412876 -215.076652021 337.70650901 -336.215543915 225.418325335 -461.686340963 153.792841152 
-29.0458071761 97.6248561714 -154.655953501 454.405234651 240.070783731 337.975842118 -325.138919251 119.898014583 -454.405166587 -188.930937775 
-16.9376760324 -233.341065816 461.686340963 231.504558777 -461.686340963 -345.443102093 184.40559802 -112.729406877 333.585188815 63.3774979624 
456.115292959 -202.924389426 270.637965348 -84.6293893315 301.833598118 51.8640069276 -393.674506378 177.075390263 -243.29980529 -446.396004786 
461.686340963 -62.3951974814 -110.024510587 222.857738835 -336.356411935 -461.686340963 -234.065891577 40.7121567451 321.033512735 164.360023934 
169.322956613 -41.2432949334 -157.354209713 71.5775824275 461.686340963 -461.686340963 -275.980474271 225.168743638 339.678361007 -342.822186554 
-38.3470237598 -271.908680271 54.9629839381 460.804538428 200.889224354 -461.686340963 328.782609398 -342.81222493 123.957614627 -145.160420245 
170.294075181 296.089767211 332.364023116 27.3297633234 45.2383354282 461.686340963 -214.993591189 -461.686340963 -96.8108969637 -334.659891502 
-135.514774543 -336.899786521 302.792985093 55.4035945738 328.046125503 178.369529441 461.686340963 -257.167011568 -47.8602346614 -461.686340963 
-20.3548903911 -342.298029006 203.897487664 276.950646658 -461.686340963 308.716266891 -145.105601933 454.28084585 102.817137673 -269.436155341 
322.557806373 187.34736979 -180.56474928 -337.316968316 -65.3790072355 48.939226877 -461.686340963 170.294072341 -240.81585612 458.522001602 
-84.8305318922 174.335469331 -461.686340963 -338.265358671 -78.0485617498 -214.059731467 47.951436323 461.686340963 212.28996633 327.069419364 
-108.481367143 -68.1785656244 345.479372577 151.520712498 275.092605798 -344.23416772 461.686340963 -232.309220052 24.3879346124 -461.686340963 
54.0005546115 454.405263141 -335.256966374 -461.686340963 193.024693815 -71.9238079914 180.876185817 328.018955112 -73.6772738492 -208.882500547 
-330.921728756 -46.9615931293 325.45313703 459.573131128 -461.686358886 -170.29411469 4.46772197579 104.505286338 212.707034897 -239.205724372 
-165.143729779 455.454410589 46.5267026189 -327.836713016 108.772508849 -44.2948566404 228.427791794 -461.686340963 -202.304189918 334.879146822 
161.229329385 46.9521218887 461.686340963 -461.686340963 -7.67175650535 -329.063569208 -208.325593042 -133.143446096 281.796247742 320.017027268 
-65.1282231352 60.8531941046 461.686340963 -461.686340963 112.941270308 -332.562668896 218.7205332 -175.239140336 342.163135898 -216.81956366 
-50.794679201 -265.284345969 -170.025700451 -461.686340963 64.7398536056 164.02281759 328.781074149 461.686340963 -335.053508172 275.190713924 
-232.364964849 166.411586107 321.811786303 -107.58428138 -461.686340963 -336.169310864 -74.1578582586 42.7323532203 461.686340963 206.254632572 
-85.9781181438 343.587330433 -336.08166369 -461.686340963 79.0207837875 224.263325332 461.686340963 100.022666647 -212.389043649 -48.5079707977 
102.697318007 -300.022558141 316.178280227 411.842691266 -418.572257028 37.5649028976 204.085450955 -170.284205695 -81.3126991829 -244.1371207 
-267.369125536 -461.686340963 216.724387048 188.057035691 -177.473085383 72.4298445375 -51.0530914933 461.686340963 -336.236918283 337.39639655 
-29.6904819448 -39.1607955199 -337.018250479 90.4606436924 -461.686340963 212.774083446 -167.830231468 336.75182548 -265.444434918 461.686340963 
101.034371455 -340.527165404 -228.114553615 119.771800905 461.686340963 242.845170426 340.9931191 -111.030806978 -22.217149382 -461.686340963 
-332.249638706 353.045641131 167.954147797 44.7824046185 -67.8108541521 -199.683063015 -461.686340963 281.51751891 -194.363361691 461.686340963 
-243.509185133 461.686340963 -339.989491418 -135.07946815 215.280310547 29.4384400533 337.457463397 -461.686340963 -93.8002441053 117.657143741 
-461.686340963 -336.308480914 338.488995112 -42.9854205888 212.561078663 -38.1435918509 -278.72842403 461.686337672 91.5611369568 -176.414495917 
461.686340963 -332.379321032 -461.686340963 61.0485551065 211.082210791 328.905646857 -172.424915721 -208.959164824 -56.6439654227 182.001682887 
461.686340963 -80.5420339745 170.294113806 -319.605339286 -456.518807501 -252.801730871 321.593278633 159.021088603 33.642843515 -169.776562174 
236.266056386 343.479942807 -7.97409399683 -125.59103983 -454.405271544 86.3183535796 458.106054789 -244.447379765 201.815307734 -339.279112715 
-334.565823747 62.5599763783 -240.69892543 328.147229144 449.540631526 -461.686340963 -65.0350155417 -178.722014609 75.7132988975 199.003375717 
461.686340963 216.025190381 -61.1391804275 -193.214313296 -329.74444674 -461.686340963 -185.623042349 84.217869075 67.1673238957 338.948456523 
-210.304876291 -167.418062544 62.1398197755 208.637738708 330.224761546 461.686340963 -63.3142639633 -461.686340963 84.3450023718 -333.125843055 
-265.843065649 210.211422309 -335.364307383 112.365816188 442.222600899 -179.883534942 -59.9731652233 331.106785999 55.7497128296 -461.686340963 
-203.491573982 -74.8686247962 -334.300477488 461.686340963 292.609522692 65.3897052854 341.740181462 -70.239061939 167.943746559 -461.686340963 
-328.302694707 138.459566694 4.38676146504 -146.677837236 431.990594681 -461.686340963 -24.8104917613 -242.772325068 164.77226062 294.186033538 
-461.686340963 31.8770692784 -333.215772203 -242.072033359 -159.940245135 461.686340957 121.601215811 341.938177952 -35.4411164327 243.77281498 
82.2472964539 -461.686340963 -168.567747369 -290.223748665 -344.144035805 66.0993748623 208.888468521 334.607411129 461.686340963 -57.9794711212 
-188.037779038 -227.657160668 94.9745385004 -56.4871173883 220.437750397 -461.686340963 461.686340963 71.2770511507 -334.533499709 342.430811197 
-56.3170465011 339.966150411 143.851219292 -331.263400603 228.661177089 -210.62725065 461.68633041 69.7640675751 -461.686340963 -108.727922444 
-159.945163549 31.8711503998 -35.4493279189 341.936004114 243.770785241 461.686339401 -242.062772962 -333.216375626 121.597279221 -461.686340963 
-179.695398276 222.854612681 -461.686340959 180.888439079 -226.516877888 61.9129960727 -331.986323455 -56.8192859624 461.686340963 329.623688653 
-461.686340963 -124.125117236 -79.0078347255 128.670568539 461.686341072 -221.98052017 209.07923294 -336.420615943 326.551613357 57.7530125828 
-107.993789995 175.922238681 -81.7982433326 202.635596562 461.686343388 43.5475873257 -461.686340963 332.546307003 -336.220021612 -234.303186116 
-75.7518071906 -215.651346982 53.9879978244 -461.686340963 -336.577226606 -166.167234148 166.684786387 272.856540295 461.686340963 347.907398253 
-82.4081336716 -207.286787624 -461.686343218 304.170425511 -60.7176238136 -336.168380157 180.269884237 461.686340963 61.9395087511 330.266820154 
332.454869668 -334.780119084 -64.8118241801 60.3407562496 -154.816100771 -213.693771618 461.68634098 97.4593277478 -461.686340963 208.981390801 
-242.062978509 243.774750535 -461.686340963 341.936106718 -333.216153488 31.8750378087 -159.943731526 461.686339289 121.600534366 -35.4466361433 
304.160261143 -335.036869492 51.362660313 330.026949609 -150.838809846 -461.686350968 461.686340963 -228.519732002 178.715274601 -66.4977477576 
-124.392453519 -118.504498727 -339.754601586 333.670786476 461.686340963 8.05431255786 -461.686340963 93.2203396945 -246.888559503 214.119675494 
331.918006892 -115.043934885 -337.268982171 -228.394313273 -461.686340963 461.686340963 -76.7587753519 266.013944904 165.596239879 43.2512002441 
461.686340963 -235.00805764 -150.66089351 335.031331503 -461.686340963 209.310152813 -331.773342355 -23.9275156982 177.13670057 85.6420273693 
-115.200791415 23.7692711961 461.686340963 349.231345839 -225.643263653 268.372713646 -461.686340963 -340.354396497 8.54567189135 147.851614424 
-49.5593142295 276.702816902 308.653570113 182.290951155 -167.297377049 -330.85097998 -206.569023054 -461.686340963 454.390794539 75.5025916818 
-223.261917599 23.9599151711 461.686340963 228.044128794 -78.9152628478 344.026801053 112.524608118 -461.686340963 -177.919556303 -341.807076661 
342.439732607 -135.648225947 -282.350236825 -20.8171801746 -158.679389245 91.7350622944 -461.68634124 461.686340963 221.320473806 -347.86728707 
461.686340963 -216.21722802 326.728791373 -461.686340963 -91.1986004477 -329.543327318 211.597133072 173.201825756 -62.1215253269 52.2912595332 
387.278217357 260.728464638 20.8999670046 10.2584439933 151.974608628 -461.686340963 -109.589778406 -341.86471134 418.582993956 -228.247636589 
-210.295106651 -333.11419865 62.1512979478 -63.3040349463 84.3520446889 330.228186476 461.686340963 208.643933133 -167.411340724 -461.686340963 
-174.031016436 -461.686340963 60.1323770158 461.686340963 -217.668722794 182.764894585 329.781936247 306.413141513 -60.7844045348 -332.618816413 
-461.686340963 -332.654210819 -217.213717118 -66.4119519673 290.758744796 447.912319764 415.423628625 176.26451025 -106.167790664 49.9789320508 
337.174810017 -461.686340963 212.969487252 -405.727660562 84.6327125644 -288.886709041 -113.452534315 -195.362389194 -34.7290137834 458.804789777 
221.00719175 -130.304145596 341.372611425 88.4213226213 -341.095493918 -239.954246619 -461.686340963 77.1113964793 -50.0474028963 461.686340963 
-232.76714439 4.58009458046 235.339291256 131.215471508 -128.384813507 -10.5796132709 -343.579614474 344.683924767 -461.686340963 461.686340963 
-284.070992515 345.938848619 -461.686340931 -118.479386251 -166.808795107 -345.664232173 96.8356718786 227.514497864 461.686430371 -23.1923528268 
-112.41426064 222.193400167 460.384659986 -87.1270546199 21.8750588419 134.778016469 -339.923447641 -461.628149077 -212.355739797 328.562982885 
-339.241524254 -461.686340963 -96.1454495167 3.27010521393 170.294031914 461.686340963 -217.556432418 56.984489211 294.887440517 332.847576686 
278.702882946 59.9393501727 -337.165391901 170.288526883 310.643811969 453.163299645 -461.686340963 -248.165991239 -191.780707269 -62.701744053 
-182.53170189 -339.963612501 90.9699806723 210.533424063 461.237838183 -455.86226826 -57.9634528864 342.419444022 -11.0223762397 -252.362745729 
82.7215816258 227.904479712 100.164734684 -155.690437378 -461.686340963 344.793448841 -35.871733584 -264.178942552 459.154200328 -336.379839878 
342.778162303 -330.755909852 -40.8323340078 461.686340963 110.585404371 -4.33846273107 236.062349824 -170.294182287 -461.68634063 -246.654100415 
-253.596778805 -339.820446424 342.347650027 -7.68314325564 232.288054625 -124.223170721 439.960329704 -166.705481128 -461.686340963 106.980083411 
-335.050529214 132.961008914 461.686340963 -161.958368028 -461.686340963 -249.511913198 -34.0383513521 325.931222265 12.2393057407 253.397938027 
454.405270578 -240.801016795 -37.3387319132 331.098134644 -126.169110657 81.6505036332 220.695495284 -426.0580596 -306.666065161 122.697001607 
-461.686340963 -211.374270115 461.686340963 211.94266753 -62.6862371452 335.637620477 -334.072810224 99.4735498292 -179.949133031 60.5825717471 
-199.299922053 182.070938283 -161.869923501 218.54474512 461.686340963 -327.65356903 -461.686340963 331.371170003 -46.8332188447 60.6756861585 
48.4303029105 106.706293064 461.686340963 336.043351818 211.598082686 -145.827758686 -336.467510143 -461.68634061 -234.278945792 -79.2048364422 
-264.928330968 209.969195016 54.1723921994 332.285819334 -164.3485468 -334.208174542 461.686340963 113.326884417 -461.686340963 -45.5959789514 
-168.713586311 -52.0041153967 -461.686340963 -329.51237405 461.68634267 203.668468602 331.841738541 161.682548426 63.8647557671 -217.726081312 
202.641432453 -133.295367767 115.043324121 92.3760881409 -228.06233903 455.413481812 -341.394647506 325.771926473 -439.957959741 -21.2920934627 
322.199086839 86.5329533099 -276.600376403 -40.2484944514 207.636416635 72.0199091339 -461.686340963 -153.420655328 455.099183697 -343.308211763 
-461.686336202 338.606847984 69.6092683751 174.520300533 35.8545001072 -332.928977008 461.686340963 222.273662548 -211.982453934 -89.3036809192 
332.310486001 -461.686340963 296.250724066 -98.375429355 50.0169625962 -74.0208390289 -333.168641714 461.686340963 -224.897409942 171.609833419 
-66.2200133887 49.7325045244 -168.527437854 459.79274251 -461.686340963 -334.084387185 -211.89505487 211.410659616 169.471565109 334.121882809 
268.835026455 -333.036482874 -461.686340963 -100.226265098 461.686340963 30.4484065454 -227.279805522 347.352911895 148.855677767 -104.270909308 
-263.194513067 -337.569761467 189.253382627 -186.476084371 14.5125584337 75.1732837258 316.095700483 -69.5010326516 439.957958462 -459.260918692 
259.838710299 157.459297056 -189.878870129 -458.17360077 -70.0634211639 45.8417025862 461.686340963 323.215477754 -310.530720589 -322.776491599 
-54.2930394956 461.686340963 89.4030811183 -331.69177674 -252.053172626 -3.54084769848 213.135276635 -181.620728601 337.056082357 -461.686341643 
-461.686340963 -18.6192804912 -41.362142246 341.580765342 -170.294113443 -294.145121508 461.686340963 -332.643581511 233.135416476 108.2405491 
-461.686340963 15.7645082095 -178.897302074 322.928875967 80.6011261079 -62.0406318735 -335.147309648 448.242525817 -233.05002632 192.421724323 
-207.300826548 -331.432443869 461.686340963 84.2618821946 -168.124140088 -48.0102629527 -461.686340963 233.022526173 99.7655363548 337.037287888 
337.371811521 461.686340963 -72.5423708718 178.481720228 -208.073480636 65.3687370898 -336.676869825 -461.686340961 216.428532813 -82.410700266 
446.922470842 -71.7287502733 -153.874469457 -461.686340963 312.99192221 40.8415148965 227.322584671 -278.133392821 167.350253392 -334.318882669 
333.816592237 77.5021256264 216.067127088 -49.6012587912 -334.490080705 -211.01976694 96.5470957622 458.314646162 -173.873533234 -461.686340963 
121.598512285 31.8717797034 341.935757494 243.772300274 -461.686340963 -242.063709486 -35.4475395708 -333.216268623 -159.944504376 461.686340963 
-132.715073144 58.1698037757 -461.686340963 -67.7826865835 334.562086517 137.030968634 -218.074531916 217.63372039 -332.136253575 461.686317595 
430.647276134 294.053243645 -108.369923489 137.097266941 -253.933336435 163.0608951 -461.686340963 8.48483124523 -342.038228784 -128.933564684 
-216.124433651 172.694664051 461.686340963 54.4260685745 297.908808463 332.052777845 -332.311968702 32.6999688876 -88.3646631616 -461.686340963 
-149.729804677 109.847218036 208.442700388 -328.721186751 -266.499415785 -7.40409981909 -454.405272861 -58.0222988409 337.69189 460.601271621 
329.860571571 -461.686340963 -105.755261221 160.72421564 461.686340963 263.715582101 -214.233388896 -331.555956006 45.2145605037 -65.9206196784 
54.3409141332 -331.955082358 -461.686340954 202.02555108 -97.8818511561 182.273593139 -68.4310771625 -216.241118533 461.686340963 333.453722636 
-461.686340963 -219.857243172 23.3390531754 250.423815369 19.0953384632 -105.393690394 159.86879208 330.790475619 461.686340963 -336.90043927 
-53.5678264088 165.847277787 330.106790752 56.3944982629 -294.427774376 -461.686340963 454.195774506 -176.42713615 -342.800271212 198.1294719 
330.66631674 95.1309361601 -60.9278932197 -330.08046906 -461.686340963 454.444223342 61.16041963 218.351973559 -173.778355021 -222.858848736 
-336.701337412 -67.914214616 -223.679808485 166.630913682 -174.827486625 309.311347263 170.485859989 -461.686340963 426.001567316 43.1094193157 
441.196691461 -101.665884447 -341.195196237 -214.297609738 341.140177001 -44.3881335 171.999076294 281.940322678 -460.748146363 48.0826923992 
93.2067154392 446.719233134 274.931273181 -108.259575902 -212.044156861 -461.686344647 308.316273656 8.08320857275 177.392813641 -331.775461278 
173.625969601 271.838620739 54.8918238207 461.686340963 -186.67005069 -461.686340963 -339.26523718 -242.704334872 -73.1517027479 328.374758127 
-254.471652255 211.044963742 336.814525473 -130.824033844 90.5961553606 -461.686340963 -99.2423127563 6.83339733734 461.686340963 -341.101200387 
18.5992081308 -178.486713144 111.691035366 -461.686340963 241.878829925 461.686340963 -334.492711297 338.08838318 -62.7374570428 -225.029346537 
228.184074978 461.686340963 -124.240545988 -225.233820128 -27.0434471666 128.555570178 337.397656913 -340.218512576 86.2593217441 -453.272448353 
461.686340963 90.2333325238 -334.970688148 -461.686342652 -213.555463505 203.760983333 -191.455545156 330.051330638 58.3612003482 -64.1369426098 
-7.72609465752 -347.175897164 461.686340963 -273.751224325 101.438636534 210.981670661 -134.683708665 339.126838356 -461.686340963 -148.985811933 
-128.29730824 -340.104015474 459.834039382 -100.227771053 -251.27308604 101.499619744 324.675240307 16.0040992245 -461.686340963 189.99248672 
55.6731225502 -206.583625633 -461.686340963 175.377150833 -66.0071531302 -336.064234647 -80.5865545859 461.686340963 212.750117963 327.235806821 
-253.041026208 -102.206441428 -129.427495735 255.367798992 -461.686340963 461.686340963 7.12479084021 -341.096866964 129.726988566 344.379217852 
335.894194286 104.546652938 -334.718661356 -227.899534557 211.692689168 -461.686336435 53.8359606184 -70.7422668739 461.686149908 -147.934674989 
-268.230601721 88.8929743996 -461.686340963 210.982055566 -339.187615638 -182.181592025 -53.858049189 337.717321218 461.686340963 -29.8425588315 
338.456272808 -155.590835057 -34.4499135201 -461.686264209 96.6581649545 -332.868891806 461.686340639 -217.728837195 232.532481443 116.885918952 
251.166290183 -329.095981924 281.306993806 159.515806056 426.749531779 64.1309000039 -159.4705736 -219.488908429 -461.686340966 -52.020682356 
338.103137064 -12.9773798189 -461.686340963 -269.406092056 216.308684546 -347.277770868 460.963499625 -138.170442509 92.4722064912 -143.831802174 
-214.013550946 -330.667593093 454.405274008 60.6533677836 -461.686341384 145.149909093 -62.2135443473 330.581735399 -149.749159517 203.938607964 
55.8616481115 326.981767149 211.941476899 -135.479713617 -56.4745549049 174.170628037 461.686340963 -333.586609959 -455.29235303 -201.25596931 
221.200401581 -72.0911018433 -331.493953508 -456.500846857 -238.860634091 -192.085314114 4.88034931865 451.810859816 92.6515911223 339.221521735 
-461.686340963 -15.8518221161 218.503678013 92.2670981841 -176.214584033 -57.3289857566 -296.920280224 -332.00529625 461.686340963 340.393125198 
55.6769630218 461.686340963 178.641303725 -183.98978695 -461.686341377 330.845743995 -63.9463148878 -227.229525015 -333.111243209 302.62889041 
338.748094947 461.686340963 -330.858828279 -461.686340647 -38.9884465718 237.021359438 3.55282011844 -167.466170105 108.745190789 -239.970076246 
-217.707610426 -41.4225387487 317.699752855 -288.44837022 -461.686340963 194.249541147 448.121696717 -101.395630746 68.8926189102 -397.02641462 
-346.290967694 328.973750928 109.035942843 213.172453016 -461.686340963 -148.792155963 -133.450633539 -11.4646182095 461.563464273 -273.92310494 
191.43088594 -219.160484157 198.507542334 -338.049948921 -92.4709856709 461.686340962 -56.5265952152 -461.686340963 334.216555126 55.6495374703 
-91.4670078948 35.7855657559 246.163043013 418.572214371 3.7656323903 -342.576622717 285.895444031 -461.686340963 -284.348191517 -199.599407179 
-331.398777146 185.512770428 337.458599135 -165.293128568 -48.0855597799 69.5132011128 -461.686340963 -222.912858538 461.686340963 217.074007913 
-154.314103532 115.028219818 220.211670782 459.876710795 -331.964424009 -212.032897526 -30.4268089439 330.138631925 35.7985726254 -461.686341502 
-211.903206045 251.57103692 352.895671186 151.419051575 35.9423556136 -95.3061974133 454.405273265 -461.686340963 -338.050552543 38.0324464258 
-60.4705392902 333.41145817 -334.985064374 -174.814036015 82.8208905126 -253.288034889 60.8795724553 200.455204964 -461.686340963 461.686340963 
44.65024972 244.714550891 457.032135499 -340.396785031 -93.762545529 -461.686340963 350.936331084 29.9398420028 -219.722721028 143.245020124 
-342.864562417 16.736138658 -82.6489910379 461.604314251 255.235051448 -175.398724167 344.197474802 -295.287073671 -461.686340963 144.648596303 
-115.043737938 13.6891433618 238.57566471 -218.275642722 10.6679262951 -461.686340963 323.924368326 451.979642522 150.829996507 -335.943675103 
-32.4257036478 461.686336908 245.100219428 -461.686340963 -259.275553983 128.15359826 87.6053420288 342.641635503 -334.938293027 -157.064243098 
-56.2905971267 71.759454471 -335.623861774 -461.686340963 337.703999632 -98.2511746597 -214.723767515 154.049747631 461.683308619 226.001660887 
-211.722899961 -112.901727316 173.601104879 -461.686340963 -1.86291311875 -331.449462114 330.509061413 458.216485124 206.241500756 51.4023379799 
-151.728016735 238.19512829 326.760268862 -450.874127791 -278.756319167 -328.378122745 -1.64309162448 126.15825838 -20.7463678673 439.988703913 
52.679590611 201.994857122 461.686340963 326.751734293 -37.4989590279 -233.50766781 -106.27876612 -461.686340963 -335.878213024 174.273951609 
-458.748899749 -78.2488071285 -68.163605796 54.5278427845 -331.790220029 328.907621925 446.693142908 213.211731528 -203.449885271 95.4465928373 
-183.047841268 21.7502058816 128.609174934 -329.560619385 251.202751042 -58.106682425 -461.686340963 461.686351338 345.678912846 -194.176151763 
-339.159408023 140.613621318 209.07328773 461.686340963 327.355422569 -220.813980509 -112.030262702 52.9330334477 -66.471792006 -461.686341201 
-461.686340963 328.888164092 50.1712173927 -85.1595624206 175.112847588 49.129506989 -337.088792855 302.965631556 -208.897891722 461.686340963 
5.97457406349 449.741858683 310.006118332 -253.017515716 -339.666183859 158.144722208 -461.686340963 34.9639629533 -123.25419672 278.007211836 
-179.822459881 -170.29413943 178.084162275 272.78925886 441.416547355 -322.201758726 71.8019542221 305.088518747 -457.072981707 -42.5653677171 
-130.830097461 90.5636178774 6.82845852685 461.686340963 336.809099964 -341.102798068 -254.508920718 211.044962899 -99.3137802393 -461.686340963 
132.51892294 461.686340963 337.674911505 -461.686341453 -229.637216289 -343.289005133 -120.249642298 -89.0264759282 35.3371450425 210.981680351 
-461.686340963 332.568646843 295.746677211 51.9402003295 461.686340963 170.559899861 -218.747679774 -92.9075730841 26.0911842495 -332.27444742 
347.249157377 -28.8160252564 460.252721294 -266.71529272 -341.226502108 161.719208082 -461.686340963 275.521502752 -152.278490171 72.8710395884 
179.884325726 299.649037944 -335.26766017 -461.686340963 -47.0048085497 69.8614836632 411.828154387 -263.241507871 -172.673840762 444.323567316 
460.366061978 -461.686340963 -331.603183137 208.700562379 52.8642236674 -1.15129450534 -112.590411356 -212.054811687 174.248759636 332.430212072 
-461.686340963 86.4265900814 -69.0288137523 187.301782911 -186.522114141 -322.586574519 439.957959646 47.2172674256 -203.424437521 306.24593585 
210.981670663 -257.388515485 -461.686340963 -128.568758878 10.9251358797 337.61790216 -136.9368892 115.769536086 461.686340963 -343.549514345 
-59.8749228692 455.039850578 -461.686340963 -175.809192959 -333.520794295 -224.037808189 321.90138643 209.24605345 10.7569173634 110.435033268 
-210.666115857 -335.059267234 461.686340963 347.44935374 265.121074804 38.9502730709 143.889579075 -461.686340963 -127.890301287 -59.3404117558 
-80.825494838 326.323847388 55.9245352809 191.041469984 -461.686340963 -67.7989193135 454.530805739 184.982321497 -215.075102016 -337.205594919 
340.068938338 -461.686340293 461.68633971 -68.1578248697 -152.566816751 -334.636409037 216.011486285 57.9840003623 -226.545371383 99.7816079978 
-301.517630535 -461.686340963 -331.199450897 -26.3478221932 -181.121593584 209.491526031 -63.0852203453 82.6600923291 333.364709795 461.686340963 
333.369352871 -299.282610857 454.40527156 -180.929302201 -38.6109083353 -348.286393713 -461.686418673 -136.233372179 79.6531272076 193.973542595 
-332.344919852 -461.686340963 -55.2863276056 461.686340963 -207.162237878 18.2624493846 -146.236870626 117.64169014 330.02870037 208.978200393 
247.628579297 -177.102968445 136.481848665 -326.900692594 461.686338293 -58.2904927306 -196.815291529 326.524647285 -461.686340963 19.9388005573 
-89.6877823495 45.902431638 -336.569583607 -461.686340963 461.686340963 -234.836856213 169.870997343 294.836276605 -123.237607533 332.635262633 
-212.33524777 -336.614215204 328.25393528 -461.686344726 233.752139426 170.942310485 56.3746332976 -51.8044376334 -86.1608725551 451.26366706 
88.9905974211 -36.6570860792 461.686340963 -461.686340963 -243.384091324 91.0803862624 224.620617502 -131.608530107 -340.298191865 334.774692693 
106.518771229 -225.94728202 -332.22825771 340.355943809 -180.492403978 214.834431898 47.2474375459 -68.1074673891 461.686340963 -461.686341494 
210.499113304 -85.6075685664 -339.456883912 -92.171686009 -461.686340963 -220.801513903 31.9710364838 95.2556783561 460.965106662 335.135296971 
157.620443791 -122.104973915 8.82817354367 -240.145369336 28.5918324187 277.793363961 -461.686340963 309.786775952 -334.310089903 449.702367863 
101.350170544 234.614170192 -200.104203864 461.686340963 88.3524540618 -163.585130432 -461.686340963 -44.2492247815 -335.635674837 337.28611706 
-341.175220789 -461.686340963 25.928740736 280.02310948 170.441195637 -97.087888319 326.093755276 44.6564253829 -214.154441482 461.686340963 
-73.6029146512 458.569159867 77.7868345506 -175.012800018 324.042549767 -249.759669864 188.502956071 1.42797570302 -340.724083977 -461.686340963 
122.842751432 -211.750990203 341.33849128 -163.667456766 -329.915619434 -36.9039276531 88.2665524435 -461.686340963 240.426366258 461.67709819 
-164.699600468 46.0964408139 156.58544133 271.54782593 461.686340963 -332.769790143 349.654706994 -217.500889978 -52.468867819 -460.258438699 
455.018439185 276.288329633 -88.7880580783 -99.5935604232 -341.587244436 330.693292536 -461.31217444 -214.629394419 31.4877652567 140.3467024 
-10.465032365 -461.686340963 -343.877482032 461.686340963 -271.906002898 91.0524505256 210.98626947 -115.040116871 341.718820149 -155.066605465 
-461.686381796 335.548961074 461.686340963 57.6929558854 -222.859257242 -178.632935292 -331.642682058 -63.2072448193 212.208223058 163.80154861 
-239.370750164 -114.235221078 461.686340963 -336.3708063 334.143829101 10.7317524862 33.3976863201 284.493603526 -461.686340963 157.574726336 
-98.6947913375 -6.48562247718 237.516000197 461.686340963 -461.686340963 177.426580675 -224.138792486 56.2919864119 -341.001870589 327.832763359 
167.502797663 328.778305147 -461.686340963 -104.66477204 16.605259725 39.8442923158 -340.214176052 276.285310424 461.686340963 -227.360770932 
-62.4291226579 -110.094992186 222.821281411 320.987112273 461.686340963 164.320496212 -234.154699938 -336.412063527 40.6652594389 -461.686340963 
461.686340963 87.9963733335 209.350953847 18.1467105365 339.770210974 -461.686340963 -339.561176944 -247.491474631 -98.179764415 -122.661441189 
-50.6642861585 -461.686340982 -239.555300435 -13.5108417945 -332.609056982 -175.035815343 461.686340963 89.060841042 209.527947982 332.599721399 
-3.73963694771 -461.686340963 -169.986361965 -43.8968794313 -335.533287925 233.00148515 461.686340963 -246.140751677 112.206168813 345.383914053 
-139.59496163 -346.204503338 15.2261729915 -263.886728467 420.383904599 -13.3151275914 -461.686340963 141.443715685 450.87122591 255.933339042 
461.686340963 -259.385105947 -94.0696776633 -461.686340963 -341.630222588 330.298988011 208.586452586 101.930117344 8.2818174825 -136.959207288 
457.299342342 -461.686340963 81.9260324022 -170.507565307 -333.587486996 336.507973027 130.451159588 231.30650038 -232.997614647 -43.4365084533 
-37.0852529835 -163.902896304 461.686333831 -211.592794605 -329.923324625 341.378956405 88.0208439011 -461.686340963 240.526989997 122.959090647 
439.957961821 -85.435632292 266.565702481 143.686249667 -461.686339276 296.119329186 17.3514535265 -123.162282635 -343.249818482 -234.054994862 
-339.222478743 -186.622988711 54.9414674958 -73.0929311264 271.844328293 173.656399151 461.686340963 328.422052248 -461.686340963 -242.674381779 
-461.686340963 -344.190590096 -54.0130774599 333.801245777 210.561505137 -287.209395756 461.686340963 70.2818768964 84.7863643425 -165.317940502 
-351.221469835 -7.16350228738 -270.884104351 439.957977822 103.790397148 -461.686340963 334.12929748 -122.375395762 -150.055068223 225.752797547 
57.6661679322 -222.858863158 -155.089699784 332.172875354 213.66568558 -333.979646877 -64.0924874177 121.936015258 -461.686335174 461.686340963 
-64.4577014765 199.344035305 461.686340963 181.846213705 333.178101559 -461.686340963 -152.109818386 -330.888027582 54.8570062324 -221.22421504 
347.718929361 221.686730236 -256.570294367 454.405195275 -92.0012873536 -144.699673077 -5.03306587268 -461.686340963 99.5780003903 -347.870688982 
336.028078882 105.08368687 -461.686340963 232.551889136 461.686340963 -86.1746080983 97.2917710503 -335.918275248 -23.8058628157 -210.669620434 
-334.082742223 -59.823431609 66.1296453911 -461.686340963 219.67410991 -147.412106101 341.666799045 461.686340963 105.082749583 -211.95448593 
339.399574457 -37.4411925028 -327.625425364 457.652030073 240.156543734 -158.416130489 44.9486941758 -461.686340963 118.72542037 -203.741833916 
326.986853935 -97.435495729 -461.686340963 167.093907429 -223.424455767 47.7848884178 -332.686097762 461.686340917 -64.9085764375 224.813879428 
-123.656937855 270.537647074 461.686340963 -99.331415022 146.005967549 -461.686340963 -339.055323946 19.8329770532 345.345625056 -244.011543621 
-222.878454521 -461.686340963 154.073072119 36.5180122077 257.915845508 461.686347482 -96.8179241978 -331.712004991 332.712999488 -94.9959658788 
302.975941806 -306.70900059 -329.545055013 -187.142744506 -461.686340963 461.686340963 330.583393419 -68.9265260433 50.1811768412 177.987519656 
-229.384467129 279.714019203 -180.369663618 390.460816893 -436.69734875 135.161688477 222.858743324 -62.8030300412 32.5410796295 -316.122041668 
329.308760571 -337.557630176 194.561775164 29.7164860552 95.5208118247 -113.743463563 -461.686340963 -92.0192895864 -239.461223204 460.334343084 
100.031574813 -336.078168211 224.235078041 78.9790714665 -461.686340963 -212.400954791 -85.9745939638 343.562283116 -48.565212252 461.686340963 
-213.046690586 461.686340963 30.4254779309 134.070874855 350.136558662 -127.488311186 -340.196762562 246.509322628 -80.3401933314 -461.530623391 
344.775111768 -340.542678386 109.5584432 461.686340963 -461.686340963 -121.389110603 8.41217547005 -125.896334563 -252.929147826 228.496237352 
461.686340963 -97.2987317582 -70.0189309084 333.679033404 206.581908135 175.010784471 -461.686340963 -333.010134043 52.482516718 -224.468700553 
-93.9915112094 326.571828282 -219.324818362 -330.525960784 -461.686340963 -72.6965447694 51.8746013627 461.686340963 175.403940535 242.822243381 
220.407575727 -276.161982988 346.216200579 -137.228443629 -150.450967437 -9.36224596063 461.686340963 -348.998499827 -461.686340963 107.15507476 
-343.392876851 261.947789692 -164.742702119 439.957966484 -285.072760652 -44.5457308848 76.6220781413 -461.68644064 291.382726957 179.315185853 
214.874853688 461.382417258 53.6547359114 331.258608872 123.144021374 -64.5042017332 -183.233153763 -330.162495286 -461.686340963 -208.8074809 
-226.651255693 60.1728372903 460.60949624 -62.3649363148 215.798882111 327.201714817 -144.393650466 -461.686340963 180.526068313 -335.849847749 
225.130525971 461.686340679 167.004279095 47.72026564 -332.732641609 -97.5761559722 -64.8488102148 -223.54326706 -461.686340963 326.962172265 
-247.80922996 461.686340963 -336.039147991 -56.5805029003 186.648623072 -461.686340963 -173.97285356 58.4933916487 204.266344949 334.864354236 
-68.9629449963 461.686340963 -338.171763683 53.6955338178 76.4299875864 -461.686340963 325.925679749 188.09106717 -195.743924443 -215.895543138 
459.995864481 -115.051141541 -122.284882824 -247.589235954 19.5387527805 110.297400408 322.140658177 188.980344022 -339.158454965 -461.686340963 
-212.453256911 -461.686340963 343.570641328 -48.5838889166 -86.0045266957 224.224849499 100.041974112 -336.12095437 78.9542486732 461.686340963 
-193.063573815 -132.552330192 -310.968792114 -461.686340963 450.360815108 -48.9611575726 66.7169342496 -350.029388054 193.250517244 319.516887204 
-333.762976199 173.472568844 -138.316336359 -250.759286982 460.16252899 -461.686340963 331.478249856 206.085501832 52.6723220605 -16.3197548519 
