26.1099449008 266.422712909 8.74450164448 150.260753159 -461.686340963 -114.601113793 -335.914329971 461.686340963 -218.44879263 346.526693598 
237.494911376 461.686340963 64.5227533915 -461.686340963 -213.675796133 -70.8156000607 176.152585193 -335.991514364 328.620095979 -75.0541956121 
-454.405275257 -328.011241385 -179.960462009 328.28238204 -52.3411547321 447.102360028 -210.822381789 93.6572399914 216.193741067 70.9423151089 
188.196625092 327.673848126 -344.578202463 -249.38569464 -461.686340963 -133.780866662 66.270431716 461.686340963 311.896110583 -63.0097207293 
155.6135525 222.500460411 334.988413548 461.686340963 -333.751234184 -254.032229874 80.8794230974 -26.0056922645 -461.686340963 -148.032747422 
321.111061682 1.19273413447 453.118189864 -461.686340963 26.6751704072 -208.917809826 227.173688414 -95.9373532462 -329.650703482 149.322205007 
-461.686340963 229.539031415 -335.882719596 40.7977332838 461.686340963 -15.9252018112 169.019148144 327.434094397 -131.303297042 -247.550283549 
178.50448271 -341.270281335 461.686340963 -461.686340963 -148.108782417 84.7956500658 -28.2613773687 303.650348099 -266.078639767 328.93788099 
202.405047674 -328.551674051 -271.909030775 -194.614473214 -22.6100296186 74.9086401321 -458.268292428 326.114863911 461.686340963 -71.1968697649 
-461.686340963 79.4501733937 -35.250882518 329.622582945 -333.471308325 -150.886923281 182.281224648 -259.561877698 306.602527735 461.686340963 
170.010258075 330.96319053 90.0334466808 -329.671641062 -13.1109627338 -143.667675434 -217.528664225 197.780501565 461.686340963 -461.686340959 
296.074536426 -214.967582649 27.3246602136 -334.665711585 45.1986445299 -461.686340963 170.293869645 332.398513432 -96.8142892132 461.686340963 
-91.5076623256 355.707356991 461.686340963 271.4282262 20.2212088777 -461.679865669 -160.446619759 -340.564656431 -243.923273156 145.876847282 
146.675992168 267.32105224 -69.1100516102 461.686340963 -216.259828549 -112.763988948 39.5142226839 -461.686340963 347.681695301 -333.759186406 
338.657185208 -7.94916560637 -458.57999351 -87.4514577702 209.485907526 461.686340939 -187.79173214 -343.617483984 115.043840073 -304.586259729 
123.790714248 241.31054168 341.425051882 88.7443774229 -163.209471742 -207.514012162 461.686319174 -461.686340963 -329.74215083 -35.7617979365 
461.686340963 337.202905484 -461.686340963 -104.652232365 -208.655203203 187.395082371 -330.324810962 214.900770833 24.4033675665 120.879869889 
79.0606537945 -232.582256292 -333.8889776 225.968202017 336.673670916 456.508331012 -46.6180740877 -461.686340963 -173.485321809 110.002028435 
461.686340963 -336.150943079 -461.686340963 -72.8525163652 48.7797390039 327.496924487 206.93332512 123.092368518 -147.581356424 -231.035142098 
123.045170582 44.6543297294 -461.686340963 -73.6921528281 -211.296509991 -335.230015638 346.739362996 223.62193159 -197.192408447 457.035483296 
-98.0740731892 165.444016183 -343.84890403 -461.686340963 -108.197027155 144.568952909 14.5942788736 428.064145382 -233.91802302 297.010660536 
-168.284779188 -461.686340963 51.6547769562 -73.6350525732 -222.85885551 -332.915269101 212.290322465 461.686340963 122.13574392 331.336679235 
338.332447698 212.604497359 91.4462927639 -177.941759174 461.686310996 -43.3053089313 -336.462168109 -278.97746327 -38.6017495328 -461.686340963 
131.444403651 -330.525896224 327.015691139 224.389917581 -224.818867018 -461.686342042 -147.021214841 461.686340963 -0.14416672802 -18.4731341233 
54.8881112303 461.686335523 -335.348102471 -127.859420868 199.332877797 -61.6824221478 333.22099357 -461.686340963 182.161365104 -223.257070956 
336.620420336 -271.909025372 -160.120693281 -334.376627017 79.1826733625 -461.686340963 189.116914024 -35.9257735382 461.686340963 311.089191653 
-30.2015388619 -165.464640417 -288.438916724 -350.811862559 -461.686340963 -139.767103389 85.9249638291 461.686340963 214.370925749 337.13131427 
265.998998602 24.3044214378 -228.673798998 -341.333380586 7.16544880632 -461.686340963 -116.397087383 346.455004302 461.686340963 149.351542844 
109.922406009 461.686340963 -281.288638566 -160.346430403 336.579658042 48.3362502152 236.581037946 -41.8001233625 -461.686340963 -343.165133603 
-84.908881044 211.891566877 320.055312118 -56.1198420931 -337.511133521 461.255709016 62.1796927267 -205.517887375 177.995601564 -458.31739463 
-334.454996081 -461.686340963 115.043808893 339.541940247 122.96036808 242.485460955 -14.8105040903 -112.508799137 -234.42781344 456.305349909 
31.6108623232 103.545603956 -86.3090528496 -226.200122718 324.332237182 -337.632602471 -461.686340963 459.453811668 -93.4481410867 189.321494457 
-461.686356576 461.686340987 -23.4689652545 -61.9967334836 333.786254142 -247.250861476 82.2601913821 -333.554318685 -181.38183425 209.759401174 
-340.407172657 183.218489741 -67.9881636023 249.564933001 461.686340963 -111.200663081 -213.217892855 331.383014012 60.7672686112 -461.686340963 
-180.506019079 -247.127243224 220.239890484 -331.855153646 341.497786756 -461.686341664 -4.89071197773 -57.7955714007 461.686340963 94.6795708945 
455.462261678 -461.686340963 -95.9926022881 216.540748826 332.976075503 49.9265424396 99.7469674228 -332.342050723 -216.323157031 -57.3480244446 
-68.9219963548 -461.686340963 217.333618175 156.723436872 -324.199724247 -203.754121377 -187.745177575 314.832830018 42.6437474134 440.556472533 
-396.444728349 -212.159544495 -460.087880451 206.585173035 -312.498355018 -15.6282394592 -103.187385227 334.322470713 89.6408993344 439.957945058 
233.081636524 342.943136564 121.028838806 -86.2601724773 -461.686340938 -336.295387287 -229.764606698 -157.578212553 23.1768603708 461.686340963 
51.1817331551 -461.686340963 -138.907151351 -16.204136448 461.686340963 -266.51509105 344.637208388 135.9812072 255.41311129 -341.869829129 
454.406940864 78.9782612233 -461.686342493 -334.599337749 -282.764145226 -163.819591662 -37.4188846623 333.956268324 188.637810493 -54.0675625961 
-198.998375337 -331.919735573 -75.2563001508 461.686340963 50.6016421452 330.22394067 -461.686340963 -192.087882456 175.964766863 244.137423772 
-133.196230595 233.656056693 -461.686340963 123.743610483 -247.984200533 60.1087029319 322.168483837 -20.7052784009 393.497315147 -345.041362481 
-77.5525835097 328.1843816 261.187538498 159.347741923 41.5171488821 -226.75857172 461.686340963 -336.836849408 -461.686340963 -119.859144031 
461.686340963 326.707753123 -22.2344736547 -331.224026081 126.335428299 -461.686340963 -230.120008698 216.847921505 -151.789146599 15.2424602885 
160.831469696 -326.229610773 304.610074714 424.560632893 207.337846292 -190.012591 39.9127136997 -82.1764865824 -333.869307818 -461.686340963 
329.242798705 -209.039649746 220.72824655 181.658505207 62.7672116438 461.686340963 -332.422328 -172.655369001 -56.6132387246 -461.686340963 
-461.686340963 177.344506484 -81.9012943412 217.640669577 -206.330012028 -335.691278561 461.686327009 -57.9790926726 59.8259035677 327.707865892 
47.0397384287 461.686340963 -461.686340963 166.822947116 -222.862533275 -167.591185079 -332.847225587 329.23730133 -75.1848509914 247.689289016 
461.686340963 -338.151731618 273.090830269 329.341040248 -219.071309166 -67.3983334616 167.644738942 -94.189124569 48.0131969039 -461.686340963 
321.342891228 -344.064473556 -190.010278505 70.1366440026 -448.879902332 -281.071720292 12.2337952333 191.859062119 447.666373856 -95.8820753592 
-45.6495667119 113.981156045 -10.0215644132 461.686340963 -251.510440268 -330.542055454 339.094429396 -461.686342697 -176.310699707 233.659338431 
139.984066853 27.9524956936 -337.463365329 348.209222373 461.686340963 -84.6752207259 265.138122328 211.240116721 -208.949042682 -461.686340963 
-89.7409779611 461.686340963 212.237913102 -221.431932305 -87.385323247 -335.61652035 162.253402959 334.016997551 -449.502481427 46.965223215 
98.0355219746 222.459019434 84.5149043074 -461.686340958 -345.571342003 -248.393856198 -134.921814904 -37.3733270939 461.686340963 334.30380495 
-94.6336497296 -209.562060761 222.467527898 335.080264479 157.545726732 70.3137199031 -330.893389222 461.686340963 -461.686340963 -58.9275749831 
301.383895025 -33.5875497186 80.4898880418 -461.686340963 -334.328675945 -251.345025348 -158.364052241 461.686340963 329.962461244 175.904898924 
-330.913522039 461.686340963 331.071283314 122.638069897 -167.914383817 -242.703813465 0.269756617061 -461.686340763 236.3918119 -37.5600586764 
-324.46529838 -450.13723444 197.437693719 75.6354620858 93.7113440584 -156.296857281 -282.652531171 328.380383673 449.201455544 -48.0638586935 
-102.126839885 332.908220955 461.686340963 220.369593358 93.2865706214 84.3254957707 -327.994003892 -456.538335283 -211.761062771 -42.86668123 
140.500412099 -334.442232713 -133.961535487 -461.686340963 459.597342691 230.705432148 336.710268003 87.9125947059 -27.3676048262 -248.695749787 
-209.843079173 263.635206228 48.5056211601 328.438059761 -122.32054984 -461.686340963 -335.018007747 -58.9500746672 162.121977562 461.686340963 
118.373376987 219.911903828 -461.686340963 -212.039033087 327.679426461 -331.860571892 457.496314071 -150.958892176 -27.9633237594 35.7917698934 
-461.686340963 59.7381074511 -341.25881148 182.505957412 -214.143429064 -96.497089503 251.90480345 330.805471915 -14.9632293337 461.686340963 
-187.992013894 -449.599912166 28.9163224728 185.013528979 -325.988044763 316.670855654 -283.839342562 -92.452978568 458.986663973 109.666265883 
330.867140832 -225.721163958 -333.004447242 -461.686340963 -66.5374195416 461.68634096 194.548882116 134.078363072 -118.672108635 57.9715157356 
301.960920912 -330.552687507 331.135540917 -461.686341027 62.0656257752 461.686340963 -37.7880290053 178.257988939 -82.0122073385 -209.962197001 
-50.8210225279 206.076909498 331.963643989 -196.675373749 56.1246066543 -181.278571089 460.750580738 -329.519319532 174.746437642 -461.686340963 
-334.477090492 -461.686340963 -48.3784166623 332.028040372 81.794963175 461.686340963 79.9936208574 -239.381466232 219.225510859 -168.384482278 
337.680555164 -324.626398226 -26.8705109068 -452.04881351 211.480803119 -25.7820595511 93.3488587468 -276.302597117 -155.770061362 461.323425391 
-60.5555749305 449.012050948 172.371154689 -113.331596118 42.4631064683 -233.405491682 420.66644691 -335.251832226 -461.686340963 289.549238675 
-157.137289708 332.43188088 -461.686340963 -255.118735862 -40.3211900372 -333.700271933 121.214569907 461.304737162 197.089749178 58.9936572229 
141.049201571 -135.824291587 35.7810286733 -9.05291463377 -331.694445255 -212.048720787 461.686340963 -461.686378521 348.350580017 259.127565948 
35.7666412643 140.156958774 -137.821237686 -331.495059672 257.423600526 -212.061696886 -461.686340963 344.783098795 461.686340963 -8.97279763893 
77.3768004139 205.047633978 328.582916515 -58.7969566392 -334.191653461 -242.093834315 -459.610848036 461.686340963 -177.294430805 -18.3529419778 
461.686340963 239.933918832 343.743676864 38.9162059123 -335.286364863 -230.20280537 132.12403407 -147.528514281 -461.686340294 -76.0975822527 
-228.573462325 247.597790119 330.580695284 -69.5730146656 -461.686358676 160.989136543 -331.65496429 -177.410046509 37.7089511032 461.686340963 
-336.831582867 -214.67105992 265.711950798 -461.686340963 29.337774901 461.686340963 -159.731488712 -71.9731682335 345.816365319 143.729110235 
-84.6458039122 58.2253251877 -337.987977999 208.231048898 461.686340963 178.602870302 334.671721027 -210.676853428 -72.0966320013 -461.686340963 
-335.902019168 -207.446376056 -461.686340963 336.568444903 461.686340963 39.9230419492 -96.1300859638 209.634605619 12.0270002645 93.4426211308 
-341.257736446 212.775330492 461.686340963 -313.046883819 82.4798169745 -40.0216812495 -123.594613506 -461.686340963 -193.852845268 334.700405657 
-178.500222286 -461.686340963 112.217313128 214.323741942 -299.358869494 461.686340964 -80.3692884106 30.8271087227 336.553239551 -331.393972464 
54.6910150191 211.18042161 -333.082618333 461.686340963 -461.686340963 -65.0909236186 -88.2826981424 333.355659013 -212.076901059 93.2398358381 
-315.6127577 328.65961773 -461.686340963 228.412333102 -195.59494085 -338.40310532 175.61293534 50.4178980785 455.934250049 -76.3621922966 
-133.287060414 261.238815265 348.894083532 -4.57702089732 -331.704631172 461.686345926 140.370715349 -212.048504983 -461.686339416 35.781267947 
-461.686340963 -152.2492276 -349.293446156 345.485466719 219.07843047 -10.9855451259 -277.781988108 -137.64089633 461.686340963 105.410851381 
-331.718796454 333.576732054 -178.059455351 461.686340963 -298.254959593 -461.686340963 167.9326601 64.6415555368 -58.3041472459 212.689531559 
-235.317733124 189.852793647 -336.633740734 -461.686340963 319.747021963 -97.4158205393 39.4257298313 134.931951457 -109.309590555 459.736524754 
461.686340963 -32.5469775361 210.430606245 -450.696627826 92.0248554822 332.691731434 -171.109718557 -277.373608912 -88.4552796015 -396.045132154 
-22.6099599723 -71.2066131328 326.105449078 -194.621682807 -328.559213236 461.686340963 -271.908973747 -458.269065103 74.8992252917 202.394122716 
461.686340963 -212.209392082 -461.686340963 93.3085548697 211.173335149 54.4755325661 -88.5198985357 -333.139064636 333.345783525 -65.1197644228 
-200.975364114 -461.686340963 65.2029115796 -184.48273127 185.276786143 335.880910179 461.686340963 -56.1147856196 -331.117887863 212.31225769 
271.908972446 157.387504438 18.1852052573 -104.359148548 34.5511834016 347.754281885 -343.294256684 -218.237436786 461.686340963 -461.686340963 
8.96206163074 344.939635545 -26.9815687372 233.672484378 461.686340963 -342.902954378 -127.988225334 -461.686339654 136.240532478 -234.134986098 
210.947695356 461.68634732 -38.2686480813 -1.69308913672e-05 102.017013754 -161.973240993 330.60826933 -334.748982597 -454.886640441 -236.133929094 
322.061689702 -104.469235717 148.089759396 -461.686340963 -340.311461257 -7.58416867164 21.0317548675 -216.16855396 452.511313753 236.593769681 
163.049603538 254.157170594 -332.715200483 39.8358735231 418.572229598 -120.138047092 391.252958223 -67.4822932108 -461.686340963 -208.886820509 
88.5906561195 -277.238740622 461.68635055 -331.70000706 -153.806488912 217.341547119 79.3765646844 -41.0682550548 333.304858465 -451.012768166 
454.511033276 321.442720622 -85.1087765895 -81.8393784052 -219.320621607 170.891851852 45.3429959804 -340.899599242 221.257414218 -461.686340963 
-461.686340963 36.1405786589 105.603697559 -154.329960357 -262.577964871 -39.8721068933 -340.761787453 223.248521928 461.686340963 331.410652994 
-443.435444361 196.224130176 69.5275641492 435.834055456 -309.046828681 -29.7643699652 -206.477622219 -444.980839605 -88.8271169758 318.030054539 
-211.737407195 -113.585590415 200.935317906 -56.8164780981 65.2614217507 334.116235353 -461.686340963 -338.796949388 461.057967248 115.112381484 
98.2232567361 -344.04450788 124.048023774 240.952540271 344.836404268 461.685726154 -152.18204716 -461.686340963 -282.648998349 -22.7284216988 
-326.577873146 12.4836505976 -453.201945452 -101.123339776 116.61947981 -271.908890129 339.901206237 -211.410217855 232.926993026 460.83978093 
-275.389135188 47.7459006386 -62.8276552677 -461.686340963 -166.765490367 -335.987444597 461.686340963 350.173112577 167.142333587 285.99881364 
-20.9398371618 -66.8637630869 -331.889434631 80.7927237713 -187.0255125 -260.76206291 332.11482008 208.018964765 461.686340991 -461.686340963 
-60.2908217797 103.213898991 460.846339029 -333.428376702 -461.686340963 -210.420122878 334.055777216 200.915146844 -177.410217796 63.3148445865 
313.828408079 280.01362025 25.3702773446 153.224016915 -98.6408822128 -461.686340963 -330.221088825 -206.597719056 -162.259049319 446.48152657 
343.80857802 461.080668688 -329.039606518 -15.9305200655 -2.70256063295 -461.686341386 -215.301115982 -137.191247928 223.058161764 115.510583035 
-170.653507145 202.759715278 81.0191011804 80.8370540559 -335.059238864 -52.425891291 461.686340963 -263.220162626 334.993847362 -461.686340963 
182.604069972 -83.9237057198 162.015516144 -461.686340963 36.0004867451 310.893637036 -208.392283121 332.806729464 -336.7139181 461.686340963 
80.0317476312 308.627056682 181.670035381 23.1827092238 -98.0180310258 461.686340963 -210.082037698 -461.686340963 316.67088588 -335.201478043 
460.856304271 -337.610964954 -461.686340963 -117.793381836 -240.828533031 332.322658865 135.696727713 244.228627638 18.6304577569 -109.589199594 
-50.7018572044 -130.741605914 -205.159770988 454.747099512 62.9316315541 -324.848166746 218.579304256 172.461801886 -454.405267529 323.366545289 
180.85910078 -49.9346179583 -174.329825036 455.873145796 -284.106774291 -333.500216671 330.788379716 69.9362588672 -461.686340963 212.883409136 
-461.686340963 312.066574184 77.0206037951 327.668727019 -336.547086363 -48.7271987055 -167.808009104 -270.111193711 188.521644377 461.686340963 
-190.725135376 -330.611424951 204.997643405 461.686340963 330.428298428 -461.686340963 62.0721628264 -65.3386700392 -193.108587041 78.7284680469 
29.2412622165 25.8360263838 264.877855863 -461.686340963 461.686340963 332.564215042 -335.390146702 169.150924708 -210.62487087 -97.4916434555 
-127.206189055 455.478237257 -234.391909457 22.8815066202 125.593267768 -93.7315178192 340.718286643 -461.686340963 217.745659676 -339.874351955 
33.7049989703 -33.7681992961 461.686317472 -461.686340963 123.250168034 -333.192595023 245.162484835 -158.723724217 342.283691425 -243.285068658 
-224.822232535 164.266919209 30.021179771 332.697267449 -461.686340963 -108.828058459 -340.190055589 -35.8425012422 461.686340963 211.993276147 
-454.487224217 -53.678833109 461.686341931 -173.595275076 -327.736363972 -211.620350357 335.317809499 84.1115631851 81.468948626 222.476286908 
-100.705889324 461.686340963 327.569089649 -337.756377216 -222.381650497 -461.68634093 267.880185108 -71.0201302379 48.3806324885 169.409881461 
-214.965203371 -461.686340963 461.686340963 349.87574148 46.2013831371 -336.426607758 -71.0162417003 284.81137538 -187.698930079 169.661337834 
59.6840260356 459.839415191 209.538287023 -190.887751954 102.392499109 -329.320303973 -190.257830064 -54.7237765201 -461.686340963 332.772624443 
461.686340947 190.856411894 -271.144042788 -38.7259287895 328.550882162 -325.474501194 312.963762684 -154.795638327 83.5133817328 -453.520209861 
-94.8350037439 -336.076181506 191.166335177 59.0393751099 200.918725646 -461.686340963 -211.271926682 461.686340963 -50.8743889437 334.872288407 
-83.7480836403 140.623630785 247.666589053 -218.192483018 461.686340963 45.6554261225 345.488867929 -76.4726860577 -336.614008247 -461.686340963 
-461.686340963 461.686340963 -219.993318404 -5.13139535434 93.0555054345 123.339914551 336.297122135 -100.494285937 -334.211038252 237.423525076 
-124.699486432 -106.251851718 245.593140863 15.630684256 332.863258358 -461.686340963 -245.646169598 460.140553022 137.493398423 -340.005496107 
223.144608641 -258.103948152 -332.048703412 336.970827529 -41.7917324956 -461.686340963 76.4943553842 -166.607226274 150.86986319 461.686340963 
-234.448359234 119.934790379 -32.995505656 -461.686340963 -334.087934278 -3.18000902998 -158.202835334 246.250587426 430.602981917 272.164815457 
-461.686340963 -221.906758093 329.866586042 174.735796796 -337.773910493 302.738351389 49.9451524418 -91.274528741 461.686340963 40.1944238342 
-332.731014214 50.7407856119 -102.454674078 -213.032967884 461.686340963 327.770738786 164.677021616 -461.686340963 265.059177991 -64.7269898199 
-461.686340963 442.579177602 -6.76357399989 222.858766722 306.392510338 -336.778712619 -4.30320784314 -222.890257832 -133.374512545 110.040442277 
-168.942192754 461.685279086 -31.5270068175 -337.430368035 88.387834704 207.595417457 -265.976026596 -41.9250916009 -461.686340963 336.169060737 
327.402913148 40.9730071956 -342.673168248 -461.686340963 216.652226782 -17.4976060949 -235.065632009 -111.65794429 164.896367297 454.867406275 
-102.322080555 -57.9818675368 -461.686340963 44.511152341 203.733306831 165.340689181 -333.371732766 460.18067064 329.132110312 -225.966382369 
-340.732620214 335.08563665 -461.686340963 167.055707047 219.484655757 -258.368174831 -23.2129905942 77.1238068519 461.686340963 -131.232611296 
181.658958072 210.988234031 -47.9525988039 60.8421031813 461.686340963 -259.350212633 -332.907980434 -461.686340963 328.733664996 -169.413747493 
461.686340963 -461.686340963 0.157686568206 330.883412749 218.155223118 -328.66259916 -109.14686361 175.747913257 52.6662234306 -205.000511455 
-461.686340736 -333.801625786 -64.527475861 339.256630931 35.8941047276 450.416550923 223.343883736 94.5671663429 -193.770232529 -211.946730182 
-330.518616624 337.15718075 -57.9791155867 -210.658643077 461.686340963 228.198675565 -461.686340963 69.130899647 -117.920683557 134.819707889 
461.68633911 342.121359064 244.635911755 32.4976156207 122.656108826 -158.970726383 -34.2673845269 -461.686340963 -333.265027228 -243.396133873 
221.683560411 -215.110626377 -461.686340963 -56.4010869869 74.8845404129 461.686340963 -338.535200174 -87.9482099269 98.5627633196 342.005746783 
-461.686340963 -66.8301499806 57.4111738488 -150.608246008 -333.493892909 211.176104075 -223.331055969 127.52193631 335.922723605 461.686340963 
177.913807882 330.97373385 460.779201422 -461.686340963 -328.078016557 58.4814578408 -202.365805239 -151.95823915 220.502776564 -45.4383507232 
442.071964681 -212.144247058 311.465472588 283.325233396 269.351748448 31.1859215551 -323.142549931 -91.6433579236 -439.957959018 143.289912185 
-137.529081572 112.367370249 -55.0522867694 -246.351868921 64.1418761189 461.686340963 -343.864554148 -461.686340774 337.89844611 225.445547911 
-238.878402807 461.6863414 331.013293282 206.027790317 -334.087707327 -177.402961841 -461.686340963 82.8103980001 -62.7134722993 61.7322089222 
461.686340963 -246.125014827 211.819141731 164.85825039 32.7076481161 -461.686340963 333.056899351 -334.58427241 -136.751851045 -36.0355427032 
46.9404482774 -104.307663951 290.789273913 -222.107941697 168.53837109 420.129362745 448.474397526 -71.7674502112 -461.686340963 -335.2630457 
170.294132755 305.017836954 53.8115897828 276.646650691 -461.686340963 -204.129779565 -69.9615616842 -54.0828676002 -317.827249102 157.635503295 
198.798931076 -332.255931161 -122.736548123 460.964727366 103.828740576 59.795209556 -461.686340963 -222.853128862 333.054680776 -63.777154218 
68.3829785154 78.2002654058 -177.982346325 -58.3605230384 -338.500229877 -248.890987785 208.952112063 332.280440999 461.686340963 -461.686340963 
-352.760631014 -147.224863639 -37.297366393 198.656947353 -461.686340963 -279.604590324 335.927554658 461.686340963 87.606955899 -142.502950867 
140.327011878 461.686340484 -9.88101207616 344.164979611 -461.686340963 -339.744121697 62.364963907 -211.592606296 258.035086633 -108.552582485 
-461.686340963 64.4186281697 184.922833555 -336.916957325 -84.1371760209 330.023259307 196.2564768 461.686340963 -34.1575496752 -207.758199924 
-224.774331757 47.3580301173 173.583531686 248.863438279 -100.765123634 426.084042659 -332.984077153 -461.686340963 -48.9790938878 398.748606517 
332.748441178 168.739601387 -99.5206185292 461.686340963 41.3482567965 49.0467078429 -205.817971399 -329.636200261 -461.686340963 294.537096367 
-214.573877477 -461.686340963 461.686340963 -73.5120763684 326.284592946 55.9499736038 208.972574376 -90.4955297605 169.301162714 -332.818930455 
233.312205493 346.580974112 94.3686756311 -461.686340917 120.900358689 -349.068531873 -232.343909791 -28.9202572014 -131.874493096 461.686339411 
-235.159992999 461.653528188 344.429754383 -0.314971503503 -147.544953028 227.203790636 113.337073178 -66.1317766957 -337.634878576 -461.686340963 
199.556968615 -461.686340963 461.686340963 178.993860753 -115.070760203 332.841644652 -330.868040169 -220.155835294 -67.1815433245 51.5657234671 
64.045585812 342.530777243 -461.686340963 219.991688417 -49.118021627 -334.175208527 461.686340963 101.666920609 -170.144708662 -267.315939567 
23.5397019178 461.686340963 -333.243672003 -461.686340963 -23.626270361 262.950049063 325.243730675 -245.900258392 -153.104150377 144.972345653 
331.188649479 -330.896685783 461.686340963 -208.724760274 -461.686340963 57.9790500257 218.351472947 -63.5221327941 -78.9561865878 177.433905626 
-331.122447482 -98.437910999 300.720824889 38.2369473319 47.928572921 172.610632291 461.686340963 -209.314065025 330.497148135 -461.686340963 
334.350377634 18.0685018213 -234.180403968 215.660515045 -461.686341612 119.051950676 -133.70322299 -342.706969884 -88.7514539231 461.686340963 
-333.833176514 -250.617868974 206.112764525 -461.686340963 -138.220121845 52.616745709 331.25883511 173.462864862 -16.2508481615 459.866028781 
-86.3592751805 54.2581633155 209.31711327 127.11509035 -457.328048098 -338.795702558 -78.2876065811 -208.982488764 325.395702954 461.686340963 
161.340255309 278.491000898 -89.2456445288 19.9183628968 440.657767019 343.606882768 137.107711897 -331.959585746 -215.21819134 -461.686340963 
-181.741983459 34.698681902 -408.311823337 436.612716178 264.570914507 -76.258310011 -461.371352591 -295.486746576 158.453409848 290.314680028 
209.002300744 66.3388866743 331.983272124 -172.985297918 -333.815073398 -240.949920781 461.686340963 85.2521316778 -461.686340963 -57.979404885 
-91.7742609361 461.686340963 299.616745666 -461.686340963 -329.922918144 -217.411695944 175.172963978 331.342849716 54.8650965367 -69.0165593375 
439.957959587 -457.427089007 298.736646171 192.608098016 88.4986498874 -69.4019142634 -189.650063319 2.20014121201 -241.098142243 -340.447520472 
-121.545211802 131.235233475 -215.291025672 461.686340963 347.118528401 233.19547542 -5.46186441961 -461.686340963 16.0938458696 -332.771378852 
-5.44027821258 -37.5247534305 210.486863385 94.1227747025 336.70311752 461.686340963 -461.686340963 -233.927307002 -343.807909431 -129.850241095 
-20.6208488081 92.1564004761 -461.686340963 451.204558485 335.881819665 -280.610003929 -159.146620454 -136.887221219 219.259602711 -348.754393921 
-331.512291448 -68.4380426932 261.665665565 289.564870777 -461.686340963 432.092720239 -198.149194942 72.0125526781 -71.4154776188 182.267190249 
-335.606015326 457.370045922 207.336973029 323.074319474 -461.686340963 -64.2301142061 57.7602096876 -205.585815723 -79.4026371573 175.867473563 
-342.104246079 337.473045212 116.890716982 -135.834339293 461.686353465 11.8408447156 -461.686340963 -127.396168966 -253.153914476 210.480106318 
321.60173547 -107.954553802 -461.68634215 -232.133389496 461.686340963 -336.541926559 41.2804498648 -74.2915015733 222.861319102 164.393491174 
-461.686340963 -212.469753948 53.4246764411 -76.0075813331 229.083939582 449.147250213 176.073340678 -74.6838942002 -335.206248013 316.670870387 
331.217077075 -336.638368512 -48.2553489399 174.143736831 72.9558706141 299.838877034 -461.686340963 461.686340963 -214.274395658 -104.529813534 
29.9226881399 -190.752855529 -328.43452474 144.247043387 251.716650421 -56.7765447007 461.686340963 -461.686340963 -181.576075469 330.600162241 
66.5058102503 -333.913585564 81.870813464 -61.1547514022 461.686340963 208.992342744 -221.413361741 -179.738760628 332.290048948 -461.686340963 
-444.215216043 -333.220136305 49.5822824715 -80.9769150112 158.305541592 418.572247852 -93.8456367582 270.74512542 243.490895298 -220.082232897 
65.3444392935 -461.686340963 -95.0778307226 334.934591674 -33.9421014518 -210.778480649 188.26482258 -337.765853355 204.893021787 461.686340963 
461.686321551 -185.804895678 -336.450939462 344.195569411 -65.1062919842 110.273276491 -241.612575624 -461.686332077 23.877060107 229.819447225 
-178.045321962 103.20548867 -298.987075136 -76.4386502032 338.625978374 37.0028515756 461.686340963 -331.486796786 -461.686340963 211.605466793 
-105.556783826 -461.686340963 -339.093098408 15.2207519733 331.518340071 461.686340963 -209.974633936 265.804606921 34.8581853155 163.30379315 
7.66539064167 -277.524708828 107.698122932 -335.952054205 -461.686340963 -152.445223242 449.774717825 313.923694549 -85.0364979105 179.32067471 
155.781575093 324.216828351 -461.686340963 -53.5239105971 454.612563676 278.800273529 48.394907037 -332.859771878 -204.911902532 -122.571311719 
-144.688230089 -53.9355395588 210.19101779 -343.212275609 83.7657668734 -255.130343512 333.806660669 -461.686340963 70.9828387426 461.686340963 
-307.624089624 -194.331100958 58.1610688454 461.686340963 -458.265268902 -72.0107909563 180.601049358 -419.850430752 225.526426778 330.472451074 
-461.686340963 -41.5051781337 133.549195682 -336.364935322 338.389793452 443.321668172 -164.303098934 221.241459748 69.1552211541 -264.339232309 
425.001797032 308.278756666 -461.686340963 -91.8534097887 -229.53876838 -342.196516828 160.168355564 -119.004256994 36.9122089148 195.668847128 
460.535947263 -140.93482408 128.851435678 -461.686340963 -27.5514710522 32.8819983057 241.644322984 -337.333281909 -242.308210103 331.657176495 
112.700902219 7.5571684016 341.834677321 254.623001634 -461.686340963 -253.812478709 -129.739353397 -120.370575033 461.686340963 -340.556727812 
337.465839591 -210.066535441 209.613219592 459.802534878 -461.686340963 53.4522548247 87.9920123564 -332.993793532 -64.7724989196 -163.930519269 
332.016771412 461.686340963 85.4149944831 -154.154366829 218.623434485 71.8388876071 -57.8805493534 -210.51035276 -461.686340963 -333.67070207 
94.6538671751 337.196694509 217.135076774 -174.075016263 31.7871205711 461.686338354 -57.6962220001 -254.412183262 -337.513409019 -461.686340963 
-34.2671633489 32.4993034869 -333.26493679 -158.971144909 -243.396980301 -461.686340963 122.656662068 342.121148114 461.68634096 244.636635941 
-89.3142283821 -461.686340963 34.6343985191 -341.673845511 135.316893635 204.754726235 461.686340963 -123.197590137 -246.706293232 324.157038138 
461.686340963 162.119384345 -461.686340963 328.438771043 -122.348506118 263.58233228 -58.9500907548 -335.034359274 -209.861789989 48.5078465873 
418.577908084 -94.0166901472 -57.8742231133 -461.686340968 71.710079703 -214.539794253 276.614298118 249.692067056 138.451775259 -338.129268436 
335.318776187 199.872692361 461.686340963 71.5662583636 197.62105848 -461.686340963 -32.2686216845 -226.497533659 -144.078626726 -336.895233883 
141.799403619 -74.6201994965 -80.1700417226 -209.343219431 -461.686340963 46.2674431892 345.785329357 248.812899538 461.686340963 -337.490162767 
-258.287168616 -343.228795271 461.686341211 -461.686340963 332.33454771 128.210536643 6.09584491787 -132.884031022 239.062057249 -119.741636076 
83.985554991 201.123710182 58.1218925787 -66.6045401143 461.686340963 334.097617745 -210.620715526 -333.202563589 -167.761090335 -461.686340963 
-64.9236541579 461.686022909 80.8881711108 208.027078819 -461.686340963 -335.281568447 -172.87881107 -241.475523145 332.094409097 -36.0349311875 
-222.858896668 29.0669218942 205.34824805 332.358326707 -83.2588849625 -461.686340963 456.554486787 113.530397442 -195.094197249 -338.038741731 
132.286172682 342.850177861 -461.686340963 258.356907864 461.686340963 -341.569946114 -106.738214181 5.5492863107 -256.702168078 -134.058888342 
330.770007734 16.8696146441 -461.686340963 460.934202343 -199.315454268 -328.59300838 -70.7928324252 102.020219455 -228.734324726 221.453282648 
-47.1269757037 113.891313178 211.524634673 -297.643163563 335.120732193 64.5186200565 -343.94026685 -165.298647096 461.686340963 -461.686340963 
-216.841066565 461.686340963 267.397373867 167.061938884 -64.9458397255 -461.686340963 52.1448807333 -336.804872637 332.490755836 -91.5260819178 
-406.937829684 461.686340963 331.407849713 -177.927642928 173.65706671 -293.302263583 270.494184502 -461.686340963 -64.4227738895 49.7570454857 
342.919974749 77.6638113744 131.997436149 -126.352302141 -461.686340963 -345.160139336 -242.901233776 443.374885083 227.863506642 -42.8349347777 
87.9256428657 -232.473535473 456.392388238 75.0027342875 -335.204181557 -461.686340963 -177.787874562 218.98021612 340.235957724 -52.6207989753 
-252.933539042 251.081779226 343.761067083 -23.8415129591 133.659273166 -334.707308171 67.0901859649 -145.560588687 -461.686340963 461.686341059 
-211.913338628 348.184991357 461.686340963 114.288129036 -461.68634132 -338.624232439 135.632144121 -113.275210771 -4.84149241518 250.936883089 
-42.6924341868 211.406085763 -329.523613907 -461.686340962 -214.31904426 -155.652200629 61.6243281819 332.553437632 461.686340963 112.259487847 
328.985523679 461.686340963 -33.9943924727 307.447151058 81.0102308627 -342.732367133 -153.324194293 183.508567449 -274.860387737 -461.686340963 
257.800157843 12.1534241726 134.470475325 -454.405271745 -340.864363072 -113.018148804 461.686340963 341.97785034 -219.687950807 136.11654359 
-168.7048761 461.686335129 227.339885736 345.759689181 -119.079388469 97.2038954037 -285.256909515 -461.686340963 -345.672537949 -23.873501406 
24.4505720769 -461.686340963 -165.851291548 249.000920979 327.876631538 -242.456657863 140.254108393 -45.86572613 461.686340963 -333.818304733 
188.751824751 -13.1986173158 -67.2825099664 -186.893947354 -296.530789966 -329.579418899 79.075727889 316.444291407 439.957959592 -456.128720366 
324.908849883 -332.960425948 -69.7857763781 208.490835556 -228.297371815 -151.373433675 -461.686340963 173.810105311 51.588348722 461.686340963 
137.845606128 -461.686340963 -15.4369442336 253.530406446 -331.749213443 -241.242227817 330.397946793 -156.237271193 461.686340964 12.3951075389 
-331.514056752 344.250883276 461.686340963 -138.46232397 -9.50868557941 35.7683806289 139.707969845 256.973239727 -461.686339663 -212.060212239 
-461.686348908 -250.676223802 -49.4333868059 461.686340963 -9.0429950514 -176.257437104 104.776489355 341.677593311 -330.779716978 229.320008396 
145.215831461 461.686340963 -461.686340963 -116.682850653 349.680166066 -226.760136409 7.07874217529 -340.719536703 20.8474489521 265.15486798 
73.4260778704 -461.686340963 -206.665716875 -333.461123717 228.193567611 -49.8663142045 461.686325201 140.973953585 337.823529751 -112.941185395 
461.686340963 341.794143775 -121.846811456 110.585430902 -461.686340963 -246.082779386 18.1000499437 -86.9554154042 -339.274680343 226.032879941 
-224.444845089 333.356997078 -336.584078664 43.5507199991 296.341226866 168.04867592 -104.786461409 -461.686340963 23.7741719768 461.686340963 
-20.6047432207 461.686340963 121.51690787 82.776191846 340.845604275 -140.930539769 -461.686340963 -342.276653722 243.066998471 -269.363783305 
-42.7290049329 15.0973369621 -461.686340963 -223.697609033 329.960977248 461.686341531 132.576689296 -329.984306707 -164.118641364 241.641366828 
67.5615804703 -461.686340963 -104.727537071 -47.7897907638 326.806090684 -208.985192247 -332.600257377 237.758589322 167.788464986 461.686340963 
-168.494523628 79.6370180948 -431.56826518 -131.742751902 339.021463769 461.686340963 201.44405188 -9.93378277952 211.922527497 -299.788909569 
-461.686340963 209.532082738 -244.844750103 329.326531682 54.5248024196 461.686340963 -17.9509327582 -116.33547172 -338.223512343 176.196338673 
5.62221078368 264.027891281 -115.718340368 21.7750802587 -340.554473042 -225.714332378 -461.686340963 461.686340963 349.165743173 146.717272032 
-159.348272865 246.512427866 -461.686340963 -333.718878339 461.686340963 -28.7774178163 -248.479739261 1.12019349928 127.804125022 329.445723315 
-127.504507116 14.6125050164 -249.173699851 90.147072065 461.686340963 339.552955276 -339.664063518 210.56762895 -461.686340963 -82.0332185527 
-343.505775205 1.93240493186 -119.883935888 215.21394726 329.480316886 -236.186192191 98.5315193312 -118.391630624 -460.769160022 444.717749237 
48.5714430294 -200.437899664 159.997097065 11.9904387556 -461.686340963 -115.043736641 -326.508896642 461.686340963 333.8788958 287.026709845 
-332.646674165 -294.122823443 -41.3401422651 341.776302198 -170.294112812 107.864029933 -19.3117375674 232.621497724 461.686340963 -461.686340963 
326.979595937 -461.686340963 461.686340963 260.777765011 -125.052061734 -337.650257301 40.4032218114 158.795868017 -228.038898821 -77.9704003672 
344.72301976 -341.152771799 -116.693227072 -11.9705238043 55.2568805074 -461.686340963 138.684970015 461.686340963 257.333346592 -233.631953786 
-9.64602289354 461.686340963 341.621753022 -330.78285473 -251.190389186 -176.613222819 -461.686346788 228.880024337 104.265551236 -49.824882322 
-335.953195974 -85.6764679309 27.0167054822 -195.005618334 149.346840358 -461.68636469 344.573765649 461.686340963 257.120903638 -241.412486853 
12.347446098 -58.0494126368 -158.38141986 -410.019348177 -279.865055937 -460.921718214 322.704633601 216.564551818 461.686340963 138.168276274 
122.855829086 461.686340963 -333.842843027 207.489993649 49.7065730972 328.019803346 -156.70754522 -461.686340963 -229.680817213 -73.0890570184 
103.656191403 461.686339222 -71.3329185328 -461.686340963 52.2611454937 -334.796363603 329.654188735 -228.256145102 203.945941385 -148.802029829 
337.631313333 -18.6117821973 -267.47173786 105.896993916 -43.2342040253 -172.246701369 -335.897110576 -461.686340963 461.686340963 207.972179568 
-273.04382144 -461.686340963 10.8124732684 394.352097262 -337.086674474 -94.4383809344 129.477513873 259.223399321 -214.028675441 421.265142392 
-274.254161079 -452.111997204 83.1574152427 -150.89914504 -37.244795403 85.2238318624 330.495243614 215.846737386 457.133674403 -329.987893685 
-211.579021442 321.940260597 161.738653859 260.032961885 -461.686340963 -339.192280307 422.184334957 454.405269102 37.3492170393 -86.396174657 
-157.289304797 -210.00026755 30.1896957315 136.203545043 461.686340963 258.474784991 -461.686340963 -333.330494176 -63.109330655 345.860353786 
282.771853191 170.163630382 45.2474840454 439.957958439 -81.8434470209 -273.942350325 353.832837141 -456.590083251 -334.303143149 -189.400890996 
-325.065083844 292.197765008 -451.419355502 2.18310114297 -241.112371754 164.718299668 -278.182675542 433.593326743 -119.796763628 40.411922745 
164.338952747 328.971349933 461.686340963 -210.87070008 -63.4805696224 -157.644681369 264.855758189 -461.686340963 -333.912340731 47.1708793832 
461.686340966 -250.645948347 -339.097873095 35.9854341147 159.174095512 -13.0455451266 226.087467004 -123.680799335 326.607052988 -461.686340963 
461.686340963 -333.507326414 -461.686340963 237.454635412 -41.7946411472 -237.100755509 344.244246752 -166.319807818 114.905118027 6.98046372762 
-209.494454226 -461.686340963 241.765654011 128.216775896 461.684662829 98.1157261265 -338.566171349 -105.288099661 342.521911206 -17.9177828737 
150.339477546 73.0669844143 341.095053686 461.68634097 -54.4648078731 -461.686340963 230.810468228 -216.930947823 -337.42301507 -102.075773917 
-180.55136763 461.686340963 -461.686358764 341.495754161 -57.84715636 -247.094104074 -331.805096959 94.7003708591 -4.85201308807 220.296184531 
410.216358776 -214.056892574 381.73829142 33.5519546463 152.36344928 -339.484375102 359.371706868 -461.38431274 159.072214205 -88.6427279734 
-323.994070086 458.304219976 304.73031106 -191.222616306 337.530357539 -316.670142196 -461.686340963 -65.6024080264 58.9137381288 175.8993772 
107.820254545 197.112323627 449.813115798 -131.174103612 -243.616962795 34.6189205239 -461.686340963 -65.3024476787 -338.80150336 317.329568051 
213.549527785 -312.941316351 -115.043736578 -461.686340963 93.7620809511 341.314234991 -341.385737649 457.843409756 -23.8302258266 -194.289387496 
331.299040663 -172.956981859 58.4175909786 252.952303555 -439.957973161 461.686344347 164.74078468 -303.351442933 6.87202489218 -119.388252532 
-327.982671874 461.686340963 -203.676159402 -117.513904549 10.8692048323 160.386547421 -461.686340963 333.91807321 287.312480505 45.0208360295 
92.7972281234 461.686340963 206.601784416 -170.519742562 -399.621849748 329.739538707 -25.2593371533 -284.692503774 -461.686318846 -57.5764746495 
-333.336231669 420.809275745 449.174388074 178.671962537 -98.8887527955 -73.6190301194 -225.315910749 -461.686340963 51.5054160286 289.170866494 
-214.947105908 45.1923241498 296.061239124 27.3177253959 -334.655487089 332.41210795 -461.686340963 461.686340963 170.282959412 -96.8180221967 
-260.880640584 110.604475838 -148.161945418 -20.7622476718 -5.79539380951 -461.686340963 342.508536044 224.987653185 -335.981069797 456.956985823 
452.389319709 -186.958033117 -323.837390939 -155.142438011 238.664871049 -453.916929003 97.1219385352 118.011073875 -29.284546693 336.327255391 
293.316509368 -343.013344593 -256.267016551 47.7347565274 -193.075968235 175.005122031 -79.558674003 51.5667936798 422.550141289 -461.686340963 
44.797306723 -328.06671002 333.143244367 10.6610469617 159.853766796 -117.733532303 461.686340963 286.78365823 -203.87963441 -461.686340963 
93.1552945901 461.686340963 357.041067402 -454.405277084 198.495276868 -333.252569363 6.68151607252 -226.403338048 311.459490565 -106.950928649 
176.517518335 -461.686343721 -331.482257072 -224.069751976 461.686340963 332.566505918 -60.8604524143 206.773744218 -177.699901487 53.7749045996 
-461.686340963 -215.98137487 166.766971624 -93.455004163 52.7678540815 -330.14190363 -76.3546226982 286.437732324 428.650853696 258.529300631 
261.001093032 -136.659948593 402.501703464 105.239978964 192.471168755 -9.19624161152 -428.923652102 -222.858853938 -270.801065269 -389.196439654 
-335.054884595 55.6455558236 193.372881411 -461.686340679 -58.689645993 -182.401668994 323.483165599 170.5075912 -262.794361952 444.578953356 
-41.1956691979 455.728532449 143.49782458 -203.645081192 -461.686340963 60.4894581649 -328.063633415 -136.819198049 203.494075411 330.849816418 
-461.686340963 38.3253206569 333.687268226 11.4275606677 461.686340963 -119.979513307 -333.182117118 -237.535626052 163.420401826 291.120845727 
-337.958639017 -112.7956812 -85.8111216171 36.6315970519 -237.035674133 208.900732858 116.88718935 -461.686340963 461.686340963 331.887373188 
334.365034845 -461.686334617 -24.5401836834 155.653964145 -330.610877333 104.306841184 -148.168341887 -213.899246539 286.241484967 461.686340963 
-439.957958665 57.6635740944 337.79425929 -314.778979994 -92.0275581177 189.744035462 457.960708953 -6.3279109178 237.648216266 -203.077232468 
63.8381878063 -267.710882795 342.462063834 -461.686340963 -334.127697709 219.854095421 -170.346144665 -49.3203094444 461.686340963 101.444938427 
24.6401105168 -277.936931376 461.627317581 152.253341084 -407.342336176 -100.104826107 -158.183234548 195.49196283 -461.627781068 329.142814562 
461.686340963 327.094089029 -230.535608654 206.21260679 -461.686340963 -335.755828292 121.54012826 -146.516632388 -73.7210017234 47.8579232023 
-330.911177497 -45.0189226205 108.887831142 232.440640858 -174.906052825 461.686340963 -247.653885915 -5.50577195416 338.237386448 -461.6863421 
37.7517022617 461.686340804 -126.091373667 337.49138553 -461.416078427 210.480094611 -213.864592785 -83.9687509554 126.708546799 -340.640174117 
-461.686342356 47.1965853125 214.959541385 340.413559983 -226.546023043 -332.43201601 107.242094869 -181.2647055 461.686340963 -68.747029457 
-189.063408247 460.054353531 -461.686340963 132.349571391 207.368762128 47.1682667763 327.125666792 -208.231313061 -68.3348005653 -329.651382159 
274.054230782 -73.0538955334 155.927995775 461.686340963 347.813921675 -223.013003944 -170.420901531 -333.25416077 -461.686340963 40.9870934375 
326.949486425 -19.4310448243 -181.11075153 -325.18029993 200.779683166 -128.560554619 -454.405271568 449.639688516 -267.872735295 78.7309273427 
-210.033266632 -124.108307721 -55.2834931268 128.687314123 66.3981004081 -461.686340963 -334.859934644 219.646039581 336.439715531 461.686339157 
-267.962794564 224.773968797 118.095911924 -321.588938026 -134.122131464 379.840655527 -13.0695404175 -388.183542318 313.453837355 459.858766098 
286.295246084 349.769418505 -187.707906107 -71.4109811917 -336.051976742 35.088999005 -214.38866335 161.280228679 461.686340963 -461.686340963 
53.5032052991 -335.734387445 461.686340963 331.546231447 -91.1562509754 31.5798277732 -461.686340963 298.802554977 -208.846230497 173.121596406 
-69.0466888643 -167.528987534 -325.858032086 -292.163413094 454.405270216 150.30140052 346.437095902 42.924047799 -447.176330355 271.932199953 
459.493841427 -15.5457090037 -128.56471314 335.43950547 117.426822942 -461.686340963 -0.00198787119863 -343.918813814 241.531248418 -233.699633412 
-73.8485697143 -214.683752549 434.59653318 -349.90994995 288.584856031 262.71125656 -169.051713636 144.015187518 37.3787840766 -461.255605635 
-461.686340963 -157.207078206 87.4331814576 -333.763368945 461.686334387 -32.484781659 127.379857806 243.845300916 341.871896835 -259.882497602 
-174.26162702 -461.686340963 212.685981445 -60.421431583 336.03656233 39.4383712155 -335.260302088 461.686340963 84.8303151818 -276.611196353 
-333.710033834 334.593838172 -101.612630833 184.375649069 -210.786871982 52.3824186726 -461.686341813 461.686340963 204.418868362 -34.3462199233 
61.6694044922 331.761308647 196.270919655 -214.091856176 -336.418382498 461.686277699 136.104813595 -61.7892384415 -85.7472768697 -461.686340963 
-332.07935598 -172.909603737 66.5000153414 333.739798659 85.5208693008 -58.6606766252 -221.447776441 461.686340963 -461.686340963 209.998415211 
-126.474967397 -253.603364737 461.686340963 228.830457843 -120.872044872 344.908796811 -340.648186476 110.356716907 -461.686340963 8.76150080363 
-277.538432314 7.66581534856 -85.0206782285 -335.942695609 179.338929539 449.773041987 107.780386853 -152.460578391 313.941733586 -461.686340963 
-178.021604846 -461.686340963 103.23667047 461.686340963 -76.4125537129 -298.964100838 211.643178344 338.653070141 37.0568138591 -331.472228264 
199.184725691 -119.880904946 -229.994885064 460.273314174 53.8489140673 -461.686340963 -71.0091815016 -336.475463131 333.896915663 114.453515807 
461.686340963 -282.444428641 218.29712395 -132.812397818 97.2808471764 -147.582574638 -414.124348227 -459.851108263 -12.6548663908 337.620422644 
-461.686340963 -53.1944630886 460.921132732 333.85438762 108.88063865 -210.507940108 200.360664129 62.6934927698 -332.353499268 -168.274403142 
-239.088558752 -172.940044484 329.662357209 -461.686340963 211.844279898 461.686340963 -55.5121900549 68.6519171088 89.2953444404 -334.736675402 
95.2398775204 454.972136303 -461.686340963 216.761176136 -41.3351535101 -343.376268657 344.768774609 18.6373732082 -240.617816043 -122.98090174 
212.287770526 -461.686340963 -56.0539837939 -201.681054468 65.2160958325 185.361121322 -331.143851131 335.895063485 461.686340963 -183.868774276 
258.470392605 -85.1265430998 173.73737324 -77.6480678212 61.5291914917 -212.253629748 -461.686340963 286.343468404 429.727356666 -328.957683614 
231.579426123 326.104100652 -131.390448165 -461.686340963 -335.37387232 33.5519330038 158.753447651 461.686340963 -259.58775821 -59.1759250899 
54.5383884123 -331.447774535 178.210984703 330.006761843 -190.952557168 -72.9953697974 303.492454776 461.686340963 -461.686340963 -197.558123037 
123.02028394 -336.162313426 -72.9371247327 -461.686340963 48.6923128121 206.855427204 461.686340963 327.40730823 -147.572286074 -231.096539917 
41.6778392144 -225.327870233 281.799726146 167.254418214 461.686340963 325.766733104 -342.112836463 16.8986745896 -461.686340963 -106.963742953 
66.907294066 184.274506295 446.455826361 -461.686340963 -194.887310437 -331.681310653 -194.394231042 -71.3235825358 45.3401460173 317.605563939 
-244.852017207 74.3522944351 -461.686340963 326.230588582 170.294113495 -123.485572444 295.906455783 461.686340963 -338.45427738 -29.5224786103 
83.9713179671 -60.7543552845 461.686340963 -461.686340963 -329.393816405 63.0388422954 -192.902000451 332.648607928 -184.004585244 210.594095254 
-72.8204915511 206.93553737 -336.151656061 -147.607338975 48.7818441053 -231.026527947 -461.686340963 461.686340963 327.5251057 123.14360701 
-24.8850111217 -296.474755178 344.390609254 106.482044005 454.405272768 -420.663763703 222.090462171 -190.675625775 -370.833495802 -89.7651240444 
450.316935203 187.531333149 -81.1863456825 -191.572208773 -222.858852117 318.386423519 70.2100241625 -461.686340963 35.2814606322 -337.437522174 
-251.155345865 217.171804011 94.6797477026 -461.686340963 -9.60491137547 -331.037650951 461.686343722 -50.5076356722 -178.45017168 339.474038041 
461.686340963 217.219537752 104.704352317 -453.10229603 -19.4889545542 -270.871664095 -330.240363509 -194.309325714 -123.728431744 336.113762237 
-278.877882368 -156.534005617 -12.5825240241 205.845583294 457.763707514 316.526997419 -135.910605881 -461.686340963 -348.055245775 105.643942655 
-325.515688922 183.364986865 -13.7670931921 441.633801638 413.275688142 -236.112502407 300.640075995 67.1825111462 -454.405272531 -135.526860215 
461.686340963 68.6582042778 -215.086768608 221.571576798 -99.2906241234 153.042815655 -333.654690243 -461.686340963 -59.5940125369 334.58977914 
-206.87049708 -329.579762514 -461.686340963 442.914144773 445.504333949 -64.8838007102 197.343764625 75.1750155545 307.429137993 -64.2550186517 
449.143850391 -328.773465854 115.94711498 -203.16500024 324.729725691 -97.9187739628 179.121574816 17.3347096427 -461.686340963 -156.291393683 
282.245536379 162.477958646 58.5233336237 -309.88349798 0.673988277848 -189.691278551 -439.957959573 451.451689661 -83.7459034672 322.010656395 
-200.855296339 82.5555952766 -70.3649403838 461.686340878 333.031149591 -194.375312389 -461.686341352 2.71260310969 -335.048914533 209.071487909 
-81.5012057876 461.686340749 225.452308083 110.695237826 -58.1817359718 337.238622906 -454.725689593 -327.441203073 64.9484326974 -198.871950224 
-461.686340963 97.4729722569 47.0054095583 -334.753321365 213.268057074 461.686340963 -86.2592305892 18.982240426 -206.822748398 338.515160651 
-461.686340963 233.726873813 -244.030788088 122.252993704 461.686340963 -58.1242832151 -120.936865686 23.2996438252 -338.444875504 342.987372447 
-84.0706816077 -71.0570890565 180.149158086 -461.686340963 206.085704543 -331.948612776 -212.378708346 334.225501325 461.686340963 57.0407829971 
-266.438371411 136.059741043 255.4942865 -341.697492551 344.659576872 -16.1132748958 461.686340963 -138.821162952 -461.686340963 51.2944309737 
-332.208883039 -160.56830116 134.204026803 12.8345928911 -461.686340963 262.524453528 -34.507963643 -232.163971254 429.82174862 403.39180258 
74.205708202 -198.502287068 -461.686340963 -316.670930852 13.5540154763 450.600142737 325.411955285 197.446329818 -329.879044307 -84.9386204963 
47.629949917 172.737291285 328.894497781 -461.686340963 461.686340963 -71.2551820876 -176.171802574 -331.822816473 -297.340109176 238.068286899 
443.850269946 -315.231741455 -457.583611534 241.840181883 -215.336318757 -400.954118282 354.980988534 139.131285953 -112.838755216 9.42417385353 
