460.956476268 -377.73228027 -184.680448427 24.7974546574 29.0234661628 -405.346960947 -283.165478702 -29.0468429657 97.8954983034 305.427122481 
396.090421359 14.9212188142 210.703886486 -29.0468425171 95.4069263444 456.502739293 -427.357047934 316.645948883 -225.710083761 -455.694183949 
86.6824122964 -132.25225461 -425.565197117 324.85534099 2.51547790783 -115.125404033 411.042680019 208.894519342 -12.222295756 -456.478567105 
-421.689552956 325.50336379 302.434440942 -279.232897401 -29.0468425172 441.977708412 -78.3668290726 2.42238781549 -201.221239386 -450.030544773 
434.883838762 -405.547393346 248.523198515 29.009371862 -319.031604967 385.59551991 -196.140321352 259.036447715 -0.154978173057 -72.3576066272 
-123.901455296 289.324766684 91.6952937636 -29.0468425436 -230.635840038 -25.0581395232 402.640468624 -451.710508576 265.812086383 61.5612870369 
4.61008033105 401.139376311 -316.761803544 -352.810109002 -9.0651642208 461.597245991 -128.749670109 -325.75867558 16.0020384568 360.317127487 
-426.250328969 311.024633008 -5.20615874993 -29.0468425216 91.5537729432 200.579893356 -233.156838915 -206.599805015 -377.950635726 324.157305507 
-10.5471650902 -160.879094796 374.250549724 -375.282141028 416.17724793 -355.505586942 56.1034826823 -327.16351336 -15.4053313891 -149.202363367 
0.591971104644 286.18692479 -295.680185499 323.428171983 -319.32969573 131.077146878 -424.473129114 382.086298692 -204.354856634 -4.71299599717 
-165.90964207 233.883838675 448.042091199 -267.562588682 8.37305497557 -438.765289509 407.886943045 -417.179723012 17.5061643622 29.0468233221 
-210.826321959 53.1253231863 -221.624993197 280.079351019 459.755517083 -29.0468425172 -430.113950109 320.472106258 -441.846157568 -9.1678921975 
40.6574425586 295.650708945 -29.0468425173 -224.951281353 -253.286320563 -29.09809975 433.313480016 255.92877699 -392.010858921 436.64360885 
-38.9872505205 -377.162176795 -403.54707847 -29.0468435344 -66.9956032951 448.500656146 246.71064763 -6.38481960031 278.607161157 211.657569413 
-191.796239423 -282.714882897 -53.636114556 296.72673259 -411.67157707 29.0468425158 64.6929649085 308.52511606 448.065737357 -347.217591095 
-36.9480303681 -393.668948735 310.859819116 453.082642098 432.415774989 -412.599480594 -29.0470149962 -28.9835470786 188.743832439 159.141061251 
20.2011019065 315.355948364 -29.0468426613 -182.765981054 412.062476852 -157.824357321 186.943871493 -409.123535809 35.4152379505 446.169496364 
-112.161633484 399.208087077 -318.884923127 -317.894503063 259.261178969 -70.0350118134 -459.666214145 -3.85733973545 -123.491709986 449.027528292 
-27.2782985193 269.121002187 -29.0468447896 -50.0129949762 -354.033693128 -325.69176833 -32.8217002614 445.450611982 437.493657471 -375.354910952 
445.465947521 -94.3113327659 -25.6229625715 196.876479017 -410.819572222 198.214748267 305.200652574 84.2340051209 417.456458627 -65.8621718164 
451.302907447 431.689727488 308.278678741 -29.0468425173 -240.705560892 -244.852880338 -461.680980565 172.991352167 80.6319311431 -43.186408281 
430.766707635 -29.0467000735 -260.477219288 -40.9087820828 -405.37874574 238.921348578 56.1081077551 -28.3304017989 445.761438156 -244.933277328 
191.61481315 -410.204080087 245.976544456 -64.3105984907 -29.0470797296 459.874635662 -316.144753551 368.403029976 -438.545946382 28.9835991989 
-442.736871264 -263.796758321 -282.550378113 404.407103315 404.134883724 29.0468347735 -437.675658504 29.0393342054 288.250807812 -219.998762705 
-459.14590751 -29.0468897709 290.574456543 443.901702781 416.449230206 -44.6475343442 188.678845774 -29.0468425172 -240.721186268 -269.796989789 
315.976232045 374.250549521 -22.9821891557 -318.365629242 58.5146740538 8.31219920291 -421.256497856 283.587740972 3.21968028419 -199.827946197 
82.3321548 -139.702189262 -360.575834966 300.86388102 -29.0468433629 440.032662193 -220.941663233 27.3853943885 146.302067073 -192.600712291 
-378.001177546 461.070070176 68.9990458313 304.814332814 -185.119910636 -29.0468428737 -405.665007352 305.503463827 -29.0468454805 23.9039030915 
-449.042717083 28.2732394591 -366.491059491 52.1265102733 316.019639479 459.558115665 -86.7721539906 -246.834621073 -29.0468425171 309.00682029 
-156.354914795 410.539559706 -333.616280621 459.068413572 -166.352054469 32.4556453828 -361.958404589 -381.957302913 -77.6113088517 55.7147987309 
318.282174665 20.7893283417 448.065747531 276.440619087 -79.560861814 -392.92332229 230.645910423 -419.728731159 -89.9418852814 -71.641772697 
-355.621142485 286.624919927 453.547205106 242.980520725 -329.061818018 -286.992002491 29.0468413251 46.7191315983 -124.445703305 -115.333159786 
29.0467971208 29.0468423274 461.122632624 -77.5179010239 -259.77064581 343.52372559 -285.117949601 -223.026652004 -424.89635011 56.2307963395 
-311.943750397 -424.032085639 -452.370351575 388.430552713 29.0468391097 277.838445962 -93.4701201726 -219.202610837 -74.3952756805 15.065906273 
-425.308477446 389.977557688 68.2236125376 -222.820750029 293.90014548 29.0468375316 462.291477247 -81.8956152639 -29.0468425249 -283.536809915 
78.315503235 -11.9288570431 -230.828395474 -56.0885357629 319.857065121 -437.263480783 222.327441198 -320.532232936 117.146067638 458.991142888 
150.647010221 -28.6248454515 407.978724749 36.664493525 -329.202929962 -106.940254798 421.901988032 -160.589808872 -188.931748638 140.619952583 
-202.957741748 -7.6908877624 41.6999603565 -45.7656505113 308.563820504 -166.698451585 450.327491009 223.29773901 286.849352831 -142.95106319 
-119.565599415 309.243223126 188.156953853 36.0164154464 -29.0468451669 255.449476867 -400.996221883 434.245482014 -261.061492252 21.9451837806 
459.379093053 -29.0470406067 -42.2813545443 -413.061052369 -29.0469540936 -377.673655319 307.439219863 -46.503332555 -384.719185916 310.386179456 
86.6692276565 244.24021188 29.0468378512 318.128466401 -149.543999924 -432.21753501 -213.286721052 -290.283590808 -83.4252194139 459.197532054 
-235.211217986 187.905844033 -455.655630446 19.152245658 -17.8321367069 -227.165755443 -29.0468425171 419.858466231 -427.445428531 391.874954808 
169.061449242 94.5677744748 -29.0468425178 -270.918148467 -296.683143517 458.545189155 331.3659813 -63.4516245602 -242.576282036 307.008839467 
-353.535655202 -324.959700859 381.054622977 -135.858695689 202.714254921 -146.671795242 9.03616179206 281.941698128 -29.0468425173 446.5011503 
28.2031508101 -212.162072734 -219.047153791 -258.050722734 -444.396877983 29.0468422563 400.770676915 309.11781412 -436.126463565 461.640200447 
-210.182080278 -244.236165131 40.6904238737 -181.840214616 412.68237796 -31.2731280355 73.8108204254 295.176583066 318.905869318 29.0464266078 
-323.832601121 -99.8009788384 406.381333888 -76.5334670857 -299.631428338 -29.0468508272 -320.446746319 429.002712957 101.877054739 -10.5233900619 
29.0414582317 -74.4362832861 -193.099058448 407.834237327 -413.156628766 -195.962009247 -29.0469529752 458.951439441 -419.428817677 -277.657103388 
-260.643014949 -29.0468425172 -29.0466302181 37.3455709367 -405.376413994 430.992070022 239.685297858 -244.372903993 -35.7355385564 389.620872581 
-10.8669036268 306.488074162 373.272876314 -316.396403464 41.9876734014 -457.154617761 -35.1535681119 452.044001032 241.826335283 -29.0468425171 
-332.245148133 -121.844543871 420.836112441 -360.587014626 108.202333848 -366.670509895 269.161210752 -9.88193838833 112.928715207 -169.941709883 
-210.867514368 147.2778973 461.968671373 -29.0468426242 387.195896258 -226.981542887 313.140672003 29.0468314059 -427.282644891 -398.524549966 
-439.96216649 -34.545504216 194.227378596 196.85309882 -29.0468426684 191.77912438 -220.316309663 410.84610888 411.924206489 -27.8960599848 
452.892530378 29.0468386427 -410.376581544 91.5021106713 -436.69368637 317.045276949 432.726420567 247.24028207 -105.777548363 159.762824576 
451.310261485 87.5836512669 -124.263607633 -29.0468425168 306.444468599 -206.532916454 166.678175261 -345.738434749 5.86383330263 -318.443176867 
451.959203322 -87.7467034111 -405.56289021 249.056910341 434.256037297 -70.9784422817 187.295117371 -29.04688174 -29.0403715794 -433.589794049 
-208.013213024 -234.639587525 199.099065295 0.735554739391 -318.416691947 387.300871758 -14.7790293241 -6.20319852826 323.066238356 -427.473600245 
-237.653723493 29.0464575451 -288.918356932 -1.14132690532 -430.887056386 392.784751574 462.582203116 29.0468383756 372.281510402 -214.286987326 
-116.044610796 103.305348604 -17.584701326 -239.106847092 452.135142538 414.668618425 -365.362749402 -233.829601056 106.949966771 -459.575253087 
291.837124503 -188.494041183 29.046841888 218.967385172 452.216172405 -234.477394048 -311.132523987 -69.7975035512 64.0473592072 -459.902231778 
431.319605266 -318.295766272 163.718085712 0.689485876311 -45.5829665564 -400.399155897 175.339208575 -93.8387290906 -428.741022291 388.982153154 
-23.0791282664 379.501285802 246.732812087 -324.689561056 445.701391073 -1.04044858084 -317.682628136 -352.534373129 -134.303417587 9.79287617191 
-296.478581303 287.120281674 -29.0468481391 410.470167375 -154.70828239 187.870439523 62.2143206102 -436.39622958 -90.3392836952 460.347347471 
28.9751016964 -203.378925612 -303.613076631 -424.367377902 -85.0964320439 -451.603733174 386.945625773 -219.635608527 268.308543524 29.0468181363 
421.785835677 105.39808069 -364.140657069 -121.409805378 -115.119370406 -337.220343431 -364.380933634 48.6063264536 50.4169863696 449.091578425 
-317.180169275 -403.562268674 298.644927721 -26.570143552 -207.173865122 29.0468425099 -104.283075539 441.881045969 446.88684148 -458.951916466 
-205.899939582 187.082297056 321.817035384 -29.0468425222 -33.6363474947 -9.95190962792 460.221753493 -426.366320133 -454.366872225 -52.3448155534 
204.084585451 413.275729776 181.081516155 -417.699756688 -417.599757226 424.944942065 -36.4541474246 186.470610914 -84.3989392219 -29.0281558286 
-318.258646507 -1.73444800416 -459.555462777 -282.198068484 454.408313765 29.0468424343 -174.753816661 378.332263455 242.227531026 -127.677730558 
-310.432543175 -122.477502549 -207.119891097 95.8602396794 -91.3858294737 460.977105066 -452.20429031 -370.615871704 65.6590905853 31.9196150798 
458.459943762 -107.687648968 41.4760731653 -59.5442313652 -258.631792969 -398.685646012 143.518176488 317.433630356 -16.7631763246 359.657296765 
-138.162227346 -316.986148397 -0.0121609917247 384.906002243 251.602379036 -319.085874252 446.060745736 32.0675476448 -103.4671806 -458.7578955 
49.9820936334 -441.313759406 460.348023251 -153.431757207 187.771332557 410.46560869 -29.0468425172 -29.0464187785 303.484880716 -300.576333198 
460.34892843 10.0365898458 -411.590443122 187.651262505 -383.443290649 410.459502601 -29.046846108 307.283862359 -29.0458381662 -194.091202899 
-352.878332148 -8.0760471347 -324.535304281 -67.7247138216 -174.018517703 343.767604002 45.4760607467 -11.0414757184 -372.2383657 461.444505526 
-29.0468697707 -306.854593426 308.390734292 -460.150774618 268.233452338 -400.718132549 170.097687525 437.510826924 -29.0468505765 -47.5720581316 
401.752145088 389.678939547 -269.703198913 205.215386063 29.0467945168 17.5753489755 -226.474679384 -426.765331553 -279.796537347 29.0468408175 
-315.751366789 -94.4266128263 -378.183343621 25.6665268401 187.497106928 -29.0468464956 433.545840178 -404.591177463 306.183545268 -39.7490788056 
-191.967338838 208.777123405 -192.708509928 412.262068718 -29.0468425173 -426.204031283 189.528376637 -411.111160467 456.258369381 29.0398757836 
-190.238690316 -407.97014825 29.0468413353 296.605384963 -8.68786489796 -460.087429864 253.844291737 10.7482567674 -208.831283952 452.186404178 
311.037991959 -57.3489647176 -13.1771539536 -196.09157457 -277.256005387 -56.1197963814 182.466479831 8.39351765219 -419.027937774 291.669036503 
-426.252333772 -2.03007748438 448.604940136 -110.625940792 -204.213981651 29.0468425134 182.125892592 -284.513459394 248.704644611 321.541833738 
-436.924113298 -27.4707188669 -319.743608531 6.50904528515 6.72338105057 457.594779729 -228.438244797 319.452849738 46.7605778236 204.068596542 
-338.095678662 143.844587823 -29.044076589 401.854400803 105.478563132 314.077865352 -102.92274322 214.636870679 -74.579330565 -123.328014784 
-442.138155788 -301.321301456 302.906108257 -224.556985354 187.777022908 -29.0459389778 1.93850136621 410.465710239 -29.0468584398 460.348008197 
-29.0466619128 -149.962375023 302.480830257 292.002696297 42.0111709028 146.789066174 -369.39201304 440.723508745 -29.0468460268 371.198778275 
321.195931322 232.765249383 -426.459742948 -28.4178765439 -204.061718925 -3.25782275502 430.881118062 -205.250331046 58.0102344102 -410.164066029 
-383.462590869 -117.068276412 315.962047262 -19.2819581257 -333.944576291 451.428475856 -362.2865532 351.817468192 -157.871180811 44.4812270842 
24.8621143051 -17.0186099132 52.7653106369 101.126655211 276.12134866 -320.1598608 -353.319043615 285.156468128 453.137790457 -237.941820105 
416.177216175 -149.212621967 -327.173539139 -375.292096863 -160.889256501 -15.3793348127 374.250593059 56.097366335 -355.515612784 -10.5490427012 
6.25409907303 48.9223031391 8.06613971501 204.059861504 -27.6733813753 -436.862749418 -228.391773088 -319.683499324 319.463366065 457.589278051 
-415.676334813 -28.999572146 -50.8446147344 423.437178732 423.063524872 220.021062969 -29.0468440586 205.651569859 188.703461111 -410.341597636 
-374.250594136 30.4357740975 -180.586878485 -401.699341614 460.425398557 304.119873731 -307.138257554 -39.1226839381 -28.9924997636 28.9983191011 
-462.035329638 307.117167651 225.978903716 80.1205573875 -29.0468425313 309.286012807 -249.544250046 -29.0468568907 -243.613648343 81.08134792 
3.17067424896 -29.0468429536 -86.8789787807 462.599174884 231.297714752 -354.951828385 -322.378522594 139.557262283 -82.8720145027 372.329492656 
-122.483767511 -450.08296495 60.9327189374 29.0468337314 -262.376024927 462.122019315 -230.635154829 -31.1931574841 94.0589201631 396.662303268 
-225.321908838 385.516230118 -320.134868801 57.8506910714 -196.965220892 446.410529202 173.118996109 -457.138601582 -28.5473938997 -28.0549925163 
453.111966005 -369.841426445 29.046766627 -122.977475132 56.6380481422 93.8808397587 -163.592824471 -460.015379162 -319.506946828 99.8953698803 
-85.8452513667 -332.138840626 453.776170048 -123.16065526 89.774611033 -129.056861637 -348.477292953 311.419369345 356.300516281 -29.0468425172 
-29.0468425172 460.325402283 -29.990684559 140.829259696 -380.172231569 -236.738433628 311.566123995 253.147547225 7.19165655878 -209.455725666 
129.407097629 114.252855488 -180.500506611 -153.366799468 343.527487539 460.726559331 -207.197839307 -123.388180545 16.5569347443 335.772960891 
-410.612101746 328.683861643 -100.916862231 -210.843871226 -457.562255471 -315.790508381 29.0468343456 -192.062993415 34.0209326527 448.043466945 
-71.959797804 308.070381798 445.140100766 -280.613078843 307.227097795 -29.0517092306 -106.673250349 -29.0468434733 -365.365672007 -422.384802293 
-127.432613616 461.81377004 91.3690872855 36.4978570438 164.934240733 -374.250648409 312.482549909 344.428184195 -188.101607294 35.7480551988 
321.185528664 230.691243014 458.026521257 12.7747322409 -64.7299196017 -316.650282745 -29.046852745 240.907139256 7.86321111668 -362.594463792 
461.281751876 -77.88644659 -215.063697648 -283.082455051 -422.240636711 381.324637996 -255.786962551 247.754858574 29.0468422941 29.0463949683 
104.873099809 450.322433238 35.696142501 -319.375413266 -7.72081531972 -98.5206883132 -316.161837813 -101.263227711 426.765250952 -457.933584924 
339.571821046 -216.954424142 0.147320409938 -435.660245938 -413.936696697 -29.0468430869 186.880754693 413.030655401 -169.272500676 117.54339071 
-306.142336303 33.841232255 -276.242613883 -219.050592324 462.429144061 29.0468391666 85.6344765763 -440.869608367 -84.0451121537 -447.914083418 
-125.600716151 -414.83668289 454.556317356 -193.380807642 -317.638721456 239.846573783 29.0466649281 379.764680481 -192.838129474 6.10701400782 
-424.321209636 192.151169986 133.65552918 -25.37351961 -119.316889148 -206.491855958 412.186197652 320.037400337 194.375733805 0.994384432846 
218.857551128 -206.15205346 -424.760732952 -227.809958671 -449.661757316 -1.07646952137 14.6996906766 -9.85870162676 337.220318903 -317.487252115 
35.61725949 314.921409164 -25.3727100024 -105.348905478 -393.974840726 -251.798574089 -92.9084133035 391.817075074 231.23575692 449.106279606 
-47.9513507434 292.35367967 -413.7073024 83.9765946951 -273.772674431 130.395403622 407.392549374 70.8165795456 -86.6824572242 -132.002547814 
-425.142329809 -108.303774137 136.438678236 -75.0630205365 364.159694867 -319.298911468 144.622309419 201.56871213 10.6544300442 410.072834166 
15.5411928112 -200.981650605 -8.97410857053 325.508817215 -316.054324795 -228.280584011 81.91233888 375.391499175 -421.536610489 2.78725349388 
-238.034252751 187.117924265 -30.6840850799 -8.45210265882 -250.172104757 -29.0468425172 -239.203021887 -457.547519572 419.378159112 454.993278996 
-232.675330072 460.973709761 378.712676363 -8.63455030932 12.3500044415 -310.17746932 -317.286340399 -22.1209736977 20.9634536499 -451.414011861 
444.113950663 -78.1890435038 -96.6326663079 168.82843588 444.638020557 -452.131294188 311.612447652 14.0248321448 7.78243060122 307.438815301 
460.478635969 -419.566297688 -29.0470284706 -1.32989170728 -46.3241657763 -319.626495251 -391.224431276 -58.7644907315 309.945460873 392.415875811 
79.9348425557 -432.072189479 -217.862195627 188.369240566 -29.046842518 -449.251475043 304.875068894 460.344155725 -29.0466258066 410.491698957 
-86.033719475 134.902282581 29.0468262589 378.320240007 176.550225353 -366.454107039 -317.363371697 -345.705245514 454.470504367 244.649698557 
-355.219106728 20.9936994483 -325.614920238 -267.384567954 238.247431752 29.0468267532 376.807340287 456.463723075 163.397724615 -128.400557509 
-94.4734262594 1.36692744336 -29.046842517 301.860748718 -280.071638787 -316.182621478 113.340279831 -363.576798153 421.923750452 35.9959669106 
-458.626200605 -43.6667654096 -79.123573508 420.423204778 450.479123645 186.329739924 -420.71962352 207.427401422 -29.0468425171 238.074032191 
29.0468425163 -404.978363894 -374.736033219 -275.289261508 324.569417402 -127.843260293 -183.624269855 143.838878144 59.4786325139 90.1295292549 
-442.135293132 -285.846586192 420.292113464 -171.931459399 -415.702986853 26.579448557 61.2271198079 -26.6251115375 347.325491137 212.310289556 
454.035736111 158.41721213 -307.742119274 38.9134048337 -28.5447216358 -459.726778821 306.532294567 -238.384138217 285.517364596 -29.0468425174 
22.4739442407 29.0468277435 -172.244237224 -462.276334733 452.260250447 -176.470295846 -316.320509661 161.471712871 257.82688756 244.737444657 
-99.8558854558 449.742912761 390.95112865 133.17918572 -248.741782955 -29.0468425173 -390.917475591 41.2830140271 -88.30968285 300.217636384 
-405.1974004 383.011528917 -320.844616094 265.327878948 148.203347752 -5.03308277619 -199.281050306 -129.698180023 436.425156851 -29.0468425176 
360.307036939 212.578927742 -116.724698744 29.0468033253 -222.176020366 462.399105554 -403.7587086 -6.40088748206 166.578983053 -374.03894239 
-10.6368637016 -90.7219306766 323.168335075 -428.023737947 314.747889789 -210.025604382 -208.17120713 125.710656518 -7.73189759223 460.070355963 
195.321014855 244.524986732 450.467263136 -78.6132891743 13.6789900563 -325.400185718 -132.24667145 -28.9937838151 378.597605842 -353.44407676 
7.14331850882 132.74203647 -213.396544796 -405.378787126 345.723330639 315.807667885 462.328439874 90.1148238003 -432.205845909 10.8012736478 
-18.4104215636 29.0552481416 -230.601160276 -315.113725349 -453.150656259 -93.7171058906 341.977833215 459.961471576 14.0555046352 -311.378909122 
135.288908747 -94.2639472542 309.530710182 -16.3367668219 366.200363632 461.498318699 -128.367548983 107.259351273 -431.867669397 -83.0242686108 
-115.69609692 458.950989401 -29.0468425171 -418.475598526 414.378545481 -87.0302845014 293.304234457 -40.965450381 175.215295364 -403.406648338 
311.597183949 241.232547481 -29.0468425172 431.166057382 -406.966523295 -382.843845567 264.715876339 -198.061691612 0.51405599714 -51.0229771964 
-118.761372562 410.964635878 167.422032819 -340.82246643 -6.11011830109 382.220625427 -319.929579005 -2.20784800097 -324.374773454 -127.114928609 
14.9826625194 -29.0468425172 266.073200506 -317.513949716 407.592106809 185.924142621 -265.058084117 -117.912303076 -459.285696841 413.782244248 
-29.0468507786 189.020431688 160.167673881 313.168952894 460.340909109 -102.217482726 88.5090431657 -129.032670207 -156.047355082 410.513601825 
187.06162225 283.145119772 -458.951506111 -145.377192219 6.35284364423 -317.859028256 -29.0468425173 -121.376752298 447.130994288 441.640168436 
-29.0468567685 310.11832728 -391.558604714 460.554598091 -46.3958169791 -58.6831842857 -419.900471157 -4.20675339429 -319.549362787 392.345391682 
50.3695366627 27.1208895851 -28.6332920644 -459.050719143 -243.013847106 -29.0468425179 313.937198619 280.559278835 451.209684819 289.625579237 
-29.0468447457 -43.4885134078 -263.65193783 436.510161426 261.980278145 -62.9925591985 -405.079077327 444.011358161 211.140208564 -29.0446400558 
-73.1807133625 -274.378375065 36.2275913848 -29.0468425173 185.561301909 -295.989496342 415.022042884 -436.071522065 406.487432009 216.826144784 
134.717500371 392.09320197 -313.253161135 -62.0242477093 375.873457794 460.637122886 164.965007406 63.3974727117 -142.951008036 156.747344689 
162.202050114 200.406806323 -432.022593746 -239.133434459 -209.08629896 -4.96318736277 308.262013059 -29.0468426403 314.615272827 -403.737179936 
395.212430998 -29.0468459462 -250.16895719 -30.4271449431 -318.673297463 -53.5830986723 -2.89399030401 432.480453282 -458.048302824 -238.00032527 
-29.0468425833 319.725276383 410.573640393 -237.477440244 -452.986276069 -1.20990388232 188.581985357 -318.144509357 -69.7784873732 460.332010585 
247.55058976 450.113786413 358.631450401 -135.331572306 -63.6852048872 141.424218873 -109.781670791 -456.321164166 -29.0468425179 284.484085475 
430.113827249 -346.860559365 -375.202425454 -95.657621919 29.0468422933 110.199809411 -104.058748947 313.654384833 335.988926746 127.376426586 
-102.629523986 188.106584961 329.561413062 34.7590023191 450.205145933 -458.604991215 -29.0468425263 -405.381440153 -316.833244088 -208.905805781 
-175.349271527 455.094039039 -118.675055011 -458.878672305 -313.974438204 341.669706955 34.765360895 -290.56797342 28.9991090701 13.0751117713 
298.788653393 -42.4355779117 -460.252623368 416.767298929 -29.0468425172 -257.803746323 -193.086178141 26.2139989523 -240.464656731 439.143731462 
-46.3370372286 -29.0468424895 -411.397096209 307.942092435 12.5155661932 -312.649827954 458.114784355 -94.7392290826 -383.055229765 203.202666691 
29.0468407213 -457.723026945 -108.939911909 -195.169468346 -191.97225642 -315.951279828 417.89687463 7.44261638519 299.152796485 -412.484574555 
-404.16314666 -459.619660057 -165.690574384 388.875734801 -116.436846621 -177.992520761 291.435938597 -29.0468425171 459.517671369 185.301971149 
320.099471057 -430.618926944 -348.470498574 -7.79986871941 459.997762946 -143.932996915 406.925211973 186.523564493 -29.0468425193 -211.340951937 
-51.0810307958 2.24129477463 -29.0468425173 -355.331073277 -326.982770296 165.576771332 -35.6492797988 452.748591924 430.436464609 219.729295639 
79.364837225 305.369319604 452.009749835 29.0468273446 -446.16283915 -302.720339642 -77.3011358966 203.2873558 -442.597126732 -29.0468547499 
269.413702816 -29.3065823774 307.66013594 -41.4838204184 -437.505485651 83.682532355 -415.464792949 457.396226386 -270.85100569 29.0468146581 
416.343781071 -29.0468425173 -29.0246674054 -241.020535044 448.056990519 188.476791097 187.273318779 -406.650690179 -168.558989017 -459.35493443 
-457.79418858 309.682341202 5.37697639298 64.8320310499 215.961834077 -318.580118148 -29.0468425251 450.617535147 -67.9227605291 377.165421396 
461.11818225 -15.1363978974 -319.572103792 -3.95723303213 -354.74002402 379.93609976 -328.091176035 390.75622594 -43.7301550948 -28.6481233001 
-317.179694995 208.293775482 6.22010619489 -30.3243497532 -8.06617043201 -458.951442124 407.499758649 -237.264043805 454.949839361 -116.512510969 
187.426963037 10.0724289046 -211.08886919 460.193509946 -209.109635551 -429.023764455 -5.08326472943 408.945716257 322.496854648 -29.0468453945 
241.524700579 122.693370551 81.1751480118 -34.9937792453 -29.0468478857 -446.76342332 -442.00293637 309.494715096 453.081292184 23.1365313199 
-318.944345248 387.762339226 413.258857681 -0.53758560908 -39.2916429566 -459.288809716 174.185882276 -89.5852242542 292.999581701 -43.4560971556 
-146.189335314 -356.271644265 -25.7192057057 307.70834613 63.5462829424 -159.74259641 455.077377819 -376.667399302 -327.929341995 -10.9674894687 
-144.788626444 -368.80546665 -178.173465055 330.843915272 -140.22543661 308.536405209 106.847268987 320.939516769 96.7090828715 -1.93826216416 
-59.2490410858 71.3698519022 -215.628791676 151.40012698 -33.8280935891 455.464486843 31.5402322288 260.640313479 291.80716249 -359.024068607 
-21.1535141774 -238.831395299 -318.204172618 -47.8116111495 -318.963623109 393.897805717 -28.8096110751 431.263042216 -3.06485672602 -458.951374481 
-188.57226198 7.1637858411 -207.768970787 -29.0468425817 186.698935009 -407.94198414 -427.818022687 321.596273935 17.3518621169 456.845924666 
-142.951006605 -62.7622934193 66.7258415298 296.169891413 -169.662062205 27.7594584417 -421.005616841 462.460753612 393.803741516 161.343977838 
-445.953313672 -442.804834774 84.2752377803 -29.0468691254 304.796882428 79.1210416027 462.255543381 27.725157301 -217.748616183 -307.059980134 
-223.186562083 460.238317388 -36.9727600413 187.453714505 315.888168489 -8.57095613979 -29.0468425379 80.6513109167 308.322333555 -443.254846077 
196.261516137 -126.053397566 -29.0468425167 -99.148395905 316.762761873 -367.052474889 -76.6166625477 440.968392633 92.4703221348 303.054862584 
-200.905618569 456.956282618 -23.8985803473 -275.154375006 29.0435124702 162.816333559 -417.006229078 143.252658965 -198.268018209 424.4797332 
-317.056463663 -63.2138359294 412.682788887 -313.495521578 -1.56991340554 -237.546599997 -458.965210391 -11.6432132413 454.86467436 -107.976696475 
295.157935228 288.169830975 447.465650715 441.310494708 -29.0467692201 110.432084227 -29.0468425672 -100.567697837 -386.152915811 -57.3886356792 
-331.969507012 -156.260653594 -29.0468425918 -376.459329263 -27.6048733555 283.436392631 -360.311514167 455.839675618 405.377181111 -71.1348684203 
-8.22461806546 96.4763061149 -365.561870398 455.512315896 355.868141069 -107.161082598 -83.4013556685 -115.473916474 317.482172613 -337.220331843 
321.730208195 315.932537273 -235.930528894 -428.302340219 167.80159272 -208.965676319 -29.0468425172 -6.87028075438 22.8687116332 450.071409114 
265.758482975 420.486682217 185.782842408 -126.853935251 387.065031316 -459.027097346 12.3330039948 -29.0468425309 -239.179610985 -318.376681499 
-175.710709197 -318.858718307 443.00953367 -458.345644737 25.788358567 33.1084184263 406.05894315 -118.514106706 -292.962681771 -4.93706998288 
-126.370087441 319.597166765 176.802590058 -401.708971234 434.009158483 196.965148715 452.109524836 -374.989193879 14.607368547 76.5558860786 
-269.291967464 29.0468394742 -73.9140368459 197.044840187 330.973764006 -411.063338327 -48.3883247345 -192.472288109 413.832825046 -26.6770817543 
-29.046826516 -422.815015388 -219.803662276 307.909517606 -64.9707534009 -396.394134519 393.477272165 29.0461060526 218.292192806 71.6785059008 
-426.466393617 450.324037592 -204.473302284 206.111234432 313.840529655 -284.694697346 -14.9611741756 321.442985874 -2.19869206852 22.0228877941 
250.188294819 10.0385597702 -313.343097343 -461.641566218 -321.409395688 14.856027851 -96.004039615 357.587734947 460.406083634 -132.698579252 
-240.279869742 -216.224961195 449.467021772 316.687969685 -14.0722930226 -435.913291342 104.717257599 -108.478286086 285.878495498 -425.866258167 
-317.460604436 329.184715941 -9.95528870155 -459.231735738 85.0415554985 -96.6116970369 225.411998671 -319.980915902 -101.950680143 445.619913599 
152.444500052 -459.205838239 -14.9859022824 308.956619152 454.032362853 -306.142154921 -318.482155544 -29.0468425172 -239.425860163 10.664486069 
344.704479647 92.5453945317 -345.400866693 9.31156646647 56.1274163541 -128.691090627 -118.939257592 -193.736827223 403.685852646 -322.523154347 
29.0467841896 259.669304244 442.052982876 -192.082838764 293.90383671 -129.850226628 -6.87332372404 44.7549493528 -157.179733387 379.054497265 
-180.725961192 191.839902469 29.0468268035 -228.890330662 249.801698614 -193.731138782 -209.069387504 22.4474331115 221.439634673 418.173392164 
38.1531463252 156.045318836 7.17938547015 -28.0303636268 -225.93351678 460.530414782 317.96046574 315.217111573 -393.035809101 -244.213922854 
-176.017455616 228.292912 252.014587619 -385.22060475 -29.046842531 -385.73497824 -99.2518056236 446.334976294 29.0402848326 311.784490333 
315.075951979 -98.9383800874 96.9898507155 -43.9587031503 -9.02535390343 -101.810534682 453.22616341 -319.838197337 -427.032818158 432.181492445 
-281.2852291 29.0468418711 453.717755861 373.006163512 238.861172223 -241.976746722 -458.957639261 -98.3474184746 -5.72569854544 -319.117362958 
-451.955346638 315.36256238 35.0040434316 10.7603403137 206.916742056 -29.0468839609 -250.219652074 385.354394158 -281.406182188 29.0468163687 
-419.900011575 460.554491899 -319.549459093 -58.6836868276 392.344854523 -4.20601711537 -46.3957719945 310.118551919 -29.0468425405 -391.558145132 
325.510096999 -29.0468425175 -356.005981333 310.594880811 441.478622994 -37.7693543616 -25.8181670217 -158.529645137 -379.104893659 -329.24838605 
9.78922313918 -134.305712496 -0.882216466135 -324.688803617 445.692307527 379.534840629 -352.533659168 -317.665215528 -23.0687354385 246.678505543 
196.950852607 341.131026202 -458.958037274 -29.0468425484 -170.687120885 24.1172851162 -318.748263056 8.84073929795 440.46003821 275.427965776 
205.247095897 -238.540123912 -25.7933509501 -456.359543564 417.254751232 -29.0468425173 192.969426167 -268.724160152 438.63176334 275.139502833 
156.89284455 -237.6657124 454.71828411 -8.34505116429 6.84669325201 -459.688273971 306.216595211 -308.416405001 -29.0468425172 -315.050050427 
-382.895253675 308.939027499 29.0468209847 -29.0468425172 -240.628295784 -91.4933632308 146.99068285 -163.391510923 395.095880345 446.539330949 
453.990436028 -415.606528452 -207.139933202 -427.028898401 29.0467932301 -192.095662391 -98.5242006012 -319.615879807 430.936864458 -8.05368095077 
457.626688085 -29.0493601838 -274.448567148 100.317160532 29.0468425162 -235.162738974 -428.897569101 276.692231401 -246.106619484 -50.3128311311 
405.378718029 83.1864597651 -98.0115922359 244.129097111 -434.461381905 8.48245663066 -69.6696512372 448.354455907 -105.960004655 -314.465873165 
-118.153875205 309.34221409 -29.0468425172 -382.850995802 8.22845441702 310.705522431 449.65013416 -411.19286215 -383.901125602 -162.843516728 
-181.713747125 461.537828572 -18.7334376411 35.0006327547 -107.280100753 -324.524557536 110.411827651 -74.0969513425 401.650058704 275.068370257 
122.234159468 448.285607548 -65.4511950125 -352.961419772 212.543736045 -457.703952472 308.181387219 -108.368449911 -29.0237228424 -29.0468425174 
33.8708365585 24.2114010203 377.113741618 -125.698705833 -457.622455962 -29.0468425182 244.546007167 297.635160641 -316.856092615 452.552003586 
-218.128076852 25.8703030443 -321.527055969 -38.8265411217 -123.985836399 275.801078203 375.148445827 28.6723304119 404.786315296 176.644400655 
303.203213958 -156.708823446 442.557180112 444.39139534 29.0467844701 -306.882354964 220.060863383 -129.642960443 46.6329862231 65.5250502006 
453.238824068 399.277083407 -70.9527933743 -117.490001046 -317.484373164 0.176176343454 -119.676520645 90.304282333 312.126075782 -442.69039066 
386.292770314 -387.467932828 308.37221559 -272.189313019 -43.2172472215 -318.013489579 457.21340004 93.7435383635 -4.75591636468 -29.0468427406 
-410.529314698 303.661214728 -29.0460911479 -42.5444199354 29.0468390865 -191.77788181 441.376191902 194.023097309 -265.515210182 -255.229534643 
208.693395356 -64.6507032125 265.973845976 -29.0468485251 23.0805005574 -222.817936726 -458.256068176 320.307128741 -29.046857108 448.596894879 
324.106571197 -3.26652896515 -295.053424569 -203.561594646 126.785502604 309.467669773 31.9423837467 -423.895585431 -371.808971064 -29.0468425711 
219.631486305 -461.834546126 -165.880950424 86.6824386825 -139.185447616 398.326551723 29.0407133627 -310.271148549 -361.050535252 441.218800974 
-16.4382333151 -29.0469213324 -195.359418081 269.746535237 446.754508241 315.875241341 -363.208220262 -29.0468425171 306.336705861 -223.637928065 
269.607811915 -3.05928069431 -62.0083247268 388.788485627 -319.211698794 392.941601288 -56.0331231546 -459.713547866 -29.0468425173 -318.960182087 
-171.293868437 461.768788147 -190.68901759 104.18268417 353.881655242 -219.932662585 164.592756722 77.6214619888 -142.951006585 73.0399394958 
-328.447787858 260.380851048 -58.1796034535 412.139822396 -377.839280089 436.261536882 -18.2776529552 -125.773142516 -356.789744784 -14.7006078138 
86.4482734633 28.9693931943 -349.179870977 385.913986741 -321.163540518 393.712302031 -322.602493348 -139.220093928 29.0468425105 461.819340697 
187.662899512 307.850614322 -22.0704565291 -411.883586353 -194.44576144 460.348818998 9.62065598992 -383.729098303 -29.0468528085 410.460201223 
29.0468147171 387.725306126 -138.436836159 -26.684770528 462.030237739 -427.30770837 61.8807999492 298.423636509 -227.230955381 -251.678151334 
4.54880681641 -28.7208676449 -29.0468425173 -447.53319058 302.06901538 75.5180402602 -227.099732838 302.411869048 461.28756445 -306.880091999 
-75.2277004941 -14.6870202824 -24.1167167074 -319.340541236 -401.993233605 -430.335099923 -29.0469672851 439.640532794 281.02752556 448.466854116 
-12.7674596601 310.466776171 -170.473947844 189.641089704 -29.046842517 -390.640394594 -461.460416144 453.423904855 313.149732221 -154.170250855 
264.232683826 319.451424844 -289.315881674 -210.825016225 -213.015826686 -430.843422237 2.89771639356 28.6479238115 461.103430645 -5.70430393796 
-420.896132063 -3.85426127099 -170.893680718 454.221134386 311.476868145 -60.742323302 -29.0468425175 309.952955265 -392.55426736 -375.865820241 
-459.910893636 275.780327285 -15.3775730893 404.846455679 -265.227456158 29.0468300712 0.310535791561 -323.0429753 -132.264514596 393.459000712 
208.998453462 -6.08039780616 450.033691332 -264.515134688 -234.405092446 119.222144523 -223.438681027 395.923086246 -430.927969895 -20.594057862 
430.698557536 109.587293249 164.140955832 -240.455761554 191.998783801 -29.0468425949 -320.20244713 -461.974194126 410.524990744 -51.5951125157 
-28.7540243105 411.649848664 -391.426071868 -317.397017768 -459.168764963 1.27870561668 291.76677064 -89.1519415472 314.269112448 -116.252795415 
-157.858348458 -307.280853749 -447.846578969 461.229202835 308.882626561 83.6725422122 -29.0468425211 -29.0385156402 302.616820122 51.903477763 
-46.1840300665 390.367731378 -1.88588226456 -319.066060442 -25.4167736505 -460.788653097 389.119237602 462.528698163 129.76910916 -320.434876106 
-100.164106811 -461.679833873 -388.67883682 269.263464759 -8.40907338853 310.549605509 312.735081256 -37.5163315111 -29.0468425166 454.362864121 
308.644073828 224.649428607 -348.055971191 3.49465827352 -323.579669948 79.754696209 -220.766473023 446.977974311 -36.3070772488 124.412849875 
459.543318588 415.929246385 -433.459538793 -160.605955397 -28.922913278 -448.065770965 184.700350024 -0.558634695059 318.895659154 -214.893032883 
320.207841918 -209.71807268 -212.677142872 310.485775521 -430.113831313 15.8047654415 461.384183221 -289.19634482 -20.7143874568 -3.72401974025 
-326.242667282 -29.0468425173 5.74189879683 381.31467314 444.813869058 297.034284348 195.78593545 -137.504558082 -151.345743232 -354.784401734 
307.347840033 311.149767955 194.84949802 -411.842433977 459.122706513 -29.0464409447 -46.6407294576 -29.0468425885 -383.500567537 -189.528766602 
461.992298443 -29.0468425172 295.430882428 -226.791680622 387.399006851 -427.14028832 29.0465255178 -249.849269717 62.2607102369 -138.14881668 
-204.221892949 194.470769436 -223.295291506 -414.082862514 101.347722339 29.0466547014 307.506779518 -29.0468672606 -383.635387936 393.604252361 
-111.774915946 458.938019788 -307.051378705 -212.522815523 216.272117241 35.0994548136 -230.465913339 408.340619906 -19.2979110604 -440.552152613 
445.527468303 -22.0882119751 254.165052675 -31.3128001198 -353.476886981 -325.1349589 434.528378979 8.96790422547 -374.763769897 -47.8664312181 
450.238061448 -29.0468569001 -62.7331139061 -29.0468475503 -459.311182185 265.883871806 -269.490402228 -401.953520721 -50.1612510689 437.097036639 
-195.366934472 421.525270952 377.066548792 201.512902105 -440.724541563 -2.76741335297 -316.746478707 10.4460492846 24.9015460378 -412.383883378 
-139.24420408 29.0467481497 335.39852391 168.646999169 315.479721818 47.6483259144 -216.772459108 382.301103602 -385.059282052 -190.163673496 
-372.310485372 95.6141554391 -169.571028 53.4234721762 -460.255930854 453.754222081 -221.838187893 140.508313718 65.0849091622 -125.730697066 
410.686632424 -331.609014366 142.715205004 381.787339576 -28.7273402592 192.460382488 187.842058089 -86.6824511003 -115.845032299 191.057183419 
434.339353834 -98.8045578931 264.753197628 -40.3098476025 -29.0468425171 -382.776188702 -8.13621525896 -319.479647568 -408.967517467 300.384698629 
55.0398215449 -171.294510441 265.788909828 -142.951009498 -191.301332983 372.568437661 297.646869837 69.3878762121 -220.08597653 102.6384632 
-120.645800276 50.5331493239 98.3118167555 462.461825682 393.794711195 268.837583901 -369.060535567 -159.026234172 67.6765799179 -460.056672091 
-132.277937797 -324.121664703 12.780246948 -98.023917536 -352.162227205 434.223884986 378.726699973 -6.52344436482 -318.86004392 190.041317364 
29.0460263411 -387.744519514 313.338012817 -212.972799625 -433.726948208 284.024983454 403.329805692 -15.359740087 -244.322468024 -29.0468425168 
-25.0004732812 -319.291340361 -4.47260743793 -256.203921964 -459.969678823 396.340560278 307.857681503 -129.670151357 51.1854597301 462.160001211 
-96.5374036429 8.1856158678 -393.380125667 443.785591093 -29.0601263199 -75.9218904364 -313.904217668 200.671234726 309.691782572 -421.721992116 
436.597489593 -72.791166707 270.705505939 -29.0468426821 -459.172539499 -29.0468164097 -318.00642309 34.2195849627 308.925202024 450.539542207 
-425.287138038 -29.046842884 29.0468411413 294.060855086 -81.9290315555 389.998588431 -222.728095269 -283.515470122 462.293911975 68.0459407774 
-212.164454574 -409.520634776 39.0263885719 -460.488264702 435.939861313 -190.03078537 290.834998228 31.4376420798 -241.051468284 -2.45172054479 
-329.421929399 -55.8190868575 -347.098421471 117.74255639 315.007247342 337.220934132 -1.09478664545 -196.731613957 154.343711236 -69.7593906394 
449.443723921 111.649660881 104.567707367 -61.3165006556 -392.205249387 -252.158282986 -28.6502745062 265.224569132 313.65361453 -110.736621427 
5.55890599762 -340.305687146 448.065771028 -27.7625824911 305.559734061 254.317455945 310.901684522 -59.4667753485 -81.3818357664 105.303766799 
-321.642925838 428.860784719 199.968401307 386.280861992 142.95097229 29.0468424921 -131.468828324 -69.7612650317 -462.166823604 -243.154992086 
185.501913894 -1.8454765374 414.40543702 -447.2631648 -229.488930122 -433.332998702 -29.0468425233 318.853939449 -214.706267575 459.766703846 
255.763607005 -29.0468434489 -13.8619752868 -39.158127621 -216.015480508 -323.303626746 -350.109148339 229.554072173 29.0474536065 458.97677002 
291.362368386 144.14823578 -107.055387607 -262.257905019 -184.903909742 455.967956408 -403.819450181 -29.0468425166 27.2993094717 359.970313455 
53.5196267111 459.755914728 -210.828462111 -221.625776146 280.109697168 320.457629566 -29.0468425344 -9.07386689112 -430.117459552 -441.84874547 
381.249386316 -414.548905173 139.342437412 461.29292486 -69.5585123479 10.569480895 309.706025673 85.8831445987 -316.657071218 -66.4835432903 
-94.534055593 -422.272390098 -128.180794056 435.036913138 -395.347942373 88.584410209 451.484536846 -102.121980856 103.333221486 316.288421003 
-356.540739408 -309.168459168 356.65873331 -165.458883328 -88.5301186184 52.9675209013 -383.871846643 459.354867098 186.918136762 29.0468186181 
459.780767117 185.554261693 319.679048362 -229.424331039 -433.506109621 -447.191803417 28.9526161926 -214.881676691 414.309688948 -29.0468432227 
224.628550038 -29.0468442784 227.995987095 -86.6823978126 -5.1786041901 135.195634952 462.178809403 364.304957891 -341.531560047 -37.6956098795 
-63.8551492479 29.0467950361 -225.982911701 404.610286586 -29.0386606466 188.299573905 148.682651213 412.947824247 -426.628936154 -284.857617046 
-29.046842526 -408.615042148 386.16592295 -117.353584613 131.383718816 279.758585237 455.446114215 -266.738581724 171.509496121 -15.483811737 
-16.7088948234 -261.32430225 -226.197360491 182.404930273 419.678105389 -43.0106668426 170.820485999 405.378746153 -26.4232402234 -249.784775239 
-202.674324528 204.814462117 -153.296843434 29.0468352176 -172.592497816 47.8687807902 228.751576753 430.013380475 380.034901805 -124.95342414 
220.72434668 76.2077530487 438.820477397 414.420061315 -29.0468439239 -282.94893588 185.552346127 -440.9904947 -74.4842581077 -292.860896853 
-5.12201453373 -212.66778954 319.099721794 461.880213587 -18.0408195813 109.7110687 -319.637653086 396.064583039 -432.34723965 -214.17199642 
314.551173891 -176.217686026 296.399800164 -460.294510024 -396.381862175 -20.8281557372 447.466796912 -28.9578680285 -5.00161739592 -319.683102267 
318.377973652 -29.0468966289 123.687835916 -434.870708222 262.309901997 450.113943364 437.302934332 -409.594817369 -218.411152178 3.47599774511 
-142.951008927 -458.971290187 163.875466845 76.6806447684 -255.254807102 -243.419459445 -58.5382565974 462.201056354 395.993131117 303.463712059 
-457.833751866 376.914782802 309.75551355 2.7776260986 -318.630712031 65.0983436225 -68.0702019791 216.123011748 -29.046842787 450.659880513 
-45.5224752237 213.867312157 -29.514060699 435.975637634 -217.392282276 450.91552061 -434.048898451 -418.256627597 29.510391815 255.371059958 
-27.9553830219 -326.120744522 -375.747649139 -33.3971889748 -29.0468425171 270.219888853 445.954965415 437.839607281 -51.1671121379 -354.462680745 
-229.020920282 -211.063070528 -10.5124506169 -399.297958964 -427.943621541 -10.0367817766 389.643340072 462.252780953 314.254338026 29.0468386107 
127.199317014 -29.0468425693 444.47617614 284.350979934 31.1861907758 -57.3887174853 -409.611124188 -192.735790697 444.275644434 -190.897174065 
29.0468245981 -283.179877068 27.468000489 311.936948586 403.038797181 -222.32796299 449.554013778 -424.951466716 -27.6112730345 200.541236899 
421.281675763 41.9653532572 -17.5055041737 442.442764437 49.5700851846 -146.615665928 -173.064422114 -101.665666745 179.602616388 -323.397503935 
-372.475882097 -62.4643861032 44.6576632845 -29.046842532 304.056363804 -405.28091928 430.054173536 236.681037493 -20.5040741178 269.816338377 
326.274730655 -201.755330482 425.023911955 -130.593297388 -36.4255985433 28.3045180637 86.6824414934 105.243162037 -376.812068082 278.36453417 
-24.8526830977 445.120513325 -459.121032189 443.632703956 -76.2917903314 -0.799197283578 -317.850958893 -317.349285317 190.546228913 -29.046856749 
-376.754914732 49.7540122053 -179.435062987 7.30804405039 -162.29159172 249.409122033 192.535625385 251.17890882 -339.881692897 -43.5135872078 
-362.349233547 301.973971186 421.919526653 113.500047432 -316.581562991 -390.691099947 -94.9831011001 -40.0014261813 -29.0468425172 0.698642519857 
459.233038405 -316.919761241 -8.68369085949 321.379694389 -452.622552612 -164.677362918 -0.872841773472 -209.438533326 -4.56011013453 -428.783322994 
456.840177151 90.1278115069 -106.950230703 -357.494663606 -86.6824522004 -80.7585805274 237.706082368 230.189797544 114.837308634 -374.23137867 
46.4022634296 -86.8987583693 -443.67253943 317.23377865 -301.901423012 -29.0468425172 462.599049698 308.204232383 -81.6608010034 80.1772445363 
-12.8463044183 -408.094056806 156.492423945 -194.501650668 -360.455103472 -28.8809608881 430.517515527 194.320928461 -388.79852277 32.4564637251 
1.28458017966 -73.1404868185 453.332766106 -319.018682759 -29.0468945706 230.784968718 -36.2861693574 -392.060341609 275.514738523 381.882827114 
127.155504229 -2.18893629373 72.7121530082 -138.034624119 -316.597977671 408.918219772 -317.42461087 29.0468239564 -344.939844115 370.360576213 
-238.948733646 197.348036737 -450.627891476 -423.487567792 59.9870368497 -207.88231008 29.0468357919 -29.0447209835 414.055944712 330.995288207 
-458.24746941 -316.475722313 -103.050806728 21.9905159352 287.283482745 29.0473432913 441.22261228 -237.644197478 320.022405963 -29.0468425268 
-320.811974425 -124.412302485 -239.179334868 -318.043024015 442.848644235 -458.821414946 406.042748822 9.19356791801 -10.1656357649 -14.4924627298 
-167.358621528 -385.867686002 -29.0468425244 69.3705280744 446.172038867 307.083233647 311.687096748 -358.818704371 -29.0392085083 199.088041476 
-216.219042962 -240.28778038 285.94110965 316.697935577 -425.857668097 104.723784559 449.45132909 -435.908302151 -108.484331191 -13.9028016702 
-426.477554044 -2.38691971238 450.318089346 -15.3596720063 206.067166999 -204.484867437 21.8743376782 313.811679854 -284.705859691 321.458499775 
-103.522577511 446.49407975 -400.850082788 40.2321012927 -459.211288253 -18.601726622 -204.30139624 316.13059579 -317.439541133 351.650949539 
-6.59061093007 223.670610767 -148.32568525 -125.257159965 193.378714585 437.493261649 -205.055848151 43.5742052152 -347.675794799 314.911337747 
-5.00792804081 177.725386726 35.1040893766 -316.280366972 449.241444835 -33.5956961179 -101.600914705 -458.052114123 -320.520041473 430.770079017 
395.07906198 -56.5050351764 -323.385816693 -0.817731913298 77.3917250222 -5.25716272325 -351.151012029 -130.944031004 432.15660856 -317.982216655 
247.266124128 -82.1952450735 3.90329360207 2.441499159 459.998587335 308.781984293 287.802151567 -461.42661063 -118.720308849 105.04161017 
-410.353120421 -24.664058422 205.617809324 -415.344262139 -50.8328515065 423.023839749 191.822657972 219.92934863 -29.0468425266 423.726084964 
-17.1634458469 -191.859359846 428.49356041 455.199376362 141.335783229 -410.369185852 -29.0468425171 -268.422140516 168.790559985 275.91520757 
360.145506624 -244.386436892 -442.754402464 -15.7969174142 317.303670856 -47.9422963272 -433.863624983 -29.0468425174 -224.87073971 458.723126045 
-73.8282073757 187.622850375 -426.388438648 323.019063009 420.392709759 -454.729353459 -206.815230765 -4.84381797206 -29.0468425173 -208.39651571 
445.474033681 269.146798937 -50.4435233232 -29.0468426209 -354.129124927 -32.8651025211 -27.9329987636 -325.787199951 437.496604606 -375.449183626 
459.977027378 60.6332184195 366.068251075 66.250060968 1.21423136203 -327.534235016 310.127402928 -136.97638997 -29.0468425172 -357.353207081 
457.248288535 -314.635193699 117.643486413 -29.0468425171 418.541155416 187.763056323 -235.585874728 -456.405836454 -103.436028144 -99.8546799038 
-391.421460024 -220.135230448 -29.0318114578 -241.703129471 430.113835457 -62.7566468715 210.729744168 19.8767339807 314.023372643 275.255288043 
453.993151885 -458.422024381 6.04657581406 -18.1376445646 197.284099808 -169.887549508 419.475371382 -306.88130756 -237.702244508 35.3812686564 
-49.6791508265 -33.0260079512 269.084260978 437.485215228 -354.003683251 -375.325720557 -29.0468431845 -26.6813819375 -325.661758386 445.433963587 
-351.787051515 353.928011251 -157.570712423 449.699001234 86.6824319969 -27.2189592016 -405.740323873 124.3318784 -275.059199164 -107.45446885 
102.605460339 -422.002615581 -444.563936137 -108.632984293 405.378747011 -113.038181103 443.250460905 6.30174413373 -220.191277145 -315.106106966 
387.421246019 55.3934336885 -415.192912138 29.0468414989 461.994884961 -224.719686559 -29.0467157328 -208.242522488 -426.2758858 281.457014231 
29.0468424057 93.4193686294 -178.275065256 91.7571961617 -461.373033673 -374.908889994 -129.178961916 418.813134381 27.9616122644 316.51576812 
-368.485410463 -147.062290603 220.609424268 413.384583625 -60.0976835633 149.56879376 441.285714192 -29.0468425172 303.799379739 -86.8259908871 
-200.806991085 -165.082609978 -461.733022677 -136.424032751 114.780380826 396.967724767 350.482158192 253.500688668 86.6824390876 102.448542825 
-29.0468539208 -71.874288087 -84.6903501383 -405.984492796 451.070837945 435.719121796 276.858443272 -29.0442157096 -434.073305292 249.312161625 
-69.8565431389 186.488982324 -29.0468428771 131.437425476 -121.34930469 457.634290537 -263.119690107 104.972320565 344.865757662 -457.75423713 
107.174324029 185.992706474 447.772245591 414.645970263 -268.80303394 -451.332532359 -62.1484758042 132.100977882 -29.0468425173 -205.364084653 
-89.6361564424 -312.264922172 78.3360648292 73.8172441102 462.556771016 296.217042667 -142.951006618 98.1858835211 -454.036152001 331.534050455 
415.732834419 -255.285081391 -456.588707224 29.0468292892 -221.082205913 -236.295113048 -29.0468440436 265.839704776 189.747127831 411.866588139 
-192.764477424 29.0468363684 -103.646699727 203.130860994 458.912777762 315.317913173 84.1460716563 -134.272104087 -457.621961326 -416.666126258 
-4.21292291198 451.417573583 -458.534583397 -317.964490505 44.7584188109 -2.10554603484 208.971488598 -207.292584562 -13.2272476718 313.958538544 
-29.0468425172 -249.352048235 -391.94262787 185.971838809 -24.6247074529 458.923737461 -101.740759343 -461.133285425 314.033384624 309.196116695 
453.974197257 -453.818269923 -425.476403483 -14.5876075105 413.271591142 202.382349345 -56.4630829885 189.268467057 -29.0468425217 209.081845466 
-377.722343083 -46.5075452797 -384.667670561 310.569699271 307.415399847 -413.009537005 -29.0468439807 -42.2933971991 -26.622360568 459.372002707 
-320.674042116 -135.074033016 137.114068851 461.791690623 -8.77845078613 380.2061909 -460.428117714 399.473538834 -168.552153125 170.291374256 
-356.253901424 113.738711011 1.71479042856 337.2202817 461.74642839 101.502439822 -327.91203502 -23.3620623413 -323.155068371 -159.83363037 
11.2458199773 -428.964163256 -230.160818865 -3.22936486292 24.7440726969 236.480142378 -427.34800492 321.085161252 -205.478490183 395.726546187 
-127.791458645 297.010586954 61.5232900362 24.1946454094 -10.7546006775 -184.852318427 296.424212787 428.017408537 448.486393718 123.646339116 
