1.06149119909 1.00586477133 1.04318924831 1.11716746146 1.02933105128 1.02454042921 1.09747555227 0.972216252929 1.00559581292 1.09859846136 
1.0041064848 1.03410293459 0.975805002888 0.977560955842 0.979925626047 1.04986540819 1.05649578929 1.03308605047 1.15912232423 1.10083903422 
1.01928206844 1.0977374929 1.07870108392 0.963435921134 1.05655702569 1.12686149546 1.05247160349 0.931394139543 1.08127124968 0.983985360353 
1.05875155024 0.980211156591 0.998580232487 1.12813653502 1.00840889418 1.10888609507 1.05932553739 0.981738539862 1.01920017576 1.00174747921 
1.06883716731 1.15031738372 1.08195365024 0.959891294538 1.05459652375 1.00047873813 1.01786846707 1.05235961601 1.00456172361 1.01262439309 
1.00737614692 1.02847047734 1.00479884114 1.17990110946 0.991267191386 1.10221481985 1.04710704275 0.982634149141 1.02718049956 1.04155147191 
1.0667754116 1.02199348623 1.01593138068 0.965318162747 1.00562768201 1.16175569316 1.0180670648 1.06521428966 1.03966743005 1.07616506004 
0.923773677359 1.16351650085 1.07546808333 1.11425830402 1.05244479964 1.02894858643 1.03082318928 1.04424213578 0.978122469359 1.06993422427 
0.989326081653 0.971494478879 0.966542029809 1.07796649827 1.14606411199 1.07815300135 1.0544751664 0.965787607764 1.08869728131 1.06826331782 
1.07113978971 1.06621803809 1.06845511644 1.05792620534 0.993852830464 0.996226414479 1.03398807176 1.16160322544 0.961517619419 0.998856779719 
0.985105495091 1.03247592032 1.00598744504 1.02264511944 1.13460641537 1.04101235641 0.980836518691 1.06096466871 1.11034865987 1.02844130042 
1.03813331416 1.12343842597 1.03543652221 1.03620661154 1.01648871605 1.11059278401 0.975165657145 1.05993884002 1.02614127087 1.10170469412 
0.998917336023 1.07362274629 1.16863294981 1.06306235458 1.0619031436 0.979107938239 0.980286715344 1.04416217539 1.02973103818 1.03335921467 
1.07616112677 1.06869658999 0.986782737967 1.0227865393 0.947720009716 1.00884860914 1.1344658811 1.07886774125 1.01811658975 1.00913509138 
0.955722829149 1.02621504854 0.963919812171 1.05596783663 1.127413362 1.10467394025 1.04038735433 1.03325663578 1.00475423132 1.04978235169 
