45.698692026
46.1616923391
43.758873146
45.7551132821
45.9930099699
45.8593837323
45.7965762898
45.4556770256
46.0352470256
45.5360395927
45.6563875069
45.4634136815
46.07510246
43.8550767936
45.7818837329
45.678677204
44.4417195257
45.8637785242
45.7220278388
46.1390293114
45.9994985448
45.6279865327
45.7382221001
46.1499341452
45.7272700165
45.8685381095
45.7791666678
46.1496154201
45.7757448138
45.4868329868
45.6862539064
45.6783976367
45.7223686006
45.7489962846
45.8294821494
45.8609962957
46.1209978368
45.0821186345
46.1455230226
43.4413032585
45.760034778
45.8281620321
45.8725113196
46.0246064734
43.5731421054
45.8163908484
45.7568204425
44.4332362639
45.8529860002
45.7336871204
46.1232816726
45.1691403603
45.9391342678
45.911266713
45.8294820465
45.4364211221
45.7818836864
43.2504823308
44.464933682
45.8450870071
45.659495331
45.990070783
46.0825873318
45.8425148501
45.8725382601
45.4027551392
45.9664363178
45.874616943
45.667043059
45.8897446958
46.0329797911
45.6107772492
45.842514562
45.3509581713
45.5448831599
45.6734656103
45.9283096304
46.0352470262
45.8638624059
46.3164408164
45.9744796935
45.7396286495
45.6723757402
45.9036773209
45.7686322913
45.6068438429
45.9142462173
45.9879018232
43.5983341761
45.8725383779
45.9482856666
45.9454385042
45.7736010914
45.9021577594
45.678817441
45.3810665221
45.4191323191
45.6477267064
45.9142461827
45.9010010845
45.0414247666
46.1401076379
45.8725247572
43.8615704327
45.8931422784
45.7241287386
45.9187087828
43.7142239624
41.746958978
45.5380924215
45.7194110712
45.7607822564
46.0609735342
46.0113518517
45.868590138
45.6229667678
45.8966314949
45.9309020934
45.4523609768
45.5446785523
45.7952980479
45.2889058877
45.57197851
43.5883213297
43.2921811702
46.031008835
45.9037711549
45.6734441409
46.1784726539
43.6658768317
45.8643060388
46.0398691518
45.4991690065
45.6584432031
45.7194109572
45.591637562
45.4895714178
45.673466801
45.6304088845
45.6531273223
45.6531273237
45.9620227909
45.7703968234
45.7560112759
45.8935809705
45.6563125609
45.2648206211
45.5994861194
45.5268366688
45.7272699952
45.3209606626
45.7026811035
45.6635281217
46.121031904
45.5123408105
45.6412551961
46.0239174601
45.6280789038
45.8748993394
45.9179586593
46.0071003618
45.9136468994
45.9136469179
45.6150613241
45.7941746922
45.7375304404
45.6710752809
45.9142461978
45.237108852
45.8355602625
45.8395776419
45.3513248448
46.0227566018
45.8618701699
43.0051426244
45.8328652629
45.755114882
46.1083827789
43.5323502088
45.636573147
46.1083833637
45.8712893816
45.682311158
45.6082828047
45.5690198136
45.8539758938
45.8232335359
45.5787694043
45.8726097817
45.8952114759
46.0210536693
45.5819686402
45.7638847753
45.7372503302
45.8983585736
46.117486162
45.7715804314
45.6530933831
45.7854653865
45.4778008692
45.9809715054
43.4732718395
45.7034986248
45.8701287844
45.621981561
43.7932088326
46.1183868179
45.98540513
45.8788862752
45.8725383195
43.7515374178
45.697229642
45.8163908632
45.9459252824
45.7802417838
45.6431644639
45.895394532
45.4003023864
45.7394352617
45.6446738581
43.4614637737
45.8905905907
43.715099408
45.6760639477
46.0041584113
46.0170721391
46.1499351795
45.8906692894
45.6290155357
45.8431846963
45.6606803537
45.6710763109
45.9011912302
45.8294816315
45.7278690909
45.5148247511
45.7404530445
45.7816886483
45.7407883652
46.1032445808
45.5183348589
43.487316688
45.9137345726
45.5426293781
45.760038193
45.2478979288
45.9003762441
45.8448778851
43.6188134406
45.872538812
45.7746009608
46.1430086627
45.6256740522
45.7600387078
45.5194081804
45.6537384242
45.782395116
46.0291066059
45.6959350604
45.8576624051
45.8606783415
45.6235128829
46.03315577
45.8423937687
45.6280788839
45.7982351763
45.6734666749
45.964419692
45.9752599491
46.026481838
45.8860741285
45.458793409
45.6040562883
45.5901289138
45.7957311898
43.7417718476
45.8629427186
45.610519527
45.8888323258
45.8550243661
43.8779851578
45.5990464097
46.2642075555
45.8539927324
45.7915376733
45.4600404491
45.7236607307
45.5977733823
45.8539584368
46.3197706597
45.7097568277
45.6468077817
45.6455982041
43.3615798493
45.8788864785
46.1455229111
45.5126652077
45.3996162465
45.2389074971
45.716521297
46.2073215294
45.7836809842
45.5286419486
45.692317999
45.8335032822
45.4532778638
43.7681023705
45.7551106182
45.5934496915
45.8395978418
43.3990259991
46.0233290137
45.8949228842
45.8123640093
45.8118132988
45.5953519136
43.7596608838
45.8456149957
45.9497763761
45.9340814383
45.8857944174
46.0046219597
45.5863915903
45.7402489406
45.7068950001
45.9477222597
45.7565744605
45.7041687102
45.1483871034
46.1430086571
45.5372019659
45.404926127
45.9866284532
46.3197282299
43.687595923
45.8432222882
45.8725222933
45.9592445145
45.6491940364
45.8609960694
45.8724749984
45.987807241
43.3959158803
45.7411605492
45.8081046465
45.8624883245
45.9684465742
45.773856982
45.7526178792
45.6229588178
43.8859757335
45.8629416913
45.531194336
45.3431636996
46.2626752762
45.8788861683
45.5503639571
46.1430086444
45.5883850858
45.9644222992
45.598267474
43.2091355171
45.3162066028
45.8270104365
45.7602861791
46.1784864988
45.7236605132
45.7711208537
45.8502101052
45.9216191955
45.8792105488
