1.16543039938 1.05218930955 1.13215740985 1.19037870731 0.734961161558 1.14213140067 1.45000001265 0.996812412325 0.645405200916 1.14212025875 
0.761515932246 1.1424961235 0.645630205971 1.00363420972 0.610753070314 1.01158099378 0.959106337183 1.14212995963 0.97033984934 1.18060803723 
1.44999996338 0.711568866511 0.644286449745 1.28915089304 0.808356993306 1.44999985766 1.14213143477 1.04886230903 0.964207923112 1.14213243584 
1.45000080041 1.11196255196 1.14118001784 1.45000028232 0.938536204633 1.00154506232 0.852197183699 1.14213065315 1.45000000433 1.03390588319 
1.28019272648 0.950937560917 1.10624050203 0.933504869825 1.35465472676 1.0130179866 0.904497834617 0.983214528362 1.14234473436 0.97150619227 
1.24956233165 1.00363258764 1.00728770432 0.635504226345 1.14213102464 1.14213099399 1.04623078037 1.45 0.997742136303 0.774867680965 
0.86214434203 1.14213143479 0.877663845806 1.00472509789 0.909171123586 0.972160666903 1.13701127565 0.956340009297 1.04705340079 1.42074463262 
0.973662750781 1.12777891157 1.05702218103 0.796370484005 1.44999999893 0.860855860359 0.796255897373 1.14213143503 0.985374756137 1.0946090438 
0.979655893368 0.97135440476 0.772801646445 1.03463917539 1.00279702148 1.44900350623 1.14213143717 1.03483449476 1.14169159139 0.954858181885 
0.996471398674 1.07895440475 0.925582061377 0.970916883253 1.37711210058 1.14210488435 0.740316736652 1.14213149404 0.842606639449 1.45 
1.44999999986 1.29808095549 1.03001884849 1.00354430593 0.815336948263 0.719988957075 1.14213143476 1.45 1.14213143478 1.02829680925 
0.880526070961 0.620731861652 1.45 0.993272104896 1.03657163521 1.14213145097 1.45000000003 1.18210642118 0.841166623274 1.0283286209 
1.13124543931 1.12056327756 1.44999955374 0.993581276502 0.9587500363 0.99015643428 1.04794542293 1.06145064148 1.14249322521 1.14206653899 
1.04629149666 1.04372762459 0.639475404064 0.850624954588 1.44999780015 1.14213143842 1.02971110632 1.44999999837 1.38510938702 1.14213143477 
0.987675086352 1.00466689109 0.833206827062 1.08564416461 1.03713996413 1.19379926232 0.843120094518 1.14213095885 1.14213156947 0.968787428206 
0.99015431745 1.23855377589 0.643666482658 0.923778563448 1.14213143835 1.00976489322 1.0019820567 1.15262383221 1.45000000018 1.25218967475 
0.948688038433 0.847457224412 1.03184527563 1.14213143354 0.954651726457 1.00247850058 0.886522936044 1.44999999998 1.28050159536 1.45000000019 
0.935224563516 0.957282870089 1.18221222675 1.33725871303 1.14241487795 0.918769116656 0.816965360361 0.992418860822 1.11165480693 1.14555835253 
0.999992051011 1.14130413789 0.847457705494 1.14212998463 0.781301001144 1.02818736262 0.936713682642 1.45000000559 1.45 1.08966643393 
1.01810736394 1.14211603206 1.02270627272 1.1424320514 1.19514072469 1.33873571553 1.08046540354 0.938573245552 0.881210071584 1.30650801473 
0.973639224423 0.950709724434 0.955760169063 1.17249171981 1.01036166839 0.759090191479 1.14246997729 1.1421290274 1.44999889215 1.22971332853 
0.89373333552 1.45 0.848824473984 1.14086154051 1.03863749206 1.14213143477 1.42663721801 0.900359603507 1.02948364948 1.01722503766 
0.842478387501 1.21578602233 0.9951928586 1.26925089348 1.44999995681 0.945352725936 1.14212875444 1.1623799161 1.09015011105 0.977241985057 
1.34224408148 0.971393886173 1.00478524391 0.543341615892 1.22828559273 1.01762522487 1.06888639502 1.22358304512 1.27297129831 1.1421314351 
1.14210525273 0.943973928421 1.3478858724 1.4499999998 1.00165654879 0.844967748251 1.15094378231 1.01150507595 1.0387849402 1.1421094506 
1.3002158695 1.14213143498 0.984991071914 1.27072789299 1.20563611197 1.0186191239 0.994247518905 0.609479651085 1.24318151487 0.587503391487 
1.26589424606 1.34217201733 0.843057398429 0.995383219765 0.939710831857 1.26424765479 1.14212857078 1.36767965795 0.999693350169 0.914946302795 
1.15733055284 1.14213162795 1.09535761323 1.1810809905 0.95988857876 0.973056394352 1.14213059233 1.03997535319 0.647785570085 1.00021074025 
1.1414016497 1.10808845734 1.3785724951 1.03910621121 0.9750716059 0.88938185613 0.956012073782 0.666970888045 1.33354603235 1.14213143477 
1.1421305231 1.01131894218 0.909309291094 1.44999999986 1.45000000017 1.18076318976 0.778136068067 0.718853220216 1.0190643343 0.985415668263 
0.928519907626 0.988680343227 0.835006856031 1.14791070692 1.01509330225 1.3422280553 1.44999999847 1.33179646054 1.3221514543 1.14213121304 
0.959449051989 0.975414812247 1.14213151999 0.944897177779 1.45000000201 0.71613723419 1.20801658114 1.45000000627 1.17884078669 1.00056516218 
1.04172312225 1.12964740876 1.08506434753 0.954882646878 1.14387556152 1.023858462 0.997622526374 1.4499999745 0.995904262603 0.914215697364 
1.00147634686 1.10569864159 0.938503807998 1.14213141572 1.04974746373 0.596577140061 1.14211686569 1.00091299179 0.96329961214 1.15831190371 
1.14254501206 1.14213143477 0.973722276439 0.653824086236 0.785792924456 0.843748830941 0.997661937694 0.977710391342 1.17052351286 1.06389770249 
1.27822707612 1.14239078679 0.777444954509 1.08747545701 0.998765065111 0.797315801704 0.986218323473 0.956668990052 0.929124590896 0.911755906205 
1.06989656364 0.964254686555 0.94868320099 0.894218483277 0.968090676679 0.99612580007 0.998479629855 1.14246321009 0.9150875659 1.12571011871 
1.11755819081 1.44999981068 0.935727890618 1.02097842952 0.954788305447 0.983355721195 0.762848017323 1.03137035769 1.28972973813 1.14248386225 
1.14213090357 1.03998087823 0.68142882437 0.953769776423 0.905468415275 1.19364410398 0.755202035488 0.975796491287 1.14247921514 1.01519447504 
0.808570634312 1.14213126154 1.44999845145 0.95006244388 1.44999998337 1.06000935365 0.630076608634 1.1421756927 1.17596457945 1.32732945419 
1.44999999963 1.14213013495 0.894761849016 0.998052806555 0.976763338455 1.38076554273 0.917793489224 1.05850285675 1.10593292705 1.03977543841 
1.14213143477 0.938534829709 1.14204494373 0.987915747177 0.681750489128 1.09365887855 0.995491297551 1.02278219552 1.14991567008 0.747227579888 
1.14213085395 0.809000578978 1.0350790958 0.981103270846 1.14127980752 0.978464028638 1.44999961877 1.44999575825 0.935285294397 1.44999951091 
0.950914066006 1.12750466179 1.04332502414 1.29809973967 1.12954274176 0.61508288326 0.752266567699 1.14213143477 0.9775934194 1.14250228224 
0.831565414471 1.01855950031 0.825782818839 1.28687915583 0.891458493522 0.780946463378 1.05222729759 1.45 1.00415115024 1.14213142999 
1.03956423666 1.09588851138 1.40561809823 1.13089509414 0.924706480682 1.45000000009 0.965104287978 1.14210488443 0.990989045788 0.938622112431 
0.973695771372 0.897624000147 1.10578504197 1.02538134042 1.45000003721 0.983602787551 1.08270314984 0.994422679137 1.14212825682 0.891714822195 
1.45000000037 1.41361948409 1.02849392824 1.45000000024 0.979198939912 0.853297586494 0.952737139155 0.83579311248 1.14213054788 0.73323720091 
1.45 1.11296539321 0.983984063435 1.13016164482 1.12364515733 1.14192398345 0.986334614195 0.676770821976 0.946769716489 0.957049097415 
0.929604130538 1.14241165048 0.986418903961 1.0018077066 1.09101906896 0.968612977495 0.875462801648 0.762852529015 1.08899247003 1.03875283887 
1.14243889069 1.10809797825 1.04453948399 1.00749406668 1.09747376544 0.932308888176 0.941730690495 0.871494589953 0.990487114224 0.892406622527 
1.24320420409 1.06989381564 1.14183470525 0.942525983076 1.12896303489 0.99018125499 0.830062584598 0.922052573318 1.19808075334 1.44999998683 
0.650168990429 1.10151564506 1.01122310951 0.823258338794 1.1936209501 0.830733248805 0.995840119611 1.14213143477 1.00966999734 1.14212720826 
0.991325837519 1.18239035411 0.67974137003 0.999369786482 0.849853301709 1.14213143477 1.37200695487 1.05285421265 1.14188621929 1.38491163405 
1.17224407222 1.14254519307 0.653701149877 1.06385779283 0.973770422636 0.785674442561 1.14213143477 0.843268581619 0.977159795934 0.999853442225 
1.14210488431 1.00364741569 1.03978025162 1.14213144809 1.02367552979 1.01277881443 1.31621556263 1.45 0.887782621028 1.07912628034 
1.00467154043 1.19380196229 1.03721234344 1.14213095862 1.085638173 0.968768895096 0.833226342305 0.987757941224 1.14213156924 0.843015349027 
0.899753576512 1.00415536683 0.919743792271 0.909850731218 1.01743665577 1.14213143477 0.942107271159 1.07937090221 1.24679452025 1.45 
0.912170098583 0.910361576054 1.14213143275 1.45000000006 1.00116761171 0.85474560914 1.44999999971 1.24148774698 0.964541793213 1.03429759933 
0.991715783012 1.44999999953 0.759010497404 1.13735163512 1.14213143622 1.03893666929 0.999074257288 1.00014197754 1.07554030702 0.973120211575 
1.15895872984 1.14213143477 0.978892577659 1.44999999878 0.989431515061 1.14209469265 1.03949911839 1.06201369205 1.16798311982 1.44999999772 
1.14212595792 1.1508501785 1.14213143477 0.983221376836 0.639008690368 0.876951169565 0.834970175798 0.999154190268 1.14254745762 1.20478651292 
1.44981509203 1.0489430285 1.14212999875 0.971709527424 0.974054837082 0.888417733768 1.03559074839 1.0084187133 1.14181029383 0.997737875099 
1.01368957913 1.45000000011 1.45000000067 1.45000000011 0.997382707087 1.21780048478 0.864725891114 0.710241039443 1.14213019482 0.720350408131 
1.44999999166 1.03601974516 0.935226191272 0.978649588174 1.14213085708 1.14130468858 0.981025838353 1.44999999786 1.44999999959 0.809417777025 
0.96675904413 1.22338173168 1.25332327992 1.00842685985 0.997012303663 1.21759731701 0.537967151532 1.00789540434 1.37563949589 1.1421314348 
1.10592607454 1.083101838 1.02215432402 1.42329330929 1.45000000095 1.35258882057 0.855633422054 0.968831233403 1.1421314348 0.912412391432 
1.03993116127 1.24316378841 1.03910412702 1.32692790798 1.01047941572 1.0250368831 1.02738051335 0.957198492189 1.14209948686 1.45000000558 
1.14213903502 1.45 1.44999999831 1.07464161186 0.866739503826 0.826695579664 0.68553929529 1.14246852285 1.14213143477 1.03555450637 
1.14213143477 1.14210251877 1.4499999936 0.741120086351 0.868609461161 0.932808798344 1.44999999936 1.07006930277 0.941812693271 1.00668274489 
1.14052794109 0.953197936559 0.97674841885 1.18793913434 1.36796264419 1.02449705002 1.04043078157 1.14213143477 0.969822716246 0.96800759316 
1.0615556643 0.988413359545 0.845988102196 1.44999999846 1.3048720432 1.14213144606 0.980282258333 1.01173915671 1.21820219026 1.44194356132 
1.14213019443 1.44999999652 0.997331175653 1.45000000015 0.710230939537 0.864709099902 1.45000000098 1.01369045724 0.720426389334 1.21789081407 
1.04565192211 1.14258848207 0.983976493429 0.830022231662 0.691179710172 0.971654286396 0.94948125504 1.11930253147 1.01015680307 1.35499351194 
1.44450270067 0.914349074886 1.14519129011 0.914908412953 0.873806615243 0.87838388126 1.14210486214 1.0952190661 1.44999999857 1.44999999808 
1.1397413018 1.44999998287 1.0184485917 0.931583200257 1.14212958041 0.939566275193 0.883375161815 0.952325545452 0.853933903069 1.4499999996 
0.968373654293 1.16958149043 1.05357081807 1.26439286593 1.13965307347 1.12487449407 1.01640160951 0.961995013678 0.927582043538 1.1425286042 
0.772817225157 1.03465648871 1.14213143716 1.44901460573 1.14169154919 1.03483136662 0.979811774611 0.971349423996 1.00280338655 0.95485543405 
1.09872300071 0.981723367323 1.18079414774 0.931953225144 0.714025837742 0.988495637581 0.950357874032 1.12925406045 1.14241677866 1.25133341247 
0.64891396566 0.832882590274 1.32314529416 1.1181241631 1.1421291791 1.1425106376 1.01004770841 0.963507950829 0.986824071424 1.17566525714 
0.989623232654 1.03811309967 0.900884769015 0.935545412797 1.10512293332 1.14242428055 0.888056662758 1.0119333457 0.89910547255 0.978131213617 
0.766556017863 0.892175961084 0.987008653484 1.16925381567 1.14164596272 1.14213143477 0.957776122807 1.44999999999 1.04342290544 0.997381920337 
1.1028658929 0.908224517123 1.14213143481 1.00988819876 1.44999998966 0.856473171413 0.920267716762 0.982938996554 1.09734833665 1.05923542302 
0.873636106285 0.994217969323 1.01638091016 1.17840561931 1.14213143477 1.14211961097 0.832739741128 0.990171923147 0.941514868665 0.649053650716 
1.44999999892 1.1421307535 1.07152079599 1.00445576133 1.45000001407 0.847467449666 1.10725295562 1.29856798899 0.997026617158 0.926553411851 
1.20435452567 0.984394336325 0.887362320902 0.620864666774 1.14213126389 1.00295728152 1.00974489864 0.890412994088 1.44999999713 1.44893241211 
1.01038902294 1.03138406879 0.951803551746 1.39735673034 1.14213143755 0.859932373583 0.811803808326 1.02406788135 1.44999999969 0.995558731834 
1.07355192748 1.01723660079 1.45 1.14213022187 1.15056219619 0.887210725857 1.03600542023 0.869375507357 0.854258025203 1.14165675691 
0.68362820018 1.1489567414 1.01291338453 1.44999999997 0.765355996485 1.14213143477 0.832445154572 1.17580715726 1.14214400535 1.37453239301 
0.978673636595 0.935204276838 1.45000000177 1.44999999858 1.03603725611 1.14213085725 1.44999998376 0.981042783017 0.809423764346 1.14130557128 
1.00600634386 1.11550119531 1.09604986133 0.965890579891 1.08416506296 0.871351166261 0.938415623561 1.14243035038 0.703711322858 1.44999999949 
0.997807256157 0.98905915115 0.624792855316 1.26820150806 1.44999993513 0.771516893263 1.32011809058 1.14213027436 1.00398557981 1.20918836133 
1.14213143403 1.06868576024 1.45000000013 1.14212861501 0.965865804732 1.44999999943 0.93653571971 1.25882161048 0.540997097166 0.889884283466 
1.30528596101 1.08463138323 1.35133667852 0.562839130041 1.14213143318 1.04204849519 1.00380142031 1.14213143477 1.03336507208 1.07097395407 
0.899504478024 0.737838792087 1.14943364309 0.953956919756 1.00618877299 1.13760700363 1.14213143479 0.914412723781 0.7042735705 1.2646892528 
0.952525319121 1.14248807038 0.789235163152 1.45000000023 1.17706132007 0.721053263811 1.15514341291 1.0043264658 0.954811180913 0.967513262642 
1.10786578774 1.02433319966 1.2013020792 1.00310078118 1.14213143482 0.695686499928 0.993599329438 1.45000002042 1.07472205319 0.967927672775 
0.96268025605 1.40589322694 1.43547206267 1.14213143382 0.734727584729 1.00767787873 1.1377633734 1.44999828761 0.798967350633 0.879788606912 
0.952111049437 0.995605203243 1.03121461451 0.81162597843 1.1421314376 1.01037811966 1.44999999975 1.39738041416 1.02426087925 0.859921399997 
0.64367911449 1.10269660826 1.00244604851 1.24947736769 1.14213084964 0.917200350328 1.23070979159 1.03132730536 1.31049302072 1.45000105924 
1.36836902849 0.777701788615 1.44999999776 1.00605597798 1.11633625703 1.19913718159 1.449999997 1.1421310221 0.959042438088 1.00690080964 
1.14213112065 1.14213143483 1.28616044013 1.37672465324 0.999554366634 0.639506714508 1.20844803001 0.996249468402 1.45000000411 0.758006270778 
1.142130839 0.978828596827 1.03633927464 1.44999967556 0.981276425386 0.809643101886 0.935073413961 1.44999996446 1.44999821356 1.14131384818 
0.924701306079 1.14213018926 1.08117805167 1.14273691501 1.15651779114 0.993784450941 1.4499999999 1.45000000003 0.966155016124 0.669562723164 
1.14213143477 1.14171260237 0.945952273816 1.06683744921 0.965310792567 1.37777687129 0.81140831585 0.970026867461 1.0464294797 1.22785369697 
0.74066591857 1.3317963903 1.2683704658 0.890806620348 1.20722659797 1.14213143477 0.897249235625 1.14210977031 0.903935764397 1.10487771479 
1.00468129377 0.914552937245 0.76600670814 0.854766628661 1.14213093471 1.1417598634 1.45000080698 1.14597783317 0.737739693748 1.04002423167 
1.44999999991 1.2127222643 0.786931204591 1.00332147657 1.1991852793 0.966981406114 1.45000000074 1.14210711534 1.14213143602 1.02589273241 
0.802961614501 1.14213083516 1.03020760854 0.643378098043 1.09581333457 0.852915293676 1.44999999252 1.45000000935 1.45000000994 1.03032583819 
1.03033182793 1.0682406444 1.1342015803 1.14160330958 0.733764453999 0.99956288439 1.32319499 1.05238777238 0.81707343247 1.15626962272 
0.970311858087 1.43744890424 1.01312079294 1.43458515409 1.19972640219 0.936650776304 1.14210488445 0.8630923801 1.4500000022 1.15896512682 
0.900504899382 1.14398335098 0.969454103423 1.14947969935 1.01696337473 1.1026254278 1.26406697941 0.800027778056 1.14214985305 0.673039929175 
1.04266539172 0.902461447448 0.995840749509 1.14195538491 1.0504569493 0.977628840381 1.37711678652 1.30905989274 1.01489729812 1.14212945899 
1.42622302789 0.926678482876 1.14249557016 1.14210618155 1.08491704263 1.44999997629 1.1603974349 1.02825203161 1.00441546896 1.06331268227 
1.42817309064 1.35358414766 0.96321112562 1.44999999951 0.985595276392 1.01264625588 1.17115572429 1.14210488545 0.983109017857 1.34191666662 
0.661816452711 0.922820842874 0.890331349652 0.672946634463 1.04616413572 1.14213143476 0.989237825413 1.142692066 1.33407431423 0.941949601163 
0.881111813247 1.33081187956 0.978019448542 1.23419614694 1.02246275288 0.858955949806 1.1421310928 1.05864907398 1.13392970257 1.06941862458 
1.3308724552 0.879493549248 1.00437621655 1.12703421701 0.622775834922 1.00667773392 1.14955173919 1.10794123898 1.01314897834 1.17081405267 
1.29871324214 1.29903188533 1.4499999971 1.14213143482 1.03354664312 1.44999999986 1.14213084824 0.616294412396 1.12016151701 0.771566328742 
0.819799301606 1.14213139309 1.03273339226 1.28017342538 1.03427972404 0.638933775347 1.01129908602 0.959394623944 0.922784330425 1.14213143477 
1.0339559036 0.724142104764 1.14241179096 1.09273213383 0.87617101282 0.986313172645 1.088594245 0.768228431414 0.929648003112 1.16684141949 
1.25978183525 0.895661301568 1.14151860284 0.927079544678 1.18327501278 1.1335041514 1.33299876319 0.740363514905 1.06040784138 1.03723980039 
1.44999999976 1.14190672655 1.0577907194 1.00660682991 0.962042622497 1.12338065443 1.39399743874 0.835869561998 1.44999999998 1.14212680222 
1.1400221915 1.45000000085 0.981181878874 0.829680609268 1.45 1.14192398197 1.04725703221 1.21588800633 1.03873952583 1.4500000001 
1.1415016528 1.07245992022 0.903121408006 0.7200933311 0.774505727295 0.866447472389 0.957822179616 1.14213198209 1.25022786145 0.988477019812 
0.96097015521 0.923462419587 0.95956467504 0.984720907944 1.13195658511 1.23820917742 1.12778223492 1.04672141372 1.14250303498 1.00308945494 
1.0284856013 0.974680043917 1.14213110371 1.42795896444 1.14132526654 1.00263691782 0.964761940571 1.08454189953 1.11983082728 1.45000036915 
0.939113615849 0.886361470626 1.44999999286 1.44999995978 0.852612392606 0.930562018269 1.01855109917 0.952955009189 1.13980844583 1.14212956117 
0.945617450202 0.758012422772 0.960411621141 1.14213063265 0.611535007767 0.648243597292 1.18628038237 1.14250030212 0.998760975556 1.01303648309 
1.31927085399 1.14213143477 1.1820879297 1.44999993327 1.05383703179 0.865560349506 0.854186726959 0.621942736376 1.01163959003 1.44999883954 
1.02285983231 1.04632898853 0.953243423029 0.936841720591 1.13989340233 1.14138337607 1.18877118204 1.21802275628 0.927159832963 1.07056333074 
0.978243698417 0.991412747765 1.16391195148 1.14213143477 0.643016413602 1.1478578372 1.1421067236 0.825412609165 1.09420013854 0.925820727702 
1.28231702964 1.32404178259 1.00863542893 1.01120361764 1.10066718033 1.14213147088 0.814382712164 1.00957405393 1.45000172737 0.948776985108 
0.913040959317 1.08038329247 1.14213143477 1.14213143411 0.710888115695 1.05707040064 1.06404853876 0.879345326255 1.45000000086 1.00935224743 
1.20046545734 1.01312888752 0.970276062595 1.45000000302 1.14210488445 1.43745784075 1.15965815458 0.9367135063 0.863071439006 1.43460772521 
1.14213143528 0.714525295096 0.967824262087 1.06426788912 1.04705248977 1.31680989991 1.45000000682 1.14213143477 0.76772189696 1.35037789864 
0.970686364676 0.876228557025 0.581284180546 1.39981936764 1.05616022139 1.45000000242 1.14213143377 1.44999917414 0.843467165777 1.14210488439 
1.45000000006 1.14212957824 0.854011218042 0.9315405325 1.01844082761 1.44999999982 0.939590261053 0.952326528564 0.883540276012 1.13973938342 
1.22138785285 0.908034915822 1.13589064299 1.44999999995 0.891661765507 1.11655863538 1.14213143477 1.45 1.27682173032 1.14210353943 
0.828788475011 0.997178201407 1.14212955672 1.13586151811 1.25074268535 1.45000000001 0.780797714233 1.35399739372 0.951437481416 1.1003886071 
1.45 0.780961432305 0.828790546229 1.35318601216 1.13583388781 1.14212955404 1.10019160359 0.997078510343 1.25082149516 0.951430826603 
0.839497616658 0.63545650572 1.15980480447 1.10780197236 1.09002991416 1.11861881235 1.31571747316 0.983102373762 1.14248301024 1.14213143477 
1.44999999817 1.1421314357 1.44999986737 1.14210488252 1.00322025709 1.06189708786 0.930500376088 1.37475162718 1.04491988454 1.10610727807 
0.992924852844 0.987153098606 0.975681546949 0.875858081922 1.07095554111 1.16325188686 1.44999959108 1.44999958917 1.14213022619 1.0008768488 
0.952006867417 1.03691891676 1.44999946137 0.912530670853 1.14213143479 0.866030126382 1.13669195648 0.962829975478 1.10764661274 1.00413600545 
1.11886453592 1.44999971604 0.941995247441 1.14213143477 1.0362625526 0.975233010817 1.06721579411 1.14210075116 1.00036812345 1.04975648519 
1.06389386928 1.04495077151 1.15851234898 0.792891495565 0.971681963298 0.635102803967 1.14213143512 1.05973676822 0.909280105988 0.954577591631 
0.893356902467 1.34498194408 0.945454396674 1.0256286747 0.908784254771 1.14213143479 0.740295946621 1.00154174298 1.13604493236 1.15877553697 
0.976824697335 1.44999999269 1.45000013122 0.879200645185 0.949901263209 1.02707249552 1.14062781182 1.45000006426 1.14213143503 0.95427889904 
1.34789675786 0.94396796249 1.14210525126 1.0123809214 0.844981913808 1.14210945022 1.15095551315 1.03890390033 1.44999999598 1.00162901015 
0.977077008773 1.44999999775 1.14213143326 1.21802158497 1.45000000253 0.983286269812 0.988411479791 1.18142177406 1.04549910245 0.90571715139 
1.05946039884 1.45 1.07212337687 1.142103022 1.14199027621 1.05975382767 0.893086200289 0.983725102455 1.4499999999 1.40061629922 
1.22596219526 1.11765864553 1.45 1.14213143477 1.14210387328 0.895440243366 1.45 1.10274412712 0.887588754067 1.14314847801 
0.972090238876 1.03378650892 1.02891900678 1.23284913585 1.14213143528 1.00203368124 0.556779387514 1.25099561446 1.00608522649 1.0016440902 
1.02363507773 0.821171402562 1.20711048448 1.1398141839 1.37638643701 0.983570434356 1.01923167212 0.944210092409 1.14213143478 1.148492098 
0.983594307595 1.01539864143 0.697181223733 1.02099933965 1.14213143479 1.14213143474 0.634432192063 1.30642923595 1.44999980718 0.977042217489 
1.13937274965 1.0104994712 0.964162687771 0.986560647085 1.09917886148 0.895786802604 1.29868701347 1.14251465095 1.06630860201 0.855803087398 
1.14085235653 0.848578963079 0.894138312655 1.14213143477 0.90014893414 1.42618888405 1.02939293944 1.45 1.03578954961 1.01666527912 
0.903975835992 1.07484036748 1.14139667762 1.05699885816 0.874039235237 1.14213143477 1.21107622163 0.841320829074 1.36885741873 1.03889320656 
1.06683210242 1.14213096717 1.4499999385 0.957460868912 0.760655050252 0.90773673668 1.04817110046 1.05355660516 1.14186790656 1.11400885777 
1.07003357636 1.12410110957 0.984599547157 0.920008796039 1.04912374763 0.996728356757 0.931418849129 1.14246367556 1.06108292038 0.949345961632 
0.678202426444 1.32946941427 0.971510303113 1.11987610691 1.04339973812 1.14213143551 0.624960612499 0.994084063298 0.885774405924 1.06827106645 
0.971510228196 0.885760994601 0.624964344169 1.3294729069 1.1198075617 0.994089312414 1.06824341431 0.67820486833 1.0434013785 1.14213143551 
1.00059087054 0.747542818562 0.959819102703 1.14214006078 1.4499999981 1.01033071741 1.1958034272 0.766568642653 1.02180195135 1.00001961358 
1.06625692446 1.14210019439 0.991627627166 1.27375477696 1.14213143477 0.753103149554 1.44999999972 1.07530640553 0.781626456654 1.08498389382 
1.03867043639 0.847861136984 0.983115859926 1.44999999792 1.08403341321 0.96227833765 0.980256417742 1.00061225885 1.13761103 1.14213143622 
1.11338394401 1.44999999996 1.14056301119 1.44999999997 0.81183075767 1.14213012523 1.08373083167 1.02584983086 0.94830470806 0.986301021667 
1.0314380056 1.14213143755 1.02404873745 0.811799625268 1.01040561273 1.4499999993 0.859927234419 1.39737877461 0.951812891323 0.995554729001 
1.19276103951 0.951558990919 1.45 1.10234303397 0.804138485213 1.14210488432 0.942747277902 1.44999999993 1.07568208546 1.07907743097 
1.05643361692 0.964514502303 1.10568284707 1.26925020407 1.06340166681 1.14283232063 1.14207540769 1.02843417109 1.07932036775 1.02458714542 
1.1421102472 0.634383190629 1.44999885103 1.00301966509 1.0383093768 1.14989299135 1.15183505306 1.29258506783 1.14213114495 0.993392156745 
1.00169706976 1.29400053791 1.14212767633 1.18994141575 1.30126629542 0.993235012063 0.956582899602 1.45000000012 1.07272119487 0.879037318648 
0.646318640163 0.902458631375 0.893398744011 0.895186719951 0.883639039632 1.04371553724 1.04143108328 1.14149124882 1.35909206301 1.14213143477 
1.44999999999 0.934661628015 0.889561579814 1.13492769958 0.984754381634 1.14192398335 1.11841962046 0.64309192169 1.03787209904 0.994266046635 
0.625471771846 1.45000002329 1.04148691156 0.983474209204 1.00864303589 1.28496987149 1.03188857587 1.14213143477 0.9738128006 0.858383469247 
1.00839011506 1.06041530426 1.14212771373 1.02994586059 0.860841347041 0.966791657952 1.14090927765 0.976127203944 0.887144236417 0.865919069798 
1.45000000881 1.00154506459 0.851889013809 1.45000000274 1.1421306462 0.938365599971 1.03399270706 1.11213748208 1.14118144035 1.4499999994 
0.632541744695 1.14212966461 1.10973704101 1.04353173971 1.26811036774 1.00389684923 0.792257175637 1.03351756689 0.999474925132 1.22062994361 
1.00262320801 1.16560958703 0.756434316221 1.12529504104 0.755491873581 1.00500828171 1.14213143477 1.07711119019 1.02289101464 1.45000015018 
1.13345147755 0.951359782886 0.849761326464 1.45 1.44999999999 1.07129688758 0.907374456806 1.1481119427 1.14213143481 0.992846173965 
1.03348114266 1.14212967281 1.26807623808 1.10978555322 0.792036608284 0.9995144628 1.22169998633 1.0038651652 1.04339718624 0.632545369408 
1.14209171261 0.935016941723 1.44999999831 0.979251496224 0.978262168652 1.04277755206 1.0260115594 1.01582334722 1.31407007299 1.02890659843 
0.640156438625 1.24525866959 0.73085108345 1.19791310074 0.995076755334 1.14213143543 1.20444646626 0.942795253758 1.01068785503 0.993191097064 
0.943676637577 1.45 1.14114047408 0.992507286736 0.941353619608 0.977503879204 0.999121240194 1.03295106493 0.93687139039 1.14243645412 
1.09158298585 1.14213143479 1.45000000078 1.07630861268 1.45000000198 0.996401996994 0.851041131725 0.928481755586 0.973133541969 1.44999999906 
1.02172487056 1.14213143478 1.01327181618 1.44999999999 1.0051950279 0.985308474168 1.07273461184 0.987296667967 0.931872798228 1.13896146391 
0.855323464306 0.983026088697 1.14213143477 0.97441861969 1.28217518597 0.6518726469 1.14254759301 0.776366977271 0.978942020069 1.06532057291 
0.801495527551 0.967429039527 1.04267125677 0.996727771303 0.927792023283 0.940185976297 1.14252369163 0.833554515906 1.03423025713 1.11621874565 
1.01937774194 1.04773440547 0.828256722828 1.14192566506 1.39121413616 0.815081778267 1.01881266629 1.14213143477 1.03721931737 1.06089974542 
1.03566667916 0.957771750452 1.11106221423 0.96159986386 0.912612972107 1.14213143479 1.13689696611 1.00399770996 1.44999992118 0.867812514073 
1.00921325864 1.07764385185 1.13280728752 1.14212734402 1.18477135746 0.787123011685 0.920824764435 0.947460778667 1.14246039896 1.16967184699 
1.22689440605 1.14251463412 1.14213030393 0.981107578993 0.964911683641 1.11516232095 1.05024211449 0.549750245038 1.10895596205 1.28200016683 
0.846651951749 1.14204197131 0.964982203158 1.05355354753 0.793191757928 1.44999999999 1.03826015154 1.45000003528 1.0910460796 1.1421298873 
1.21588065623 0.987246038469 0.976050197291 1.45000120415 1.22017826289 1.14213051639 0.985220145335 0.855895028016 1.45000038959 1.00249959055 
1.33482068231 1.00608382946 1.00940150874 1.17835258129 1.02451028705 0.615443982222 1.04136608935 1.12076689822 1.14730441081 0.955887908562 
1.14213143477 1.02878731137 0.670790325497 0.98318001976 0.948150173643 1.14249099027 0.95873155201 1.07456314729 1.29869399064 1.01276020873 
1.13438887581 0.996677035198 1.2007533079 1.4482632436 0.70275754096 0.8746417024 0.931717862249 1.45000000003 0.702800367753 1.14199768264 
1.45000000005 0.997512754177 1.13607168852 1.35680164164 0.780090638586 1.25158362935 1.14212949705 1.09790609289 0.951088826467 0.827430351621 
0.993823836571 0.796095704359 0.951194082549 0.872493474025 1.11908908357 0.905623964243 1.14247111403 1.18081733348 0.765748910813 1.06818490024 
1.06257285734 0.649488029115 0.973381254793 0.927870916691 0.647350601449 1.23930412242 0.992473732905 0.585012384998 1.14213143483 0.962156248969 
1.15122893694 0.951243037552 0.98169806945 1.2758441658 1.45 1.04761198791 1.21177386216 0.960955965583 1.14213000227 1.14194948743 
0.753874445392 1.0825516232 1.44999953344 1.45000000333 0.825485177515 0.820353534758 1.14213121918 0.951766477691 0.597216776446 1.14382561368 
0.872151188651 1.44999995061 0.907751774982 1.08659285033 1.4499999932 0.906874666429 0.741267599753 0.896412698953 1.14213143481 1.14209634854 
1.449873549 0.806991106042 1.45000600215 1.03541336144 0.981566275354 1.14213087069 1.14126156677 0.935721951913 0.989558163004 1.44998381332 
1.01270407987 1.44999926204 0.649948920275 1.1421314351 0.998222128711 1.00302161594 0.912466077647 0.845064714982 1.44999987213 1.25386345245 
1.45000000929 0.788876362654 1.08150530299 0.894870198844 0.912628152593 1.18445211823 1.14201408187 1.04072829114 1.14213143477 1.0038052385 
1.21371366946 0.998661976251 1.09721542179 0.637662544526 0.928548147637 1.26627843225 1.06487023253 1.22538998873 1.14212929176 1.00183081015 
1.45000000002 1.01544106055 0.670329212449 0.991564530588 1.02011341607 0.813885249739 1.03699601908 0.861444423285 1.142131437 0.949448904607 
0.610178382631 0.992745540251 1.0177968467 1.26899826501 0.985255984469 0.804413105379 1.14213143494 1.27298426464 0.583698176029 1.25848979607 
1.03604258898 1.44999999105 0.80942807223 0.935211160418 1.14130551518 0.981045768484 1.44999999939 1.14213085712 0.978665009808 1.44999999946 
0.761620508638 0.933361897014 1.26671430874 1.03458969512 1.14210488433 1.3146971422 1.45000001249 1.02110873785 1.14510834539 1.44999999896 
1.00028935114 1.03909297418 1.12169670102 0.972510712636 1.07504628332 1.06253629932 1.45000000425 1.15215616673 0.930493775542 1.142104885 
1.14210488443 0.990992434703 1.03949819423 1.40558676059 0.964994079212 1.09588582344 1.44999999996 1.13089722838 0.924688920745 0.938641045163 
1.14242575342 0.880783282254 1.1023953793 1.05102707106 0.936746153365 0.900734339946 0.988371915298 0.899306476285 0.989296864931 0.992547281309 
1.01000870927 0.912103606763 0.545755992852 1.14213143501 1.21677753236 1.15004732714 0.787820928196 0.964522102758 1.21167334036 1.00170666027 
0.868143275631 0.690576202728 1.14210488435 0.965940743046 1.44999999996 1.14064100351 0.683900059676 1.14286407546 1.09755061938 0.69812312959 
1.00406683967 0.969163964953 1.14213143479 0.866730336689 1.02326403638 1.12604221504 0.961971479758 1.44999999747 1.13683669265 0.912505867689 
0.906087200275 1.45000000001 1.1421048808 1.00814994612 1.11287325895 1.22564853451 1.09439476479 1.36220720966 1.04923787704 1.42701083482 
1.00773876273 1.45 0.806352296079 1.36512010278 1.01568312257 1.26443069687 1.45000000001 1.12052014432 1.04663918602 1.14213143478 
1.09182364513 1.23400713586 0.943346564866 1.24067428466 0.973283072735 1.38315322751 1.01291450972 1.1540265682 1.14213063689 1.0296562974 
0.799204129678 1.04650412405 0.686304300648 1.30298554141 1.00283232492 1.45000000005 0.676150057999 1.14213143477 0.78001046705 1.14215814263 
1.14213143477 1.10444771699 1.20123594713 1.14213143477 1.14948814558 0.756217426501 1.0400169105 0.684413198636 0.902347823598 1.10163873478 
1.03226881982 1.00805016551 0.952980361325 0.745525675894 0.611221742432 0.885080812749 0.926525759516 1.25994455227 1.14213143477 1.45000000016 
0.943109084045 0.778333185664 1.08261865616 1.04146665401 1.20980458554 1.14379179905 0.999608055003 1.04156154859 1.0351576996 0.992284641081 
1.04690712034 0.82125311929 1.45000000002 1.14188737807 1.07362252472 0.878596998254 0.976139319163 1.14213055105 0.852304732145 0.699129113105 
1.01759637025 0.610142166426 1.14840558809 0.995873466135 1.0388382779 0.859386045838 0.969037017871 1.03074604079 1.16297509006 1.1368356843 
1.22824498866 1.06916636974 1.27434847374 0.971342666196 1.01763341268 1.1421314351 0.543366862756 1.34257355285 1.22348836329 1.00480421916 
0.982451023768 1.2400566518 1.14213127716 0.602104991317 1.05334268634 1.14258341992 1.02627060239 1.2842338626 0.988749580317 1.19976400252 
0.79577947378 1.14213143459 1.44999999746 0.883693251883 1.1354005709 0.78908903549 1.13722974916 0.996344822887 0.977613579348 1.4500000268 
0.905524802635 1.14213143477 1.14213143477 1.11480893121 1.03669562482 0.739663691927 0.887059223011 1.10237285566 0.840599903778 0.954190790036 
1.06019548534 1.13879473371 1.44999685643 1.26238957212 0.837116693557 0.933479787691 1.01416544185 1.4499999821 1.14212759728 0.785557918709 
0.811826122798 0.986277692199 1.02584431343 0.948300946485 1.14056357792 1.44999999915 1.1133429202 1.14213012483 1.4499999985 1.08374926078 
1.2309569163 0.91286424707 1.00247839857 1.24840925954 1.0315091279 1.44999827051 0.643769593373 1.10300243473 1.33216705782 1.14213084946 
0.973894657889 0.785151225874 0.978149034396 1.14254566615 1.17396741535 0.843115046467 1.06412674236 0.996813896643 1.14213143477 0.653569109976 
1.10200599049 1.44999999991 0.997536527603 1.14213087032 0.882464296361 0.90681864898 1.44999955075 1.34722990388 1.28705476298 1.00206515322 
0.848928376472 0.678974280249 0.811397449449 0.786818402564 1.30401015886 1.01513797681 1.14213143477 0.929164880341 1.14213143477 1.07634862768 
1.341521808 1.14213140741 1.44999996639 0.970444795546 1.37023581597 0.832583899992 1.14080341856 0.715917205299 0.830112853174 1.02860732766 
1.06912880096 1.37943560457 1.14213143477 1.00029219928 1.08582939697 1.14213143295 1.40191637287 0.814652576119 0.847129188665 0.551580694277 
0.991910893292 1.19609082477 1.07982608314 1.23905380419 1.44999999968 0.877232620702 0.998717912688 1.45000000009 0.979597749469 1.14213066485 
1.16751157378 1.04787665757 1.07666323496 0.94181376016 1.14244360286 0.991229710491 1.10680250591 1.3110058094 0.894923498681 0.878143645234 
1.44999998594 1.4499999924 1.44999991737 0.837207111071 0.998334025394 1.14213143773 1.31077009044 1.0155544455 1.01151611986 0.720401595893 
1.01898401255 1.02393313073 1.44999970289 1.14213143476 0.841210721592 1.02216760584 1.44999999869 1.44999997449 1.16450116385 0.796775288785 
1.09180696497 1.45 1.01932168892 0.962439406542 1.01036237956 1.14213982503 1.44999999994 1.21222723037 1.45000000004 1.1421048843 
0.700549190248 1.01294830982 1.37019974818 0.917405103902 0.998665761695 1.4499999996 1.31379334679 0.799188787073 1.02612337714 1.14213143649 
0.917666107336 1.0586819892 1.14213012924 1.44999999919 1.10643598993 0.895379707293 0.976841757232 1.37633751805 0.997884276653 1.04068036663 
1.31281101952 1.03757979185 1.3270946938 1.05804546557 0.821603552935 0.814010791491 1.14210488435 1.14114989229 1.45000000162 0.935708111295 
1.14213143477 1.08330868953 0.986793206951 0.988440242669 1.28927032862 1.14213143282 1.35010630711 1.06853735698 1.06595455087 0.571859699604 
0.975260594999 1.07816192365 0.991911788351 1.13669549403 1.1421314361 0.998051068532 0.759002114207 0.999090933248 1.04242954373 1.44999999995 
0.695509220046 1.03204933359 1.34650354259 1.45 1.40726440131 1.128930858 1.12597369173 1.00336544327 1.14210488422 1.45 
1.44999988056 1.03603519215 1.14130557402 1.44999995914 1.44999999842 0.97860749563 0.809435774511 0.981095195876 0.935193704343 1.14213085832 
0.871096439489 1.02456643566 1.13984015499 0.921284056822 1.18778739275 1.30051636234 1.17404541016 1.14145141343 1.0755001788 0.987949553871 
0.656261072963 1.07241140936 1.17563106819 1.00346175157 1.11045099435 1.14213143477 1.02788432722 1.30469889878 1.14245596048 0.946877511291 
1.09237285271 1.36545149782 1.00631157899 1.14199000269 0.991078719782 0.862406266709 1.43598115499 1.19836888587 1.14213143477 1.09831687262 
1.14213012947 1.37869822664 1.04031684797 0.917749977939 1.05887713983 0.976739303967 1.44999999958 0.997882486939 1.10611474485 0.894975243051 
1.14213143475 1.13496485162 0.572925782273 0.901272263219 1.05934363768 0.889530657664 1.44999999958 1.14213177391 0.868454024451 1.05714418297 
1.31399917607 1.35523530272 1.04881546678 1.07474563754 1.14213143477 1.14213143476 0.90492846881 0.681462285184 0.828375222211 1.03151117213 
1.02307467507 1.0307344779 1.01904535325 1.03879415554 1.45000000005 1.45000000033 0.960808758948 0.848554295887 1.14213143477 1.14168170249 
1.00489260734 1.1111440444 0.912381174064 0.988891593117 0.654982011142 1.10769137498 1.03095941206 0.657070391464 1.14289054988 1.08427593436 
1.14138307629 1.35646252176 1.44999998616 0.84535854313 1.45000000025 1.14213143173 1.45000000044 1.03820311631 0.968419655431 0.973217377637 
0.868871108701 1.08979006165 1.14212992408 1.11107111175 1.44999999994 1.44999999991 1.13880858311 0.971651275239 0.997169080709 1.23514226286 
1.1185797156 1.14247835305 0.753138017443 1.03545081168 0.875001086345 0.986617207575 0.953992366868 1.06963466881 1.09733484318 1.35538567975 
1.41482770925 1.00833807155 0.839750781665 0.649036256722 0.999817942521 1.01120791265 1.44999999734 1.14213143575 1.16232468941 1.34312666322 
0.963678162886 1.11864874519 0.928627054859 1.14213143478 1.14116949746 1.03773647476 1.02950003568 1.44999999931 0.981125755363 0.969736758612 
0.710408096663 1.45000000138 0.720573987168 0.864173610265 1.44999982306 1.21734492873 1.01348143353 1.44999989747 0.997570946207 1.14213018291 
0.900148985326 1.0166671627 1.42618928748 1.03579183528 0.894137943235 1.14085235093 1.45 1.14213143477 1.02939292952 0.848579491278 
1.12716935707 1.45000003665 1.10872700466 1.45000000002 0.959161607924 1.21021729598 1.14210377366 0.983228991499 0.93909053436 0.986125777406 
0.952315629064 0.854012922565 1.44999999738 0.882960024244 1.44999999996 1.13973997604 1.01845639512 0.93956692986 1.1421295767 0.931707208048 
1.14213079597 0.776174838072 0.890879679342 1.04402752792 0.858507506976 1.14158360838 1.01600106745 1.00101478114 0.902831874099 1.45000000488 
1.23910825799 0.954589176958 0.996100427943 1.14213143477 1.44999999901 1.34767055756 1.01617079422 1.10069013093 1.24464840087 0.549563382196 
1.44999999999 1.09369965965 1.1421301713 0.970470056341 1.14188619808 1.29990246895 1.18681746781 1.00100339788 1.0520094345 1.44999999997 
1.30265377372 0.894318885916 1.0130053232 0.630306240067 1.1744138673 0.995394622615 1.45000000001 1.14213007558 0.753854379263 1.45000006609 
1.1421314345 1.32976065616 1.45000000001 0.825581159674 1.13749625418 0.633147558091 1.02825006703 1.14213144566 0.663064551946 1.00211253144 
1.44999999999 1.14314466204 1.19305913183 0.902758015411 0.649144271564 0.766475243557 1.14213098545 0.898064908903 0.84687833436 0.969979202524 
1.00137941345 1.11776429182 1.44999999984 0.758729324746 1.12008958576 0.986500816428 0.815223070237 0.826693561756 1.25880952969 1.14633353 
1.01463011318 1.2603315752 0.99530950526 1.14274523005 1.14213143477 1.00999223717 0.693139825301 1.09678592326 0.596290088494 1.12347175208 
1.14213143477 1.03212633765 1.44999198416 0.96030603329 0.850806361994 1.1421315365 0.762773779345 1.44999999899 0.658661524911 1.1649804826 
1.06087044794 1.02296328321 1.26374892593 0.997780212045 0.935813654565 0.844601115742 1.14117332056 1.4500001694 1.14213067032 1.45 
0.742285222756 0.610343590198 1.17083024497 1.32613667304 1.13834069535 1.05624822052 1.01159064622 1.16790690139 0.996518312806 0.945612625814 
1.08871421279 1.01783746936 1.05204240466 1.05108515721 0.992078515934 0.929580117406 0.706022295833 0.986353332408 0.759759700685 1.14241162078 
0.895507714522 1.44999999998 0.884630441342 1.14210180775 0.957901088062 0.743932600899 1.06862713517 1.44999999918 0.998687128224 1.14213143477 
1.082971733 1.14213143477 0.739956152721 1.28608038881 1.14782292077 0.660526268123 1.14213143511 1.03581264267 1.42249783328 1.45000000334 
1.07579070392 0.933859865188 0.977879529848 1.14213143482 0.813658744596 0.871807990432 1.14213143477 1.11534027751 0.920010201271 1.44999999775 
1.01100769335 1.14247862877 0.649201569964 0.953589848609 0.976028127663 0.949626285454 0.93683444819 1.14212925361 1.17909048299 1.1438093459 
1.13896645489 1.01341851475 1.44999999985 0.987417084457 0.983746618077 1.00462491255 1.07292187258 0.931951160521 1.14213143478 1.02194941672 
0.954112159198 1.00315498439 1.44999999744 1.00782450282 0.860371196485 1.26783577928 1.37788947304 1.26144488091 1.14213110321 1.14279868887 
1.04998167314 0.840153930461 0.997954516026 1.14230051326 1.03127643258 1.00184693635 1.42838155103 0.977719595396 0.966364401069 0.85541867239 
1.29059676559 0.903339565495 0.926772269176 1.00195180697 1.09547345124 1.14213085065 1.44999991954 0.997635246526 1.15972257136 1.45000000032 
0.921141341073 0.707523307574 1.06421394282 1.45000021422 1.14213143478 0.844784527829 1.14213143371 0.95870486862 0.939277523637 1.09373516704 
1.14214591008 1.14189821178 0.896257796985 1.04342542244 0.922816123904 1.17966809913 1.45000002909 1.19371040849 1.14506469156 1.02537564368 
1.17432373094 0.648250785384 1.0565634566 1.14212897173 1.14251153016 0.834182315358 1.11811687208 0.963771376069 1.0098333837 1.31851317872 
1.40141031259 1.14213143478 1.324299951 1.14213143477 1.09390296933 1.26773153319 0.607898327224 1.0688564081 1.1203375721 1.05690918626 
0.840015103617 0.960720154019 1.12048100925 1.14213053475 1.38792913578 0.988532651222 1.44999999999 1.01876526886 1.14057978886 1.10896049827 
1.24619491076 0.853089936657 0.751158838928 1.40605410118 1.00050728114 1.44999999796 1.13562365628 1.11263935257 1.1421314348 0.93860081366 
0.990161196936 0.636803770105 1.45000002806 1.22801731449 0.966662727326 1.07683610162 1.45000012862 0.999538190369 0.891505109402 1.14213143074 
0.58357896441 1.01781249822 1.27267618464 0.610200856036 0.805174561689 1.26888794696 1.14213143493 1.26036774809 0.992809152011 0.985166980508 
1.14247921441 1.03943854723 0.905751190687 1.14213090277 0.975935344662 0.953769524259 1.19359334712 1.01527191795 0.681473828053 0.755199672704 
1.30258964254 0.607222437981 1.14461276909 1.44999995204 0.995587255151 1.10066835916 1.105124764 0.994916108168 1.05696232238 0.981815924852 
0.807591967256 0.856956264 0.960608917792 1.14213143481 1.45000000006 1.0557158407 0.997193612419 1.13423290956 1.39565186022 1.40556304957 
1.30670499088 1.35141077886 0.740209477293 1.06664480814 1.14213153423 1.430721154 0.968578758825 1.44999995328 0.884569669396 1.45000017693 
0.88841635602 1.10289898429 0.934439708137 1.14242306465 1.31399894396 0.989276470856 0.979767795594 0.799232109554 0.898294797282 0.948370027415 
0.556090557506 1.1421314348 1.0169823267 1.42070015728 1.18094824422 1.02640911027 0.96704892478 1.22566720914 1.13255091919 0.930673033731 
1.22981181524 1.0934472106 0.99665400563 0.953237495589 0.995604406673 1.14212868321 0.823517816125 0.732574275736 1.00124203446 1.03598175349 
1.154375279 1.0294186499 0.939118101416 1.44999993949 0.816938531014 0.982048780684 1.14213736368 0.733210789296 0.987965772216 0.836717573662 
1.14213143478 1.0017692709 0.736964524721 0.643211712603 1.45000000225 1.0855334262 0.936107897092 1.25873896834 1.10156486177 1.12418708653 
1.0262000566 0.993294052299 1.00033010165 1.06554294653 1.14213143477 1.03145844358 0.986257727033 1.14209957813 1.44999893584 1.0584206568 
1.07377409496 1.44999625584 1.08696656874 1.08866182805 1.11992889933 1.00799697499 0.933622749259 1.34896050037 1.14210488182 1.44918812641 
0.975726149857 1.03260487742 1.1735328805 0.985205835524 0.698986535015 1.03697984348 1.25403641502 1.45000000003 1.04768203614 1.14213143477 
1.11162343487 0.852644601029 1.14117204731 1.45000000109 1.14213064776 1.00199168183 1.45000000081 1.44999999352 1.03381518927 0.938581698633 
0.965828437949 0.745735279496 1.14242119148 1.3347856957 1.23565524295 1.14213142604 1.4500000002 0.61755666973 1.13019893113 1.21599857944 
1.14210950515 1.44999999809 1.14213114837 1.15342989147 0.634336997447 1.15120914831 1.00834090974 0.993544403263 1.29536935322 1.03755009868 
1.45 1.02849100964 1.45 1.15629385271 0.763832620956 0.739383808179 1.14210488435 0.87280503399 1.0362065333 1.00336559258 
0.880725010692 0.917887694942 1.17681201714 1.10676180385 1.14243911138 1.07633534032 0.98995186499 0.621755653566 0.99983878398 0.942031357411 
1.0128314252 1.42765014389 1.44999999992 1.18320110542 0.979969654293 1.27520057246 1.14937586339 1.45000000003 1.14211383085 1.01256588696 
1.04770585752 1.18351466039 1.072220535 0.964194943373 1.44999999997 1.03500116 1.14213168073 0.965483104496 1.14196124268 1.45000000501 
1.00051130037 0.636933491056 1.14212580912 1.14211237487 1.23767088451 0.989804513743 1.19633638945 1.24512288771 0.903275266089 0.766885709096 
0.996644480047 1.07933744324 1.07870404629 1.1421344326 1.37575187735 1.39058709237 1.4499999999 0.823649451816 0.772972321752 1.14210488435 
0.984993471338 1.05566205993 1.00771843491 1.45000039751 1.06794275362 1.14213143477 0.781077837255 1.4499997672 1.01320959322 1.14196181483 
1.25611028736 0.652400070355 0.965587041852 1.1421314348 1.05903489933 1.44999999626 0.940101501074 1.44999999957 1.02273885242 0.96983341904 
1.11931620832 1.14246392475 1.29996966228 1.12721984672 1.03753286695 1.15713487535 1.14212248014 1.03288584214 0.94843162576 1.0051719947 
1.14213048554 1.33574460784 1.44999997391 0.816505620377 0.919253745195 1.45000000096 0.967440121214 1.03936151956 1.02630020245 1.14142789201 
1.1279081535 1.02697286294 1.27049956088 1.14255089856 1.08217110846 0.889481622441 0.969301565564 1.10434848246 1.44999658911 0.974352555848 
1.1419565941 0.964415580405 0.852222663375 0.736117298052 1.14213048945 1.04809033863 0.960063748541 1.45 1.15680264843 0.85340674552 
0.70747641395 0.99183968293 0.994824040605 1.27939850661 1.16285699274 1.12789920266 0.646139974559 1.26580049445 1.15576717707 1.14213143501 
1.14213143125 1.01646437315 0.841584531389 1.36779537855 0.797020518358 1.44999999935 1.11010547871 0.972172414605 1.44999999941 1.13951719642 
0.915792241277 1.14213143477 0.85994985851 0.886916422243 0.995245833631 1.1413000756 1.44999999998 1.09887129579 1.03640971105 1.09926477503 
0.562270973663 1.14213143477 1.24526688785 1.44999999482 1.00747902649 1.02761645469 1.0163992039 0.957140484638 1.02998486421 0.992836598209 
1.30342461123 0.971353974793 0.767691554959 1.45000000029 1.1421432819 1.01934748019 1.24373579442 0.988828694581 0.696961001116 1.05196584972 
1.14213143486 1.24253720588 1.02352897508 1.32398043724 1.04609867955 0.991872035793 1.02795138938 0.691081524458 1.15000917573 1.44999999957 
1.11513505836 1.10434747481 1.35531451753 1.00358221255 1.45000000075 1.14210488442 1.26583405996 1.14230268865 0.937329664466 0.841332617212 
1.30469936046 0.946874482059 1.14213143477 1.0034621457 1.07241444663 1.11044722183 1.17563475242 1.02788536891 1.14245595183 0.656265491138 
1.44999999986 1.00017395884 0.956934469405 1.01218571635 1.13366002463 1.25713291277 1.00695311022 0.733817518186 1.45 1.14210488439 
1.02888685631 1.14210488426 1.14213144327 0.809235555103 1.0321748434 0.969175148414 0.829104725717 0.786122438291 1.45 1.0792713763 
1.0172136899 1.42591836111 1.14258011391 1.09003964085 1.38194710711 1.00040567829 0.948639451973 0.987203495998 0.96760558349 1.25050364159 
1.14251057475 1.00971507191 0.648201512282 1.06401786931 1.31831727787 1.11812239788 1.17406154777 1.14212891944 0.83413611365 0.963492729852 
1.04638783059 1.14213143477 1.01656231494 1.14182246239 1.12390450141 0.839758686901 1.45002036473 1.45000054999 0.909716688104 0.997443482535 
0.832180309749 0.898802600007 1.30636218759 1.25239100037 0.887783513011 1.21735243411 1.14213067228 0.625032574839 1.01184308891 1.00118704681 
0.809223993359 1.44999999814 1.14129857141 1.4499999333 0.981185274684 0.979084243919 1.14213088607 1.44999901307 1.03593685982 0.93557019794 
0.997151767411 1.07183768722 1.14213143605 0.674770282415 1.31495081513 1.06451346767 1.03675452264 1.33117683975 1.01377005106 0.611347711905 
1.09957676078 0.967633431241 0.983378326986 0.968438738621 0.991387933103 1.26790743408 1.1421283974 1.14260100083 1.13310503062 0.672781843843 
1.08752719047 0.998897955401 0.911099736499 0.956907415936 0.986269870662 0.929201192478 1.27800611125 1.14239096756 0.777152964517 0.797310582616 
1.24475686176 1.14213047618 1.25775088908 1.03488652221 0.739303817284 0.984192542781 0.702363903343 0.963642837891 1.45000035874 1.32362635864 
1.45 1.1751797972 0.854721346956 1.03665335162 1.01142728311 0.87077529191 1.14167644032 1.14213022537 0.888514891615 1.08409056344 
1.02108632358 1.14213140436 0.883078122968 1.011395859 1.26728986545 0.548553472829 1.41000873831 0.651436401969 1.14115538938 1.0456769964 
0.962897218287 1.45 0.870476500237 1.13263977952 1.44999999919 1.14211949694 1.00276788765 1.26722934657 0.819574481783 1.24475469619 
1.22499338844 1.19951936348 0.997788303944 0.991550475272 0.594703362188 0.968888471879 1.14213026076 1.10078519338 1.15272707805 1.14212821401 
1.01053508319 1.14212939079 0.948885165147 1.14248108539 0.783610776459 1.17543341203 0.777968280228 0.954381378003 0.877191638947 1.03788331406 
0.906460164469 1.03023166532 0.991928250682 0.910003696696 1.13599562883 1.14242643372 0.993260574902 1.12385010009 0.936625046255 1.11071000542 
1.14370871706 0.988381891201 1.0805952574 0.874577113727 1.23017599517 0.996840133423 1.36353019321 0.613347504148 1.1228026021 1.02835516505 
1.11913898379 0.849727600504 1.14355409104 0.609833702727 1.05815050379 1.07512681897 1.26817090337 0.985581901924 1.24626605738 0.995602526424 
1.21867361389 1.41903774537 1.0807152312 1.10483869763 0.707105773898 1.08380902802 1.14210488438 1.4499999988 0.971103080235 1.0056328674 
1.14213143477 0.756995599294 1.3350999148 1.00415022013 1.01517497802 1.27300955292 0.961705052683 0.672113783592 1.02762646015 1.45000000004 
0.935848691271 1.45000000008 1.14213067294 1.06089269852 1.26344675724 0.844618414968 1.02288215729 1.44999896778 1.14116924084 0.997912425212 
1.1359845537 0.818856043199 1.03375624898 1.03247599103 0.84536414618 1.13757680654 0.99716400429 1.44999999999 0.743017200981 1.14200481895 
1.14213143481 0.704364522414 0.953055047664 0.873636192989 0.896149095894 1.44999796283 1.03030253267 1.13435025597 1.00059000124 1.4499997426 
0.897402623962 1.00853560003 1.16895439756 1.14212801702 1.09917102025 1.14252265881 0.64598000847 1.11811440387 0.977044700957 0.966976240435 
1.0177903746 0.610275034102 1.27199154015 0.583553198523 1.26890137172 0.992784163241 1.14213143493 0.98521900257 1.26024291631 0.805749871252 
1.19979846336 1.4499999998 1.45000000002 0.896417730116 0.854456473938 0.941213571619 1.14244118857 0.984652511671 1.09422602403 0.788560397263 
0.946874290759 1.14245595055 1.02786645323 1.14213143477 1.30468525781 1.07241692419 1.00344671497 0.656289001682 1.11039398352 1.1756577224 
0.763029453844 0.837866696473 1.44999999227 1.18784507075 1.00570278677 1.44999999992 0.939783078945 1.05240146485 1.14213148581 1.14201567551 
1.45000000011 1.14213079911 1.14157929119 0.776256115553 0.861464794678 1.01578629628 1.04403880231 0.891046439299 1.00057872994 0.902144461246 
0.760947866265 1.07927005501 1.14255197464 1.16185061609 0.843528380509 1.18603255414 0.991430124346 1.14210488435 1.45000000002 1.10817236824 
0.98046234745 1.14213081244 0.990834497992 0.673275264299 1.00111111454 1.3373057148 1.4500000005 1.36889365883 0.851768248825 0.792968585938 
1.1421314637 1.11738916839 0.768523441015 0.864681738798 1.14210488434 1.45 0.906195946949 1.11829362959 0.982614504528 1.07958303854 
1.21888990954 0.971399063763 1.14213140957 1.44999999617 0.830166325555 0.870544671825 1.02459795926 0.965014014351 0.964920057899 1.13412137026 
0.978771687663 1.13730743239 1.18155953232 0.654983653001 0.966834613468 1.14235695612 1.21804105508 1.17686709113 1.06463308647 1.01552500221 
0.64780586041 1.01313439785 1.14250009159 1.14213059932 0.999036979202 0.937681405133 0.758136257494 0.960346863923 0.611762124778 1.18659757762 
1.16089571885 0.926899514249 1.45 1.2905711309 1.1421308539 0.997631604527 1.45000021007 1.09552561486 0.903306463209 1.00197273277 
1.13905457641 0.997635668213 1.1421104856 0.963236394479 1.315929162 1.38259471453 0.9784940792 0.907047337432 1.13467810595 0.948229755676 
1.02320066313 1.14213066416 1.1406161219 0.927357681093 0.986231769863 1.3618667169 1.06624161697 1.45000000135 0.805292651374 1.45000016457 
1.09343108041 1.09367043266 0.653649001957 0.861960052908 1.14213143661 1.00151081817 1.45000000007 1.14208371159 1.08753938183 0.798530010083 
0.999443992787 0.760172774049 0.691927380631 1.15856360478 1.01049772652 1.01007628224 1.35792093756 1.45000000001 1.14213143478 1.27787366224 
