-188.336361076 29.0467401341 193.359631485 -48.6894608458 260.076939437 -345.389440981 -450.548509094 419.990618247 458.951849011 -25.2565269314 
-408.459415896 -459.304491832 458.112012063 -29.0468425173 -188.764781864 416.776049462 -241.646401598 -28.4349971626 186.479180032 189.077327387 
156.006999404 182.743091059 460.775216772 -170.08580026 407.593705823 50.1834210915 -148.41943493 377.036488437 -35.7566052733 -460.159980448 
-79.5208295092 185.418404396 -41.9651466297 -109.325028246 459.764402862 414.421104079 -29.0468425172 -393.956182117 -443.208697376 311.652191885 
-448.742236356 -120.189377646 -3.8012331723 -318.568603759 403.79590562 454.877777793 -205.709625305 -192.13308368 -415.332212418 29.0468404849 
188.438365698 411.685512374 -442.997338138 458.95141446 -29.0468491603 -436.0289349 21.0528459445 -77.7291100872 -295.092187429 271.735000525 
-167.955474848 -378.517255503 63.9137371762 305.220985484 449.089811636 -29.0468425176 -29.0457811875 312.035222823 -387.390395042 -160.512720972 
125.845206353 -33.8227805499 122.879381406 417.563214125 -94.5538617372 -311.48370893 -88.7653870295 -366.358194241 303.801384733 17.6525014901 
-11.8432024849 462.511484235 -213.29736005 29.0468301801 -235.657766742 -430.342410322 -339.315939785 310.542902938 -21.5343905626 391.881736179 
447.454344855 283.427863666 294.842459938 -29.0467000781 -162.340800037 -29.0468432478 85.364078233 -449.868536961 441.321623367 -78.2993634188 
-121.16139635 188.400544506 -318.583056855 -3.65610911666 402.441473044 281.813222763 -29.5156909389 -85.9407983651 -458.951442099 410.307313379 
-29.0471113066 459.979453271 -382.659087463 185.713279992 -29.0466807205 -333.396578895 -86.7500250465 -51.0447495876 412.959274061 369.473972311 
-29.046842517 -238.550094479 -36.6953259845 453.190146572 -240.905336649 186.386844328 283.930930616 419.376567893 -458.649436678 63.6802990298 
-13.0258247904 371.581450353 460.79968012 403.578873723 59.8486112916 -460.503239618 -322.152269823 153.608352057 -137.865607427 -94.3464874863 
-0.538935670794 415.080091959 387.558537828 -318.994119961 -170.655769852 188.676165093 290.280354392 -29.0468425171 -459.258257062 -45.3075061028 
-7.38800984004 255.881250617 442.568672867 -319.178090137 -325.566282219 378.467328502 -10.5312356021 -100.109581994 -56.7334193694 -458.951439746 
61.5443963771 438.315981184 -29.0468478561 -106.510409264 182.601135108 296.861640996 310.401464588 -154.677327949 81.5854179463 -208.013466039 
-209.605857035 -29.0468425349 -453.942556409 -246.349058448 -429.563962535 -107.271265855 441.041590956 320.454171658 -7.03964248232 283.85960073 
1.83344221914 -10.4766034815 -315.91296126 -351.431875184 -98.2403275015 309.859644187 457.521364695 -129.560556324 -460.645517733 278.087754895 
454.260571216 -29.0468425133 -5.9605114468 -458.365892976 -122.403524342 404.261242926 189.583036504 -238.622029408 -31.5158773113 -319.385915736 
-16.7111810033 -240.492835972 -101.474407761 188.732142669 416.770485129 428.920119919 -458.958084333 -29.0468425705 136.503719151 -321.554454939 
386.029381918 -57.7014438862 -319.917897689 -29.0468454492 -0.147822954318 -391.398658922 -140.57508169 452.868840081 309.729893323 153.815791955 
-20.6801190676 -203.461355921 408.794694529 321.369291854 -425.930633409 -2.59850228363 -317.644587956 -111.814334881 -333.600046746 8.89707464605 
404.582914893 11.9212772089 -319.909741673 -239.335113515 -458.829366545 453.945329316 -7.74456673772 -124.042238708 -15.9200705209 -319.021086161 
-12.265848463 405.378745348 -459.024671591 -125.153628002 417.895329214 -320.842390073 205.937451906 183.707943299 -10.0728896154 -419.488470446 
287.052182278 -321.750785404 12.3037435902 -450.321399093 -29.0468431845 379.116400101 63.4992978324 461.021419997 -22.7869693017 -231.666864753 
324.778125958 -197.428659558 -60.6434828756 411.637880396 -420.305572551 -119.490742999 -325.071286485 -443.994364561 -9.05491200825 5.13802888193 
-171.977407128 -459.12324962 -29.0468425173 188.794743271 291.201497797 41.6171428168 -29.0458928675 -173.284737423 454.233326085 416.088108793 
-14.4591114026 -149.342831813 -175.71011718 312.497971894 317.025802765 453.090392972 13.5083113571 32.6216124105 -436.865330542 -397.54166143 
-321.691788577 438.059421393 -29.0468425209 -370.944308715 -99.470039761 -379.761844964 -70.1747006473 310.494671429 264.106416553 27.4053425686 
-29.0468425189 -3.31412225906 442.513944021 289.476275565 446.246805911 -120.215749021 -370.950289946 -403.651989436 -27.6506873484 -322.742253597 
1.75599630656 -29.0468425171 -321.23522415 -320.50008801 -422.23903653 6.12317865595 323.183751199 -65.0875707833 -199.459419562 440.100136067 
-2.57879932057 -204.461074677 -228.766483146 -426.513186956 -428.452089159 209.620822661 394.197454339 -15.3300444345 23.0921326772 321.394640491 
-221.922112244 79.7653316599 308.283378308 -29.046058858 304.655584046 79.0611649244 -437.337558278 -443.820774322 462.252235726 -29.0468425175 
-459.39789531 -29.0468425172 -243.114905559 56.86001374 316.280797555 0.456342488668 277.028099485 451.663338974 -46.2987082619 292.529700721 
-457.187258842 -423.956483156 -97.0765463786 -3.50303449454 -2.44369381967 439.439520803 323.308953439 -317.416635541 -203.420308015 -100.939791783 
-448.220649784 -145.959650065 -215.62215166 -228.464921494 -19.6909984483 316.223552098 318.591641218 -434.250414876 460.500028808 2.38084582083 
-199.068610302 218.64201675 57.2657518844 447.8918682 -200.859564722 249.827931686 308.233680659 28.8837573508 -29.0468449187 -418.889815519 
-29.0468425172 304.054493727 444.803714904 -241.641353352 -169.579979554 187.674994847 -399.673454 -28.1405274653 -459.81494055 416.90153958 
13.226410763 -105.862477274 -153.91819972 12.1942155357 142.090852731 365.685728534 459.607157154 -437.247707016 316.873462437 -149.494369585 
-369.356323565 -320.10380879 106.343496272 447.734619197 11.0795134778 -22.2759694263 -318.910368009 -6.86139186018 -97.8771441534 426.034711342 
-411.174660762 -405.15239892 -42.7811423959 -29.0468425333 454.1170002 239.756721012 430.731245223 -185.910562942 187.833243431 17.4382011295 
-394.899164671 -320.088517816 311.459922486 -7.45756266013 -29.0468523506 397.899030066 -105.551496505 -444.101935177 460.875201021 -68.1721590832 
28.9452912915 -208.479317355 410.508303745 188.843754487 322.307488714 460.341694351 -5.78655103726 -29.0468765431 -211.427916939 -428.869947182 
140.742041394 459.120794911 258.658545683 -462.427205515 -313.995194543 -4.98174448958 27.7973274959 -86.9210686079 86.6824101679 -335.122023689 
-44.8670822665 -29.0468425172 -195.93894278 -29.0468216845 451.780198886 -418.754691282 306.275076004 -369.502176459 303.008314453 64.5259877145 
17.6487572984 -6.97094801019 -111.036406206 29.0467898255 -424.662259083 -221.709213937 -332.950824093 408.669816827 -317.713219557 402.617611563 
-238.018180454 -317.909013869 29.0468411676 -184.595890413 -22.2959805917 54.8793343721 300.693287117 428.921729055 -135.340201793 151.175226358 
-459.324673095 29.0468271487 -191.326063384 -29.046842517 -194.168696103 -350.111030573 302.110338684 61.4276569608 -411.664760459 458.951424409 
-203.740116767 -424.238672217 323.240905826 -28.8404068843 -104.843215744 231.549033444 -407.791535886 428.375921182 -4.23630417657 117.163471983 
-429.069232012 -7.97904604448 -440.434176925 -317.091427452 -2.00191675634 -1.90287858062 -209.694030998 -219.852551099 321.00054484 459.554449428 
-446.82907346 80.6048266603 -309.039106275 -351.764932676 308.21708002 453.493109024 90.1208270293 29.0468171735 -29.0457899496 -64.7187520885 
454.379367548 314.381539361 -178.963163672 -397.917589749 188.240870781 23.3474581155 414.94843672 -427.524198808 -24.0416296046 -29.0468424182 
456.693489353 -429.100299727 20.6776985745 -6.73330400063 320.331539151 -405.379247973 -206.893315211 281.958921485 -29.0468425172 -183.987974424 
-46.6853181291 -459.393286452 56.7427890666 292.691002729 -243.115096517 316.234745246 -29.0468425171 0.471967858542 451.695002372 276.938508667 
-29.0468425265 445.699213035 -312.022526993 -454.114334899 28.9561505968 -89.621558674 217.203336645 -78.2994381492 433.876140144 283.454258755 
415.077763634 188.677010521 -170.642959769 -29.0468425173 -318.991669567 -45.318270113 387.566961662 -0.582572622062 -459.258113138 290.274122975 
142.173253813 86.6823794385 -29.0468433166 190.495049112 451.802859198 -335.123198895 -241.649295423 308.347588233 -117.003432716 -86.9218859075 
452.390575765 67.9947875295 -104.426370154 -205.698872833 300.496713761 309.55465383 -152.405890093 81.202131777 196.41632623 -29.0468448749 
460.315857331 -442.754850126 -225.203296331 -29.0454329082 -350.248525309 410.682648709 -29.0468430743 304.05298644 187.659330463 -20.066200727 
104.459949975 -455.435986255 447.045990473 -119.284472221 375.576943454 -29.0468481903 -315.682768542 273.009966275 16.6553464996 -92.3260333541 
-29.0468425224 29.0455458967 -426.203532218 -191.976999744 456.2648252 -411.118456565 208.767997285 412.248632099 -192.725663442 189.532064088 
-452.409178783 289.59509931 -403.175606151 449.542942574 -130.917794739 -321.334189964 -11.1522864112 404.599476173 -28.875197198 -198.19443198 
435.536142308 -101.9550734 -131.489817364 -373.550347129 23.8297380027 29.046789349 -281.779879342 451.181708198 -324.297827433 75.3250094034 
-444.350469386 311.488644856 460.904704725 397.885401409 -395.156054409 -29.0468621122 -6.65057714975 -68.172719646 -105.632764868 -319.97096276 
29.0468432927 190.841214334 -30.8978224354 451.412640422 432.094048321 -460.504016653 -240.789134293 -242.364961749 -19.2747334944 -317.794730209 
29.0458312793 -206.846710567 459.67800877 366.403920002 -100.238370113 -419.888603202 122.016473941 28.8444786768 -318.218857533 -201.891109021 
-316.98380081 -452.786361631 -230.885452347 -94.548195451 -19.4761752055 460.65497575 11.1258507475 21.1185841336 -314.988182542 376.023670579 
-302.844694305 -412.058311023 -82.0720771821 309.27678054 448.337349125 440.265331394 46.4809325917 -195.092725631 -29.0468512317 29.0468389923 
-459.508123408 -28.4333297642 -172.440016005 -398.679437289 439.908437803 -29.0468425172 -81.753912348 274.757509449 280.046250127 448.550477785 
-25.3288557741 -217.268633276 397.031053339 -251.92540193 -434.463465718 309.829226498 29.046834934 -389.61616941 462.078532853 -14.9456125387 
21.7144887728 11.3344876253 -313.175412912 -375.824108021 381.651838155 -321.402406863 -14.4114803305 461.32023371 236.517350981 -116.000972172 
-324.286469016 -101.94330925 23.8411673586 -131.476918893 451.18457623 -281.856301021 -373.538988801 435.531410394 75.3275913278 29.0466254072 
-37.2717747768 -461.022549288 -245.838317353 -14.8344892207 452.531760975 29.0468291915 183.390913418 -238.527475337 431.139997514 -314.11406427 
246.456669256 -58.997220262 -267.914335667 -29.0468429547 448.97601801 309.049094419 -18.8721232323 312.068905051 -377.135472639 -68.1662295335 
-29.0468425218 -67.1288294679 307.68301875 -29.0400847109 -385.696063607 459.36738682 -42.5754621351 310.470087918 -378.267769517 -434.94857838 
-190.526861721 -204.755956358 6.94411262742 2.39039474191 324.351542536 -424.796342629 460.278993037 29.0094987464 -206.99140419 -407.254698351 
-213.296941785 29.0468304314 -339.318553545 -430.341638726 -21.5126542586 310.544876724 -11.8440147243 462.511567863 -235.655457059 391.882461279 
-7.53516052221 138.00875497 -219.539591499 -205.87602932 402.612484123 322.131357536 -423.672062926 29.0468424795 -426.180205698 -90.4378268832 
454.653310222 -8.64986342266 -315.036577082 -238.492921045 -29.0468425174 -459.083713561 416.36515498 -241.850687329 25.4665569459 188.969887779 
321.562067519 -438.738209093 462.59835548 -208.149348347 -3.18383427213 -428.055659297 -4.42511814214 19.9919067962 -135.48141499 -315.564338304 
-310.384351972 -324.794867549 421.343067905 -105.795899388 -29.0468572428 -399.705034792 -20.5394764088 -62.5035544329 299.113300178 458.347687847 
314.132117451 -155.555098151 -321.204242767 453.829801161 -376.216689831 52.1456266023 -344.621280968 23.1088874227 -12.4155986734 -29.046841674 
-405.405402688 414.377721974 -29.0401664735 189.570415991 -422.217454775 -29.0469952453 16.0079270159 -185.785721085 187.547311317 456.685179686 
-373.473014933 -324.220429179 -81.5742796207 440.670481351 -102.680973896 438.6149922 272.975321751 -400.723096601 23.4826592879 -29.0468425173 
2.60834109966 389.418822686 -317.814556961 462.226772344 -327.208260261 395.775691928 -11.8850578062 82.4651068 -375.267373957 -85.0305123381 
454.314022668 5.23652905459 -159.939577652 396.211573316 -324.200529922 -316.005640643 46.8563372653 -87.0014093469 -379.607690351 -7.42517114628 
-132.805893396 -9.90706549935 -460.211532551 -350.997889747 -145.557181558 401.840553163 311.172209633 448.065770966 -320.969062564 -19.1313084947 
396.337777244 29.0468284958 366.519820273 143.675350432 -61.3475174899 -104.277261121 39.0560056454 269.248525539 -419.317398309 -210.618333779 
397.890333657 460.906683755 -105.6366321 -68.1760021159 311.49239724 -395.165299498 -444.359229419 -6.68368350537 -319.972090263 -29.0468698354 
291.105501266 -17.0475341578 29.0467330715 456.818120536 -198.280923698 -414.556259625 -210.562097258 -430.366541282 -196.826954005 243.329339431 
410.972379638 -265.738150994 456.661286201 -459.320320204 -164.91572332 63.3587816401 -124.239745564 -326.210452455 -21.4365317907 -29.0103217876 
18.2253670429 314.42529279 -92.9651203731 -398.657689154 1.14388493232 -211.810499393 321.403916091 -430.113823975 92.9278283482 453.834258469 
-317.977265331 -19.0477699626 -228.95566906 61.5864962472 -29.04684277 4.38896578911 461.264844134 -450.545525964 381.18094012 286.046695891 
-27.7981647165 -312.882631091 -391.797509695 313.902410916 306.237141673 -29.0468425171 -379.708743015 452.558945024 14.1225612564 -103.688321225 
130.743981625 -410.822589708 -369.210431134 -460.074175849 243.197589183 309.816953952 -29.0468425258 461.292069055 28.9446625542 -193.703075622 
117.126966416 -314.554269044 419.219702145 457.583668533 -423.842496209 -92.438509865 135.110364796 -207.423348151 6.78699397521 -80.8726880099 
28.6313740476 -56.3511093991 249.084229158 -380.045611765 -19.9015772677 305.950693427 -29.0468425172 -428.319961717 -314.760970093 445.268874026 
-159.952833235 -7.57656627634 5.37649470235 46.843580884 -324.212702325 454.317752206 -379.619998741 396.213464434 -87.0176285922 -316.000262164 
455.3503838 -178.092958411 413.041574102 -133.354038991 -332.142344899 -28.3621824263 -397.618121704 -26.1884377139 310.562518138 -381.395147318 
-363.62987852 337.220285407 -40.2569993823 454.625608428 19.1988324839 -194.697975068 -415.93657274 -322.859967104 85.2264513225 294.623263461 
-29.0468426098 -459.113211398 -314.446257801 -118.224487524 26.1157908841 454.998204214 188.530852178 413.834758637 -240.029795756 -4.96248804879 
-395.252476481 397.927149991 311.503038467 -68.2016992957 -6.81138622948 -319.942641708 460.901742214 -105.495730743 -444.49792405 -29.0468734504 
-184.626860724 -99.7586167231 18.8838813566 -311.810357054 291.708434989 368.901464872 -403.500515734 148.15295604 -29.0460566635 455.843043033 
-401.615210168 -22.0678576723 430.792551973 -413.14442027 454.079255324 -180.248967077 22.387041358 2.20079689976 297.617346529 217.605412786 
-388.166632871 -43.1718255703 267.141841802 312.602304775 -98.7403951772 -461.695045741 455.167994792 -4.42697107235 -29.0468425173 312.527119624 
-6.72528734316 442.482122428 446.278936105 -318.890750455 -350.90915471 -28.6448796978 -459.66871797 -151.285771633 -25.1783099309 300.341828368 
160.984621881 -134.051976391 389.195296952 -11.8827367941 -317.586697933 375.492460851 -239.459435841 -86.6824658928 -453.506400664 2.40529421245 
-334.952266657 -366.419144913 179.81546953 243.173647956 -29.0468425171 305.057192227 -415.671658959 18.2195794477 -167.841085854 443.916198534 
307.161007437 29.0468417181 -287.293682243 -29.0381445963 397.537091569 -211.891075558 -86.7440909029 161.01534359 -419.989897498 -458.951953468 
19.8049678331 370.006488346 460.03150656 -144.618641008 17.9896390418 -316.386752267 -318.66250337 66.6071254122 -367.915018408 -8.7399665261 
-359.159787806 -458.957486477 -1.27450930435 -29.0468425172 454.259201536 307.958118193 -28.7019261846 21.8743900437 -248.781284108 -238.659749353 
-9.06849404818 -320.553752453 -200.90776298 -29.0468425172 189.320806924 -127.487798735 -449.535162948 404.470058957 451.033806603 -407.324037478 
-75.9162015532 370.848600868 -420.910646729 -29.0468425174 283.611305193 239.294963234 -209.708919593 29.04246084 460.113682533 -203.285904724 
-423.57738779 -147.378797023 -8.7425853775 -370.809750926 2.74513932778 455.334208804 323.750491818 -321.55694458 0.639195687774 -201.92418813 
78.946087708 65.5512379279 441.627821064 -146.019227035 304.38389435 -29.0468460925 -28.9869004315 -250.140495777 -366.671129851 304.602912962 
-397.827126061 -23.748968048 3.19433677028 -459.59961239 447.053888309 441.716216926 -320.501125519 -29.0468425168 289.364691049 -200.049128207 
309.953636339 -217.083097429 -442.823452674 -255.811196654 461.362145143 29.0468396521 -436.727932874 -281.198933309 402.199771432 28.9725556271 
57.6254088158 135.609740396 -165.823466166 -433.162919164 363.522090413 -121.601674551 -86.6824446108 462.085855728 86.9824659506 -384.725476775 
413.320678588 -29.0468447522 410.508349955 188.844997738 -29.0467589546 269.658983359 -221.028550313 186.164571132 -439.063404624 -443.052972539 
-7.01577185115 404.765987715 -424.176558518 -25.9152394789 -319.706327169 323.375337797 -4.06946288705 -347.275144889 -203.683342384 -122.92525111 
-444.597997203 315.940993328 -309.992521474 29.04681817 216.213187774 205.979316271 -29.0468487768 448.42249117 19.9417051121 440.122707539 
229.977504831 -29.0468425178 16.2554221319 460.920778085 378.265196986 282.420786019 -121.778259284 -315.166719804 -455.147232152 -405.89471734 
106.016266627 -44.1578147695 326.855127848 454.362550088 -462.591198547 -353.377556022 309.658583248 81.2489633218 -29.04684967 -169.131893095 
-124.016101561 -3.94768902999 -64.2792048074 389.429683463 164.555874399 -320.001450953 128.780938152 -401.738115405 -149.727708936 343.113857294 
-220.332857659 461.262549151 309.040633157 -442.25865848 10.308301073 -282.425335636 29.0222512719 -217.371045427 -437.768147361 317.954739306 
308.775601957 -29.046842526 -352.085754495 -61.0523456213 -28.7716456031 416.225173329 459.500029823 -240.71325151 185.820497628 -460.020786009 
459.380194961 -43.2834920172 -435.210155817 -67.080596144 -378.093580426 -29.0471698775 307.839348887 310.437454506 -29.0468429644 -385.957641736 
289.022799608 -404.76222283 -242.10172959 -29.0468425171 -185.583107344 457.324541273 187.869570159 -459.635817154 -28.9741958472 417.150559607 
-374.48333266 -196.965148909 139.665604143 -259.234897226 308.375473403 -29.0294641188 -53.4581244316 449.502093624 398.346002154 182.132310231 
306.54114342 39.1007860739 -238.410435848 285.668499289 -307.296669645 -29.0468997545 -459.724744759 -29.0468685802 454.014385373 158.729733838 
-191.409894027 414.101257739 190.772045623 -418.327155283 458.466160945 -192.979924947 -28.7669084282 12.5291105857 29.0468075927 -411.121909795 
29.0468424977 391.360691108 88.2694826705 446.016933076 -213.579339168 -424.057859176 194.127191019 -125.474384903 -232.48872846 -420.875252507 
454.331755586 14.7171098929 -451.90631529 -29.0468493693 84.169022225 148.043350414 307.257240061 376.514616312 -78.4814288376 -316.097858778 
17.6835021055 460.031771699 19.8546841377 -367.906991197 -318.654476074 370.009198287 -8.75404196096 -316.401449442 66.6121957888 -144.60969751 
-458.953231677 89.5447208879 -29.0468425172 311.596539817 187.172300884 254.078428297 -243.576373369 -29.0456232244 419.083572147 -131.307174766 
-0.236879914041 445.503154241 71.4944503179 -156.890900399 306.677350498 -441.898391346 -29.0468425172 222.556406248 313.740199322 -392.645876282 
-434.941206573 -385.688691752 -378.286488696 -29.046815564 307.678932625 -67.1256028885 459.363517298 310.475194126 -42.6192501304 -29.0468425186 
29.0266810122 112.451284004 273.425849965 -80.6946906214 453.833227156 309.762295154 -460.140202712 -103.029038078 -231.902482337 -29.0468510517 
-9.89309173591 303.036800329 -353.339992955 -29.0468428162 260.408932376 -462.553635477 315.426414776 -57.7056696333 456.918050912 -64.1270081295 
-462.558268881 315.449253271 -9.86452286731 -57.6543772803 -29.0468425277 -353.344626358 -64.0645959982 303.033284707 260.39456152 456.919202143 
192.858320747 459.606739701 365.681490516 27.911873424 410.742349065 -204.299990773 190.303790395 -200.416355292 -418.410454622 -29.0468425879 
-78.3027893309 -459.579074966 238.80638676 -29.0468425172 460.714835335 -313.695534378 376.52763817 -117.863116569 27.4155255626 285.592683956 
-216.522546964 -324.453457994 29.043847144 23.7476185552 29.0468140061 401.081583101 -97.1822002584 -422.247558231 -319.62924146 436.124382494 
311.1210315 80.3407489217 -432.251111545 -211.903672074 -377.930401812 -2.74153055658 -29.0468425173 461.145485863 -21.2038653244 305.274195458 
-81.8498380752 -85.0143570947 380.178618999 -458.649525845 -317.946178206 10.563656752 271.602005136 -29.0468425413 448.182268467 250.510095307 
-171.966129965 300.225943858 -4.7627843279 -131.568060988 11.471758045 87.7644074308 -319.084766776 -320.768730543 383.059449862 459.797659274 
98.4845690007 -422.790448212 -217.786479214 -236.749963775 200.45553307 -376.833097475 398.650604052 305.544198521 -29.0467313045 29.0467656159 
316.600939288 -443.321668356 -85.6881335156 450.371990554 121.76348467 310.747898519 -57.4834959522 -124.371598934 -390.116300506 13.3357791469 
-459.024796856 405.378744696 -12.2720630391 183.623117421 -320.837882079 -419.487607183 205.932403778 -9.99377217543 -125.150873924 417.892665127 
29.0459586412 -174.705673929 -319.918436455 -462.015946038 -100.910392101 407.967231737 308.727354214 80.8314271007 -29.0468425269 194.73710832 
29.0468336267 -425.823306904 275.78640976 -29.0468239875 -316.609305818 404.993230755 -224.16910332 448.305439502 -81.5484005072 207.917409392 
29.0467995297 309.673768173 -80.1215894688 -460.447962726 -29.0468487437 111.781419962 -103.076081633 276.567910795 453.009903425 -286.129691966 
8.92246026117 -99.1006080328 453.18678668 -457.769442679 -319.218168786 -319.988752781 -239.521334376 -15.6418180823 -9.28575715245 432.245755455 
-245.866438259 352.509006887 187.870642407 -29.0469850252 -53.4349862406 -29.046904294 307.519627611 452.424475635 -385.98031918 -406.377830098 
-96.9641324845 408.850850426 431.783213149 -318.276291256 -457.104166155 -32.9283557728 242.719417643 185.703867247 -85.3684003439 -4.87993434896 
287.419978682 -209.185007365 -212.765796512 322.896425121 24.377840662 462.009801211 -29.0468446852 -429.88466115 60.9499567585 -414.125414319 
-29.0468467209 -320.179694896 386.251499995 -391.334834661 452.793413948 -140.91873832 309.699112951 -57.6857598848 -3.99891484198 153.539046172 
451.224533139 -410.091923234 -14.21196574 -29.046860575 435.46549363 -397.504361292 255.237493207 28.3308100095 -176.277643789 312.566180429 
-165.804000061 -404.808338959 -453.702154985 441.78887943 446.980233005 -29.0468426028 278.184446017 289.594776936 -28.8546648823 -163.157008151 
-447.280520884 -10.0812422259 414.437266235 459.762029556 -29.0468425173 318.694911647 -229.500836113 -433.297777056 185.473460865 -214.656124212 
-219.735721871 -436.557712767 -261.136403536 -18.2724777792 387.109959231 -323.754397326 461.958671023 1.97114406001 398.049537581 29.0468380243 
-261.136635738 398.051585674 461.958430363 -436.558245836 -18.2776630923 1.95941791369 29.0468309367 -219.736124515 387.107891224 -323.755632607 
-218.83387842 317.923670013 -13.6408947133 -283.448852224 -64.4001666943 282.268861044 -438.191841628 -251.554120461 448.048543882 -29.0468455224 
272.906043718 -29.0468565593 449.383051055 -215.317839284 -458.192512601 49.3897215564 -85.790492945 29.0468197743 -421.691059237 404.829411755 
411.156113061 46.8436599624 460.245746237 -442.88892818 -155.864145762 -29.0454125217 187.397364083 304.526370814 -29.0468425172 -350.233050245 
273.935303894 -65.3630320496 -29.0468758133 -438.770482246 -315.627246939 -389.517967435 -97.7118750607 309.032302359 458.951945979 2.6755364937 
5.23307364184 -324.199747024 -87.0152794511 46.8554427612 454.312195144 -379.607397659 -315.998196136 396.201225046 -159.940259601 -7.42668714039 
-227.686514473 445.422334279 -78.2994327622 -4.01001804966 111.903156204 -29.0468550879 378.428471076 -313.329892564 22.9476713976 283.4544238 
-237.462039559 434.021589743 -13.8469962274 -317.623425657 390.370834957 -454.961010311 -29.0468697041 1.90096375252 253.746970098 -244.56413283 
-29.0468431386 459.329259635 -85.7004024313 301.440546868 -29.0453308069 78.5107494404 191.491982617 -452.392654305 -419.127610849 417.39460665 
-10.1040974418 -117.037271819 -325.500507961 -195.286020749 187.651575325 412.916517319 -29.0468425173 -374.75304632 260.050639237 410.459519869 
-102.095186419 453.683349292 91.9744788897 431.436345698 -322.215046308 -14.2403070852 313.367223711 -11.510647681 -178.005670813 -398.957873176 
-459.797130908 454.263501093 -9.82812146518 -29.0468425537 -314.616094313 -350.583488384 -237.182130879 34.4540509128 13.1211733453 302.937323686 
9.58188385542 -191.918950851 184.337746004 322.064070248 460.315022976 -202.094671859 -24.6104034874 -440.243373305 -1.30088928672 -424.643850359 
-183.445506232 -404.791681237 -391.771464583 309.984607187 -374.200071662 -53.0138078956 -28.6387288099 309.762985574 -29.0468425171 445.25606355 
-79.8213970145 414.441137809 -29.0468425275 -109.610080635 -393.969665777 459.761461016 311.663823515 185.410554015 -42.2655070847 -443.222180529 
454.642081478 -325.968546621 -237.504469515 -0.159860009898 -459.094222484 -10.9397587198 -10.804192663 -316.603347129 410.144770091 -123.828851486 
86.6823844168 383.623453348 -252.818807146 -133.779944847 158.331098682 -320.098104541 -334.69553733 -2.5483606256 422.794485691 -86.6267041951 
-29.0468462768 61.9623776178 310.958359483 205.478019805 -424.051562974 -19.8699087947 450.892856793 -29.0468425907 -372.992566814 304.557666529 
-316.585582086 -325.964780397 -459.096378033 -237.503190543 -10.8497770408 410.131086218 -123.854143044 -11.1119553437 -0.157372878777 454.646174493 
-320.502672982 -422.958463613 337.220269182 -223.253563175 5.50582575638 7.83714310201 -11.5884016615 398.794139221 -446.472671307 -202.968170317 
443.129824112 -459.056712306 -100.699993173 255.480169605 2.51343753152 -323.953140976 -142.648277978 -319.524115459 383.686205131 -8.25603050368 
460.348058916 -439.157089336 29.0468232883 187.770201268 -122.473846173 410.465368097 315.959606457 -110.619667587 -29.0468851335 -329.944471684 
-81.0743018967 -319.099752389 -100.732657327 22.7301309216 378.941385338 461.000739492 -313.225033629 134.980546274 29.0468382206 -374.651646376 
410.464744346 -383.09834583 307.054722283 -439.750840628 -29.0468439438 -19.0995825738 187.757016899 460.348151382 -222.870841801 -28.7608048661 
-28.9547095473 451.866968757 -29.0468425211 -243.06967316 -84.5793629544 54.0540890987 -459.284388323 314.235470777 277.695452098 290.649197808 
-385.234021956 -215.521015659 -47.6895047012 316.773243181 312.445091705 -29.0468425472 -432.38434399 446.763090626 171.199634041 -5.55072003237 
-412.044111415 189.720137665 222.272400314 -29.0468425074 -184.506570513 18.5554057797 454.933884921 -406.412259624 -28.866843843 429.105338531 
78.9984532388 308.723503096 -29.0435716217 461.229115896 -212.384095774 -378.303336677 -29.0468425196 305.56047532 -432.681588632 -3.28776306272 
415.825727926 323.177765502 -106.452369326 -28.9176294993 -199.483857468 -422.246752262 1.49329577489 -239.169564644 -457.945139822 189.726282651 
187.028316302 -459.420350908 -33.3825955779 -90.0956874572 -242.30201213 136.264484767 408.698432635 460.610543114 23.334292286 -309.874408478 
-324.491974451 -9.28444583296 -19.9722905392 209.187864896 -104.850092207 -459.096801773 456.618813753 -127.781940778 425.246072885 -349.883159224 
-200.24551193 -324.543288616 29.0467129418 -422.900538612 323.023375815 -319.705704639 1.23651725388 -2.46018055741 -97.5622379455 436.571261681 
318.49290117 29.0468043288 401.133200764 -225.029217611 -443.357776525 460.30370982 -8.69232893844 -249.160798174 -434.99145414 -144.51680286 
-29.0468425185 -98.8861947252 28.9608190786 -8.75504728893 432.482077935 -457.683590311 -239.87348716 278.598062533 -319.819628182 453.042055626 
-29.0468425458 301.794804817 -1.85498705468 -170.127707192 42.6360650397 -314.907395304 453.566751845 -460.012616544 0.328929695746 -350.798974025 
-462.539687853 303.156336445 -29.0468425169 -57.9656268914 315.288581219 260.464496274 -353.326045335 -63.8386385245 456.922474384 -8.98747105009 
319.529668949 -130.758458282 -213.828971027 -417.231748796 -3.98039344441 311.886522764 -432.257792958 -203.855619474 440.7695658 29.0467973253 
1.12481964863 435.854090865 22.6535697559 -161.814629002 -94.7456942441 -455.966018696 379.190208281 61.1466034613 -319.236637149 -316.147569456 
-147.583221049 -62.9452341527 426.741279097 -239.79431383 -459.712200823 291.31443511 219.27329741 448.543629139 -350.498557904 -29.0468425154 
182.156791302 377.420757623 153.58697672 -210.789497098 -27.9486244433 407.288576139 -162.605968478 -36.4518929496 460.820776665 -435.547373915 
312.362765253 243.357581801 -97.5430587129 312.19969589 -104.119353261 456.099363536 -387.561285385 -29.0468425172 -461.774672789 4.70240829088 
-104.215595166 -321.168287529 -68.08709149 311.278757541 398.874778147 -394.715320207 -29.0470016637 460.818280338 -21.1496004402 -443.870002085 
381.542606046 -100.25267497 436.83228616 -325.606090286 -4.69129060953 5.3995377281 -97.721717542 -318.128445814 -380.822919835 262.206149593 
-160.203462161 -325.800553889 245.132540985 22.8230463912 -408.422932969 -21.7905327697 29.0468425135 407.193629953 -414.287880721 433.020536645 
278.197679624 410.152378059 -237.748210671 454.556447602 15.2144760579 -458.96862342 -29.0468438701 -122.495890954 -325.523493023 -9.83347104381 
-379.50242824 454.208457801 -97.0407097501 -5.08978430964 -4.84140501508 45.4135388545 430.582747485 -318.278035832 -323.351952879 -160.388527169 
460.879991997 -316.70910199 377.920624218 -450.817492724 13.6851060809 34.0116968843 -321.788336499 -9.41849727863 -231.998576731 -22.8805538444 
311.491086535 -444.359008068 -319.969554452 460.90626969 -29.0468510653 -6.66967126722 -68.1747689912 -395.164713644 397.8874969 -105.635434016 
459.306445392 -29.0468425172 -407.799801869 342.320272266 -338.237725363 279.569395141 -90.0554250424 80.7558026812 -189.177539566 -387.490280182 
454.299288304 -9.23212156059 181.727455791 7.25114814487 -98.6328586444 429.276772054 -368.585991961 99.7959263802 -319.344748452 -319.333476711 
-369.504772012 303.008966719 -44.8611755489 -195.942415718 306.319233622 -29.0468425173 -418.757286822 -29.0468233723 451.778506082 64.5375978626 
-427.386873799 -58.8400000562 -6.39888336224 -439.437641168 -207.550921743 -134.929785262 -313.725197283 462.392649368 321.579743379 7.88630460685 
452.4205323 -374.32886129 -241.651035402 -317.598239417 -460.556355053 238.389516177 309.441623026 15.3088417593 -33.850327001 -29.0468425147 
305.9032987 442.180656228 -29.0468434235 -28.6197123763 -78.2993582334 -155.627479665 360.875781748 -375.169264208 264.271675805 52.9710031577 
305.468980945 305.087574713 -378.192311113 -3.06268329145 70.2003081649 -29.0430160358 461.198903686 -432.541844465 -29.0468425721 -212.216939245 
29.0464399603 -355.253369676 -305.993846501 461.672848175 308.773090731 -136.171516262 80.851816678 -84.081654753 -29.0468985545 -439.628116817 
432.23583438 -107.212752068 89.1073524149 -430.113814183 29.0467840576 -209.167618712 339.610737599 320.236537171 -4.69014061893 -328.502467111 
1.55015318364 -459.114010345 -318.714503476 -134.92332968 12.276384875 -21.6169782477 448.422027717 382.988516669 -319.388814305 248.895545613 
189.495060228 364.793681347 459.51897718 33.2980813569 -29.0468425158 140.408791902 198.312411974 -107.544603705 416.095622264 -413.705151602 
-29.0330618505 29.0468311614 269.034807876 -459.176729195 -192.245785728 -410.519145439 -190.935938561 31.4816601281 455.101655724 309.741617221 
434.738754003 92.9788079341 -29.0468425175 445.912575093 -245.238696345 185.425257664 -255.294244394 -458.951445706 -327.241496447 -79.1470362003 
-423.884579038 404.4699472 -227.392197593 208.946315357 -29.231832258 -427.675289965 392.350754474 29.0468333044 -219.887555433 29.0468279379 
311.150606132 440.845710428 -459.511649204 -11.1383838185 -148.69048732 447.938419685 -14.7855448185 -350.29800619 -322.139246909 -103.340485076 
318.081081867 -222.980151342 -19.3770009365 29.0460112418 -221.858664548 461.849873301 -441.348476037 328.045270073 -440.688917416 -274.951017464 
-458.828340361 -7.51498495824 -15.8907095442 12.0724934061 453.943990667 -319.008026837 -239.338221916 404.527975944 -124.031509322 -319.893147336 
-245.336741025 189.512821026 -29.0468434089 460.339118582 410.525681866 -460.644341206 -31.2638678993 -314.740250934 24.2245052292 336.617668933 
-315.233069753 -375.842352987 -424.879980323 445.393813528 -29.0468425173 -22.3058591672 -29.9767919999 305.520517924 23.35009952 216.69268745 
451.423461748 -28.9190643392 -461.443161936 304.465000987 279.782870183 -389.762133897 312.851709814 -169.950576873 -12.927140796 -29.0468425172 
-62.015940213 -29.0468425172 -66.5538142221 263.154366995 -14.0218073818 455.929701205 306.114337552 -431.850247756 -382.59773478 315.534863929 
-315.631949919 2.66660735517 309.035325273 458.95148169 -29.0468435881 -438.773720933 273.943266996 -389.521206206 -65.3617357452 -97.715531417 
-397.700661648 -17.9744671322 413.061829835 -133.408177441 -26.1321851662 -381.435749699 455.344486967 -178.214839072 316.646379472 -332.183235995 
-243.121245884 316.214935028 451.702319659 -459.386903341 -47.0499110069 0.326365410634 292.325093312 276.924288932 -29.0468425379 56.6030467608 
272.739464835 -374.483352362 -29.0468425826 -325.230769277 438.439437111 -29.0458966051 -66.3885727849 -82.94433531 -399.798206508 444.957268447 
-22.0147933211 41.1551146672 -363.966435513 308.274801771 248.468622506 -29.0468425173 -29.0062597946 449.764166576 -458.957352017 303.331430006 
261.848125919 -391.22092571 -438.803552248 -10.1112956203 -171.483454055 437.480015192 -26.3773473979 -100.258402054 -320.240759413 309.641620679 
285.152863699 -159.983652088 -450.328160362 459.920005911 29.0466907384 -29.047018286 -249.461556692 294.950255087 -433.127452922 57.112785386 
-28.6261075168 -204.873101261 203.72053475 -459.201011181 -100.93631309 -403.063284831 448.065756845 358.410326124 19.361100615 -320.554849416 
280.223601133 -441.854368776 53.5913342232 -210.899470668 -430.137653768 321.055127174 24.6246031511 -29.0468425171 459.760090961 -221.637910751 
-57.944502601 -382.622099994 -90.7357432657 -317.130839489 1.5602205814 -328.460181234 266.308343247 -12.1321022162 377.934824831 397.06241167 
-1.1944807314 142.311809895 -66.1633728429 -352.279933774 -318.371743754 430.494217094 -451.217535956 -26.855658377 394.099868261 136.574206292 
278.11641426 -78.2994253043 29.0468412698 374.920808741 460.523781225 -422.186403268 -214.959522575 -125.275867786 234.929132522 -29.0468048171 
418.330097442 -7.82056330315 -161.298967456 -29.0468425697 379.97373704 -383.182808218 -134.598249872 186.670527515 176.538799971 -327.852246391 
-318.889068844 -6.46883994482 -320.125168461 -369.377683191 -97.8618942841 106.359568102 10.7496068757 -22.2442572706 447.806984999 426.015343443 
251.246210437 308.275508347 -139.389947286 -2.17575874401 389.955578321 -319.143045782 -394.206654057 -22.7266458761 -443.459169037 443.897804256 
-450.222505651 -19.2700724553 461.301191628 381.489898853 -319.115136669 -29.0468425172 -228.72218484 296.848434613 -5.31257614988 64.843892062 
-20.5698362683 187.35176713 460.243167746 -29.0324905659 -350.784316253 303.814013013 -225.689914312 -29.0468425172 411.173535928 -443.257170228 
448.065768924 427.333325919 -417.032878907 -384.154885124 -135.146116111 83.3663283639 -91.5817882269 86.6824020489 -334.902122729 -86.7691032299 
-105.653273351 311.493367807 -29.0472209121 -444.356203367 -68.1937333785 397.870610574 -319.962311234 -6.68365425782 460.909799319 -395.165289481 
42.9777290283 306.764840368 -306.97146016 454.734003975 -459.773287078 -170.10405642 24.4867496915 -29.0468425173 160.250930552 -289.780135445 
33.1295191099 277.815579908 -124.19374867 453.623399078 404.613462165 -29.046843327 -7.66151312656 -319.953302086 -458.865891094 -239.945335424 
217.780881486 -62.1764618907 3.08872396206 -27.0064397922 421.838450671 -318.717162904 -123.965136426 185.421576568 -408.750994587 381.575701897 
-320.100905323 -22.2341696071 426.044930291 -318.888599214 -6.41651318425 10.968866652 -369.353420093 447.797279371 -97.8567259569 106.345331489 
-29.046843831 -88.7115298908 66.1339785576 445.197895215 301.334600093 -29.0423991209 -378.159428031 -325.327119714 309.414609623 174.004327026 
-131.401143346 244.471192441 1.11685752412 308.369366726 -458.733638725 -29.0468425173 450.067135211 45.6426618696 382.105382168 -318.660229072 
430.113834788 -100.4349551 454.497548826 253.518930493 -70.4129416423 196.509576796 -10.5250330682 -320.440414268 -400.267850013 -41.3998982638 
23.3575475297 29.0379335972 -413.200646681 374.250600228 458.773917294 13.1473284644 -213.205938539 -193.564751659 -422.693936755 -196.019028762 
-26.1928769587 -177.233929793 247.283213122 437.685089686 -235.131996177 -396.270307801 -444.115909343 308.950646381 267.392115326 -29.0468431685 
-410.52627526 -191.937355719 -318.889515605 29.0468424194 -98.005318743 356.238011367 -208.426400263 22.5008254126 445.192217891 -458.368073943 
-208.054325154 -427.709698822 18.41793995 -220.141873858 459.202350796 323.147630549 -209.509885014 24.9624588362 -4.38039519261 245.843723706 
-45.177663533 -2.95803264579 -318.348301651 436.338694783 -5.14936013366 377.837450723 -381.853407885 -326.812848724 -97.8820309897 268.804400477 
394.516420666 -242.816981243 -215.209891758 -374.135058143 -22.7527855623 29.0468394079 310.452676587 -432.244440577 -13.7050266141 462.37603182 
451.175524698 -373.592493876 75.2751831567 -284.241295954 -102.041730128 29.0463710642 435.546342177 -131.405575007 23.5624422281 -324.339974026 
452.793369559 153.539517376 -140.918757609 -3.99776411506 386.251385843 -29.0468570945 -57.6857873037 -391.334796305 309.699090184 -320.179298989 
-28.4892070805 -121.646806001 -29.0468425179 -460.34728866 56.2375879849 -238.223149855 -351.133646133 300.347602937 452.631325358 296.381769219 
310.475785278 -378.289222489 -67.1326883578 -42.5028844458 -434.94348253 -29.0468594887 307.678061958 459.366845101 -385.69096772 -29.0468425173 
-399.622795522 444.737870054 -318.917465403 305.147075811 -26.2389665565 -18.9272424034 -6.95203969448 -197.313928314 444.014257115 -448.875361004 
-458.467465999 83.8390800407 -319.530536092 -321.682683191 -29.0768154153 404.422474515 454.503849652 -6.51857292532 -122.743200125 -239.186681978 
-214.483929441 419.559394836 -405.378719725 -29.0468323987 -29.0469517279 -183.919925958 185.157134613 459.014380752 282.466201779 -454.631240089 
-123.312304951 -282.80593455 -17.7557514619 454.247443158 29.0453943827 412.659940951 -377.239988164 -327.987437482 60.8508892955 -157.603769421 
-42.2403508728 178.296514323 -91.1544324333 226.071448552 29.0468002355 449.259058179 -303.268662846 -442.407476144 237.209769876 404.687491856 
-405.378700374 -296.167773831 207.628172138 290.545683557 458.217107323 -76.7087316156 -74.3216380765 -92.9251411021 -26.4713646284 420.80208539 
402.243318255 -159.143265719 -456.291199021 419.344533697 -29.0468425173 55.73257337 187.524344291 62.0664341172 -235.151656358 -347.094748822 
-239.297335213 188.526694 410.497526601 -451.191582185 -29.0469029514 298.584297204 -18.9194814696 75.1981349606 460.343291889 -29.0468425172 
-94.0274381727 371.739823065 -192.964329498 -15.772234746 -398.245178459 -414.785782425 151.706743191 153.927330662 447.025228028 317.399922566 
-13.3350996624 311.718303773 -15.632213241 402.47787279 461.44170254 -322.312806132 6.17386480196 -134.66627477 -351.092895444 -460.306537969 
401.972743542 -220.67628367 -442.085960646 295.549023246 -281.45057916 400.035996527 -267.498677418 29.046824985 29.0468304363 -438.291878545 
-4.11090848946 111.929103778 -109.845191617 -6.85117961838 -318.763901225 -203.691540247 -97.8266338057 323.275965651 427.059437434 -424.191245346 
-29.0468425173 -83.467630593 439.112408811 -29.0468748227 274.646768994 -401.719046187 273.572985981 -123.389196949 449.026739658 -459.200799915 
290.855149204 -94.6441777628 151.702942401 46.6769568822 -29.0468425173 453.820714626 -459.933450723 371.433640471 -238.43933714 153.310591051 
280.745425961 -29.0468425172 89.6516555438 -459.838759981 31.2219355535 451.697881281 -80.2856960083 311.09764511 312.893138907 -119.792313579 
416.03184281 -459.033866528 454.058668155 -240.841986605 -169.250480597 36.2395780698 289.018106132 -29.0468425166 194.470350022 -28.892320712 
-29.0188567463 307.018174114 -439.749220695 460.348125022 -19.10327 -29.0468852192 187.760995941 -222.866155206 -383.094875934 410.464922164 
-29.0468425172 -11.8674637703 -374.367161859 446.600598546 442.163847101 -397.162820893 -153.603009153 -30.9547244511 -325.832164922 291.907307289 
-38.2689598866 453.853817131 -191.397339715 -417.220435845 321.136296712 311.760682183 -237.168728273 29.0467984846 -28.6578674625 -384.949581315 
-400.097740835 437.981313754 -29.0468443155 446.860849324 270.566490167 -324.952783322 -76.6203470016 -21.343838035 -31.392962083 -374.205369713 
139.808917221 84.8197708167 308.288180756 -68.9677241433 -411.325887398 -316.570131775 -37.9330245895 381.294702314 461.2877248 11.6265828346 
-460.001865989 -29.0090251578 290.752146722 307.046200301 453.583680584 182.036632842 -238.96037447 -29.0468426466 -210.288829978 48.204624482 
189.042804042 454.83466355 0.250210107029 -29.0468426706 -459.035838758 -9.42460277544 -238.420567739 -241.82845281 416.327831852 -316.435864645 
-115.883996728 -459.281241253 184.104409843 -35.9301459993 377.049495481 96.2145460021 460.776759437 407.583370613 25.346464073 -313.134005485 
-315.376803166 459.103991192 270.464390757 -351.808802541 -58.8322336399 3.59158860879 -461.022445065 306.772566731 -29.0468425172 -97.5959807768 
-41.6603071462 -286.440013357 253.014192317 181.53193021 304.832407041 -433.67760286 -29.0468447501 29.0103811005 -376.17507558 454.015252165 
101.676911881 118.710583238 -174.243233291 -462.54598213 -322.407485236 -14.1325588521 -74.9341223451 410.666934102 408.617232972 -323.089853001 
-232.000833157 377.902937914 -9.41488646078 460.877897785 33.8540052995 -450.824349778 -321.76783629 -22.8804297007 -316.728474598 13.8637498012 
-459.814127565 303.999695833 -169.5029619 -29.0468425354 -28.6110618597 -241.640517709 187.673620996 416.888487069 444.783582874 -399.658740171 
304.325509677 457.878612916 -341.820971012 -451.025245835 79.1944364119 -146.509989954 -28.8655021931 399.085785978 -29.0468431523 68.8959743577 
297.882269702 -316.517133399 457.452885137 -374.250623473 -59.9772890605 6.36278700255 304.184240758 -29.0468426018 163.654157823 -136.928597987 
169.528435032 404.881743086 177.847619848 461.163890586 -320.066262778 -85.4877509641 -29.0468425419 -375.199088102 -41.7436927626 -59.6052606788 
116.185289498 -8.13482383807 -207.185327116 -427.256124286 -201.997033341 321.842821398 -1.22514210547 -105.324108968 321.933608058 -424.575533272 
-240.408022567 -317.856356163 454.115735874 -12.1942783437 419.43216039 -238.696912397 28.851957841 -458.478674408 -29.0468425172 186.530440621 
-118.464250421 -340.453780849 410.925255739 -320.495760248 -6.22602986676 -324.188589494 -99.87115568 429.097846713 101.900781717 -10.6725451527 
-460.05925451 447.22588163 -29.046850666 -66.4398708634 -393.036936921 273.002738013 -286.438896488 314.067213599 -29.0468430048 -172.779534446 
-312.669824345 461.161143605 308.106924903 -224.561800796 -93.3378075621 80.5558531872 38.1957095181 -443.990141983 -29.0468425175 247.678092607 
-319.509793739 450.092473467 426.975760983 272.556090434 -457.74588163 -8.04493796445 -98.6940656086 -29.046844526 -86.6208145917 104.517163175 
-141.640395491 -360.51382919 81.078578616 -29.0468427433 309.279058325 461.337350105 29.0465593373 -20.7174699985 -311.255865099 -437.451783569 
-176.655204217 -25.3976494969 315.199952529 127.940999456 452.795621633 142.951006485 -394.855428103 -22.0189095981 432.884886195 -355.5341651 
185.427554685 -29.0468425173 -41.6126637955 -108.972049893 -393.883834736 414.388243333 -443.136349634 -79.1770912634 311.595207519 459.769228866 
400.75757403 235.326616297 -410.227655894 171.65364431 -192.198210662 -49.7191961065 -97.3486184239 451.307196509 29.7091061231 -190.405662349 
-29.0468532328 -85.6305342195 -418.943285739 78.8851123191 459.329866142 190.618077554 301.780205882 417.390447551 -452.44982957 -29.0468240739 
-384.1546673 269.043199697 -86.769131643 -386.843479181 312.713180517 -73.1183300214 -334.902152127 -29.0468419957 427.517563484 86.6823429481 
459.239628619 -4.41998702637 -452.638393445 -7.79410057519 -428.765367242 -1.31818817206 321.333518283 -164.679674068 -316.984086531 -209.416559024 
8.25635074536 -422.346554738 -369.777088245 -160.546588825 29.0468396382 -201.951223188 326.788196832 -72.3976739402 -320.524275713 460.234147549 
306.529060047 -125.628348747 -316.83064812 462.202088874 -138.260174529 4.80881087264 -459.854424918 389.20583229 -29.0468425145 188.465661578 
413.520436914 453.632214686 -29.0468499467 -426.066310905 -29.0440152694 38.3796831417 189.038375524 -456.258677148 296.131851058 209.93551031 
-20.1596089055 447.227968658 283.672994433 -430.304353802 -211.751650594 185.195657672 -78.2993574631 441.544586504 304.407331321 -29.046842659 
-404.695308091 247.096911021 -29.0468425176 -155.659324073 -186.764246012 -403.732877519 290.411199867 195.988384986 455.175692181 29.0102571821 
-196.587390696 455.200765568 -109.107728557 -318.422625848 29.0463412125 -96.0698432351 -316.987694046 -413.490101 428.490363091 29.0468329256 
-237.690037038 -456.890808852 -316.73788462 -12.9701727202 4.37316038049 201.825218176 -22.8308359873 390.516867104 -238.23011651 415.823639107 
-399.889116264 -130.979284984 -110.453931708 -321.275593666 460.148972033 -449.141631176 404.17929274 315.157618478 -11.0454634906 7.75624325944 
-211.222382263 460.429366236 3.32096232562 -405.910127736 29.0468073154 -202.871882491 28.8829560938 -421.33059831 374.100070829 -189.780710189 
-29.0468425169 448.064993615 440.721464445 -103.157473193 -350.261486325 290.828423925 -14.4585434541 -459.475129305 -148.322573919 -322.00881737 
252.710151488 9.84281737598 376.531820629 -449.555982511 169.686291967 -189.427781496 456.632037774 -127.448059994 29.0465547401 -323.197617703 
-384.870273455 307.657758766 436.735267112 256.622347973 -319.046077969 -432.673058711 -98.641916004 -7.01181148708 -61.3062891989 -29.0468425176 
453.188569724 -395.107858598 231.950572254 432.242846085 -28.1161724673 -29.0929054754 -58.2790235366 -410.685843112 311.246208883 138.568013684 
-239.21237782 -322.195161256 -457.378489973 -30.9359952377 -98.4795108076 453.718689456 431.3788227 83.2933610051 -8.24909611579 -319.578981272 
-395.037501332 -26.5424414901 -176.773619078 -57.8941211859 -280.593147881 432.107405915 315.20580405 -29.0468597383 453.271569224 135.599786576 
-323.147502206 -458.951424212 -29.0468482345 275.855417982 -239.226524671 16.141257313 384.846239058 420.522837685 185.923906124 -87.0983786098 
-69.7824808957 306.97818999 -20.6051499395 461.968391437 -361.224670838 -311.972155947 -75.1872664278 73.4586917843 29.046701816 -299.967586902 
-319.95312336 -239.944881686 -29.0468461849 453.623563017 277.815199278 404.610615001 -124.193576357 -7.6510239478 -458.865724946 33.1258999991 
-70.7390152443 -29.0468418785 29.0464286969 443.531882765 226.489478707 -386.732049283 -168.447684626 307.421342302 -365.069151064 -315.816635985 
29.0468419091 -29.0468527778 -455.292901665 104.789876748 -314.609553386 444.041859026 -24.5369082129 444.710222781 -78.2995313405 283.448193845 
459.281427251 -237.405870136 -415.263166155 -29.0468425174 -457.920261156 -192.405027098 187.281901401 -199.966222135 26.4375541308 417.722742095 
-459.021978006 416.328852416 454.801980363 -1.60998958026 -316.433795349 -238.432905959 189.060617282 -29.0468426676 -9.54857579813 -241.787148906 
248.349166527 -408.229040817 90.7140124045 29.0467405138 -29.0199132544 314.022322035 -160.191318633 -209.904079214 67.6994673512 462.404344296 
-116.706239957 -404.201996127 -454.780680635 291.311635954 -29.0468425172 -128.690979542 -327.704242218 459.418899195 -15.4529792332 410.954820137 
-319.965498527 -68.1377294982 -29.0470100827 -444.205986839 -6.90349463549 397.968246693 -395.092222873 -105.582950562 311.460733709 460.904623756 
-2.43676660641 -216.832342829 -324.446704953 -219.183328026 318.237165448 -18.9690864588 392.531372504 -436.929590062 -12.6509718142 462.586363214 
186.188857731 -29.0468426227 426.412727359 413.040597727 -244.073704405 -273.270418667 -58.7030515541 -458.952490836 223.340660795 255.942379406 
-3.53729968791 -2.61675008443 -101.054512603 -317.393508385 323.275728863 -203.440962468 -457.181090186 -423.970436984 -97.0481607865 439.410514666 
-459.156434874 -321.680143026 -14.4093434576 440.693973798 448.08169997 6.00330459967 35.6411254508 -316.260178781 -31.4621646699 -170.400620604 
-460.218552708 -145.579813614 -320.96471447 310.896415671 -9.55696233152 448.065771106 -23.9436831365 -351.004909906 401.856220801 -132.901765728 
-20.3857011226 -329.768743212 64.4584025448 409.268791019 -461.183092135 144.700018587 353.590187621 459.913065612 -144.538037753 -107.914262691 
-314.026514683 -461.263657776 439.409507076 -29.0468425172 -218.252597092 -352.050015163 299.408483107 -6.95541432674 57.4609866729 -139.144173162 
189.797178176 -211.108467618 410.526897835 29.036302375 460.338938351 -39.8242235049 -428.897673358 -308.457566594 -450.548697926 -29.0564968479 
416.891918275 -28.8976455131 185.78104954 -459.07921335 425.028409525 188.816562491 -419.112765452 -240.963782196 208.058294415 -29.0466743067 
462.277749838 63.3076261818 320.48944163 -136.490385211 286.023502727 -429.323652395 -434.877190765 -29.0468425865 -209.469055845 -8.9614021978 
-427.02691525 28.9529654585 -226.265584748 295.668429454 -455.838306568 396.664274972 -29.0468425172 456.026182193 211.954758671 53.1419843311 
210.902907554 -29.0468425172 -425.995039535 456.206903524 187.719536549 -224.01083028 -74.558309633 29.0077524406 -456.289926166 395.536741248 
-5.19319808068 -144.699594294 -355.699155168 -29.0468425171 67.1100006489 309.64293112 -318.693440752 -367.945955442 28.2359098897 459.572178507 
-335.121772254 139.403643061 -449.677946184 86.6824410983 461.046318158 1.58008987998 -311.674577231 -231.045654744 64.5225570211 -86.9208908247 
461.438931379 -460.308319267 -351.09467675 -13.2998098419 -15.6253439425 -322.313864587 311.707008131 -134.702416473 6.15250843083 402.501759927 
-29.0468425172 423.30488696 -4.02075408168 116.13861468 -318.045797548 -96.936062439 302.974917441 -460.255137958 -10.0788889027 -351.041495435 
-374.40047823 187.634973612 410.458511973 443.033121156 -29.047283941 -56.1229282782 153.081601192 -29.0471026097 302.924781264 -118.000884045 
-26.42397302 416.300192361 189.340104519 -29.0468425157 -22.9861817008 -458.700475253 455.540021028 -237.785818855 -242.249331031 -241.808115502 
377.86546534 460.873460489 -9.38690622426 -232.008458278 -450.83275111 -316.7327342 -321.778888045 13.8372270891 -22.8906890246 33.6798791383 
-29.0468425172 229.762620348 -275.860176639 -378.272872639 310.826467525 -206.661936215 -426.085404177 324.938121171 -5.01754283915 46.3325484814 
-239.943481527 -458.864366841 -7.65883983275 -29.0468437223 -319.953809991 277.828134062 453.624759551 33.1085804586 404.615324459 -124.189344238 
-371.515481617 310.215395705 195.900015318 133.431113051 -29.0468425173 -129.131274261 461.341772467 308.43440892 -460.35529991 -19.9190012815 
-448.870050489 -399.617485396 -18.2595508098 444.70936105 -26.2258279536 -6.70812715289 305.291686343 -318.902062477 -197.326510943 444.04271865 
445.261072101 283.443060979 -410.475694382 29.1462689763 107.072330355 -192.236347966 443.492731884 -29.0468428636 -78.2993662717 -194.001176929 
7.32899526443 -320.90803266 -193.129830531 129.684900338 447.434033794 343.710860474 -370.160547525 -23.2835755873 -123.109462256 23.5811995789 
-451.976477397 -29.0396678712 330.704474298 104.259869998 -29.0468429534 -78.2993790751 306.067409789 71.7775219799 442.409231234 283.477990354 
-460.724791315 27.5974507812 -318.762567722 -99.803640244 315.046848098 -395.162971165 293.821997315 -28.3860292815 453.486978693 -175.674578874 
-191.724830832 246.872418978 29.0468381705 317.113741427 29.0443742174 -414.533045007 -264.147835037 -436.733604306 -220.083486914 461.099015081 
457.343556707 417.049540371 -459.613491607 -29.0324574398 -29.0468425176 287.548600518 -404.911947446 -242.07318851 -185.758502841 187.974160594 
-31.4226645897 -29.0468860566 -76.5816393931 -400.090117572 -324.949290176 -21.2563160432 -374.201898375 270.620600235 437.991853184 446.863838551 
-53.2450886499 304.437492369 -374.830280097 311.723723538 -411.476000361 -187.229717751 -391.250604281 445.037685484 -29.0468425171 -26.81149054 
313.520918533 -393.181608781 11.9794655677 461.104154925 402.627640313 -18.0542448468 -13.8003553885 -442.434123733 -322.508588758 -134.388387975 
219.894863387 -194.278780374 457.778219599 10.533501848 -325.059199873 422.622374292 -412.108608914 -5.47286944153 29.0468423917 -192.476824607 
-22.1750136471 93.6882911149 454.328842297 -177.865991431 29.0468387276 430.387392662 -396.233147065 -106.324027528 -327.273669708 315.894790609 
