1.14213143477 1.12418131663 0.60696942206 0.997911430945 1.0167895483 0.963626278419 0.765182175583 1.27044014895 1.35000001145 1.00699256143 
1.19903922129 0.825999006928 0.67908628468 1.32888171638 1.14213143462 1.34999999964 1.00755895894 1.03320960496 1.35000000076 1.18311911891 
1.35 0.935394376705 1.14210937722 0.865426783055 1.00539550755 0.898115297185 1.35000000126 1.3500000011 1.22271985051 0.976200554605 
1.16148232598 0.667357597852 0.955518460093 0.566979579297 1.1764046809 1.14213143481 1.21134123947 1.02056074978 1.1817522651 0.741620581641 
0.971150127737 0.625935679044 0.693145176721 1.03172343057 0.874420585727 1.34999999883 1.34355915258 1.16121895186 0.97865972103 1.14213143477 
0.956510316237 0.977400972592 0.923754846429 0.920193838616 1.14526845576 1.14213143477 0.95150460048 0.855286342306 1.04319236144 1.34999999883 
1.13060205665 0.965239385279 1.14251664701 0.846622525926 1.14212905261 0.813252854382 1.01241943191 0.982166411043 1.17541633155 1.24526351831 
0.572611198308 0.987029509445 1.35000000217 1.13660393794 0.689133653132 1.34999890469 1.30412802036 1.34999862359 0.840999956232 1.14213143477 
1.34999999996 0.993200874377 0.98324023172 1.34999999988 1.14213140423 1.34999999997 0.987455558988 1.3499999999 0.572351838612 0.82213118983 
0.830789577636 1.14213143479 0.940076640552 1.01842585273 1.34999985825 1.00431212994 0.97454937261 1.12336356248 0.960950822279 1.13665944753 
1.01539269352 1.01580256119 1.22732544464 0.979220628222 0.729458627995 1.14213250782 1.34999999824 1.10805251399 0.975951155683 0.907513841145 
1.08346976495 1.07110742344 0.839417677234 1.35000000001 1.35000000002 1.0821022674 1.35000004634 0.79070947315 1.1421093772 1.35000000004 
1.21756398712 0.615882190961 1.14213143856 0.899764861144 1.05717337063 0.906540839216 1.35000000002 1.01776700971 1.07095717041 1.24296012573 
0.666125281848 1.14242170121 0.933929640423 0.893752389009 1.03619946644 0.885170184158 1.11689332863 0.990129210195 0.858213688224 1.10541332143 
0.83626621305 1.11508887033 1.28727473356 0.687115451646 1.34999999975 0.663943079636 1.35000000027 1.14213143477 0.824849316026 0.999230440193 
0.897724702573 0.867395617907 1.16389687513 0.907720217985 1.10063297028 0.990698149121 0.936286475001 1.08634756377 0.988789958957 1.14242391077 
1.34999999483 0.990244866439 1.05462463798 1.17259524496 1.35000000074 1.14212543842 0.978174179142 1.14456774382 1.06829138901 0.993657080179 
1.0387305545 1.30107328945 1.35000000078 1.349999998 1.02482875019 0.782887268582 1.34999999857 1.0102533023 1.14213143477 1.01213341457 
1.1470618653 0.983798690648 0.795247115055 1.08233541183 1.14261827583 0.911214886599 0.826114927609 1.03302813523 1.35 1.1421093772 
1.14213143898 1.14213143474 1.29467154808 1.34999979154 1.02829596927 0.83568022187 0.813081107533 0.6237482365 1.34999999977 1.00754723355 
1.01958320313 0.712487042354 0.824107718031 1.04318498877 1.26299318509 1.000366805 1.34999994699 1.14212947646 1.04426636208 1.0413056369 
0.750142223737 0.980765347896 1.04209110726 0.816438383724 0.94755745825 1.14300044128 1.3500000013 1.01806205082 0.835690346651 0.974938647047 
1.04243616322 1.17879701027 0.850744143148 1.05738874996 1.34995053741 1.1409446124 1.34999538288 1.35000382505 1.14335206338 1.14213083662 
1.14505358471 0.556227882959 1.00925530524 1.22194959759 1.14213143534 1.00441682323 1.3360900616 0.778049044522 1.12801588133 0.970774394162 
1.14261428917 0.958254918664 1.11112147636 1.08624713169 0.897665427266 0.737218539373 0.993074876692 1.29725625194 1.14244154376 0.939881888646 
1.03232081298 0.979751888692 1.14213080007 1.35000000005 0.803319053942 0.936683147664 1.34999999926 1.1410924557 1.34999997453 0.970569064229 
1.19636653509 1.24587651666 0.99228328229 0.767371390999 1.23875586541 0.636978335505 1.14212575566 1.14211235726 0.902938766656 1.00023581542 
1.0309350458 0.614408888795 0.779626960185 0.938130142144 1.28498476783 0.992391883379 1.34999999994 0.988611913968 1.35000000006 1.1426130798 
0.924349289826 1.16337176643 1.08678190623 1.1566754889 1.14213143477 1.00161150599 1.02398297806 0.775896147205 0.686630481598 1.35000001554 
0.930941723231 1.09226270178 1.09903204932 1.14241875262 0.987070671963 1.09106963513 0.891425060228 0.883882794031 0.686336334925 1.11095384221 
1.14524081952 0.922873396094 1.31730413813 0.837362900474 1.00384224882 1.35000002383 1.14213103951 1.35000000946 1.01133658399 1.34999993044 
0.874154262148 1.26130262275 0.929636711898 1.1795767161 1.28956533586 0.633380289263 1.14213143509 0.99272113491 1.01310168225 1.34999986262 
1.00712110326 1.34999998773 1.14181354736 0.911848189421 1.07224270286 0.950417784498 1.30724580867 1.06665213003 0.726630492854 1.14213118206 
1.03613703792 0.918917783641 1.12774291705 1.34999999999 1.14213143477 0.879545728561 0.811471603173 0.824528557482 1.06540133312 1.34999999997 
1.05924476303 0.770461948817 1.25547785801 1.19591298299 0.878153803828 1.00029916723 0.826432622957 0.630166149834 1.1421250314 1.14211212827 
1.14213143477 0.940220369833 1.01142022884 1.04459529747 1.23381897386 0.62973259213 1.01431549041 1.34999999996 1.34999999985 0.747707252828 
1.14212919102 1.2549638954 0.88371104311 0.983933264005 1.01553544584 1.02200148752 0.998931185104 1.35000000016 1.35000004305 1.34999997002 
1.0031919958 1.22429555946 1.06678232502 1.14213143477 0.767064801488 0.79269894731 1.17517134239 0.999803272621 1.14213143521 0.778971824341 
1.2548531414 0.979562653169 1.3499999999 1.1421296845 1.01179570334 1.04152557644 1.35 0.993506296253 1.34999999962 1.11756597852 
0.871784006077 1.35000000006 1.15506375793 1.35000000021 1.19582949447 1.14213143477 1.12351988798 1.34999995888 0.708819075654 0.958881111974 
1.14193459036 0.963469953353 1.1909001699 1.05650551036 1.35000000029 0.934274699949 1.31162185399 1.1421294564 1.35000014789 0.963964217093 
1.02434145415 1.06002642013 1.024603211 0.995562295948 1.1421093772 1.29517368191 0.97106623028 1.34999999999 1.35000000002 0.704100770553 
1.34999997517 1.00897655848 1.14213143457 1.34999995277 0.76611951128 0.954818651979 1.34999999734 1.06725554358 0.930637999475 0.995040248449 
1.03502021785 1.14233235868 1.08462559388 0.922906072753 0.85879330788 0.77543329067 1.14182353027 1.35000000012 0.968418179869 1.05539679972 
1.25443773027 1.0089445131 1.35000009724 1.14212912276 0.993201945385 1.27506863315 1.04341403792 1.13020804453 1.02657192994 0.758976510251 
1.14211267875 1.19172254469 1.35000000046 1.35 0.97317031613 0.694733298828 1.34999999999 1.03221854061 1.00663990287 1.01540858165 
0.945249518733 0.799847435958 1.14213143558 1.34999934933 1.14213120334 1.0919272038 1.34999905745 0.631392897702 0.959501447675 0.956623386536 
1.04988485939 1.14212826746 1.34999999288 0.939162106771 1.35000000001 1.34999999153 0.975807921908 1.34999999995 0.971205792108 0.877103329093 
0.888630160757 0.738662071775 1.14213143471 0.951719676474 1.35000000001 1.1346081295 1.14213155563 0.952125264541 0.631977555744 1.03238689144 
1.10576143378 1.05872738356 0.90576994696 0.903317004567 1.12341580777 0.990319145843 0.851764103117 1.14242401933 0.93605606657 0.970230002479 
1.14203955787 1.34999999999 0.961271965115 1.19425202843 1.13225427286 1.14216810513 1.00563002461 1.09363288775 1.05080810471 1.34999999999 
1.02827514252 1.14213143245 0.830106307092 0.752285883176 1.25097640634 1.03069905245 1.35000001638 1.14213143477 1.06868657586 1.28099138443 
1.35000000002 0.974596860772 1.0264141008 1.13641599751 1.13602143929 0.979106512148 1.1420896135 1.01852264371 1.34999999982 0.714997011476 
1.14213109348 1.04341609881 1.34999999603 1.14213080638 1.02739863753 1.00119719588 0.770903563987 0.637412062895 1.24269681203 0.974778647869 
1.01923314482 0.845805658518 1.14014440537 1.07056391272 1.14133090932 0.924884643075 0.964709783592 1.07036926211 1.02164728093 1.194052258 
0.859056573783 1.34999928724 1.14429305053 1.14196200632 1.14572232799 0.936992136911 1.14213143465 1.34999998492 1.17297681003 0.949688265017 
1.03803569358 1.01006496715 1.26117395733 1.2111399625 1.35000007273 1.14213143477 0.78560673311 0.696869569062 1.03445526909 1.34999999821 
1.34999996569 1.34999999871 0.992081866134 0.962778852865 0.968874428873 1.14210616327 1.12460000467 1.34292833291 1.01125077316 1.17765461349 
1.34999999997 1.17745137026 1.09129556297 1.14251065382 1.142109377 0.990123436036 0.782377807995 0.959403246664 1.35000000049 1.0340594769 
0.775483386689 0.817999131164 1.0354201929 1.12041080158 0.964562709411 1.14213143477 0.893777067723 0.610031669493 1.34999998626 1.14213141912 
0.998992652614 1.34999963425 1.00010666864 1.02655661106 1.14212727113 1.01514035087 1.14213143477 0.822472200417 0.650665663592 1.19283431663 
1.14212654443 0.823136382655 0.714642869839 0.830135261603 0.659083406878 1.20485527316 1.00072409232 0.757763820028 0.982561742517 1.14213143477 
1.01173924622 0.888046841174 0.934330058879 1.00185589557 1.13506080908 1.2401844679 1.27524627508 1.21191680007 0.635035168434 1.14213062753 
1.22056692349 1.12641668591 1.00206962445 1.14130516887 1.34999993444 0.880634689273 1.26334495557 1.00052159258 1.14213014182 1.02728661813 
1.16220375563 1.1181818583 1.00957325224 0.958793187641 0.961617436819 1.17313355276 1.14250423496 0.902140435373 0.653015420101 1.14212864908 
1.32842538306 1.01645551993 1.3499999998 1.34999999647 1.1421094067 1.29998421488 1.01658574776 1.01689019106 1.35000006057 0.795239135201 
1.34999999627 1.13859406325 0.984741814001 1.35000000474 1.14210866867 0.882887503807 1.14213143477 1.35000000027 0.892858176058 1.06692652739 
1.08291653468 1.28599088588 1.00924233244 0.862190011459 0.986447912 1.14213143616 0.759006803307 1.35000000208 1.00161868219 1.14697019671 
1.04336681551 1.14686263273 0.866881282575 0.994923003202 0.98585259895 1.04427120382 1.08955303151 1.21641022769 1.15338167607 1.14163414326 
1.02738689147 0.932729160513 1.31574707146 1.24171719201 0.96162599593 1.14214822057 0.966205335517 1.09948124214 0.957678171688 1.35 
0.945882954535 0.994015990777 1.16746518794 1.35 0.953989826305 1.14248078678 0.98914170189 1.07875281242 0.7435769931 0.970207388522 
1.14179364024 0.94675715072 1.02863887398 1.34999908617 1.14213083664 0.993982764454 0.921229514731 1.08752400126 1.15746036519 1.0661489479 
0.645561975578 0.746450794761 1.20331255684 1.00515771387 0.955510611804 0.938494396488 1.02774154061 1.14213156778 0.955463501306 1.14213127477 
1.0198819805 1.26496758454 0.987892212543 1.00231448436 1.02083987063 0.993868339401 1.34999999996 1.14212602441 0.968610683764 1.03843979588 
1.34999999439 1.35000001728 1.30902252068 0.939908585257 1.32085120232 1.14213143494 1.03797612073 1.30174292307 1.14213131911 0.686692328444 
0.936703141069 1.1421093778 1.19059058404 0.995816019409 1.12919282515 1.35000000014 1.17792781722 0.974754622596 1.28784047767 1.09955689989 
0.99086032558 0.907161178128 0.979350569441 1.35000000002 1.00466530048 1.02470829255 0.834396191999 1.35000000005 1.1421093772 0.897064486904 
1.35000000001 1.35000000002 0.93927331345 0.984785642141 1.14212500742 1.16979326153 0.942892002202 0.979377936751 1.02750332448 1.34999999975 
1.34999999467 1.02847766278 1.14212868634 0.618013479802 0.994212527829 1.14213036525 1.219135258 1.13199020185 1.22949503517 1.06416469431 
1.2591231362 0.994164762534 0.571549225528 1.14213143482 1.01600095315 1.34014803935 1.05486460808 0.612614283436 0.98056727965 1.15202270523 
0.990868938712 0.838397325217 1.10735436053 1.13330354841 0.935620186372 1.14242306421 0.904741085237 0.982194566065 0.902901301721 1.16011754493 
1.03232893055 1.35000000004 0.970169067568 0.803479798482 0.936624137932 0.978741536482 1.34999999805 1.34999999766 1.1410957065 1.14213080152 
1.31836507945 1.01966452684 1.09515888294 0.648993719867 0.835235488497 0.98229398186 0.647739606465 1.34999975084 0.781012416565 1.14213143477 
1.14210936481 0.885074785347 1.10787588881 0.94279597789 1.14545296857 0.882815419747 1.35000000021 1.34999999986 0.873678101778 1.35000000432 
1.14244160112 0.99090115402 1.10971887995 1.16352526722 1.03007616286 1.18179526582 0.62010428098 1.17273810358 0.884224045112 0.942779498685 
1.34999999999 1.14185797426 1.0813315028 0.835028324824 0.987898240795 1.35000000001 0.703094894257 1.35 0.841654889179 1.14213143477 
1.34999998931 1.35000000419 1.22220663257 1.34999999765 1.24918897058 0.98529472762 1.02715368742 1.18664922018 1.14213143477 0.731623616029 
1.21973501322 1.01673396819 0.991874535625 1.35000000021 1.35000000496 1.14213143477 1.18617696476 0.964311849224 0.594902982188 1.35000001484 
1.01716107022 1.1421282714 1.0055203949 0.976889936724 0.895368910388 1.148242017 1.35000000419 1.14217569559 0.610949302423 1.34999999828 
1.1463524833 1.0489735504 1.14213149258 0.966346383236 0.828631706873 0.867382601388 0.987613613228 0.862249217846 1.35000014197 1.34999999375 
0.634854038856 0.887683880182 0.935749242817 1.14213062709 1.13762919233 1.23660810767 1.27449430708 1.01122420985 1.20014326358 1.00186530546 
1.288094371 1.34999999962 0.918182116061 0.720302626055 0.921282883846 1.14238877302 1.00847329461 1.02852411593 1.16835527722 0.774192965627 
0.874529537823 1.03665094892 1.35000001103 0.975427016672 0.882710534531 1.13530574714 0.811031379723 1.07701040368 1.14778722837 1.14213143477 
1.13252494827 1.00616104258 1.14213040143 1.24912998626 0.861973092052 1.00534233803 1.34999999941 0.974198665536 1.23619099932 1.34999999979 
1.14212978015 0.93610278663 1.35000000038 1.13090458723 0.943129119902 1.14052068787 0.947729456304 0.947731082533 1.01554526781 0.917078326405 
1.34999999356 0.867366995709 1.02776744126 1.14213143477 0.665418613341 0.926788330342 0.769962228835 0.932022157407 1.35000000002 1.14213149447 
1.35 1.01315359249 1.3499999993 1.05776912266 1.08208075353 1.32247529049 1.14213143521 1.00482755523 1.07328879715 1.14210937652 
1.13915459687 1.1421301158 1.09671753537 0.974339274315 1.14255020167 0.889076297085 0.876833254041 1.18006367775 0.636784916358 1.01154693781 
1.10826542452 1.34999998866 1.34999999996 0.859049087662 1.1103439486 0.907846621724 0.923963200795 0.918129922406 0.978315027209 1.14211043915 
1.14210938407 1.04153911927 1.02688436778 1.34999999676 0.827750173191 1.0177525431 1.34999963814 0.9691928519 1.09301882095 1.34999141815 
0.792886510329 1.1280942275 1.02556809304 1.34999999874 1.14213143477 1.35000013394 1.35000000028 1.00886696653 1.1590636568 0.967877546098 
0.981129690116 0.692706356535 1.14213489871 0.767793679195 1.14211518492 1.3499999994 1.0086877224 1.01850825225 1.08856197004 0.682630215295 
0.790659936838 1.00833470803 1.34999999999 0.733583442992 1.13855806725 0.987473407072 1.35000000006 1.35000000005 1.14213143388 1.34999999981 
1.35000000063 1.02080334622 0.996443862657 1.35000022054 1.35000000016 1.0012413213 1.13054417705 1.35000002763 1.34999998031 1.14210937717 
0.815591673176 1.04983705973 1.16423229628 1.03540877342 1.14213143477 1.1012118674 0.682174113683 1.3500000001 0.852907121157 1.06991187587 
1.20589581527 1.14182971502 0.878777299827 0.912788907189 1.1421309601 1.00367094567 0.716216618542 1.35000120776 0.766193025604 1.04068687406 
0.793056616745 1.34999997286 1.14213144133 0.994211789663 0.999410502782 1.29354140114 1.04377007198 0.869439486065 0.847256134651 1.34999999745 
1.3368829652 1.14213143477 1.29937989991 0.977411705778 1.02703140306 1.0705798972 1.09177123756 0.674254887422 0.613375285531 1.34999792572 
1.35 0.831012530328 1.13782732071 1.35 1.00855175595 1.26274353658 1.14212768946 1.08760570139 0.783046943837 0.933974641055 
1.35000000069 1.20233116259 1.09290634769 1.01158107198 1.00565816404 1.35000002243 1.14210937726 1.35000000021 1.35000003156 0.988649089256 
1.06274248596 1.15386646082 1.34999910472 1.04954955319 1.14212963478 1.03933797665 1.14210072928 1.0643813856 0.995150937846 0.98392183753 
1.14213143771 1.34999994448 1.0646307897 1.14210992102 1.35000001202 1.11818226138 0.982616082659 1.11682617443 1.27558235778 1.25458012217 
0.988152116861 0.952586440785 0.923368016592 1.10194084523 1.20076598487 0.933713807233 0.866938876885 1.14242193626 1.09835276132 0.713747901801 
1.06677534657 1.05259360282 1.10666368011 1.30476081352 1.14213143478 1.32294925597 1.14213143477 0.61123169796 1.06896570998 1.34999999971 
1.1421312665 1.34999999988 1.058125381 0.773784927208 1.31910020139 1.1421935474 1.04210313661 0.816900311939 0.660318877155 1.35 
0.972430186596 0.774895133038 1.14208827843 0.885858718696 1.14266221013 1.01109947637 1.21301543959 0.874499632125 1.35000003533 1.17689127856 
0.632730977571 1.14213143477 1.00562438277 0.843025347698 1.14385796581 1.34999999989 0.939662929374 0.843637121414 1.04571503841 0.885234502348 
1.35000000007 0.870213880266 1.35000003973 1.14204735366 0.740711983041 1.34999999964 1.1421314382 0.882421121382 1.05519170518 0.927955489585 
1.34999999496 1.03237637152 0.662455259142 1.14213143473 1.26039460127 1.31919662993 1.01557909266 0.90669810468 1.34999999696 1.14246927837 
1.14111803168 0.992019455259 1.12586845218 1.14261263356 1.34999997724 1.30338428067 1.14242411426 1.10636220864 1.01217894599 0.99849511805 
0.869533341426 1.066269238 1.14210938343 1.26909743889 1.34999999996 1.34999999999 0.990683017634 1.2156371263 1.01127201207 1.01360744047 
1.34999999985 0.642337532473 0.901852852329 0.958209011665 1.34999999595 0.872054119932 0.861533413464 1.11048431504 1.14213143477 1.34999999986 
1.19013144559 1.35000000001 0.951447307968 1.01841789503 1.02776965367 0.815357785749 1.02483084221 1.3452563096 1.14213143477 1.00529393618 
1.16847616173 1.06553125101 1.26750370269 1.14213143477 1.04685085584 1.35000068061 1.12699812213 0.576646116528 1.31735204448 1.14574647196 
0.851333926018 1.14213143559 1.05501325702 1.35000027701 1.0444999415 1.34999999978 1.05929355435 1.14210937493 1.34766819014 0.920488336878 
0.926764912827 1.07445607209 1.14238532529 1.02523891374 0.983829882316 1.167782081 0.720840108692 0.9318674712 1.29402619035 1.31221367096 
1.13773701145 0.950216978223 1.14213018796 0.714077641354 1.14254277979 1.34999999999 0.987337101126 0.862731848678 1.17434893582 0.968048286496 
1.35000000008 0.88416101075 1.14213143477 0.612370734613 1.062302684 0.880905666321 1.14202058976 1.04626028234 0.932936714101 1.05408637782 
1.01905843335 1.18171407405 0.839735175503 1.00252706451 1.28220689662 1.35000004893 0.83326238342 1.24521879858 0.627324718738 1.14213142083 
1.34999996415 1.19383358638 0.701655821766 1.14213143518 0.73023645624 1.21703137745 1.35000013436 1.35000011873 1.01672280464 1.14213143371 
0.908111152821 1.21726510913 0.633971298671 0.623133615337 1.34999999999 1.00587272681 1.17344368906 1.14213143478 0.99887950391 1.05329593977 
1.1728436362 1.08079635758 1.00333753548 0.730443474351 1.34999999927 0.681486234401 1.12405656717 1.14775775337 0.769698712176 0.986988018237 
1.34999999998 1.0820717371 0.795315256956 1.14261757507 1.03240912937 1.14690282792 1.1421093772 0.82592877311 0.983825902581 0.912306218415 
1.09646341356 0.997066880053 1.14236154365 1.34999744467 1.27018304317 1.05419555374 1.00015280767 1.14491384242 1.14207945396 0.951784089854 
1.34999999899 0.86819777793 1.34999999971 1.14773634992 1.05361759448 1.25454479177 1.1421311434 0.975384708 1.00106030944 1.02584392206 
1.01365846511 1.21565919075 0.869800698436 1.34999999873 1.06619743927 1.34999999977 1.26918653487 1.14210938336 1.01124522152 0.990684332746 
0.997033364838 1.15203339075 1.06066401551 1.35000000006 0.944312732849 1.35000000006 1.04004791406 1.14253044664 1.11140503697 0.968772317619 
0.917463005698 0.990040876918 1.00059886883 1.0225782295 1.03052944167 1.14212846276 0.714029750271 1.34999993515 1.03380475602 1.35000000028 
0.993403809971 1.15128194643 0.635195480184 1.0432789469 1.14210825678 1.149000116 1.14213116047 1.02472348245 1.34996521702 1.29976329974 
1.14194446064 1.24271091372 0.832970489663 1.0661631151 0.655615038956 0.902054798448 1.13191761651 1.14213143477 1.03773023474 0.993864876202 
0.770936506059 0.966111219656 0.853521768896 1.0488561637 1.14199098036 1.14213051649 0.880754005747 1.34999999999 0.959422529302 1.21507232274 
1.14244264032 1.11161916465 1.03722450648 0.87896817096 1.04768613467 0.991829923985 1.16916499569 0.898320637786 1.22959762973 0.942696977617 
1.02380879057 0.764445683368 0.625273129265 0.996538542291 0.879364263488 1.34999999997 1.34999750224 1.24633562589 1.0049241486 1.14213058034 
0.887384083189 1.11267374727 1.1421314349 1.35000020152 0.993831921173 1.0608897907 0.874490346893 1.34999999759 0.726739761558 0.593908028877 
1.01954652521 1.11678507136 1.35000000031 1.14061071611 1.09296891009 0.92008160984 1.35000003639 1.14213038491 0.801743638413 0.978702314373 
1.0581711966 0.998553548363 0.619020327917 1.19855746362 1.1614543256 0.884585008071 1.08216693865 1.14377704879 0.620021029564 0.99033169541 
0.868212700838 0.975373853888 1.14213114362 1.02575821703 1.35000000003 1.05432219604 1.25462110941 1.35000000056 1.00106077395 1.14791386575 
1.35000001031 1.34999999984 1.3499999997 1.03816331227 1.35 0.984115108372 1.14210937706 1.0816498507 1.29632675836 1.1901606614 
0.859747182456 0.954620535948 0.945268783864 1.07944829783 1.06026692081 1.14248290772 1.00571886048 1.17419500006 1.33950924209 1.3499999997 
1.33275856519 1.00259221766 0.903586161314 0.701941851517 1.11804717205 1.14213143477 1.14213143477 1.34999999995 0.88030321729 0.995920982024 
0.92963426053 1.0392726906 0.76272174298 1.0926068932 0.87541638391 1.14241170946 0.986505389241 1.00136722216 1.08911245451 0.966521760782 
1.06483619007 1.01209819992 0.77727784091 1.14207431606 0.633700277916 0.874259887243 1.14213143477 1.07113926566 1.35000000132 0.976513977259 
1.1397661976 0.861830077042 0.706280360705 0.967149698425 1.10384086185 1.1426880792 0.664988908303 0.705690154869 1.35 1.1421093772 
0.628091197325 0.843424871087 1.14213143532 1.1862287152 1.11916562798 1.00257207926 0.965505115501 1.34999999981 0.691480731547 1.00932692849 
0.95636230456 0.794129630948 0.916171785162 0.887678021287 1.14213143478 1.24847668527 0.971558538051 1.35000000106 1.14213143477 1.08303715179 
0.976376101971 1.0638258515 0.973646341103 1.1726130452 1.14254472777 1.00079508866 0.786709457351 0.654830259956 0.843404476536 1.14213143477 
1.14213143477 1.04455600059 1.34999998267 1.15649033722 0.847989361277 0.928285488636 0.767449817806 0.696302069951 0.867195680207 1.07809748811 
1.14188606184 1.34999999996 1.07677752394 0.887536516103 1.05388018433 1.02416577869 1.14213088364 1.1532427738 0.75818957334 0.967634589666 
1.01552464147 1.35000000024 1.00056566446 0.835992607692 0.962155563923 1.14180840211 1.04873631832 1.13572306529 1.01801521642 1.14212946376 
1.11235130099 1.05609983663 1.14213143477 1.34999998822 0.974716347805 1.14248962728 1.04782288932 0.957314561434 1.13434118013 0.782794222129 
1.0068452369 1.00948664179 1.13282144774 1.00272155987 0.852684303029 1.35000877577 1.34999923323 1.14213143477 1.32568887016 1.01530378361 
0.68061757259 1.34999999982 1.34999997159 0.787336867338 1.34999999136 1.10623315603 0.80597191558 1.34999994812 1.23243964294 1.1421093772 
1.2277563588 0.878982756134 1.11177397615 0.991713684465 1.16796213225 1.14244231182 0.897931814941 0.942641922213 1.03681671757 1.04804846276 
0.892423424967 1.11754994876 1.12161699293 0.911588685303 1.06323479268 0.960183583659 0.998074298758 0.905525314555 1.14249990219 0.994314255212 
1.26447897868 1.13085854802 1.34999999716 1.14213143802 1.2567279457 0.998831590585 1.35000000012 0.642360208697 1.19599979926 1.14213052616 
0.757543316743 0.708715841575 1.18445359383 0.948757783857 1.14246432378 0.867620862842 1.34999999987 0.901944692412 1.01299515151 1.14213017114 
1.34999999997 1.02267028906 1.07369949892 1.24895063918 0.847509687293 1.14213143477 1.22543868004 1.20846640869 1.01114110384 1.35000000003 
1.18300281159 0.913971102263 1.3175222197 0.630005903036 0.694375326739 0.927572406741 1.14213149561 1.06027632612 1.09715654852 1.14213143473 
1.03070390645 1.34999999896 1.14238196031 1.10701193015 1.35000000117 1.05558323014 1.27350542301 0.919645077719 0.917359530288 0.959031212669 
0.963756168544 1.14251147813 1.00979358403 0.648269427232 1.31852452975 1.17435352014 1.14212897371 1.11811718238 1.05653996932 0.834139309138 
1.0516954264 0.9162812239 0.915385806303 1.14213143477 0.945908058757 1.34999999999 1.22555279405 1.14213697726 0.959958130392 1.35 
1.24503020088 0.762895828439 1.35000000363 0.904810796452 1.14192911534 1.09226077609 1.04582012849 0.927629432887 1.17869952717 1.14213120509 
0.804660461618 1.12217818238 1.14075316816 1.0673889031 0.665243299292 1.34999979872 0.892022972281 0.803005553459 1.03712922724 1.14213143477 
1.00308975351 1.24549881931 0.996802889293 0.798665811875 0.882046457615 1.27498986489 0.909058374203 1.35000000958 1.01054785881 1.14213022135 
1.34999999583 0.968190903443 0.93363955743 1.35000001438 1.14214424752 1.06218302611 1.17653073578 0.946360441936 1.14213143477 0.960319912694 
0.951277947195 1.22984845327 1.09515725917 1.03552791145 0.996926629266 1.03444264439 1.1421286875 1.07745313411 1.06674462991 0.996556765485 
1.14213143477 1.00687022052 0.987445316474 1.34999999995 0.938236435999 0.940397320929 1.34999999938 1.09335265916 1.18925625042 0.795864316083 
1.28848390941 0.94439670246 1.09661014277 0.963615703852 1.14439571002 1.05735972071 0.613777170582 0.866274772267 1.01022950897 1.00422515725 
1.14213143477 0.982225426918 1.34999999996 0.909003991061 1.3499999999 0.717446866215 0.610115706526 1.34999999824 0.89766632289 1.24096061741 
1.35000000167 1.12079848109 1.00929698731 1.03139835093 1.14212863402 1.24027402565 1.35000000161 1.34999999978 1.34999999996 1.28227101378 
1.14120013332 0.984462023903 0.634152372275 1.34999956845 1.16830250116 1.21054498632 1.34999995001 0.99727707218 1.03298986124 1.33574602083 
0.991949459723 1.1411255774 0.998675770913 1.30358573723 1.10656505089 1.34999995884 1.14261226323 1.01220359696 1.14242432944 1.12556106279 
0.903339938553 1.17365905898 0.996684224542 1.00160530875 1.35000055592 1.35000000534 1.14212896941 1.05106742528 1.35000000029 1.18079076235 
1.02579360834 1.14213143535 1.30701239231 1.05639040056 0.993083404204 1.29424082761 0.608780069605 0.614875916606 0.956831408866 1.15781860626 
1.31175702291 1.04802372092 1.34999999985 1.09959531048 0.989477749399 1.14213006846 1.14178950447 1.02342587835 0.851675978629 0.992292990692 
1.35000004199 0.982510906881 1.35000000001 1.14430957286 1.15284862712 0.62032100348 1.14211202331 0.965481279678 1.25140414926 0.880929582421 
1.08455790728 0.981236328275 1.00080398609 1.14190291459 0.636313084431 0.970452281623 1.28405040276 1.02414301279 1.06490737432 1.01153266195 
0.822104831433 1.14213143477 0.970589165321 1.03543655533 0.886012835526 0.916913862126 1.14124929055 1.35000000079 1.12455236694 1.1019884776 
1.14212890716 1.14213143477 1.10498895447 1.00799704317 1.00112449548 0.928581440678 0.987273671818 1.21675585718 0.608583536785 1.2305758257 
1.34999903993 0.994873265152 1.16635368348 1.14213143477 1.04055001125 1.35000305619 0.984358847716 1.14950273611 1.01072529938 1.35000031279 
1.04514372077 1.35000000037 1.02096240696 1.24338104877 0.897734919331 0.956356021284 1.13114665495 1.14213143477 0.975676655933 1.13401736904 
0.726718122159 1.07159332531 1.30724984641 1.14181384226 0.911862786699 1.34999993721 1.007358772 0.950225525694 1.14213118282 1.06669694731 
1.14247953284 1.3499992316 0.987361950845 1.11261282972 0.954345006648 0.734873067959 0.88282713736 1.18903450874 1.11852065912 1.10142092841 
1.3499999856 0.735929518462 1.00624338478 1.35000000118 0.977278873985 0.685287990542 0.972607608734 1.14213143477 1.14258576339 0.956584140735 
1.14157269476 1.27025610575 1.34999999153 0.983734288436 1.03164373152 0.945025475348 0.867575519795 1.14213100095 1.35000000042 0.980122028096 
1.14166892411 1.18885010891 1.00329816457 0.982304987528 1.35000006641 1.34999999922 1.14212713814 1.35000000009 0.947631546178 0.589606155091 
0.865305826602 0.857154274978 1.20910541982 0.993703851184 1.05947835532 0.972920260671 0.942214604351 1.14254563365 0.807248038107 1.12303235743 
1.14210805109 0.984334296986 0.739941073958 1.0595556582 1.07343126935 1.35000000915 1.34999999986 0.864323735316 0.965059742023 1.14213143477 
1.2361019204 1.02161795637 1.03505727597 0.748658098391 1.35000000046 1.08906940442 1.35000030642 0.886706176914 1.14175873518 1.13200307301 
1.35000000037 1.35000000572 1.01224437611 1.17841029121 1.15402313106 0.999005584234 1.09458522722 0.756869367944 1.14213017816 1.2232999522 
1.06502083898 0.962997917204 1.141769313 0.950622038345 1.35000000021 1.3499998323 1.08625600883 0.753438856596 0.779998138795 1.14213143477 
1.35000004044 1.0089150608 1.02666900202 1.25179304027 1.13028375751 0.993219089521 1.04328469445 1.14212912255 1.27500525497 0.759495662208 
0.971680910418 0.757972063157 1.14213827122 0.973804772348 1.35 1.35 0.969185685911 0.795033462611 1.14106474337 1.01472234739 
1.06928209392 1.14213143509 1.00483347131 0.543319407858 1.22335008581 0.971309598851 1.01766050385 1.22822372685 1.34259223595 1.27432722107 
1.17707740729 0.916693884286 0.896855402766 1.20929291593 1.14213143774 1.35000000046 0.972033082608 1.10344581869 0.793242089672 1.02287731065 
0.984714217492 1.14258266788 0.94263092853 0.9543618121 1.23515228322 0.67868482757 0.987377291118 1.13385455112 1.08969309238 1.14212864446 
0.868481721747 1.08253237182 0.8073084039 1.02261784853 1.34999999961 1.14210937719 1.35 1.34999999955 1.14213145976 0.827600674994 
0.958505482729 1.142131435 0.989008049526 0.781069154613 1.21513445786 1.06505004308 1.35000002405 1.06554548849 1.35000003934 0.720682112488 
0.765637410341 1.14210937719 0.992387832649 1.08267602456 1.18323668374 1.14253526549 1.08455135012 1.35 0.884157698232 1.1776574354 
0.950017971565 1.14213143481 1.00618875381 0.955586761708 0.538064210685 1.34999999977 1.01108808271 1.35 1.20986393214 0.698183675128 
0.997867360683 0.910791677941 1.15998514504 1.03589979785 1.14213025034 1.01080935995 1.33118119086 1.35000000001 0.703183852313 1.25235041673 
0.832157258787 0.905491001277 0.614591582462 0.941485837568 1.0965174493 1.14213144374 0.977998607502 1.34999996939 0.980290986782 1.12394589483 
1.14213057652 1.0421668245 1.33947195259 1.06704512676 1.26811340948 1.19538474534 1.00209502295 1.35000000003 0.923058533587 0.983005754062 
1.03615258118 0.879360400317 1.09740934627 1.34999990099 0.876897687127 1.3500000827 1.14213143477 1.14129313975 0.787386505894 1.05783019211 
0.889799909183 0.858527224749 1.35000001431 1.21683027724 1.14157025811 1.04439943423 1.08079208279 1.0689202519 1.14213143477 0.895989378106 
1.12216815873 0.862968820574 1.05216366 1.34999999888 0.962000309889 1.14188619936 1.14213004884 0.714724115707 0.977277721842 0.831266470581 
0.887307289263 1.14119956205 0.798230562289 1.35000120252 0.994605931585 0.870840050651 1.14213143477 1.11484541519 0.881639583054 1.03446394283 
0.981699763223 1.13940784337 1.23293593082 1.16624669855 1.00789772037 0.863650563582 1.14213001167 0.694160637667 0.958498776236 1.34999999997 
1.35000000007 1.31546655161 1.14213143591 0.995867793097 0.776378425942 1.00896678506 1.09471133505 1.03436448551 0.858049056368 0.993320225692 
1.34999999682 0.623002652284 1.00772404856 1.29252752791 1.04921457057 1.05406677454 1.14213146605 1.0145799456 1.06394215313 0.704371177471 
0.870206981756 1.35000020519 1.00353357571 1.35000018703 1.34999951914 1.15696592562 0.7431859417 1.14213141581 1.04356295788 1.14055187293 
1.03705981305 1.14213122264 0.831110539462 1.35000422914 1.06229098877 1.35000470252 0.980768398149 1.35000032968 1.34999949633 1.35000006449 
0.947509947122 1.05698992243 0.947343306259 1.123956122 1.35000000028 1.02412426034 0.912210531592 1.14121732854 1.14213030074 0.848672878358 
1.35000000276 1.05967754403 0.945670746602 1.09707278003 1.0956077508 0.751921106619 0.93930765029 1.14241674236 0.987128220601 1.24356401213 
0.942492955739 0.647930588712 0.758039031074 0.611506280128 1.18687556209 1.14213061584 0.99879939647 1.14250034787 1.01312335461 0.96042543571 
0.967457383207 0.932801137502 1.14215263847 1.01207460272 1.05656314566 0.959532919498 1.35 0.939853018515 1.01318067245 1.10818764114 
1.01467292842 1.12706813944 1.35 1.24036740578 1.14213143479 1.0277886559 0.691309398214 1.3197931959 1.04845112373 0.98956193379 
0.86139404519 1.05864031514 1.14212866115 0.919114339787 0.884666448442 1.17701707144 1.34999999998 0.991812512476 1.09477035748 0.976264952853 
1.05392779286 0.992801910189 1.08893176774 0.759829921904 1.05213595611 0.92955076536 1.01904911851 1.14241153142 0.70659416091 0.986415768711 
1.01067788911 1.14251079674 0.963553337347 1.11812384578 0.991894673124 0.83350990744 1.14212926989 0.647823632659 1.32399209371 1.17661812926 
0.945337144379 1.35000005139 0.916020289003 1.01079334797 0.634532839032 1.34999996665 1.11374523581 1.14213129457 1.259376276 1.14213143477 
1.14213148144 1.02078925761 1.14115714362 1.35 0.914991692317 0.62344331848 0.962567263514 0.909410999411 1.08777552244 0.94131561892 
1.3499999999 1.35000000002 0.619849816231 0.989372024094 0.994948499049 0.924659518046 1.25635801179 1.06819957079 0.995493525646 1.14213070738 
0.991778032323 1.14213143538 0.630911773602 1.02475869378 1.11368237162 1.13174532199 1.29809664551 0.999783233532 1.34999999947 0.994578772571 
1.34999999457 1.02097719402 1.07403542529 1.14213143477 0.892677001512 1.34999984103 0.938753054961 0.61698256827 0.948518625204 1.3499999954 
1.33281924914 0.627322502085 1.34999999932 1.00692761914 0.940699291454 1.08573172787 0.990219046738 0.841465509634 1.14213143477 1.3499999992 
1.34855906311 1.14216763879 1.35000000085 1.14207364147 1.10940030513 1.1316006573 0.838315507874 0.914560361041 1.35000000041 0.970044755668 
0.864863598917 0.901795090427 0.951768080047 0.939533299214 1.34999999999 1.01739803436 1.34999999999 0.936658172217 1.14212964793 1.13959760211 
0.948930399585 1.14213143477 1.14119121993 1.34999999106 0.955275888496 1.02125351264 1.03379048927 0.935996061367 0.916508147546 0.911263243321 
1.00115564066 0.714681220075 1.03380658926 1.00368541147 1.34999994192 0.962803260502 0.917235603786 1.23651398373 1.14213133826 0.999121707476 
1.16906102807 1.14213091381 1.29714319908 0.888258113378 0.97626419669 0.996074151328 1.25330508614 0.833872424725 1.34999998865 1.0136968578 
1.14197902041 0.921899592311 1.03759698269 1.34999999993 0.925626978248 0.661994544406 1.14080630708 1.01961438947 0.989217654622 0.953157821427 
1.35 1.1421296485 0.864728483427 0.93951044467 0.90214886086 1.01737946596 1.13960135861 0.951834568917 1.35 0.937395000893 
0.865856934061 1.0062713728 1.03807768226 1.14142197547 0.963827656724 0.893798816284 0.902290815113 1.35000000372 1.14213143477 1.3499996743 
1.34999999812 0.971833193995 1.1855479757 1.03719956527 0.959382610654 0.948626206996 1.14213143477 1.02748518479 0.969689172507 1.14077567655 
1.13927650879 1.14213143477 1.1559555108 1.06708031968 1.3500000222 0.937420660467 1.34999997964 0.855847548339 0.869018807638 0.884050526935 
1.0017491931 1.13879911237 1.35000000634 1.00206988857 1.1268950045 0.880663935737 1.02775803733 1.14213014183 1.2283595198 1.26513275773 
0.712574980009 1.14213355583 1.00680853736 1.187165988 0.696963886458 1.01302823226 1.35 0.693848354677 1.06821172883 1.14207800909 
1.3499999824 1.14211496735 0.999217547173 0.647778025717 1.14213145739 0.813259942623 0.898506334392 1.34999999882 0.838796513276 0.856696843646 
1.04680187378 1.25990050003 1.14213143464 0.951533948398 0.941096347376 1.35000000001 1.00275983757 1.14210786311 0.606257325867 1.10725592082 
1.05665036495 1.34999999997 0.927001410611 1.10666214724 1.00591058528 1.14213143497 1.14210937535 1.34999999959 1.34999999946 1.02602848567 
1.35 1.34999999999 1.00178861517 1.31981092394 1.34999999999 1.08774025568 1.14212610587 0.678990746918 0.748502996556 1.10849735994 
0.827675921199 1.14213143477 1.06571953686 0.994987994506 1.21533906665 0.948325921074 1.20349991994 0.987014132816 1.14184884505 0.924675027545 
0.97014622663 0.936622763077 0.803483002725 1.14213080151 1.0323289906 1.35 1.34999999997 0.978743396183 1.34999999998 1.14109593487 
1.31742685849 1.14213143473 0.767792947724 1.03097884637 1.34999999379 0.961165394642 1.35000000493 1.14213143479 0.70583055135 0.853669747234 
1.00849877621 0.869830901864 1.35000000001 0.88068507934 0.889145064724 1.14213010331 1.16330334608 1.03610664104 1.22973197807 1.14172325467 
1.29516775233 0.623269457641 0.842640941952 0.598844018068 0.993957590776 1.0763402117 1.09021216399 0.998528829873 1.12234250096 1.14407870389 
1.00523895616 1.14213143571 1.20271292201 0.62849290445 0.850379670189 0.997952476483 1.34999999671 1.25420421902 0.996287694452 1.29327077883 
1.34999931568 0.993674942639 1.14213143731 1.01154390233 1.0101606515 1.01680195193 0.800737473589 1.04804741563 1.34999999963 0.868463751758 
1.14213780353 1.18115001108 1.10836958392 0.780424981313 1.34999999909 1.00311475744 1.14204225821 1.01657221888 0.972861546035 1.0979059 
0.619285748842 1.14213081486 0.993058965227 1.34461548165 1.34999999987 1.35 0.893687769231 1.01470955554 1.17188764828 1.27477354431 
1.08366185602 1.14213143588 1.05309348159 0.619871424989 1.30668023328 1.01634018458 0.953707687994 0.96816738053 1.3500000583 0.996648380164 
1.04638279506 1.04387043916 1.14196837954 1.14223738012 0.96242987329 1.15967906547 1.06094914409 0.780798160276 0.878249929419 0.976289528996 
0.631709883447 1.12111133687 1.35 1.35000013991 0.92880610953 1.05201505304 1.06753334406 0.995247444309 0.989690936929 1.14212800095 
1.35000001922 0.909754616083 0.952990101648 1.0258035 1.14082616552 1.14213143477 0.878956049726 1.3499996438 1.34999999744 1.10265826323 
0.994711122755 1.34999999999 1.1116683978 0.971003984363 0.928298671259 1.13639750927 0.976938707409 1.02985308022 0.616548740162 1.14213144895 
1.35 1.14213143478 1.0839593015 1.00902920526 1.13686299211 1.13806199027 1.06229119814 0.848103411391 0.968286298459 0.846637377865 
1.34996466744 1.14208849803 0.996841531629 1.04150139319 1.22878084491 1.08777291902 1.14213150426 0.9747057513 1.34999934755 0.796014721246 
0.997539725547 1.20411338681 1.34999999832 0.744511509559 0.639920500695 1.14213143845 0.798694483065 0.933978941632 1.14213122681 0.838695326052 
0.939603052617 1.00386388741 0.983628701584 1.00111428195 1.12099488582 1.27310216709 0.678858280627 1.14243197735 1.35000059991 0.846195852985 
1.14212763481 1.24979531206 1.05824287315 0.995864068715 1.03181486585 0.639698886627 1.12063384692 1.34934428965 1.35000000031 1.34999999787 
0.733272699432 0.998273053699 1.30000109631 1.14212604599 1.35000000002 0.995768621779 1.00384263292 1.0803750067 1.34999999878 1.0734271917 
1.01493407752 0.803007799662 1.1421314016 0.790233034071 1.28098337004 1.33278835645 1.14213143477 1.02977495688 0.608401115413 1.06091771323 
0.652790142069 1.35000001132 1.16116253189 1.04040287276 1.35000000478 1.34999999982 1.1421314348 0.640316337679 1.06273999173 0.98933477627 
1.09722522509 0.998663674483 1.00183639969 1.26628427745 1.14212929191 1.2137535149 1.06494808133 0.928519060906 1.22536214114 0.637665415361 
1.14199556475 1.09172055768 1.14213060966 0.996329403345 1.35000030461 1.35000000082 0.869919223746 1.2536643007 0.934517356675 1.0586710033 
1.09808068686 1.10584225991 1.0924016097 0.833062728626 0.935040012039 0.992101322982 0.881190833268 0.637514596574 1.14242905517 1.10789998445 
0.907299905645 0.925388071987 1.34999999985 1.14213019754 1.10965470916 0.997393918154 0.978724965294 1.35000057085 1.05700313371 1.03625461186 
1.03736774787 0.823950642542 0.902580649643 1.35000094052 0.994769715896 1.13680429258 1.00306842726 1.14213143477 0.962343857358 0.84432049398 
1.28190048088 0.979655046472 1.34999999085 0.666324858766 1.14213143152 1.0167037419 1.10131337499 0.641985713136 0.9029884298 1.14218041937 
1.31149898863 1.34999998365 1.35000000005 1.05679155625 1.28645163379 0.762272142443 1.14189356546 1.14271185236 0.983228426628 0.66081864447 
1.35000000034 0.801406706579 1.34999995237 1.14431578082 0.858224452269 0.997609560868 1.14210937718 1.08412789322 0.902505044226 1.02570665969 
0.86805909523 1.35000000001 1.35 1.14210948363 1.05473153527 1.35000000001 0.819958459171 1.00282830427 0.965526822177 1.08204606709 
1.0606780238 0.667791912827 1.34999999996 1.14213143325 1.35 0.642478234332 1.14218477684 1.28592708698 0.977235656315 0.988851984874 
1.09163512908 0.903038481205 1.00115720508 1.14859424945 0.938936953071 1.14213077448 1.34999997475 1.35000000003 1.34524277307 0.996345298039 
1.06747183668 1.07632247499 1.1910934927 0.926187010349 1.04708974243 1.14001051401 1.02133687137 0.964208703195 0.849522440839 1.14131031057 
1.14211740895 0.999069723959 1.17206065002 1.10869033065 1.14213143477 1.35 0.797247411681 0.763247231625 0.982319309273 1.01924124625 
1.14210937721 0.745265532239 0.966871092606 1.02251621606 1.1377386782 1.09004500292 0.957956758092 0.965271630308 1.34999999994 0.930873725444 
1.14243261092 0.999929521387 0.628765317071 0.987708139218 1.09827015497 0.872249490376 1.02497803442 1.21074033096 0.829636814306 0.940019531641 
0.609287996753 1.14213143499 0.994449921248 0.986699983254 1.20414853697 1.01842599856 0.588164496024 1.30107256294 1.23613018435 1.27241653033 
1.00599795302 1.34999999992 1.10672607335 1.02634297386 1.1421093754 1.05676368731 1.34999999926 1.34999999798 1.14213143497 0.928089947041 
1.34999999985 1.1421093772 1.35000001999 0.639623499298 1.08533050791 1.35000001324 0.864655734732 1.01553360749 0.993788048612 1.22227005884 
0.956478797778 1.34999996226 0.925312070641 0.934721840587 0.71425989746 0.945938620154 1.04212059898 0.737291007444 1.14245748932 1.35000000025 
0.688646524269 1.35000004 1.1421314345 1.11514751774 1.05815561 0.994469903816 1.35000000706 0.999197642542 0.884696241226 1.34999999819 
0.938610239314 1.11628774827 0.896659854513 0.989067011011 0.864090312448 1.10234191043 0.908579758142 0.760864568134 0.869542835008 1.1424339873 
0.809024308134 1.14213143478 1.31070872166 1.34999954331 1.04387414047 1.34999915422 0.998544741386 0.796978942053 1.03309798757 1.14213143476 
0.922739914917 0.858216205612 1.14213058514 1.09961539606 1.33217789754 1.00899805021 1.35000000047 1.34999999998 1.00087510853 1.01744381084 
1.03569653442 1.14213144578 1.13654367593 0.819523446847 0.992619797737 1.06766060884 0.994575798004 1.34999999959 0.963415084579 1.02232207045 
1.33734319922 1.14213143516 1.23395018327 0.730705607064 0.986900305684 0.896653832742 0.609526955204 0.939323227434 1.05273613977 1.11817100611 
0.669246847293 1.349999002 1.14213145396 1.00728413665 1.35000034365 1.10874821747 0.676810669129 1.14211768068 1.16460383696 0.832328836405 
0.971042054953 1.12410388006 0.950519912869 0.883687303604 1.14328656676 1.14253863467 1.09375007927 0.994558716783 0.84023618425 0.830079939485 
1.02538934002 1.19214029298 1.0217019494 1.14213143477 1.02139615413 0.630788056786 0.847595907328 1.35000001281 0.828244448225 0.705940125553 
0.543595541624 0.902898780794 1.14213136504 0.757853621708 0.917966445733 0.655469335747 1.1603034778 1.14235784539 1.05082209646 1.03438043955 
0.919337804571 1.14213110877 1.08823024053 1.35000000085 0.641421683181 0.915611651702 0.99168159483 1.14213143477 1.21297228214 1.34999999255 
1.14213099865 0.887077507293 1.34999999828 1.14118404039 0.958550378066 1.3499999999 1.02389724463 1.09600425591 1.02389342936 1.3306208501 
1.3500000001 1.34999999996 1.03899911335 1.01944345292 1.14210825443 1.09811699192 1.01490092847 0.962616241448 1.13686348999 0.78923958042 
1.14121369127 1.02320458741 1.020262011 1.19994826066 1.14036992235 0.965419215238 0.924928046352 0.849305991492 1.06846144648 1.06313241308 
1.0034929579 1.03104093548 0.633247208032 0.886656395978 0.751957487798 1.14213113677 0.964691078671 1.19622837999 0.691662387736 1.14213157104 
1.35000000003 1.14211659018 1.13661890887 1.34999999956 0.943506416622 0.884714567369 0.889165396577 1.00368568684 1.34999999833 1.00359258469 
1.09683729617 0.91597152134 0.922396158477 1.1421093772 0.840637418214 1.14192021789 1.35000118438 1.05317341106 1.00279796764 1.35000000117 
0.816348213398 0.995462269749 1.03597793914 0.899229501546 1.3499997936 1.14213143477 0.910801862355 1.21905909097 1.00330328691 1.14213120541 
0.757659113662 1.14213143477 1.24008257497 0.985815446753 1.14213145371 1.08841433224 1.01423947414 1.35000000012 1.01303921669 1.35000000001 
1.07728201272 0.93718827477 0.83998910903 1.12136197401 1.14148781863 1.18263886433 1.13951897885 1.17265824892 1.34999923165 1.02614054485 
0.78008556978 1.02046975817 0.851053495241 1.01064403839 0.794980638407 1.04704756747 1.24551611926 1.35000000001 1.14213143475 1.35000000001 
0.612745070657 0.994256585375 1.0917955516 1.08705749188 1.35000012355 1.25043112488 1.11586043222 0.886740590297 0.999466778722 1.14213143477 
1.31325370028 1.22885314584 0.935705474001 0.826437095396 1.26344554761 1.00060184053 1.23115033861 1.14213031896 1.00104541931 1.12248799915 
0.865370646094 1.13957865486 1.34999997036 0.939704115673 0.951639510952 0.937501912158 1.14212964136 0.90186929337 1.35000000059 1.01742230182 
0.979094360618 1.07434492543 1.34999999999 0.975414219865 0.737940503999 1.35000002383 0.971480393775 1.01869825925 1.04613150039 1.14212843204 
1.14213142981 1.06120843403 1.0067794297 1.114406642 1.14213143477 1.03523668049 0.603848420379 1.28992157513 1.12419907182 0.855462640966 
1.14213143477 1.11458741395 1.04508768264 1.05112660027 0.952943942139 1.35000000156 0.744885816725 0.592590377436 1.14213141147 0.940450869084 
0.982957950058 0.784353918239 1.14213479873 0.910816438122 1.06230558284 0.780798199578 0.992185772084 1.10211373038 0.780013426409 1.14206329575 
0.627335652078 1.03755633323 0.897287046103 1.14213143477 0.74582155326 1.02483084287 0.824022041436 1.09234983381 1.34999999985 1.35000000001 
0.932967534136 1.14213143596 0.739407360936 1.35000000014 1.142050542 1.05260343366 0.909294200972 1.34999999741 0.864128044067 1.11410521837 
1.05826978827 1.24976717968 1.34927394966 0.639696061798 1.14212763233 0.995875897336 1.03179432777 1.12067059067 1.35000000033 1.35000000111 
0.968687524513 1.14141680605 1.00436447957 1.0282997841 0.985721470574 1.2811526898 1.02844119226 1.14213110199 1.11539905676 1.35000000517 
1.35000000002 0.936623227094 0.803482552748 1.34999999955 1.14109596646 0.978750548338 1.34999999991 1.14213080144 0.970163569067 1.03233471582 
0.933066952902 0.972422255121 1.14242382941 0.804409182012 1.34998791037 1.02300695826 1.34999325193 1.30018541833 1.34999989638 1.14842349966 
1.28814309384 1.03246012408 0.781691354414 0.614298229152 0.993482705918 0.988146893033 1.14261090577 0.938293408332 1.35000016339 1.34999997832 
0.995536309963 1.14213143514 0.99436009108 1.28319671116 0.73320210541 1.18463989219 0.896877850413 1.01431805767 1.03801461089 1.17857905336 
1.00493360029 0.960630678558 0.986606426092 0.759786784155 1.34244132516 0.886468121317 1.2117698143 1.1082485678 0.997452900519 1.14210506856 
1.14180619763 1.13549614179 1.14213143477 1.04628860344 1.35000088299 0.734582910409 0.96720783483 0.867798531601 1.26737750632 0.993916698852 
1.02313327914 1.21773067608 1.04764556963 1.07014214996 1.13988162619 0.936890667496 0.95307730448 1.14137444776 1.18854993144 0.927673486623 
1.15621761044 1.14255755229 1.01798905811 0.975710597812 0.851509290865 0.970583026119 1.14305070337 1.05672896297 1.18365118898 1.07109825663 
1.02725543634 1.07605958035 1.2303222285 1.35000000023 1.14210937666 0.991577903359 0.635775563891 1.26063625588 1.16511578675 1.34999999916 
0.916231559074 1.14213143453 1.14284554446 0.968908143948 0.90816798868 0.662261137755 1.06605104844 1.0415447328 1.03758028508 1.14238355816 
1.22841498441 0.795961267053 1.08711013907 1.35000000094 0.996772677403 1.14208845558 1.04128927262 1.14213150419 0.974610859824 1.34999982312 
1.16620291514 0.857843792271 1.15417390428 1.01341559516 1.14031170315 1.14212994746 0.823708192148 0.999670553852 1.35000000002 0.952126520122 
0.996519266902 1.34960092374 0.767487856789 1.04493166812 1.14213173577 1.25433463593 1.11258610115 0.991285649212 1.08672519062 1.00890450214 
1.10134543044 0.917780783889 1.14123638676 1.03532462119 1.35000011496 0.886328548869 1.14213143477 1.12438622832 0.833251757928 0.98370271429 
0.999505987134 0.632575038673 1.04373706004 1.26809123497 1.1097567976 0.792102192622 1.03349334423 1.2210916698 1.14212967396 1.00388603928 
0.993778316483 1.17004875786 0.645241600622 0.978239361872 0.95897981061 1.14213172927 0.96953453296 1.34999999821 1.11661699751 1.35000002242 
0.73957992269 1.34999998504 1.06403054514 1.14192375704 1.35 1.03260897015 1.35000001478 1.14211182561 0.744106335778 0.850172545803 
0.989771720229 1.35000000003 0.797946090003 0.679738598664 0.866817145817 1.35000000029 1.00455524401 1.1421314368 1.02488879002 1.00621671713 
1.13655500148 0.889265830549 1.34999980914 1.14211668567 0.944075222675 1.00331198153 1.34999920198 1.00728391928 0.884125455796 1.3499999261 
1.30580796521 1.14211078696 0.987999847183 0.657237931932 1.15876550561 0.717872009151 0.863878660707 1.00340710399 1.17172996187 1.14211962515 
1.01699182067 0.857285826609 1.11460481388 1.35000000005 1.35000000005 1.01016955085 1.34999999388 1.35000002372 0.840995595113 1.1421093772 
1.03070165212 1.34999999842 1.14213019319 1.24945005017 0.987654245491 1.19873821181 0.994975259373 1.35000000214 1.35000000015 0.902285156734 
1.08062169735 1.34999993746 0.823375254477 0.896620994359 1.10767961513 1.02327453141 1.14213143451 1.14159859141 1.34124026784 1.35000000903 
1.13597339813 1.00166616651 0.931516320186 0.750602626651 1.34999979039 1.1222403483 1.14213143479 1.33777134744 0.859986915778 1.34657452715 
1.050850722 1.00699908006 1.21131441268 1.35000000937 1.14071795937 1.0177320937 0.752915351553 1.14213142879 1.07514946396 1.00343793208 
0.497214120477 1.14210937723 1.34999999996 1.35000001144 1.04301046951 1.09646316557 1.35000000044 0.939252240104 0.783817187992 0.98935999428 
1.02898789926 0.951625934257 1.31205878079 0.719207596711 1.00061494611 1.14213144205 1.34999999615 1.04256333266 1.14730551355 0.614207175525 
1.26402297306 0.996265986993 0.848931266418 1.0009193255 1.35000000007 1.14216347922 0.938869026089 0.982891282823 1.0681185593 1.14114606471 
1.16367165985 1.00126940903 0.628529386823 0.983655095784 1.22738712409 1.34999999744 1.14213128229 1.1462099941 1.35000000019 1.24005752946 
0.996169128563 0.935539274871 1.0233243045 1.13657803611 1.07165297229 0.76965329599 1.14213144019 0.851730095549 1.35000000066 1.00046465778 
1.02086966327 1.14212949924 1.09382441045 1.1284362043 1.06301684736 1.03558058893 1.03308614717 1.16430804819 1.14210101348 1.34999906879 
1.14246999306 1.12424390486 0.988145471238 1.02819657618 1.03822700082 1.0608619383 0.950605017274 0.997313839686 0.901869143282 0.603573587315 
0.952910843165 1.14209348683 1.07120576672 1.34999999736 0.991672242113 0.953025395987 1.14420850142 1.35000000022 1.06173209911 0.900206770462 
0.720627193034 0.926771694382 1.14238534108 1.07445029968 1.29401816853 1.02532537863 1.31221870086 0.983855162667 0.932062003601 1.16789521037 
1.14213143477 0.789306681399 1.0776813419 0.916071791023 1.03488207832 1.3500000012 0.689680140185 1.14175995459 0.884198111889 1.04318685803 
1.1421093772 1.10385065094 1.35000000184 1.06049310466 0.977062192073 1.01644589986 1.33577298348 0.846411146719 1.1379709498 1.35000881034 
1.14213083661 1.1417610326 1.05303709237 0.914853860386 1.09293492974 1.19097929752 0.90096564159 0.99814415375 1.35000051436 0.712239079465 
0.966428702634 0.72298672928 1.0383318926 1.03210034635 0.636290000216 1.14213072715 1.34999962948 1.14213144381 1.09203861876 1.3499999933 
0.755550342721 0.993101364748 1.29889668108 1.01149248355 1.01683106678 0.969374552697 1.09049641611 1.01882856474 1.1426258531 1.03095600416 
0.823374033553 0.73259016626 1.00104291782 1.03582218498 1.09333214128 0.953252101288 0.995617993889 1.14212868278 0.996627308352 1.22934580118 
1.33573901668 1.34269739143 1.30752433797 1.02199273007 0.961123975376 0.899648579764 0.89073706068 1.14213143477 1.35000001765 1.14025993996 
1.20639789666 1.14212477872 0.998538493374 0.594309962302 1.1421304129 1.01924220876 1.19088816372 1.21051623023 0.978581218438 0.883798727276 
1.01069712399 1.35000000001 1.14212908481 0.955676142158 1.15195234139 1.0078241555 1.2369170506 1.18575859675 1.13465633626 0.991916852028 
0.881883212628 0.89652075432 1.14210937718 1.14213144271 0.989934333682 1.08479759859 1.35000000219 0.933320693547 1.3499984892 0.783381804609 
0.633114696075 1.14213143479 1.17436693477 1.00547675787 1.21696049686 0.624095384042 1.35 0.907082950432 0.997227352819 1.06980152036 
1.05258586435 0.986411069347 1.05404404208 0.759763064266 0.70662390096 1.14241173852 1.01903273915 0.929640108374 0.992988542755 1.08895026811 
0.85361174195 1.35000000002 1.21503667577 1.14213051971 0.966511898608 0.959625666143 0.770981167015 1.0488682497 0.880702485847 1.1419909908 
1.00921652961 1.10605668473 1.35000000182 1.01588625771 1.35000566051 1.14240031643 0.965463720952 0.870915750677 0.974012604698 0.924143846331 
