324.915710986 -188.056673981 49.3311390613 163.821876108 -461.686340963 -192.347611679 -329.943448993 -65.3325357267 197.781652674 459.888864058 
-83.6960713616 -343.420841844 12.6310905157 336.388016909 460.126346231 121.609090254 223.258378016 -461.686340963 -308.184717629 -193.899377498 
83.4309864471 -336.039228377 333.089762814 -178.633768238 -46.9575275724 208.894730943 -41.2806142745 -289.059069453 -461.686340963 461.686341806 
230.521450954 -86.3301380221 461.686340963 94.627198807 -210.348951335 337.019664434 -35.7460876419 99.0643879695 -461.686340963 -336.416382621 
-331.866454354 14.7561255122 -17.5206730727 255.534848348 -230.533472645 144.815299285 -148.203411942 -461.686354763 454.405274138 325.696743503 
221.533669668 -351.801833098 -461.686340963 -167.897009582 -291.300774003 454.313708401 -31.2181965196 -141.155919186 338.689969649 90.8856639396 
-138.766250352 185.685238384 56.100744705 -250.089690761 461.686340963 -18.0036890842 199.785215449 -461.686340963 333.865225677 -333.911834106 
-219.338737155 265.432784075 28.9122913502 -461.686340963 -204.077922661 397.468377651 -340.225525605 152.359727263 -83.4296328654 434.812591636 
-97.2402149426 -461.686340961 -342.280319011 152.964573971 455.798376033 -227.961999351 236.910210415 336.277822263 -77.8517471353 39.6404806141 
148.734350017 266.066726243 6.83056559026 -228.570718668 -116.899742775 346.576018659 -341.234922195 -461.686340963 23.7300836723 461.686340963 
-103.423215218 -211.907159696 180.146590091 349.842106942 -335.288946275 290.420731517 19.3814355187 454.405271516 -461.686346083 108.738498884 
-275.135938291 117.510497455 5.44201985029 204.746672729 -146.278185923 330.932125221 -461.686340963 -135.223978105 454.405449096 -395.001806777 
-42.08835663 3.7946592772 324.421582387 124.782077391 246.187933143 -239.768140088 -168.712714071 461.686340963 -461.686340911 -332.41715721 
-91.6410694473 175.275098077 299.591605791 54.9374837784 -461.686340963 -69.0109814997 -329.894359327 331.502844901 -217.308276147 461.686340963 
454.404406126 -16.8571958911 -444.704494986 106.190305756 -131.31340021 -258.586002776 231.784205979 356.438786641 -373.042207094 -219.573412593 
4.67179518827 -461.686340963 -330.612681003 60.0588877892 461.686340963 -87.8132166316 301.783744053 -211.512790033 331.135854513 177.071378447 
185.798780472 214.450793882 -336.977120754 70.9415987899 -53.8633046588 329.854117467 461.686340963 -461.686340963 -262.534007459 -170.70924455 
-461.686365884 -221.456390729 274.093061642 17.6793429075 454.405272467 159.446296718 -103.714196975 -337.555809744 312.946646073 33.1662693271 
-127.113121659 -461.686340963 12.5399753477 337.962431598 -255.993132264 -343.127967765 -135.71227083 117.014720041 212.027563788 461.686340153 
-57.5448155764 454.392160977 325.991418074 105.41222323 -328.196102861 -461.686340963 -196.195714967 1.99676700549 -180.478259528 202.503948421 
151.775672913 -100.597111545 -209.71787473 -66.0702596192 57.4781844146 461.681853063 204.940818156 328.187335006 -461.686340963 -336.784671844 
-207.583762057 245.518560449 319.249760242 -55.9171609778 -461.686340963 175.476333703 -159.875068084 54.5916795248 -330.580438485 449.039070409 
324.217679179 -334.371188742 17.3690182917 -217.96467347 -62.9569425146 452.492686703 94.8441334114 -100.294959504 -461.686432628 217.364800469 
224.859455975 92.8815741357 88.6715553942 -35.1615917786 333.811456656 -242.704820441 -130.711533176 -340.084695789 -461.686340963 461.686340963 
-461.686340963 48.5083672631 461.686340963 -336.915056145 22.5094788619 -97.5244812168 332.339764784 -226.54569095 167.471436368 293.033091218 
341.572007572 -461.686340963 242.10266441 -37.7478892882 -333.016371063 30.455428253 119.496816357 461.686340925 -161.889846744 -239.229415627 
333.870341179 -71.983679839 -217.954117926 55.7953227857 -461.686340963 -85.7578764344 461.686340963 178.998487722 -337.202754116 205.52417294 
155.506451464 -73.9001962352 -109.181756436 -461.686340963 -333.94122276 228.992504339 -227.638850523 459.928807157 35.537392588 326.310854204 
-337.898860437 180.939044399 56.0864478719 -280.583848854 316.319003973 452.401510288 -461.686340963 -190.240760369 -71.8546675999 277.20061177 
303.939058976 62.0727891927 -335.806988616 179.820803828 329.795471172 461.686340963 -206.670018004 -60.8152394771 -81.8378833776 -461.686340963 
-335.949307325 -461.686340963 -234.023491639 -133.717017803 129.480317334 -80.4619976159 325.827022107 199.528975565 461.686342657 42.2404684357 
-337.081343279 -81.5834652076 -461.686340963 33.4480018855 -229.192413799 -117.092744396 329.646772127 461.686340963 258.477259729 151.761877787 
-178.542909358 104.86921811 461.686340963 54.9881316244 -461.686340963 -334.569298409 -64.9353299942 337.115862719 -225.966214741 222.126326555 
219.632319118 -461.686340118 -51.7520016929 -232.585420627 454.405262418 -341.804010418 126.543472988 -151.143416241 341.312482843 65.9256928389 
-461.686340963 56.9445852678 -70.5662310505 334.263290454 -337.051636792 206.009667645 -209.116305613 -84.7936237983 461.686340963 180.307476157 
300.073108424 -336.522232591 14.2769787145 -214.388246215 -461.686340963 21.3073898719 439.957959581 -105.264878322 263.349253979 149.010308989 
323.380458841 -243.930874102 -461.686340963 206.289591706 -117.544318913 461.686340963 -338.171455136 53.8681999008 -31.7981387058 176.322062372 
-345.634890095 5.95835062204 350.462416751 461.686340963 -128.627183941 229.261806398 -461.686340963 124.168665282 -132.537484618 -254.881179281 
57.9790377886 -215.87291294 205.468890043 329.616236726 139.487723155 -65.1533591119 -90.423291132 461.680963438 -337.331359855 -461.686340417 
-342.306717503 336.043701157 -92.050732356 303.55197445 -461.686340963 375.773975349 -228.232100745 40.1445573792 -98.8020813801 153.516209207 
461.686340963 -189.476385164 -327.734457506 335.225866934 -50.6357439011 -461.686340963 69.8156420468 219.989047981 -180.536895302 128.857053223 
36.025006998 179.703668953 454.405272435 -461.686340963 313.012975988 -211.794760555 -92.2000250161 63.3541975378 274.055109105 -333.067298743 
103.032576037 -461.686340963 439.958025592 -7.38934215504 -347.910554042 -135.708616298 -257.028942544 340.296374821 228.766928421 -132.18202707 
344.65469898 237.788756588 -27.1430215126 92.8129226134 126.556900777 -143.001121031 461.686340963 -257.447394573 -340.246427817 -461.686340963 
176.136981581 461.686340963 -91.94838103 326.193760892 205.683530828 56.8823428501 -461.686340963 -63.0477170666 -337.24616385 -209.124779881 
330.695414991 -64.3024610854 -258.254894176 -186.530506256 461.686340963 207.324103041 81.0366788447 -461.686341782 -333.123455052 -27.1316076216 
-454.405271549 -333.619027022 35.6616390442 339.082927944 454.909989237 240.809825829 167.38906585 3.61283989869 -120.026240697 -230.110771781 
-461.686340963 333.176823768 -61.5004243277 -334.177750419 66.5144619007 186.774463314 230.294245789 -187.980695992 461.686340963 -237.313862183 
110.633537169 -240.526525225 461.686338853 -115.793049747 -354.790593173 -457.480443617 2.88593642276 117.487361969 233.714929867 344.749533255 
461.686340963 -91.5271934664 57.2139391789 0.135838512958 -461.686340963 331.799670521 -209.228269495 174.691798248 299.374493043 -335.540660703 
444.634241886 86.5474742722 -330.612300668 -182.750072345 -461.686362529 208.47984174 57.9788013952 -59.9288581871 322.951793118 -304.848683198 
208.439651495 461.686340963 -172.037876668 -50.1631923122 -292.650314897 -461.686340963 65.8970237673 104.15527343 -332.638897532 331.904898591 
-251.241706155 461.686340963 -20.0756324257 -461.686342412 210.378153815 -332.358038986 333.240919983 -179.478644748 89.5219403044 -52.4782320367 
156.272666216 -461.686340963 29.7242572757 461.686349531 -128.460334707 209.037109821 -227.31834028 -58.5284905381 332.862674361 -335.525545683 
-461.686340963 -210.864599459 248.116013224 140.970324884 461.686340963 -81.6952987369 -75.9635765448 -338.787726337 345.570765306 45.015366227 
-343.494914322 98.4475593657 345.668290225 461.686340963 -232.269631569 -41.5470194701 218.244934152 -122.072641319 -461.686340963 6.10485078707 
-461.686340963 460.31450498 -335.01224221 -277.531678229 196.531027952 324.673680208 32.3531101173 -92.3532489604 159.742843353 -150.394048729 
208.705154975 85.5743412911 -177.122256071 -461.686340963 461.686340963 333.98432223 -331.794093195 -298.497995899 -19.1990327148 -55.0703014359 
212.027654083 -301.421109019 338.774517912 -178.127224209 461.686340963 -44.327236799 -330.851806515 -461.686340963 88.9678266 -48.6463468621 
-203.379835363 -339.874460501 346.597383996 -87.3507217859 -461.686340963 129.363776257 -221.154469144 234.753655944 15.6518156151 461.056470566 
-461.686340963 47.6356092749 202.692962158 -336.297353657 461.686150941 -107.636079872 175.635857832 -234.915922575 -81.1117261691 332.335703335 
461.686340963 -335.930557157 56.1289205815 -210.906078967 -123.498251109 334.283845209 207.030137009 -59.990392216 -461.686340963 177.374512276 
461.686340963 -223.341322293 -461.686340963 211.320139064 -97.3625221845 -332.667966555 47.7500315611 169.426767221 -65.6729946396 325.626346764 
175.390917338 -461.686340963 215.675335331 -336.76076877 -15.5417863219 -97.9627459241 53.8115806368 461.686340963 327.911766481 -219.701091767 
-461.686340963 -65.8186975866 199.808354027 -212.933397352 186.96356593 334.045771643 57.9790890707 -333.890102345 -80.6090043933 461.686340963 
-332.497904406 461.686340963 74.7664525451 -196.494142417 324.425202449 -71.9575288631 -15.8172014696 -461.686341044 -262.791123465 201.505402023 
212.3464021 -461.686340963 -225.706939653 98.7992009091 461.686340963 -91.1349166316 35.3890141816 -88.9219391704 -340.527183574 336.433452665 
-171.069623205 160.605405016 461.686340963 -335.109690498 -461.686340963 326.240388351 -240.595074797 -52.5439178305 262.058085251 48.1610623071 
-175.800691486 -59.8593330757 -223.968478698 10.8028212257 455.034430476 209.247776393 -461.686340963 110.4731443 -333.509783461 321.895991021 
-135.382870297 -276.652671775 -138.207709205 85.1049753708 -461.686340963 197.483512487 327.267972671 -347.677144378 451.742767373 -24.3999552707 
461.686341247 98.7411263666 -461.686340963 -77.6746053806 339.739128882 211.943578793 -115.043844007 25.6395297162 -341.359184843 -225.276012843 
461.686340963 11.2870196624 342.267563812 -164.425747809 238.313771991 -233.473520084 115.890470483 -332.403497189 -39.97360843 -461.686340963 
-67.3815227574 -225.087441909 331.505188069 200.718374497 -333.242129324 -461.686340963 171.418005068 45.5276234137 -99.2379591711 461.686340963 
-173.292539766 67.5800112907 461.686340764 -57.7084476274 -461.686340963 220.857295683 181.656623488 329.607521402 -246.106334494 -335.976708763 
-335.072336206 24.0159120203 330.093590989 -236.180496811 -124.673077418 145.930124156 219.193533095 -460.708848023 451.944979162 -8.58758377826 
-334.218502585 333.054265244 -166.730505102 97.9467460938 -44.2156838354 83.3954888959 225.458413516 461.686340963 -259.228877916 -461.686340963 
-122.780362628 444.74339415 -461.686341004 78.9947490532 39.7902064564 -56.2502977506 -210.746825665 288.973157914 328.653525315 -335.264398476 
191.204304585 70.4997714566 -232.409913587 209.26202332 331.03457704 -334.837129774 -189.998814854 461.686339747 -461.686340696 -57.8599219375 
40.8963275613 -461.686340963 461.686340963 -40.2503737178 208.0086431 170.29411426 333.760875918 -105.368566405 -223.266974766 -339.774197075 
-92.9557313809 -339.720876722 33.1862556972 332.165092914 271.054762987 173.597742407 -461.686340963 33.2299592993 461.686340963 -211.61904447 
332.008787638 -209.881234733 461.686340963 -92.775771823 298.58508561 173.976712336 56.2330421525 -335.616036166 -3.45378537601 -461.686340963 
341.554831907 -37.8093068707 -239.377264664 -333.108824521 30.3453520208 -461.686340963 119.436212803 -161.975596814 461.686340957 242.059411378 
-122.974061781 275.258816342 -461.686340963 38.5292184697 -209.398923752 454.513328121 7.47657772762 164.006028008 -330.672137556 324.98562868 
461.686340963 -343.602426014 340.475620588 -461.686340963 -9.33198383165 -152.854944597 -270.02681621 212.033227162 -109.239855045 93.3680044076 
171.448801536 332.009691425 461.686340963 -93.3355032747 -212.334519801 -333.471988048 29.5960321789 -461.686340963 51.230022512 297.256057933 
-32.3808778782 461.686340963 339.760999235 -339.749102683 192.100534446 83.6017639204 -132.64995957 -225.930487923 -461.686340963 224.267204228 
-75.5894357374 194.485459877 -339.966008581 -212.623484423 -87.1683562284 165.452585476 459.856017493 -459.069962503 320.15394281 52.9908811125 
-157.809829853 203.638980637 -390.585399542 272.336557459 -33.9103786955 311.845077501 -274.371744611 439.957983953 91.8376015894 -454.728334506 
-461.686340963 418.572244089 -131.201385428 239.840736942 27.7407257422 -335.397330726 -258.809812526 151.870355306 -36.7681464592 377.17405541 
-461.686340963 242.066349371 333.449456852 461.686395587 -147.381647264 -31.7232209938 -339.676490902 30.4757392236 -255.245495575 128.535247338 
-65.5834640656 -223.191903407 -461.686340963 325.751538299 -97.2199047347 -332.603572557 47.8692107385 461.686340963 169.536276895 211.49530128 
-255.580983261 -170.399534334 163.059439634 -57.2795991982 418.572241965 41.0514679538 172.071151003 301.562955535 -454.40527154 -346.680850899 
122.749123612 -461.686340963 42.45957058 223.756786127 -197.137940495 -76.0408670109 -217.402247468 347.135957016 -338.863209433 458.767571998 
-332.31713454 104.488355278 333.075404359 209.944660526 -196.080805792 -461.686340963 -68.2476993802 461.686340963 57.1427972399 -278.391899847 
253.663662339 -141.31859546 -18.4059080453 131.383758145 -342.131685793 461.686340963 31.1173977466 -461.686340963 345.821569371 -268.547522181 
-225.383832553 -461.686340963 284.227341085 449.729807734 -111.185397854 41.0994675879 162.480790078 -336.027419108 409.996690486 -76.3267060235 
212.027874296 -265.507545077 -183.865793237 -339.317131959 337.941829775 89.8339586043 -55.9463451796 -26.5873288588 -461.686340963 461.686340963 
-104.680952793 461.686340963 -455.254198333 181.010712827 49.9072294464 -320.717616489 -191.838250283 332.787562519 2.06219306235 198.56864486 
454.405270675 -336.771903835 40.6586878285 -207.40665297 -453.153755048 175.424161486 -82.2725805779 102.979705156 351.225209998 290.317464413 
333.652242761 -62.8934226835 -8.40643170517 83.9934975762 209.000206443 -332.554001675 -185.876795408 461.686340963 -461.686340963 -255.218533319 
-96.1637609474 64.5124572818 178.56169781 -220.930697686 306.41874928 -62.7911893668 267.371334252 444.137331389 -331.953648237 -461.686340963 
-334.199138587 -100.968789796 209.251437834 52.8573627773 461.686340963 -227.912824263 -461.686340963 168.606274461 335.025865909 -83.0993469185 
-336.190291985 344.855303988 136.305769296 -236.75161438 461.686340963 -461.686340963 25.6967173457 -67.3489340157 259.772075323 -182.704931601 
-190.123934708 -77.7850962993 -461.686340963 -40.6717380943 78.3328048667 461.686340963 204.344019197 -312.947086609 -325.483231155 327.991544086 
118.145395499 -461.686340963 -337.431896875 213.361396832 454.405270232 -68.3668099979 -215.400948184 51.0688518166 -188.933518056 337.770976377 
78.3846916323 461.686340963 -334.064392969 132.189089972 234.437440978 -461.686340963 -208.311720963 -47.5877754925 -120.582786607 341.404583309 
20.2336285547 126.959931793 328.037752591 -461.686340963 461.686340963 -160.903084751 239.860770184 -333.88505525 -244.480016326 -34.1820489147 
-141.029306228 325.516024661 -334.14577015 453.935582226 250.942834893 -265.138855867 -461.686340963 -12.3526080872 9.35562331974 143.619477575 
145.537674084 -461.686340963 461.686340963 -2.71780762846 346.455410365 -90.0479434121 262.555314991 -214.295775146 -337.433669514 73.2697166331 
-191.530496794 -325.053646677 203.421727065 -83.4447225856 461.686340963 -42.6591328787 327.059613038 77.4008717764 -313.876252391 -461.686340963 
335.027883238 -330.697250942 215.386249003 -461.686340963 87.1730328799 -184.233070795 461.686340963 -57.0199309335 -21.1714406202 -260.957221968 
79.4501253701 205.476489445 -336.417391472 455.028617904 -47.1665297057 -263.313327844 186.547682522 332.629209425 -165.662414827 -461.686340963 
330.537685076 -182.966595525 71.2350581089 -461.686341418 -332.766735311 302.686810863 -50.2338547385 178.355711401 461.686340963 -227.809115953 
217.129390886 -338.778337039 -268.472077907 97.8427192189 -53.5210780603 336.303309231 460.95940435 -30.1317432412 -461.686340963 -183.389922355 
449.962630973 159.785456041 -461.686352811 -44.9798629603 -330.648524205 -173.978471981 283.676827629 -222.858857522 49.3962475734 410.230087957 
442.713656418 -34.1684264827 445.705962359 75.5403903519 202.283367448 306.808417535 -461.686340963 -203.700439508 -81.4091487827 -331.46782871 
-158.689316932 454.213696785 -20.2890481283 -348.662319962 -280.210651534 92.2754753332 219.858562541 -136.75854974 337.483294626 -461.686340963 
109.029388791 -340.316003388 -101.775038506 461.686340963 -248.654556645 224.666953784 16.1975868329 -125.167031742 341.965670806 -461.686340963 
-7.94729027374 -344.876279943 -131.482730206 460.625000541 -146.519544214 335.505683952 219.631688554 -461.686340963 113.747181534 -271.941172865 
-332.623872978 456.371739527 204.623655456 322.160501099 70.4726067865 -224.168332009 -56.0834088063 -461.686340963 71.3023966973 -171.538900496 
202.339223773 -68.1842027553 325.704912362 -319.975095831 -194.545907314 76.0461647193 -461.686340963 -316.670926854 461.686340963 -40.5744840657 
-260.959033671 -147.268078904 -93.4101902174 -461.686340963 102.357489867 -349.698557174 223.82227921 349.172370881 454.405271892 -5.1986859786 
-105.991292467 274.093417174 -461.686340963 -80.7684809024 169.224766535 -335.551181846 454.405271566 -232.272154758 312.946029332 44.8200950889 
-42.6418841352 -174.250274357 97.8996700732 461.288406171 214.750570203 -332.886081215 -461.686340963 -32.7808299758 335.859411822 -271.98072654 
-273.220273336 -42.5736338823 333.637838755 87.0635579192 -461.686340963 210.177027222 -337.655640158 459.834766733 -177.412195894 -35.9257553727 
311.17779353 461.686340963 187.911276493 -461.686340963 328.133013172 -176.587031698 -222.882284967 -333.285603555 66.2257665834 -62.267575484 
-300.599548345 -461.686340963 456.380849965 -62.9237893192 56.8731504949 -180.61984337 -331.237151235 182.299643757 327.877340592 188.080566691 
164.796907061 -330.255154664 204.110006501 -204.476074646 332.389134198 -24.8336865285 461.686340963 -461.686340963 -151.335464667 101.050575016 
282.291422356 -96.781892268 -461.686340963 461.686340963 -220.856168273 171.534667737 -338.252479985 20.6619755269 47.5948082023 327.509456123 
-334.452499933 -155.460274096 -248.292554468 107.387324734 228.948011427 -461.591133082 70.8429058765 -38.5454276072 335.070607279 449.985513388 
-461.686340963 -338.245278076 -89.4566451906 -119.29300491 -243.466094674 261.58188141 158.688821423 328.503593732 461.686340963 34.0320786635 
-194.261379593 -461.686340963 223.225019181 -331.076875667 -71.3540939694 35.9939341691 324.069209084 150.539726132 -192.282327733 457.350257551 
212.027564596 337.941739219 12.5721464496 -255.923641485 117.027941636 -127.057944769 461.686340963 -135.699255557 -461.686340963 -343.115670886 
-330.18389839 113.577183117 220.027960646 -165.993418271 -222.896277811 337.651553122 -461.686340963 -46.7596324966 461.686340963 72.3426336659 
210.376358237 -331.550186557 -177.817562706 -461.686340963 46.9663841858 -224.208444313 332.907652149 461.686340963 118.608506405 -65.1755028587 
-40.5076719246 -316.670942132 202.345610137 -194.535822144 -68.1650094787 76.0527590669 -319.955628535 325.711506728 461.686340963 -461.686340963 
112.086682735 -196.591234166 -59.649439283 52.6884945195 -330.045531157 -186.342749204 208.189639189 331.427683445 -461.686340963 461.686340962 
-332.252898369 220.723946503 461.686340963 -208.73467828 -56.2065642218 327.751731926 -171.847500617 180.378495399 -461.686340963 60.5508286855 
196.835329315 -218.230783366 -54.2010057792 -461.686340963 461.686439375 334.498926584 194.663534237 -337.532828201 57.6782847289 -91.7648899665 
461.686340963 69.4342303898 -170.294120399 335.369828656 -208.348375674 -332.042388956 -54.2465373382 219.205208797 -461.686340963 170.29455808 
-204.697292621 115.042497162 -137.650754086 338.712132306 461.686340963 226.342940157 -331.1489836 -50.4794593851 -461.686340963 73.4279511809 
170.32204762 461.686340963 -214.967405716 27.3779531316 -96.7934113718 332.445501081 -334.596617247 45.3925162154 -461.686340963 296.13404809 
175.878146037 -212.594186757 -83.4176375327 211.698028214 -337.810310103 49.7515062494 -75.8871913154 -461.686340963 461.686340963 327.225456345 
-230.930630367 -461.686340963 329.477042457 -166.266011379 461.686340963 255.138324914 -332.623770326 -40.9899685252 133.647946218 14.2886186398 
337.241416732 120.705740248 -35.1524208286 461.686340963 -461.686340963 15.4653505167 -163.008796294 240.660501365 -330.561340173 -229.930408146 
-336.097805005 240.134163223 -80.3607836809 -461.686340963 66.6655274964 -207.087218761 330.105448146 175.991143198 -63.9351889292 461.686340963 
-331.554969172 461.686340963 332.909937983 -65.1831827973 210.37652439 46.9628291023 -224.211382358 -177.832692204 118.590731805 -461.686340934 
89.7043532087 -59.3116589411 -337.920008917 -173.989776649 204.746630508 15.0065398264 454.405344396 330.77957783 -461.686340964 -271.908972656 
-333.554245425 339.845166735 461.686340723 -460.969317152 30.0635165184 211.947186743 -32.1935381304 -161.922157949 -217.190573674 106.430024391 
-77.5444720407 91.9813666871 -213.612989339 215.553682175 343.651105689 46.4089526427 461.686340963 -340.650229043 -98.0757060133 -461.686340963 
306.382439526 -60.8468840599 -174.131062835 60.0739578304 -217.695434181 182.732839381 329.85174165 -461.686340963 461.686340963 -332.638306179 
81.4479620718 -170.179181066 -39.7019969214 461.686340963 -198.163315214 -325.221846447 196.34293791 329.704212333 156.697581663 -461.686340963 
-147.126855025 -346.791861937 -134.148384146 -461.686340963 339.492443737 -271.979927724 103.480476741 -5.35789253822 212.027564596 461.686340963 
39.2414419055 -461.686340963 326.265374797 -333.74033063 -222.999877829 275.815015561 21.7504437416 -101.871337051 167.14496767 461.686340963 
-329.242831511 212.348981697 -183.024363838 86.7407797674 -60.1634255692 59.9693141407 -461.686340963 -194.410403992 461.686340963 338.89118451 
96.5345062203 343.168706825 80.1155385299 -213.326856431 -50.7517435242 -86.608581627 -336.402143477 224.102593302 -461.686340963 461.686340746 
461.686340963 -461.686340963 -334.496823323 57.8452313458 118.89267698 -63.8341008763 -212.641295131 218.334105994 -181.367022893 342.180963139 
461.686340963 -58.1118339028 -217.039676186 -461.686340963 336.216812844 -333.553793104 222.858826913 71.2088162463 -117.346570237 135.38547442 
-461.686340963 -44.2227308334 -228.21357989 -332.668582811 109.231596665 461.686340963 337.221741182 83.7415987563 -167.200235725 226.432915586 
-7.80621376969 -456.221080763 461.686340956 92.7527669121 -44.8644149585 -173.174185079 -249.620707785 -340.854769029 343.16044804 211.466086779 
15.4582193266 348.654568874 461.686340963 -218.693002302 136.747712814 146.739003313 -97.5182177195 271.225556285 -461.686340963 -340.847264647 
-213.385020252 189.460533109 87.0958156426 -4.61078531069 -122.838046594 319.539700068 -266.969979215 -424.986704065 -387.337795102 439.119309387 
-461.686340963 27.3195592836 461.686340963 332.383167413 -334.658486054 170.294068154 45.207678703 296.086593195 -214.991637104 -96.8212214211 
-237.819311265 35.9501595437 461.686340963 10.9528008857 -461.686340963 288.735262027 -337.958759596 -109.122470921 159.965860301 333.890465045 
-337.23442292 -210.510787229 177.722487068 51.814373255 -461.686343464 195.771041266 -74.8618645237 -74.273093849 326.657936871 454.405233798 
-224.142220344 -143.839098161 332.749445625 179.212995955 52.3227875184 -333.266739038 -67.2545077444 -461.686340327 199.131270422 461.686340965 
191.692344839 461.576164101 -459.717565727 -66.777920495 72.096301743 323.136663747 -319.5655203 -316.671227296 -57.1958638844 -195.340138994 
-461.686340963 3.48226526535 314.902693005 -86.7467013542 -212.181003443 -240.028975263 84.8353015791 -339.126444349 197.973083959 439.957959592 
-461.686340963 74.6635591968 170.016091926 454.261671649 -115.010673802 3.65778003894 -225.577811285 -339.916539891 291.53611871 324.468324032 
185.969416388 56.6320939804 199.574262565 -79.5616076691 -336.189283912 333.840398802 461.686340963 -66.8076517901 -461.686340963 -206.780466684 
337.961090394 -66.3775846886 4.52028698266 454.405272169 219.443007631 -337.351400997 -461.686341048 -183.389170673 -239.161775465 90.7278589331 
-216.580968122 -120.713408603 -57.9808709525 -461.686340963 461.686340963 -333.048790004 339.753789507 132.059708504 70.3824591886 229.66233345 
-197.202771244 -347.411106149 -461.686340963 175.659932055 52.1121729774 -94.8688978258 27.4924031489 -231.024612689 292.719349556 393.920140291 
-338.247783003 173.397885064 207.389035162 -116.903233803 -461.686340963 51.2703648173 -244.696756962 -22.7787147828 461.686340963 325.874566696 
92.8732289711 -72.3253633103 3.77332119404 -333.335492568 -192.127562247 340.209091828 -458.412757954 221.634467309 453.75687347 -239.785961656 
-332.895447552 181.665984252 60.8389266651 -47.9599405692 211.006056578 -461.686340963 328.719554649 -169.441451233 -259.289213531 461.686340963 
301.247498167 58.934533269 431.799990623 -78.0521081686 -344.653054453 49.8406599491 182.967574798 -461.686340963 -246.915649978 -140.31218012 
-461.686340963 -236.507953939 327.294995992 44.9589362756 168.220838227 -333.755463627 6.84780161116 -117.933711695 248.801848532 461.686340963 
396.58579739 103.552806073 356.855523176 -165.071100195 -292.428987518 -347.635987384 -81.6896836563 20.4822944351 -461.686340963 228.682143844 
201.636513891 -461.283093211 153.543694482 461.686341504 321.168776076 -87.8519089426 -78.0239790055 -210.824047842 53.4425793109 -339.246198461 
324.794779932 -461.686340963 -106.861154157 -9.79992565372 -291.614489829 118.03371107 -166.386295094 459.928506389 215.838430971 -333.115762728 
456.37029474 -332.623565545 -171.516807333 -224.193810731 -461.686340963 70.4971829613 322.171300388 71.3107738119 -56.0716474493 204.62427691 
-61.4985740797 -226.873589996 144.136389813 461.686340989 205.527082972 -191.445799427 327.929808082 -461.686340963 59.1356274209 -334.927788131 
256.738785491 329.531339719 -337.042941568 -245.074620157 461.686340963 -121.088172148 16.1769371497 5.90248720548 -461.686340963 153.754477161 
105.96149777 337.809391595 -46.4995654835 -224.241618127 57.9790533983 227.170671692 461.686340963 -461.686340963 -331.66057563 -165.601786124 
-13.8577997784 134.128617148 94.0541951974 -90.9434877172 236.131366782 -343.67352498 343.712972468 -461.686340714 -212.158146632 459.832866504 
-342.968051821 -275.527235875 -149.865652214 333.588244208 217.904824949 461.686340963 106.590791667 -13.075749358 -461.686340963 -26.8274697028 
-329.903909558 239.853459968 -461.686340963 341.233915422 -163.328162515 88.6205351086 461.686203 122.110563182 -36.9273032649 -211.832214274 
461.686340963 170.294022366 -461.686340963 -236.28639856 211.912205877 46.2882918011 -337.295527763 -126.173789281 -35.9323785858 335.029670651 
-139.491604493 -461.686340963 72.0625369159 312.944724423 192.083183756 -52.2168254402 -334.736998491 -265.302846439 451.088157561 273.917026695 
-222.643041818 143.965649303 350.028274676 7.91732731283 141.23015339 -106.227809326 -461.686340963 269.492836464 -343.69915285 461.686340963 
-225.936386824 -461.686340963 -64.9292937251 461.686340963 54.9957720377 104.895402692 -178.537476079 -334.546734853 222.155544932 337.140879677 
173.55346987 -86.4140288479 330.461750628 -336.914610767 301.274747028 -209.670453906 48.5591864571 -461.686340963 48.4793654414 461.686340963 
-226.008041592 52.2983558672 170.317764321 205.060831279 -99.2367981592 -81.3019828432 -461.686340963 332.947615686 -333.536164039 457.378629758 
461.686340963 116.069436429 -165.397180043 -240.755119737 343.047913016 17.8839833713 -333.662618101 241.24629423 -41.4850965653 -461.686340963 
60.8444014871 330.658652808 -461.686340963 -341.275717473 -226.681288439 -99.941136778 453.815765042 189.711499349 202.854358261 -45.9231169311 
112.921941004 -198.601599535 -461.686340963 334.298230247 -333.936155205 287.285696313 -16.2326455508 156.381317415 -139.737526412 461.686340963 
461.686340963 -461.686340963 -235.728380321 -336.80796085 336.620125823 -80.3979980241 212.61800699 -143.595559993 108.989104455 45.798889102 
-148.64374263 141.12318934 433.712519353 -30.6326311964 66.3804052945 -461.686340963 250.105147255 -333.461255832 288.263252316 -249.86467143 
51.1847405968 -199.362251942 461.686340963 205.57651771 -335.594613044 117.702021585 -461.312757993 -68.1780814971 325.49050476 -217.855940584 
-299.641130701 -461.686340963 43.2732865673 102.861080997 -178.609577066 -72.5798074026 338.40571969 211.618149119 -330.283394984 461.686340963 
-91.9466592348 461.686340963 -337.247194574 176.13844645 -63.0422246217 205.714089853 -461.686340963 326.204332054 56.8928657006 -209.12869997 
-122.772074911 -116.739208554 251.346185047 -461.686340963 12.1748845629 -244.591398785 129.755392371 -338.787260963 461.686340963 347.093110803 
-461.686340963 333.780880381 -332.94054347 66.786842091 -173.112864255 461.686340963 84.237986028 -58.6330613709 -224.210604966 210.437288056 
-90.7698090715 109.176803453 -213.894241682 188.734365986 298.781431042 19.6569036249 351.566918037 460.845271846 -337.564547538 -461.686340963 
177.999150807 57.9790504171 -250.838238399 -461.686340963 -333.751159761 -24.4605384812 190.43975921 328.530287689 -143.416690355 457.950040404 
-461.686340963 337.887184778 -339.548415535 120.045686677 9.25263906519 461.686340359 212.027564793 -245.294273215 -108.886853358 -132.720764679 
461.686340963 336.231500891 283.201566763 -24.2206626714 -461.214528149 -340.359912227 -215.278154184 79.8745012246 187.654280756 -131.381050262 
-124.967976507 461.68634128 127.830312739 337.993763087 -340.083074313 -212.857222642 -82.5595786778 212.027566226 39.9354097221 -461.557158551 
-380.011707675 337.024232745 -157.399169202 461.686340963 95.398317196 -248.235743351 90.2756096374 -445.429138639 -30.0241303787 219.302097218 
209.24613702 -461.686340963 -335.213108084 -71.2359768522 325.816444423 461.686340963 -230.006108254 51.0181808839 -147.110350019 174.962264875 
-208.879798365 -335.607641192 25.7185242292 166.076919213 -461.686340963 287.251227433 43.8586644816 -97.7292742958 352.43594135 461.686340963 
331.436250822 -49.4241083001 210.404996085 -461.686340963 -165.442088802 -259.499089159 121.130261232 54.0065818893 -333.926341617 461.686340963 
340.150411638 -28.8689391828 -332.687513896 -214.811510407 119.498871795 112.197461593 237.251718366 461.686340963 -133.261576528 -461.686340963 
-167.732416048 -45.6533877298 107.094071551 -329.385307024 461.686340963 337.719167498 -461.686340963 -206.879416012 229.593590791 84.0156060735 
75.1089179805 -139.142016924 336.02372225 -50.6949042193 -461.686340963 461.686340963 222.858811032 -204.602591261 113.52764419 -330.968212686 
-332.878874092 461.686340963 -157.219619696 113.90919549 -28.874000267 -254.574576162 237.347064482 -461.686340963 100.843776917 339.758162169 
-461.686340963 461.686340963 140.743740359 -101.652394733 347.389434201 -338.485869322 260.229618915 -211.332174239 60.5551402912 -13.0738174944 
-56.6955579742 165.823498092 326.307762523 264.993734384 -239.992419488 461.686340963 -174.002478763 50.2077043918 -335.640175196 -461.686340963 
-108.639031342 33.952343558 271.655787707 -339.260039668 -224.656261696 15.3406697792 324.78753939 461.686340963 -461.686340963 162.401392356 
-333.014254388 119.170431449 340.177683038 -58.1681446657 16.8211820044 -173.841247638 -223.571531017 248.086041266 -461.686340963 461.686340963 
461.686341031 319.757804619 -94.3691421331 71.5700464753 -460.697726535 181.7159744 304.415640829 -342.403277644 31.3504259572 -219.017341814 
20.5914548984 -461.686340963 -341.145646986 123.55677686 -28.2259168264 344.334414299 -266.879372485 461.686340963 246.913801108 -147.412668095 
-196.218250721 55.032837789 -461.686340963 -331.481496397 461.686340963 -192.457305088 303.8928075 178.681540568 330.038957931 -72.3263997941 
-332.822999275 -66.4879099054 -223.799902537 -97.7971004299 331.990008912 461.686340963 -461.686340963 47.2794831822 198.020836828 176.071361279 
326.965884045 -278.308314645 196.975615221 -156.403314451 84.8576511678 451.821663546 -24.907859894 -461.686340963 -122.46334643 -345.426914408 
-461.686340963 -328.66035301 144.084783595 -57.9790688408 330.419529488 255.38508986 -190.690942684 27.5464495098 -182.959866725 461.686340963 
-54.8895944633 -461.686340963 332.710539723 -332.184614853 -227.180220471 185.716118902 -180.498193296 217.90934623 64.90554587 461.686340963 
59.8911755162 -334.0986072 461.686340963 -176.866351127 -461.686340963 306.446410352 -61.4640147499 182.808952465 -211.249298235 329.803509156 
199.738842354 55.5032550856 184.807699523 -67.9698811938 -461.686340963 -208.061389658 461.686340963 -81.2099319396 -337.674132699 333.69908683 
-144.927261118 -273.346901555 -461.686340963 208.832932874 -72.16476607 16.323440989 -335.46669771 461.686340963 332.191005233 141.78109445 
249.128583119 345.333008767 461.686340963 -142.67321372 126.689611036 -17.9587664371 2.22564723701 -461.686340963 -262.805192197 -336.363202459 
170.732625269 -222.858851576 -58.7339105593 51.3638773895 461.686340963 -461.686340963 -332.340567525 -101.968415716 221.10687508 327.307384469 
-220.816205347 328.199999038 -90.1314005496 -338.798437205 49.8019553378 -461.686340963 168.523278471 461.686340963 -78.9650451647 266.93009262 
-257.358731722 248.186104371 -345.524781499 419.824692482 -137.804724538 379.909142027 127.993358749 -92.1603897178 -461.686340963 8.54426741593 
321.550825656 -97.0271031133 0.1591267328 -348.540819943 122.965926272 -461.686340963 205.304027064 -145.039231507 440.065043162 -262.228509868 
-339.225148246 43.8080591465 99.0685174867 461.686340963 344.471259284 221.060076378 -211.870299505 -84.4561970577 -79.4295766943 -461.686340963 
-265.394547973 -138.440169798 -341.73898505 51.6684953363 -16.7460378656 344.550159855 135.023936568 -461.686340963 254.72063793 461.686340963 
-5.51797393847 240.392776768 461.686340963 -152.295216035 -335.587510471 -271.318424971 340.911448529 -26.852741178 118.862461724 -461.686340963 
-239.36845513 -340.555141015 85.8541929772 454.405271678 26.4997487259 -90.7822099035 -461.686340963 -104.158659799 186.523175509 320.553227197 
-335.761976097 329.090770339 -76.3770445573 -233.624316041 -461.686340963 461.686340874 47.6751345448 -128.969748988 202.256882921 123.824723629 
251.290106299 -87.4798554514 -119.713988321 20.1660921881 -244.094025183 134.746147925 461.686340963 345.398687711 -461.686340963 -338.823459936 
-16.7702064204 254.699102839 -265.437440748 51.6528852275 -138.471723983 344.538283579 461.686362808 -341.754503851 135.000464665 -461.686358861 
-154.170640371 -461.686340963 339.378774243 461.686340963 103.050428075 -334.089408962 -257.016316004 110.222039044 234.751469388 -30.3491138233 
-159.804918156 -237.409030339 -331.547959845 -461.686341785 -30.2537549778 122.006448354 245.766151298 342.161687651 6.61309482151 461.686340963 
-459.27210263 439.95795959 -183.947004927 334.032612386 -70.1620016598 40.9864229983 -337.454685129 -256.700637055 123.584377937 215.652911583 
215.026254687 -337.036428878 -16.2190546607 461.686340963 -461.686340963 -98.4009648497 -220.02922444 327.595502929 175.212055293 53.4976327563 
51.2426509348 220.289237816 155.573601181 -331.243535078 -96.6759939059 -461.686340963 -221.423437032 -93.6998346523 338.313019678 461.68627579 
196.714025063 448.844768942 286.253195205 52.7600484725 58.0450196328 -461.686340963 -83.8251148079 408.790155058 -211.93775565 -333.880605731 
346.682046801 -15.5768518986 461.686340963 1.61146565999 -343.962474466 -130.15184421 -461.686340963 118.752857639 233.290374212 -233.891442 
-337.978643641 212.028408064 -273.309254745 340.076569801 -36.0391727456 -45.3386690501 461.686340963 90.3176992824 -180.147575064 -461.686340963 
184.369883869 -66.2527847454 291.81187974 -218.726371622 406.860135538 -461.686340963 446.628556604 -111.125546278 62.0888915956 -338.631087821 
-166.607616879 217.641814652 334.6785624 167.310089859 -461.686340963 -330.950864375 70.3568399842 -215.05552266 461.686340963 -54.8848590769 
-239.382329851 30.3430525813 -333.110017344 242.05636663 341.553549876 -37.812174928 119.432087396 -461.686340963 -161.979321168 461.686340068 
335.134768283 460.482327781 -200.662662542 218.909046443 114.286594445 -328.96445757 -179.871042897 -59.6773321476 6.23850174062 -461.686340963 
-461.686340963 115.043736558 -37.1742687644 -331.859671489 -228.63239235 236.693685254 -162.759687848 341.555594942 90.0403013456 461.686340963 
-334.050698097 -78.4215612173 -227.589270235 -101.204992255 461.686340963 46.5632657142 329.339901958 236.388331155 -461.686340963 172.594054233 
461.686340963 327.076546491 50.2782010479 -99.9063145261 -461.686340963 264.486444929 -66.6703290391 -332.636343083 -212.888356788 164.499958052 
-235.123708864 461.686340963 329.271956796 87.3404386728 66.4906127816 -461.686340963 210.414009154 -175.586977116 -58.3949638525 -334.742657815 
209.303486683 -65.8326447563 -455.541864742 -42.7159004256 -192.110188269 306.672556503 445.750149052 -323.37842656 442.669740878 83.3824652656 
-62.3499490364 324.946127787 222.859703321 -226.160258962 168.430400254 45.0451045639 -461.686340963 461.686340963 -102.688066017 -333.441742023 
146.167797058 328.777612511 -250.461905687 -4.69026725295 -128.344324987 247.18899268 -461.686340963 -336.984935781 16.0736197629 461.686340963 
-330.783641091 342.281539922 461.686340963 231.243052902 -248.504823498 -174.124244193 -461.686340963 -47.2102158881 106.922069086 -6.5003873264 
-90.4731391593 -55.1731692337 63.4393857146 178.993634141 -206.382005163 -461.686342676 -336.063091952 222.062369892 461.686340484 329.299873842 
-281.709160139 -335.308978612 -461.686340963 338.531454947 461.686340963 240.333220187 -99.0525281439 2.83338364794 -152.173153391 128.693748648 
349.46444235 -114.94200563 -461.686340963 25.5587448581 149.571517028 461.686340963 -340.138343807 -225.663317328 8.85875457985 270.600019876 
24.6681821847 261.712848865 151.824019093 345.334204242 -461.686340963 461.686338844 -178.46800852 -301.09545548 -71.6978961194 -329.990745314 
210.470895126 453.412775111 -27.9330529868 -335.868766494 -147.981776954 -461.686340963 93.4231932727 275.471353188 412.617288088 -257.287290737 
193.968807685 325.787710651 166.241361485 -227.55687643 -55.6263379577 42.9128652632 -103.934277908 -333.886492942 454.485316669 -461.686340963 
290.772232746 341.054047973 -74.4260247041 -461.686340963 461.686340963 -328.583437716 -84.9415170412 165.792913712 60.7328894727 -213.35342864 
321.329356412 -337.263696005 -461.409020988 201.894968702 461.686340963 -61.3678290971 -85.8166846875 177.660338126 56.2095186951 -208.729846548 
-342.95092645 461.631121119 -108.757058471 328.576612488 66.4141550229 -9.38247042316 167.538608521 -230.834656399 208.588760871 -461.686340963 
-461.686340963 -140.844428753 461.68632267 -264.955183503 333.397574915 4.09033980055 128.380136652 211.962220408 -35.8769316867 -341.741587574 
-233.28281823 170.728277418 -461.686340963 296.700659551 49.1868986529 -189.841637012 330.447752631 -67.173149916 -334.868489837 461.686341038 
-64.644987069 212.714505075 461.686340963 57.7043163803 327.653886256 -333.847375827 -461.686340963 -212.796224291 177.029255542 -81.0230581165 
461.686340963 65.126152769 215.513194421 109.577903218 -202.40765466 -62.2412794454 -143.018977257 -326.931647712 -461.686340963 333.511274813 
48.9095348084 -461.686340963 -333.394318331 -225.882538973 295.080314406 331.819830213 -75.1401344591 -99.3822470016 170.294114256 461.686340963 
-62.5912158763 -334.00708375 57.8356118308 332.311730819 -211.384296483 117.730733986 461.686340963 210.700249673 -461.686340963 -179.301900093 
-252.350774563 -126.898935792 -111.423470675 135.469050275 -461.686340963 461.686340963 345.41453121 264.153264629 -340.526096518 13.6572589563 
333.252544893 214.491852267 -249.614365106 -124.61304025 461.338438869 -461.686340963 -339.973878912 -102.484409945 20.8906601269 142.790272023 
-316.28926828 -14.5203653797 235.102525765 347.849489258 -114.620756059 -327.774000241 461.686340963 -196.108326762 -461.686340963 108.185267846 
205.384374769 -130.443144451 -75.6920294287 -221.459470168 -340.926675633 122.343156909 455.043143222 331.586266887 47.1358990873 -461.686340963 
-106.5748817 -232.444557512 83.6042615496 333.263037878 -405.781356533 -286.872815491 5.79850995883 -99.8350590792 461.686339375 210.861410463 
-339.864263347 -122.898621083 21.037696475 461.344750012 -249.407988845 -107.19598938 137.66313575 333.233340124 -461.686340963 214.446837925 
-335.381056787 -147.955928693 121.243532704 207.364008303 -461.686340963 328.37236737 -73.066224759 49.1150765641 -230.42006297 461.686340963 
141.406025652 -337.702608948 46.0798776934 -80.3961273327 -461.686340963 248.401647602 345.687521642 -74.8163893393 -209.549034064 461.686340963 
461.686340963 202.240302484 334.770045451 57.2728937436 188.983724205 -176.809646341 -335.833439743 -59.8265783752 -461.686340963 -243.097949861 
262.862535429 -113.167006016 -340.094303236 347.936519948 461.686340963 -124.95022326 -461.686340963 139.496597444 13.2037590531 -250.034464729 
177.436958337 -336.981651889 37.3301132727 330.426085347 461.686340963 57.7047711277 -461.686340963 -85.0786703908 -206.484221398 302.772604429 
24.8417493683 330.859419885 -218.67782696 461.686340963 -461.68634068 264.043653532 23.2517907008 -336.668315714 165.779730603 -103.498807281 
-35.9295738926 212.028385299 340.079459516 -461.686340963 461.686340963 -338.027590178 -180.28006283 90.3073619904 -45.6357298978 -273.223266117 
64.6986021858 314.357378474 -58.0098714367 170.337003577 -173.224129894 275.280015956 -337.744090197 453.599777721 -274.69075095 -461.686340963 
-454.44122531 -217.746197401 88.51423054 445.139240633 -35.0179779241 325.556597075 13.6851235466 -328.173836393 199.05442558 -158.57935112 
-246.637846353 196.602408862 328.854753501 -461.686340963 97.7293605633 461.105210995 -147.680316885 -61.1322892042 -338.184847553 -5.93036954827 
300.992995207 -461.686340963 11.835132838 331.269590462 -209.102855662 461.686340963 58.9260353248 -90.5314395601 -336.01416951 175.892330732 
-6.47679621708 -63.751707809 334.787016042 106.47196952 216.023391449 -182.979381541 -461.686340963 -234.324827412 -336.148419814 461.118543294 
-461.686340963 -145.498607386 326.340263427 -335.306659677 -230.620944363 461.686341134 201.62042522 48.8209619592 134.788358636 -72.5630398575 
-224.623346427 270.111204337 461.686340963 152.492228012 -339.374391126 -461.686340963 348.820912753 -112.632044266 26.8006805122 9.23097993313 
-163.522850976 330.774077554 -38.3482589749 132.492748475 461.686340963 -233.955396747 10.7165704402 -332.889216454 252.102405464 -461.686340963 
-68.0031565768 53.7390902163 204.609992271 182.666822341 -115.043744252 334.638799725 -225.358950176 461.686340963 -461.686340963 -336.17842977 
286.185572738 461.686340963 -24.5045309117 104.34944775 -461.686340963 155.590356658 -330.63397912 334.373689673 -148.12683118 -213.983854918 
266.521745224 -97.3623282897 -460.684959833 313.460244295 454.095964342 -334.904327844 -219.219370038 274.560479486 137.644902964 27.7984887603 
233.505851717 151.823178447 461.686333561 -215.260435414 -84.7756305647 -92.72301644 -461.248684668 32.3103941109 -344.868716795 345.692627332 
-334.793893321 461.686340963 -461.686340963 -70.1378148274 -79.0000270315 -214.587008236 206.375228727 57.9788293954 333.066473981 176.973408927 
247.324090337 -461.686340963 -156.03599429 461.686361152 39.1175060826 -35.37295029 -209.034430061 -329.498234251 344.521768976 124.332941018 
86.2553434324 210.551246384 -180.058081483 -461.686340963 335.459342748 -304.856013301 -35.0116108049 461.686340963 -329.265002007 -52.0627534315 
461.686340963 -461.686340963 345.932285251 45.0629896622 249.59204484 -76.1352398087 -81.9577876551 -210.789043443 142.13229428 -339.033212391 
200.803882316 176.193346704 -49.9206582685 -461.686340963 -217.312488405 461.686340963 -329.823804775 332.245435127 -94.6886942561 50.00087565 
13.0656068663 266.31500228 461.686342028 143.492190156 -248.706337255 -134.248771275 -461.686340963 -340.408268155 -107.498341775 346.829360412 
-461.686340963 72.9899104131 -223.396898826 212.258132706 -330.538026393 461.686340963 172.885192774 335.347379749 -158.34255388 -37.4006433906 
-250.81814484 206.168398529 -333.810938011 -138.334989628 173.653132882 53.3802582585 -16.3184011206 332.173869732 -461.686340963 461.106697082 
213.439044112 461.686340963 -63.2268369942 -270.280313875 -185.915059276 341.156077556 -461.686340963 -332.567037855 -32.2999091537 89.2008032857 
138.456362919 -53.3466128682 -211.21604257 -461.686381096 461.686340963 45.9003170088 245.70492708 -91.545576647 -338.278043376 345.277905249 
-144.666509535 166.016012489 58.2905006333 -461.686340963 -333.581372759 439.957964858 -209.037891237 254.272450751 290.667694461 -61.1061264573 
54.7941037489 167.721098406 -461.686340963 -224.444003073 199.538447002 -178.885675449 -63.0444970781 -334.322802198 459.509778882 326.187034893 
-109.094059 175.712507902 -461.686340963 -208.182250894 52.5211591394 215.369992983 -329.936387853 327.818694353 461.686340963 2.49155832952 
-265.274675539 461.686329071 135.149230581 51.8802961467 -341.724562906 -461.686340963 254.828916807 -138.314103922 -16.6074346753 344.599180437 
459.986412161 -461.686340963 63.8020093872 20.3334776098 -335.639382853 212.546276644 -211.882275639 -89.651264164 172.045483399 330.942971424 
461.686340963 211.41371197 -461.686340963 -333.864271839 111.528938698 -31.0602570972 -36.4848653985 333.39027047 -283.828851505 -160.895617233 
125.060357865 -233.951796791 -461.686340963 347.133724998 -9.58025283747 11.9885258596 -124.786804183 232.76176955 461.686340963 -343.700570389 
461.686340963 -149.564796877 110.816621118 -29.9601457589 216.193543616 -341.437046886 58.0788015774 -461.686340963 -267.17464376 329.042941507 
74.1029994222 191.781892384 -461.686340963 312.946029282 -159.075358059 454.405271667 -330.803837042 -54.8617943949 -217.480375589 274.093417068 
-461.686340963 19.00882703 -245.630304267 224.29086856 461.686340963 341.424091327 -86.259571556 108.597613209 -339.155672347 -121.302574439 
-461.408275782 -337.265722112 177.681084759 -61.3301276395 321.334419153 201.916714277 461.686340963 -85.8179946162 56.219919789 -208.731618967 
47.9408163499 461.686340963 -201.013904516 -166.577805758 -461.686342674 123.428408368 343.844326608 244.022818421 -329.002101636 -40.75360259 
-37.8117594425 30.3421577166 -333.109565118 119.432081062 461.686339089 -461.686340963 -161.97808197 242.055945511 -239.378762167 341.554254348 
324.189628217 316.787952883 199.738677599 -219.773683936 87.1391899164 461.686340963 -3.86702298746 -461.686340963 -98.8269007421 -342.556724705 
-333.992409667 155.512831865 -108.989072099 -73.7392293909 229.427736773 459.933486965 326.396085701 -461.686340963 35.505048709 -227.502052552 
461.686340963 329.07738388 268.026255585 169.708218212 -223.955138986 -174.390653298 -333.142693298 52.8750641448 -461.686340963 -57.4823410671 
-122.278471319 461.686340963 -461.686340963 -338.107799119 211.473151646 -240.293577861 87.8405410325 14.0922344172 -110.677718995 335.860397943 
461.686340963 -461.686340963 217.470349324 336.860472881 178.161184988 26.2970498355 -222.499118163 -339.6622251 -99.9942885703 123.934889839 
345.577631489 -461.686340937 -218.401071975 140.541817377 247.496238833 -336.682437449 -76.3083290339 461.686323097 45.8825882627 -83.9771593334 
92.9821118321 330.269423544 -33.2977826716 461.686340963 -329.267066324 -52.3023438103 -180.741826581 -461.686340963 -305.091315053 215.246094213 
439.958066955 -461.686418685 -340.232252718 46.7902288183 296.448758736 -222.859052536 148.021193374 -205.217321457 -73.4780521305 259.807921566 
110.361703946 461.686340567 -234.40836277 -341.733734697 107.42387455 233.403206879 -125.921500706 346.161650404 -461.68634117 -11.2519099259 
-147.918453567 -257.254115451 -461.686340963 412.628554947 -27.8770490702 453.425221335 -335.836693739 93.4607628256 275.443516713 210.493017904 
-123.340574385 -340.856571448 133.836865597 346.11912432 461.686340963 255.140993415 -238.670434361 -461.686340963 -17.8022512028 39.6784632303 
455.649418016 -40.5577577072 -332.764942571 -170.294115678 189.642550459 -293.328140153 93.2202966915 323.277256275 -461.686340963 -41.5958161103 
-212.247139175 88.6016347544 461.686275684 341.298411931 122.247461492 -163.346316459 240.052388616 -37.0206286223 -329.898348587 -461.686340963 
212.748385816 -80.5428238417 -461.686340963 55.6668420034 -66.0143567546 -206.575694963 -336.058596089 175.384505701 327.237602211 461.686340963 
459.65176528 -222.940696019 -118.469994798 275.676012116 -461.686340963 325.522041742 -342.375659331 -69.8116316823 58.8322673299 180.47645523 
44.912817953 -172.597466075 324.60948883 454.40527559 -56.4743318994 -461.686340963 162.75250478 194.257886457 -236.737606739 -334.160332241 
461.686340963 -61.3516579407 209.270010053 -213.206684439 -335.65665113 -154.184330942 80.1075234079 330.050018267 -461.686340963 64.1228108515 
461.686356907 -461.686340962 143.644387555 266.491844085 -248.698881539 346.847173573 -107.361443078 -340.368684978 -134.817029573 13.1844539899 
-63.2006394389 187.061405388 -461.686340963 -115.004481697 -207.76065496 54.2760727086 -335.531826928 200.360883323 334.01294917 461.686340963 
387.900226005 -256.253563382 -461.686340963 201.528857935 -8.28126828009 57.2480495741 -131.504908919 176.11882118 -339.72205134 241.377507977 
136.941650811 -93.1543004072 330.470437745 56.0308747061 461.686340963 -461.686340963 -67.1739984437 210.59187623 -339.323359119 -217.61402545 
-218.048333369 104.254815243 120.819594959 -336.090171835 -461.686340963 337.159035913 233.969682402 461.686340963 -21.1870336884 -101.138675194 
461.686340963 347.014169039 -84.4559394853 -235.706357545 -129.169114448 -461.68634096 268.020252681 145.869593202 -339.800475522 27.6412716664 
-182.826588068 -461.686340963 -329.562576878 -57.8999136002 461.686340963 345.351854076 -194.276063354 251.968549024 128.837447393 23.1069187239 
-252.622216355 371.518544936 121.859768562 -1.32030491845 -354.449824095 -110.896751745 -454.405278164 245.643623795 456.322391805 -219.907339511 
461.686340963 -461.686340963 -333.930385427 119.344406697 -40.7090036604 321.994102433 -170.663615378 235.978588235 -293.475364721 -8.31593647932 
-66.492090505 -461.686340963 -169.182393349 163.161445093 209.639391443 329.051064848 52.6598319528 461.686340861 -212.204408384 -334.288064351 
-333.347157623 246.955113379 -98.650968868 -461.686340963 -289.894996055 383.860325826 423.43523161 -164.826926709 132.509235098 4.00546893966 
348.596848248 -334.542667345 -179.611222204 461.686340963 -461.686340963 -224.573223441 269.653480788 59.5154372964 -67.8181745364 161.657564603 
-22.6588661532 86.0934710904 -262.209398565 -57.5068561436 335.085581813 -184.710846443 -461.686340963 -330.647363348 461.686340963 215.285183592 
157.295777329 461.686340963 -201.017033008 -326.801798439 -461.686340963 -117.093907576 284.567667461 333.691632738 47.9373887114 9.26758363355 
-331.88861682 461.686340963 -68.0005144447 217.119157595 129.041629528 -461.686340963 58.5599372544 -222.858852275 337.115125545 -159.319718543 
-223.049834326 311.179563412 187.911944152 461.686340963 66.2249071457 -461.686340963 -62.2668416156 328.150866438 -333.317774485 -176.59236919 
219.309363403 -14.8534020528 -461.686340963 -209.084378354 95.2173687118 179.919921045 -106.028257698 461.686340962 -336.067728088 337.345585096 
261.362170827 -234.062768851 11.7033947137 -461.686340963 -343.215915411 346.699599098 128.899379347 134.019820116 461.686340963 -121.583975148 
228.22507697 461.686340963 338.364105784 -336.79835186 -461.686340963 78.0622629614 -215.701585681 150.016508881 -52.0965628922 -102.407983237 
-100.051573175 -206.54389872 286.172565681 -461.686340963 52.6545033237 448.914154784 169.984862636 11.0250505117 -337.27788631 409.163331976 
-25.791441089 138.148975073 -333.011771905 -245.004589886 432.113284522 -147.715572439 293.893087041 164.306055904 4.06768155166 -461.686340963 
-208.952050898 -172.421851971 -56.644654689 -461.686340963 61.0404720528 -332.372577124 461.686340963 328.907011704 211.048761841 181.996564347 
-170.405891364 -295.913452554 1.07852761022 343.259377552 -461.686340963 -332.674363785 -114.652456041 250.358625311 125.190240088 461.686340963 
-95.3009629762 461.686341126 211.897624484 -35.9485431634 180.730575528 -337.966380559 50.8897577894 336.00774993 -461.686340963 -211.883192575 
-182.758703089 4.60741747287 273.782385483 67.903124586 -309.182405528 -122.364270258 -439.958065491 153.849122675 461.686340963 349.817792643 
-343.905982924 -461.686340963 461.686331022 -92.2410602531 135.841035965 338.154892172 212.027561159 41.1717412129 -233.856336516 -92.2517625353 
-89.8462722048 328.841392786 157.849641952 260.519493389 -338.33627164 -119.658145945 -243.718628101 -461.686340963 461.686340963 33.578792732 
-461.686340963 329.798293798 59.8831433053 -176.886047894 -211.265529462 182.788632335 -61.479012533 306.440205111 -334.117966662 461.686340963 
-137.650083995 -50.5079912235 73.4106458488 226.342410946 115.04318022 -461.686340963 -204.718320371 338.713095789 -331.190505798 461.686340963 
39.3070299068 -461.686340963 -56.8952811769 -174.396316923 -244.807777798 204.596196448 461.686340963 88.8509899536 335.688441622 -336.713363489 
