45.8999918745
45.7084166626
45.8027416051
45.8205013266
45.9026739836
45.8582731408
45.9785376882
46.1189491638
46.2386386767
45.6446736379
45.84388647
45.9844112527
45.8222067447
45.7932071254
45.8743731997
45.7489599278
45.6423258607
45.7231500825
45.7077839366
45.9078643226
45.8440166651
46.0852122823
43.9340239201
45.7215603531
45.8271230149
45.9417613566
43.2120861668
45.8248955106
45.6218677923
45.7467154593
45.7435294649
46.1178599516
46.007035904
44.5106524315
46.1400229441
45.6411953529
46.3231755365
45.9224108902
45.6877293386
46.10778208
45.722354162
45.8680429129
46.3197703223
46.0223515057
45.7381445156
46.1702176184
44.537048257
45.7932071118
45.6449648386
45.8211281832
46.1210233737
45.8999856496
46.208800244
45.8074758169
45.8006129888
45.8432320076
44.704739309
46.2240609031
45.8290134045
45.874834724
45.8043227919
45.934072804
44.3028979171
45.9684474062
45.644672427
46.1083834077
46.1784576628
45.9630788972
45.673455683
45.7084154724
46.1389508624
45.6788452267
45.9358909018
45.5284148719
42.6281371033
45.8263864084
45.8268750043
46.1455102405
46.0296840415
46.1389955097
42.2450250195
46.1784962097
45.8959797622
46.1183742539
45.9149348026
45.7415107667
45.513705807
45.7380905768
45.8805768971
45.8685890963
45.902161019
45.8888410272
45.7640661759
45.8597391547
45.9786839682
45.8642509446
45.7692168091
45.9184894708
45.9112454016
46.1183868039
46.0825897625
45.563173223
45.9149167209
46.1499349199
45.5554301374
45.8623338388
46.3197706649
45.892928663
45.8858616984
45.5912293003
45.8127947847
45.8932468024
45.8027404468
45.6881969676
45.8294516583
45.7313546828
46.1189508153
46.0012254533
45.669954834
45.8455511941
45.6544875483
45.6918246735
46.1113068037
45.3215465862
45.840303701
