45.8579777404
45.6632400472
45.9071916763
45.8013519964
45.7720693046
45.858321366
45.9475762604
46.069448521
46.2386614927
45.6342071108
45.8365618593
45.9844112527
46.0624565639
45.7510953663
45.8937403496
45.748856889
45.6357170102
45.7148042642
45.6073680367
45.8979464899
45.2817016454
46.0525328025
43.8994840504
45.6497495857
45.8271225213
45.9497105868
43.7760615561
45.8329412277
45.4364911501
45.6681652809
45.7293029217
46.1181519857
46.0072715237
45.7595886402
46.1400229441
45.6386344308
46.3231929455
45.8133533188
45.7107529182
46.0694415551
45.8558695638
45.8192374453
46.2685337815
45.8602534947
45.7381445156
46.1702150843
45.6690548862
45.7510952041
45.4704300462
45.7566217379
46.1146609488
45.8579787894
46.2033916348
45.8083081058
45.7928052514
45.8033411358
45.7403670531
46.2685337814
45.6134867466
45.8444061205
45.7757483142
45.8728101899
45.7515657399
45.9684433173
45.6342068996
46.0702329249
46.1784879378
45.9234797663
46.0629535967
45.6632401127
46.0874900151
45.66867046
45.0955333369
45.4575586411
45.6758937537
45.7109495833
45.8269091315
46.1454269788
45.8020866307
46.0874923409
45.9310099339
46.178414728
45.8444061256
46.0790740703
45.8547726
45.6019019049
45.5013893306
45.736011884
45.8741350545
45.819237508
45.673899846
45.8888410272
45.7140102535
45.8595847466
45.9787109311
45.8594081501
45.7469603284
45.8820608326
45.6734047948
46.0790742986
46.0772635587
45.5429398189
45.854605653
46.1187763609
45.4997736019
45.8604779354
46.2685337727
45.6925547475
45.7314658877
45.5974512422
45.8145252085
45.6926192618
45.9071837626
45.6285900207
45.8122104077
45.4704034969
46.0694369974
45.8732709132
45.5930658876
45.8355865128
45.6076901967
45.6916812526
46.0874947288
45.2299665602
45.8397691038
