1.1900000001 1.14202342859 1.0134666383 1.05356558756 1.18999999778 1.18999998765 0.97934345351 0.685444440684 0.980201266723 1.07627041199 
0.996068013351 1.19 1.14213143896 1.09988956459 1.02551034982 0.988940569899 1.18999999999 1.18999999999 1.19000000002 0.712934107795 
0.99793424911 1.18999998637 0.850786297002 1.05355940041 1.14177989793 0.877753788729 0.827895641281 0.878512267509 1.14213143477 0.644342342936 
1.00791898029 0.784736047398 1.14213162184 1.15452869318 0.818145235304 1.11640663097 1.14209948596 1.12845165591 1.05975945938 1.19000000006 
1.1900000021 1.14210254422 1.18999999918 0.960654461277 1.19000000248 1.00852427904 0.967098235626 1.12722546861 1.1900000003 0.871745847487 
1.14139150849 1.02534017671 0.846451502953 1.13995317072 1.02043176058 0.963704187011 1.18992792123 1.07654836398 0.923166442166 1.06988182283 
0.558479738507 0.838926220933 1.1900000001 1.01258317746 1.07650499852 0.883338200418 1.14213143437 1.09039351857 0.993058700379 1.14213143477 
1.00126154495 0.908826015934 1.19000000157 1.16087820987 1.00634228439 1.14198444342 1.14213015655 1.0152292764 1.16615713804 1.05369715953 
0.766025439563 1.01094236607 1.12564850084 0.950754628825 1.14212899605 1.06962082996 0.888361112776 1.14247010835 0.64972015354 1.17777140884 
1.02313657407 1.1066457733 1.18999998284 1.14213064975 0.988868317257 0.975107688443 1.0123781573 1.18068786484 1.18999999996 1.18999997273 
1.18999999968 0.937558625819 0.966152381762 0.863209600814 1.14213172356 0.828442202354 0.739048635374 1.14210884384 0.679349996565 1.07393040729 
0.960114312052 1.14249990192 0.885917203164 1.12126998234 1.11748327629 0.911311900925 0.915469423191 0.998324923064 1.04709381004 0.994211923331 
1.14213043932 0.866685311228 1.08221824562 0.988313194151 1.14175118286 0.9069299878 0.709674187622 1.04990000178 0.987240193284 0.848689528004 
1.19 0.984332628478 1.04345948534 0.933488066278 1.12992558818 0.998622380584 0.826472185558 0.994126140019 0.713810064237 1.14212998645 
1.14213093676 1.18999999739 0.713991929873 1.172471462 1.04470512665 0.999916625393 1.14155818296 0.901841577298 0.92974775387 1.02712257825 
0.939218131001 1.04872316503 1.14213141591 0.963067767347 1.15719722273 1.14211661958 1.00097604973 0.597126857397 1.10572907923 1.00081632548 
1.19000000006 1.19000001001 1.18999996683 1.14213150664 1.19000001174 0.991766055147 0.996146404144 0.996146744703 1.00643381762 0.644130521048 
0.994899452616 0.941886129081 1.14348307874 0.984469051261 0.987962970667 0.85771002055 1.07221508036 1.19000000016 0.615067127258 1.08889060265 
1.10837329186 1.18999999985 0.955604388785 1.18999999464 1.18999999871 1.13625539775 0.836240152391 1.14212763529 1.00934862626 0.773878106772 
1.05397641564 0.909689849269 0.676405451992 1.07101874974 1.14213143477 1.11858674247 0.759433855305 1.19000000167 1.14213143475 0.804617015442 
0.987161873316 0.910476918552 1.14213124174 0.976139141849 1.1900000002 1.18999999911 1.0506090533 0.992108318587 1.06687774842 1.0940611801 
0.918362986711 0.559665545454 0.930600435969 1.03776796441 1.14192422706 1.18999999998 0.950068694108 1.14214236331 1.04034898608 0.969930260182 
0.986754838102 0.863218880787 1.14212304512 1.1197307682 0.567597274882 1.01320830437 1.14256152288 0.885863938685 0.691022557903 1.18999999985 
0.919358061706 0.875421551444 1.19000000041 1.19000001123 1.16728448503 1.05856191718 0.985605331014 1.1421314349 0.878558546445 1.1372074765 
1.14245959248 1.1885859959 0.848057754685 1.1421196555 0.947318631248 1.12277343842 1.00309573249 1.14970028801 0.956435682218 0.961902289759 
0.845108568649 1.04529877311 1.19000000001 1.14212971958 0.86684441248 1.03925887344 1.04661092711 0.817331268596 1.09939894407 1.14163791782 
1.13130874868 0.989045573069 1.11749383871 1.19000000125 1.14213143483 1.18999999991 0.957077131198 0.901955836435 1.1496028003 0.880205661756 
1.14212769387 1.02877073696 0.978407211855 0.858810105728 0.894719032551 1.14085842246 1.06091252848 0.863402054927 0.994388445395 0.990063714088 
1.06263079209 0.884938146375 0.840887753931 1.14180608355 0.852849226666 0.967568534175 0.823807767877 1.19000000034 1.14213143477 1.1900000006 
0.983215795681 1.18850225828 1.01335727057 1.19000000042 1.00767251525 0.640116665771 1.17144693163 1.00358864071 1.14213143503 0.722593232817 
1.19000000003 0.932228632734 1.07493717948 0.741228589249 1.14356831945 1.0014174165 1.19000000003 0.998038759417 0.959364565639 1.14572291991 
1.18691082894 1.07998335066 0.965137657428 0.704832349338 0.9091002924 1.184762943 1.14213143691 1.01203772349 1.1647130017 0.977325977521 
0.948759204588 0.918874724061 1.07272134253 1.14246385461 0.983732435857 1.0488855866 0.930995379006 0.996466827945 1.06992505882 1.12308722527 
1.141097891 1.14213143477 0.824711577272 1.1900000251 0.896629756006 1.18999999877 0.893030067401 0.887805692065 1.19000004232 1.0322806671 
0.950735808718 1.0006729547 1.04398793119 0.916162998547 1.06057489746 0.894158560534 1.12843360527 1.16771202361 1.14246978416 0.984801120346 
0.977949717817 0.786405377946 1.09194097172 1.00333103982 0.867845379578 0.768201807833 1.0353144722 1.14207638561 1.10765744334 1.19 
1.14212782179 0.641328344112 0.957648961305 0.611955122846 1.12485827431 1.00917787237 0.767633042719 1.02466489716 1.14249217523 1.17117147955 
1.16931360423 0.702509693392 0.97548696343 1.1899999998 1.01767137179 1.18999992435 1.0007855672 1.14213144752 1.18999984676 0.545664623192 
0.982609189543 1.05988850058 1.14176907674 0.881726379658 1.1899999996 0.949263648436 1.19000000006 1.14213143477 0.814853881032 0.995081994603 
1.19 1.14213004169 0.982832114298 0.837315946216 0.997681599254 1.13783330382 1.12652532214 0.624665862417 1.08539041248 0.986930720495 
1.14212891474 1.18999868544 1.00932342654 1.17007546507 0.860293382513 0.963581781798 0.780633150295 0.972203098817 1.1899579839 1.14250998865 
1.18999999967 1.19000000001 1.05604978697 0.978757775876 1.18999997582 1.14213144434 0.594982548251 0.553024100792 1.01921592621 1.18999999918 
1.1694343992 0.965677102666 1.14212907263 0.645266148073 1.18999999997 1.14251363395 0.822471929595 1.09814769554 1.00674810955 1.11945696438 
1.19 0.738267472347 0.972141074342 1.14188625273 1.14213143477 1.03741364277 0.869703075606 0.962202020812 1.10494926349 1.0641865039 
1.1600390121 0.837156703169 0.976583513022 1.12894808164 0.997748332829 0.812349205933 1.14256054707 0.92416753339 0.878276229283 0.829582745736 
0.923489624717 0.756387605627 0.671911064881 1.01362425034 1.18753203715 1.1449296553 0.95834663874 1.14249357785 0.992373890236 1.14213053029 
1.14212996984 0.993150686584 1.17164607037 1.19 0.984782761456 0.990051990637 1.18999999996 1.03915217789 1.14479290317 0.847851734269 
0.984314467461 1.19 0.994124214262 1.12987237902 1.04364043426 0.826472621786 0.998640162238 0.933486380695 1.14212998708 0.713768752762 
1.14211412483 1.12180684632 0.974771964605 1.19 0.831515128433 0.841172038453 1.07232400658 1.19000004366 0.857107377002 1.18999999802 
1.05131955718 1.14213143484 0.87579155028 1.19000001563 0.985795728846 0.913812723416 1.13758827396 1.19000008059 0.924379461014 1.14178552778 
1.14213143589 0.549675492799 1.04790369406 1.02503436954 1.19000000023 1.01626546012 1.02920129738 0.972005720396 1.18999992622 1.00751325724 
1.07627534153 1.18999984241 1.14202387148 0.98021471769 0.686206355674 1.19000000042 1.05389709443 1.18999983763 0.979426317377 1.01350935454 
1.19000000002 1.14213143561 1.02088857246 1.12926424089 0.943725715723 0.972121762336 1.01666495153 1.19000000077 1.18589004093 0.551031176524 
1.00997694549 0.973396095384 1.14200433727 1.02127468643 1.01902509871 1.05657527582 1.03764647272 0.86594073636 1.11504754027 1.17344374163 
1.14213143548 0.533193401773 1.18999998939 1.14359695705 0.971930565333 0.861815072442 1.03325458559 1.07059595947 1.01562375892 1.19 
1.18999990751 0.878646935267 0.993468674688 1.12184069376 0.906217214465 1.14213101829 1.190000011 0.84187740246 1.00091183239 0.619739014006 
1.14236737382 0.962452640301 1.18999993616 1.14240331495 1.01911671114 0.834503057975 1.16319241926 0.728456998712 0.653303988706 1.18999997867 
1.11945683208 1.16944019262 0.645266287623 1.18999999996 1.14212907275 0.965668471253 1.00674651468 1.09812733496 1.14251360449 0.822489324598 
0.991064168158 1.19000000523 1.00730438964 1.14213131744 0.769891827214 1.14967406274 1.19000027182 0.97056678471 0.942927079048 0.850358915007 
0.951845580653 1.18999999999 0.588527438159 1.06633293064 1.07598593064 1.19 1.14212737671 1.14213143377 0.99045699097 1.19000000018 
0.796869582029 1.08910236649 1.14213143477 0.888517338905 0.645963761599 1.14213143469 1.0706174103 0.904310475552 1.19000000017 0.881777174244 
1.14246491025 1.00492343505 0.999471584196 1.18999999989 0.950566666378 1.11050711112 0.71211148289 1.11988887003 1.12209942701 1.19000000036 
1.19000001187 1.13847723886 1.03120967171 1.02910961003 1.1422925561 0.988359939079 1.19000003825 0.99030725712 0.805168131259 1.18999997973 
1.13477081785 1.03022871314 0.991885207012 0.910628861675 0.989566520939 1.12324911632 1.14242638151 0.906464218939 0.93662766581 1.11062004183 
1.18067240565 1.18999996942 0.98887545345 0.975101103629 1.14213065016 1.10661430833 1.01236933334 1.02311958916 1.18999999997 1.18999999462 
1.14213033827 0.626970482728 1.03495395626 1.09575736036 0.984881915436 1.06027710416 1.19000000008 0.999698122199 0.830667377965 1.12477091082 
0.960300243879 0.647837813151 1.14213061846 0.611395596926 1.01330206342 1.18695771425 0.942689750528 1.14249993485 0.757997110512 0.99875012754 
0.841338302794 0.992936982572 1.12140075893 0.628930669056 0.956270239164 1.19000000356 1.06169358511 1.00159081202 1.18999993697 1.1421309833 
0.983188017514 0.738793157583 1.00017975805 1.14185959254 1.14213034682 1.05135222948 0.884869880027 0.867915622302 1.07879275366 0.968271034413 
1.18999999913 0.712931000369 1.02551112276 1.14213143895 1.19000000201 1.09989898758 0.988939699348 1.19 0.996066381362 1.19000000031 
1.18358290048 0.999259948179 1.02721939795 1.19000000021 0.998057916878 1.14213047812 1.05259455765 1.17682291965 1.14188619891 0.984844399051 
1.18999999665 1.13589892613 0.917237136153 1.00915518778 0.74287016055 1.14213143478 1.13824780511 0.891050091459 0.953032323865 0.709518362383 
0.914334361117 1.00904846599 0.947478729786 1.14213143499 1.05652594735 1.19000001926 1.19000011739 1.14603698269 1.18999982506 0.69021627468 
1.05979989258 1.19000004335 1.14213143478 0.893080091912 1.01709323075 0.948249620443 0.902242760253 0.937262292864 1.13951603 0.927073111028 
1.18999999636 0.741027441569 1.14213149144 0.731479556149 0.922838654745 0.873136884791 1.19000000005 1.04529355849 1.14200795571 0.870841269687 
1.1247424556 0.99114682949 1.18456979492 1.19000000351 1.14187598876 1.04937124003 1.14213143477 1.18999999976 1.18999999991 1.06913386595 
0.980325220674 0.852064112212 1.14211871832 1.14246010868 1.06593930151 1.14886419483 0.947422451288 0.960570797681 1.00276870489 1.13789661391 
0.954194791468 1.1421308868 0.68185003691 1.18999999896 1.04390946626 0.905761065299 0.974823241738 0.755257313384 1.1424805179 1.0149038182 
1.14251724089 0.710395416845 0.986548791507 1.17773539903 0.997748266163 1.1292863464 1.14213143477 1.18999999999 1.04597614765 0.628553226329 
1.14188617879 1.18372776389 1.19000093433 1.1771759885 1.14213047973 0.998108771741 1.02735641439 0.99901777292 0.985286147309 1.05242723779 
0.969338067129 1.02203875757 0.680554627718 1.1727824387 1.14202704185 0.960139140341 0.638377202276 0.979542059245 1.18999999977 1.19000000013 
1.1872909818 1.1425003885 0.611262978228 0.960437758281 0.647742512289 0.998348123553 1.14213061118 0.758048451174 1.01336336775 0.945172580054 
1.18999999887 1.1421273775 0.588522146485 1.1900000026 1.14213143377 1.18999999997 1.06634661629 0.95184912924 0.990470743307 1.0759829025 
0.632193607102 1.02620859337 0.983247839839 1.125093971 1.18999998546 0.997655956229 1.18999999999 1.14213002838 1.06637465721 0.981595306844 
1.00123462577 1.18999999996 0.642170089124 0.998794685203 1.19000000805 1.02749211429 1.18999999789 1.14213069088 0.905987197732 1.18027134497 
0.993161474115 0.695315584073 0.656662836193 0.890365358327 1.14213143479 1.0060983383 1.18999999798 1.00049542829 1.0127570352 1.19000000121 
0.983943115567 1.01873914776 1.14213090176 1.00056652251 1.08598909705 0.93156343729 1.18999999959 0.67967712882 0.976366657908 1.19000000064 
1.06383206144 0.839527432669 1.01574183757 1.14213144594 1.19000000004 0.819056553191 0.854756472405 0.972092410278 0.722174121839 1.04193919478 
1.11119427971 1.14213120236 1.18999999999 1.16962041519 1.19000000001 0.884213752943 1.02420362511 1.02184092482 0.852569741957 0.976765970609 
0.5529986714 0.594981138357 1.1899999999 1.05604623183 1.19 0.978751504697 1.14213144434 1.1899999998 1.01921939675 1.18999999972 
1.19000002477 1.18999989118 0.921619278456 0.599124813098 1.14213143477 0.938727504765 1.14213143246 1.18999999979 1.06132513716 1.090182897 
1.08887514208 0.759949004031 0.706215701408 1.05247787358 0.986384888287 1.14241159454 0.929575443686 0.992806038255 1.05268538586 1.01838336486 
1.18999999971 0.57243872095 1.13001508342 1.14213143875 0.645773161163 0.898190319193 1.18999998997 1.0332291886 0.980760493634 0.836964257188 
0.828677685558 0.737202788693 1.17011589223 1.13823894099 1.05830768273 1.06737391276 1.02451708141 1.1414002436 1.17541432115 0.944932927077 
0.920120670343 1.02109046846 1.0308250806 0.698619180145 1.14234881434 1.02681573502 1.04631252043 0.985537613379 0.910750294932 0.972439264527 
1.13994344388 0.958036528383 1.18973521157 0.932200392403 1.14099018485 1.01549517368 1.01938687553 0.95590608164 1.05127250259 1.18684063123 
0.618633944204 1.19000002584 1.14213136067 0.987328492941 0.983619164803 1.19000000164 1.11058118854 1.01938286427 0.875789580736 0.997635560261 
1.19000000052 0.988319583384 1.14254882624 0.954520032776 0.92129239194 1.00576924062 1.1900000055 0.967029678158 1.01004179526 1.09415438784 
1.00809240499 1.0059535913 0.821139442978 1.00131334379 1.19000000005 1.15855017713 1.14211965941 1.14213143477 0.633494032828 0.918081801403 
1.02620626502 0.983239338815 1.19 0.997658931425 0.981636858151 1.06635446216 1.14213002765 1.12496442337 0.632185492174 1.18999999743 
1.14212979017 1.14187023305 0.988814727897 0.981099199187 1.05170704148 1.03574107231 0.983470283288 1.03576648188 1.19000000024 0.882130433993 
1.19 0.879076280386 0.902512344941 0.99228019503 0.992986086686 1.17177213741 1.14213043165 0.869650181308 0.808250610207 1.18999999997 
0.90590806601 1.18999815798 0.999016281472 1.19000000222 1.18179238615 1.19000387113 1.00092314666 1.14213068981 1.03032227578 0.643542929134 
1.04819973445 0.972624535181 1.01879159461 1.08323655854 0.531378531775 1.19000001723 1.19 1.18999993129 1.14213143518 1.1899999529 
1.02666646944 0.868069611231 1.19000004279 1.18999999974 1.1421038433 0.960537815374 1.10512841335 1.015208817 1.19000000434 0.75554257039 
1.00124028448 0.911059752227 1.19000000189 0.948844560967 1.10528972501 0.612575695499 1.14500252913 1.09113931673 1.00180694689 1.13580438662 
0.965677245971 0.822462296575 1.00675186414 1.18999999996 1.14251363483 1.14212907192 1.11945684591 1.16943552772 0.645261173497 1.09815203307 
1.14192119883 1.14213143477 1.19000000264 0.926811722723 1.04362781795 1.00128721256 1.06664509616 0.853981012898 0.98284871337 0.973480211564 
1.00473469499 1.19000000006 1.06719706254 0.927267604269 1.14213143453 0.884482189935 1.14213143477 0.99725954583 1.1900000025 0.635280321798 
1.00713045602 0.577262327297 1.14860264056 1.09571069273 1.14212267877 1.15875581591 1.18999999999 1.14213143477 0.996302075493 1.19 
0.961891151628 1.14712480263 1.04975570028 1.18999999945 1.14215737577 1.03860529545 1.14188330188 1.08654365737 0.988031861934 1.02726408831 
1.04393862185 0.854116800474 1.19000000511 0.973550550072 1.06683327982 1.14192249974 0.982379530448 1.14213143477 0.926914917047 1.05592582642 
1.19000007018 1.05344649917 0.643949629811 1.14177972736 0.827673533886 1.14213143477 0.878478862537 0.877719535833 0.997299691692 0.850980792482 
1.190000005 1.19000000024 1.06335314161 0.970403147988 1.06516709146 0.783922782029 0.960530134838 1.02664297193 1.14213143477 1.14188619867 
0.640339857108 1.18206658073 0.900865446299 0.915423305611 1.19000000004 0.796443767573 1.14213143467 1.14213143477 1.07195518028 1.1394208743 
1.121553386 1.07192253391 1.14211431596 0.85726208842 1.19001714074 0.831307558692 1.19000060795 0.841141853394 0.97452177147 1.19000000055 
1.00629978303 1.14198493893 1.01493041317 1.19000008125 1.14213015094 0.908501546494 1.00137096618 1.160574631 1.05387373896 1.16665338174 
1.19 0.633013963366 1.01858280097 1.13491067936 1.14213136556 0.802883441555 1.14213143477 1.18999999998 0.921193256525 1.19000000007 
0.939630390852 1.19000000118 0.793291847699 1.05229765695 1.00138812069 1.13982445702 1.14212962448 0.931997650229 1.18999997952 1.01780910064 
1.19000000001 1.06946616759 1.07884074198 1.14213143477 0.895763971613 1.14213143477 0.741462767956 0.715875066645 0.840803104755 1.16259389502 
1.14211600825 1.02535309103 0.998184650985 0.894399607372 1.18999999864 1.14213143477 0.975958364486 1.10963396335 1.08196017944 1.19000000077 
0.960063979423 1.19000000132 1.14213143494 0.817405846652 1.15423585011 1.13544509244 0.878521142362 0.741121232829 1.00538530566 0.694666732713 
0.985459185739 1.17707321702 0.999108975696 1.02778146452 0.998097860905 1.14188620623 1.19000020623 1.18395100983 1.14213047989 1.05262619041 
1.19000001557 1.10231119391 0.574796786322 1.14213142815 0.77693301549 0.992467539016 1.14213143477 1.06106440423 0.880114086257 1.19000002877 
1.02182884663 1.18999999258 1.05694401662 1.14213142506 0.973222125993 1.19000000055 0.856576348483 0.884307325417 0.801132108275 0.981249865835 
