1.28387985572 1.14201597724 1.02521248133 1.04319608173 1.14116926406 1.46223331168 0.977744980004 0.664284681974 1.00954742333 1.01690547412 
1.02046406058 1.24586593578 1.14213143535 1.06189816882 1.03450239883 0.994718297895 1.4188724555 1.13299865136 1.41143799646 0.682263636128 
1.00394222613 1.30340932465 1.04304318295 1.03602954977 1.14125204803 0.923230048703 0.863079491899 1.57067869602 1.14212974603 0.704283827976 
1.01005707829 0.779801977609 1.14213144489 1.2821227895 0.821476082189 1.10241314544 1.14210549634 1.16362326287 1.06381690752 1.30846110598 
1.37998984415 1.14211182542 1.19977933417 0.965894678483 1.32033158995 1.01082302192 0.965783584997 1.12525924412 1.3010034596 0.977846338464 
1.14134796643 1.02187558342 0.847468593046 1.14009090123 1.02219778936 0.964311964483 1.19282803035 1.07212993437 0.925042609175 1.07088754305 
0.554871928744 0.835646190572 1.27611483879 1.00668618899 1.07462864679 0.835297038572 1.14213143413 1.05741703584 0.999361702057 1.14213143477 
1.0024157017 0.910317046525 1.47884510269 1.47154694961 1.00930459933 1.14196631081 1.14212963047 1.01426068757 1.17041929675 1.05195818506 
0.766064216938 1.01089113992 1.12545143515 0.951179491875 1.14212893749 1.06925566253 0.88798153485 1.14247145253 0.649702356815 1.17763809663 
1.02965963866 1.09166085532 1.38243960055 1.1421306371 0.94332183789 0.973309962505 1.01291489276 1.15407769627 1.23403684162 1.24085613627 
1.52272890931 0.923674169153 0.981406004886 0.858357691762 1.14213143572 1.15160615049 0.738307193567 1.14211070368 0.657383585744 1.07669315291 
0.960114312052 1.14249990192 0.885917203164 1.12126998234 1.11748327629 0.911311900925 0.915469423191 0.998324923064 1.04709381004 0.994211923331 
1.14213143477 0.884943488415 0.76606794994 0.951124897958 1.14188289243 1.01541350916 0.876061886927 1.05279490438 1.64531726707 0.997760123251 
1.37929351971 1.00136631556 1.03106175513 1.00576505966 1.23416320701 0.99747738783 0.820796642245 0.908539032474 0.727945331439 1.14212882075 
1.14213049407 1.58372951649 0.986110019964 0.995730192505 1.0382172787 0.987334840751 1.14107024892 0.934833546666 1.04108041031 1.08177751779 
0.937247844916 1.05034308171 1.14213141554 0.963454525726 1.15777422512 1.14211694868 1.00149232293 0.596145743797 1.10505658607 1.00098928186 
1.24468713242 1.42476601327 1.52050014553 1.14213143533 1.40157555906 1.04068454983 0.931562956289 0.995409664859 1.03365103541 0.704062422426 
0.993879230201 0.926543458163 1.14335444237 0.982122435229 0.984467282634 0.857551770068 1.06641953982 1.26921308272 0.616492372344 1.08692945112 
0.982408299473 1.61068916228 0.933074926845 1.26202501035 1.66520620651 1.13957316578 0.826408877313 1.14212855373 1.01770001903 0.787107600231 
1.42584524062 0.907610185713 0.68049098913 1.07130718219 1.14213143477 1.10522192068 0.758575814318 1.32769889674 1.14213143476 0.807736015432 
1.00156570677 0.866883406633 1.14212523033 0.973311880598 1.59996221795 1.06385700384 0.998288625003 1.14500692637 1.13501621884 1.14536204146 
0.92759629895 0.736072610089 0.948654088845 1.0915661632 1.14175394226 1.43137217326 0.947528752186 1.14213143916 1.03553024005 0.970154572652 
0.987144440497 0.88881008516 1.14212863096 1.1151212519 0.563711393895 1.00328899505 1.14256643679 0.885779352724 0.687520799428 1.30117085466 
0.913769125564 0.903565711741 1.47291701325 1.23258627833 1.12270881404 1.05745824135 1.00466402627 1.14213143479 0.891003976562 1.13706196016 
1.14245954738 1.18859083414 0.84812282606 1.1421196599 0.947303042965 1.1228319257 1.00309372011 1.14972020761 0.956440221734 0.962323385984 
0.930253485639 1.4042104891 1.55837326456 1.14213069847 0.982197001385 1.00852356548 1.03750872047 0.820448755927 1.61140245776 1.14135026962 
1.03099171706 0.977605927259 1.0420102617 1.28174982346 1.14213142922 1.446929313 0.887952488326 1.0186397346 1.15112901787 0.939420029751 
1.14212676823 1.02334934853 0.973686182192 0.851476986927 0.882591647532 1.14036420527 1.60465898769 0.863593156356 1.0525641116 0.907993806339 
1.02472498415 0.988459158276 0.799599030084 1.14043009443 0.923488394521 0.889785542917 0.968109780966 1.4288038339 1.14213143477 0.694611446843 
0.990324614364 0.858850786817 1.00761323258 1.26779902145 1.22313425328 0.641692845207 1.78120342761 0.894792782768 1.1421314367 0.839546643531 
1.25201863257 0.984372233104 1.03603127279 0.763306524202 1.14293925833 0.989399289485 1.18286833006 1.01295278767 1.0109433377 1.08086476558 
1.18698777327 1.07937532399 0.97491225514 0.706196413326 0.910128621891 1.18601526222 1.14213143686 1.01240684727 1.16516386801 0.978603012007 
0.948288493858 0.91711892999 1.10020925633 1.14246346579 0.981546310377 1.03018526587 0.930318935301 0.996060510302 1.06872945401 1.12199529954 
1.0925074064 1.14213064379 0.823324269952 1.10969327406 1.13182610666 1.22834083004 1.00761505377 0.987011431731 1.68427445776 0.916877536639 
0.950735808718 1.0006729547 1.04398793119 0.916162998547 1.06057489746 0.894158560534 1.12843360527 1.16771202361 1.14246978416 0.984801120346 
0.971464733713 0.873785667689 1.08113120536 1.00341386432 0.91789282319 0.768645509295 1.24995111431 1.14207807247 1.10946313685 1.26545487216 
1.1421278019 0.641149124295 0.957790356267 0.611507291659 1.12417666712 1.00925287392 0.767605627948 1.02510461388 1.14249265855 1.17194472488 
1.12049306635 0.966717415439 1.13413075848 1.50584821528 0.997322485498 0.992166694839 1.02937287982 1.1421314348 0.945036807608 0.845391382982 
0.967551221483 1.0769185106 1.14191522624 0.778436628814 0.975992429603 1.4590224262 1.45357790218 1.14213143477 0.794971253465 0.990578257442 
1.26580480791 1.14212921061 1.00123267907 0.880821343122 0.997773687999 1.23404164192 1.14766120442 0.630373727414 1.06175618018 1.10604123148 
1.14213143467 1.24569226461 1.03287398627 1.28245435323 0.887185602895 1.10366448359 0.590649605565 1.02936987368 1.26104276001 1.14485870052 
1.19068464931 1.27278047747 0.99275400934 0.987798126813 1.29963827093 1.14213143518 0.611646576776 0.587436791208 1.01858773423 1.19712363901 
1.17437547693 0.963743023685 1.14212897777 0.648283335945 1.31854768316 1.14251143327 0.834494208384 1.05614713658 1.00980422866 1.11811746745 
1.38539925477 0.671342685704 0.960437789824 1.14161565309 1.14213143477 1.02558658379 0.93962056701 0.885097655309 0.94882961287 1.04270390198 
1.1600390121 0.837156703169 0.976583513022 1.12894808164 0.997748332829 0.812349205933 1.14256054707 0.92416753339 0.878276229283 0.829582745736 
0.922953487137 0.756367837918 0.672059005789 1.01337458412 1.18747841951 1.14426674844 0.958007986834 1.14249249025 0.992359718813 1.14213053151 
1.14213140851 1.04594929249 0.935715697442 1.17497552317 0.986507849473 0.951569665164 0.860458242197 1.25260509117 0.932754188261 0.929769440381 
1.00137094006 1.37910116696 0.908562706429 1.23396875933 1.03109095287 0.820762612289 0.997461529315 1.00570451716 1.14212881934 0.727957589721 
1.14211823894 1.1262336338 0.985588572773 1.55328156454 0.854856111237 0.940835569141 1.0479191494 1.47117135365 0.916459272428 1.45629448556 
1.06733116348 1.14213143479 0.90846186302 1.38885384557 1.00332745731 0.899617715449 1.1366682691 1.25052538474 0.938007045256 1.12910996877 
1.14213143524 0.556680537178 1.00221435231 1.03280648497 1.23267646825 1.00636187441 1.02885389579 0.971994702563 1.25614667327 1.00154257851 
1.01689092273 1.13956820644 1.14201696789 1.00961291451 0.664884994565 1.28384111282 1.04064218917 1.4621310937 0.977771588823 1.02520089913 
1.23096366112 1.14213143517 1.02732791152 1.09841378936 0.964276411538 0.97217082115 1.01675266748 1.24422238819 1.18344635245 0.557434733965 
1.01168721603 0.970884806855 1.14197228022 0.984410089151 1.02817554008 1.05687061736 1.0329409188 0.862562183515 1.1099045112 1.1999194506 
1.1421314348 0.538930103612 1.44329941371 1.14347142218 0.964513066216 0.84844605391 0.999661254875 1.07206452033 1.01590257548 1.22082039306 
1.25434069629 0.830075897347 1.01162049258 1.21529781319 0.887530730405 1.14213070293 1.29740548317 0.895724960574 1.00147139871 0.624639773551 
1.14226412198 0.879596428613 1.04810498007 1.14228373188 0.95955498612 1.00972019742 1.31237644033 0.762443292678 1.25136230014 1.13355966588 
1.77083582005 1.19513332603 0.644169402157 1.2628331923 1.1421309885 1.02713297368 1.00341176526 1.04209483246 1.14213156287 0.806617582883 
0.963583747739 1.22283456647 1.02463437419 1.1421314078 0.831877281632 1.08832624286 1.62161252026 0.974764370802 0.965927498523 0.872923379435 
1.01858225958 1.43624590174 0.77880545236 1.07888450497 1.05282451754 0.912627618788 1.14213143477 1.14211642013 1.43509713181 1.28168462846 
0.784242644012 1.02149575235 1.14213143477 0.943642752546 0.650314140972 1.14213143474 1.07253416752 0.969538839248 1.34067607795 1.36036939457 
1.14247910355 0.987360425192 0.882176792047 1.35289875642 0.954230209007 1.10129299616 0.734039776168 1.11855388441 1.11662877598 1.18559850559 
0.991585238869 1.1420222258 1.07136862829 1.24872680999 1.14279784705 1.00622038101 1.14730973655 1.00317323554 0.799221601143 0.62098478452 
1.13596098005 1.03035230107 0.991877840965 0.91055771209 0.989449638385 1.12331324091 1.14242661658 0.906434714874 0.936722133569 1.11060695773 
1.15382318778 1.23971269454 0.943522437392 0.973083549655 1.14213063605 1.09281110087 1.01289410405 1.02959454509 1.23379661748 1.38813319596 
1.14212967165 0.632573767606 1.10977716235 1.03352211534 1.00385225247 1.04368345744 1.26805407989 0.999490295484 0.792260352698 1.220863564 
0.960628683496 0.647898544368 1.1421306228 0.611186269665 1.01335667566 1.18689704491 0.942099613146 1.14250101849 0.757965141783 0.998482543692 
0.887846402801 1.0115598853 1.21267962775 0.634994134056 0.934636804133 1.27509283949 1.13493521416 1.00172668473 1.23904652069 1.14213060867 
1.42308197236 0.768106427403 1.40693454775 1.13970145573 1.14213142189 1.01804585059 0.882000054774 0.846809587704 1.58469945246 0.999979525202 
1.13393983215 0.682177353704 1.03451080652 1.1421314354 1.41170895706 1.06062636851 0.994804554539 1.24599585172 1.0206196625 1.41471914451 
1.17321667523 0.996000565395 1.00317478851 1.49474911041 1.00728458134 1.14213013423 1.05012504183 1.50739998893 1.14182738537 0.969866985551 
1.26229489173 1.14891508881 0.915857423928 1.00664175186 0.737911201947 1.14213143479 1.13759258322 0.899850618024 0.953288255564 0.702599456892 
0.863708415486 1.03285751126 1.13564596818 1.1421314348 1.00076175349 1.50213104272 0.943888844098 1.2429155091 0.865264834439 0.965518351521 
0.865857967295 1.78080448536 1.14213143477 0.962682133466 1.02858132867 0.904814791016 0.890146809743 0.914866931236 1.14076777477 1.01660770255 
1.13885995285 0.807526723032 1.15107516538 0.958133190177 0.591761553663 1.21517634056 1.14847528885 1.10455301215 1.12592427436 0.855241618429 
1.37999170233 0.997838745949 1.07667760473 1.53770758375 1.14204937466 0.998654197652 1.14213143477 1.30349624999 1.08021830345 1.08969559401 
0.981163109857 0.851813211365 1.14211873768 1.14245903809 1.06181166189 1.14896498735 0.947046253866 0.961014718292 1.0022347249 1.13743104451 
0.953839408121 1.14213089898 0.681127858709 1.19355269169 1.04378859958 0.905733597312 0.974658265818 0.755224568865 1.14247942826 1.01521380854 
1.14250609341 0.756283525029 0.979959301901 1.11936389666 0.980130113361 1.12800391741 1.14213143477 1.29850071716 1.04627492249 0.617193148104 
1.14183344585 1.1765945444 1.49460391119 1.50718106168 1.1421301335 1.00366605345 1.00963884912 0.997418126682 0.9738909497 1.05013422399 
0.928502813869 0.974950452252 0.985849554156 1.10442245623 1.06067305349 0.85309254758 0.832142984496 0.895757067801 1.14258648026 0.868651342735 
1.18678689673 1.14250034552 0.611509824684 0.960424717589 0.647935325379 0.998874449268 1.14213061331 0.758056140499 1.01310613932 0.942037704343 
1.44207421909 1.14213143477 0.580300381877 1.19895190976 1.14213143447 0.91862877181 1.07584732908 1.00227067326 1.09516105769 1.05169717931 
0.637538028337 1.09719515949 1.00144808328 1.21671931023 1.21310288485 0.998630685565 1.26576826737 1.14212927979 1.06351729416 0.931437497511 
1.0014925649 1.56496633624 0.635743072659 1.1345992614 1.20499755332 1.01237427213 1.25201872071 1.14213085876 0.932893987787 1.20622744009 
0.995342899188 0.957518865422 0.827281457598 0.998328960613 1.14213143749 0.722752781077 0.854496641261 0.998324192466 1.03113205342 1.78968389263 
0.975401815468 1.01618788981 1.1421307555 1.00150608404 1.07806244871 0.933072402581 1.42870422463 0.684118060708 0.974116704332 1.23426290108 
1.04964504489 0.916883903317 1.01558784727 1.1421314437 1.22807806171 0.808414778846 0.847329271269 0.969796846516 0.724925475652 1.04433610189 
1.11887135121 1.14213119185 1.59711495342 1.22207812236 1.22881792402 0.874324849205 1.02165131407 1.04300101663 0.8770027598 0.975609951288 
0.588173669423 0.60927157083 1.30100722437 0.994450596015 1.2724203497 0.986696581433 1.14213143499 1.20406670683 1.01842902044 1.23522570744 
1.30489039667 1.08448373539 1.03283740126 0.562137590159 1.14213143477 1.00360982085 1.14213143317 1.35121112443 1.07082464253 1.04062804079 
1.08887514208 0.759949004031 0.706215701408 1.05247787358 0.986384888287 1.14241159454 0.929575443686 0.992806038255 1.05268538586 1.01838336486 
1.29714587133 0.626238536574 1.07570072355 1.14213143497 0.647489780444 0.933054322593 1.34518095037 1.02548887357 0.997211997331 0.84120288223 
0.963117005506 1.01760507341 1.55648197696 1.14201732922 0.664478484855 1.13374618356 0.98423427699 1.12520299136 1.08904414276 0.955299541242 
0.92597707844 1.02092032386 1.03108042524 0.696974670841 1.14233593482 1.02799600791 1.04351251068 0.985335898722 0.910243758685 0.973623029209 
1.1399414688 0.936755580891 1.18969657351 0.92714243094 1.14137409198 1.02251595965 1.04809188306 0.953569566315 1.07010598367 1.21906223341 
0.616879514832 1.21476710237 1.14213131013 0.937160141877 0.994213331063 1.24398690327 1.13894112135 1.02155391409 0.887790278595 1.00013317526 
1.38588724839 0.987106865631 1.14260159667 0.955303882466 0.939782708004 0.99509643812 1.37767334381 0.965418974474 1.01030318845 1.09859435219 
1.01540198083 1.02937068432 0.789963015454 1.05671383559 1.33255098768 1.2817256765 1.1421314016 1.14213143477 0.607989602729 0.802877170929 
1.09721472431 1.0018349152 1.26628440845 0.998664458966 0.928489189745 1.06488310038 1.14212929272 1.22560316319 0.637663685027 1.21371248212 
1.14212999582 1.14181090957 0.997794588216 0.97415997866 1.04902325205 1.00879570364 0.971971081297 1.03529033803 1.44876393427 0.888269045857 
1.24278738697 0.700315268482 0.92174970157 0.981865405452 1.01549905754 1.64196202619 1.1421305338 0.924820365618 0.835433111955 1.00865661925 
0.933711843952 1.25206218372 1.13613260049 1.56586298359 1.20614539938 1.19942435952 1.00152207964 1.14213085535 1.01182547368 0.635225427901 
1.00478800849 0.971370059764 1.01762202166 1.06918880147 0.543342111233 1.22344703206 1.22825525118 1.34258748775 1.1421314351 1.27433626605 
1.01829133536 0.890654928128 1.31825991663 1.23030850317 1.14210043854 0.959312946874 1.14405003526 1.01497768023 1.2191669726 0.749120727019 
1.00282110707 0.911836839759 1.23913072154 0.947676318506 1.10579785192 0.61420257042 1.14504710012 1.08682023214 1.00294233776 1.1356065157 
0.963765523542 0.834236229737 1.0098011103 1.31854033275 1.14251151028 1.14212897589 1.1181170131 1.17438180079 0.648261310625 1.05646159955 
1.14169248103 1.14213143477 1.37589506392 0.814351196247 1.23205920273 1.04290791015 1.04391643932 0.936272128556 1.06872869912 0.956244180643 
0.901933048177 1.42020505998 1.07520076444 0.915399160345 1.14213143477 0.790818869612 1.14213143477 0.988709906349 1.30713424764 0.68818596292 
1.00112158178 0.608585120897 1.10500686307 1.00799930543 1.14212890726 1.21675859137 0.987265443544 1.14213143477 0.92857973025 1.23058355445 
0.963424001525 1.50366711749 1.52534198873 1.06931487525 1.14213164423 1.05003820806 1.1419763833 1.03305910816 0.956645879244 1.21602582412 
1.21068786547 0.967235595827 1.39198091021 0.990267186953 1.04710096193 1.14176425912 1.06447954534 1.14213143477 0.803543372675 1.03114140076 
1.30312593042 1.03601534159 0.704129266271 1.14125151066 0.863057255297 1.1421297488 1.57065746136 0.92320676319 1.00405657845 1.04372133411 
0.998564490758 1.71582283606 1.04281541819 0.886769816299 1.03654365936 1.26236241296 0.85310742812 0.878820391651 1.14213143477 1.14128757916 
0.665719827553 1.36474496471 0.976819215539 1.02186931356 1.23864339064 0.781649018489 1.14213143476 1.14213143477 1.07738920058 1.0919609661 
1.12968166397 1.05005959209 1.14211362673 0.870942170529 1.16149324393 0.835889008372 1.42543225276 0.94122751372 1.00231842301 1.57403731929 
1.00935573275 1.14196678574 1.01421081705 1.47891698109 1.14212962255 0.910978279464 1.00245259695 1.47137461771 1.0519784344 1.16959899141 
1.28056067941 0.628399488011 1.02833540509 1.13043965328 1.14213139829 0.925961724826 1.14213143477 1.36297694729 0.911722397341 1.24841845142 
0.941718101025 1.59803954775 0.782922918954 1.0961717743 0.958155271194 1.14062858098 1.14213003906 0.905724382702 1.65132000898 1.02659707067 
1.3379515189 0.922475719193 1.07997054269 1.14213143477 0.964893737927 1.14213143477 0.740982348067 0.69892436519 0.876683594668 1.10360083972 
1.14213143477 1.03291703813 0.943859834164 0.676066594148 1.32703323133 1.14213143477 0.856323824809 1.04590330316 1.07706350023 1.31799066643 
0.96091880767 1.21186333474 1.14213143497 0.862238520858 1.13629510714 1.13447425279 0.871757435736 0.74145998442 1.00508092286 0.695268525924 
0.856233534821 1.53539368987 1.00735957938 0.889493566994 1.00662413097 1.1415705972 1.6960700419 1.10874941523 1.14212991726 1.04399204793 
1.3539863803 1.05100303276 0.566418275191 1.14213142661 0.786962390604 0.984719808624 1.14213143477 1.05876598602 0.848657218259 1.2309266918 
1.022077593 1.27527065988 1.04577340119 1.14213142355 0.971649698844 1.21833339371 0.873218980283 0.924467606285 0.803451407178 0.980691184189 
