45.6276551247
45.2169849966
45.3583516951
45.5914107152
44.7547285928
45.3847002579
44.9825432908
45.576200178
45.9664026407
44.7641885494
45.3039632112
43.4689446295
45.2075238196
44.2516939921
43.7825216274
45.0418937462
44.8130722759
45.6805188048
44.9613987244
44.9413580755
45.1376152164
45.4871642739
44.9215488411
46.034359828
44.7581817981
45.7912422173
41.5824114554
45.1319881181
45.1860331357
43.9416936293
45.1360558624
44.792564
45.103649739
45.1481822143
41.3271833471
45.3464865548
44.1185715902
43.3513217793
44.3541709625
45.1918538474
44.5722717625
44.6182994958
44.9231062923
45.072089854
44.7954092343
44.8546316904
42.685616017
44.1935359161
44.6819938401
44.6855564209
45.175278933
45.2133189699
