1.01644423677 0.971166947136 1.10000000016 1.08070031881 1.07763353479 1.08801387067 0.99084962338 1.06537826222 1.0114897812 0.969005237892 
1.0663547576 1.08666096018 1.10000000713 1.01726543883 0.984693464148 1.06269118558 1.0536854959 0.980725728626 1.04429365706 0.954762371918 
1.06289482332 0.958536842953 1.07585876536 1.07872315458 1.09420714898 0.985838807646 0.968996698119 1.09880348802 1.00619616403 1.10000028918 
1.05139786848 1.03520905601 1.02362117994 1.0044979914 0.933949886002 0.978712135545 1.10000000032 1.09999992202 1.07754634823 1.08783876193 
1.03823097253 0.9983004296 1.01495276049 1.08300605219 1.04906130042 1.07273344431 1.09652846131 1.1 0.964291393233 1.03288286917 
1.05966967861 0.95169141071 1.00418015745 1.08423290764 1.00181359413 0.990718788854 1.09999975214 1.07662820613 1.01999418444 1.10000750319 
1.10000000016 1.0098054236 1.05237648663 1.06739160641 1.10000000004 1.03364556815 0.967574355935 1.07870169569 1.04082411089 1.03920897671 
0.954539428133 1.09025472744 1.06913303052 1.10000001707 0.982878440825 1.04224574122 1.0792077881 0.98637015253 1.03353875466 1.03593038773 
1.05485672846 1.04876254056 0.977986466279 0.990333039996 1.06764221349 0.995553864561 1.01688460539 1.08896218898 1.09973693765 1.1 
0.923961925909 1.09999997922 1.06852925202 1.01765670962 1.09999997921 1.04638863828 1.09550044225 1.05328085385 1.03569248395 1.04089742339 
1.0337654341 1.01936049608 1.09060086208 1.02858481639 1.08870856607 1.10000003183 0.985422065927 0.972985995906 1.00571544367 1.09000116957 
1.10000019474 1.04770024355 1.00595836671 0.975962683154 1.06439427526 1.1000076134 1.07804153193 0.943265296781 1.10000164504 0.932294272153 
0.965005617533 1.05192175344 1.10000179587 1.03085208106 1.0372467824 1.06204476955 0.979592199617 1.0515095515 1.08191390982 0.981901816513 
1.02136091529 1.04371589093 1.10000667132 1.06457441816 1.07487300964 1.01008344978 1.09997053654 1.07850682078 1.00843837145 0.979437570891 
1.07206542523 1.02121860969 1.10000062297 1.01204144996 1.01143279158 1.07511458689 1.01778828847 0.959320232752 0.999158849535 1.10000177951 
1.0318188167 1.06108116513 1.10006233355 1.01056447253 0.974218999966 1.09874178483 1.10000515078 1.08137173678 1.04885803952 0.958040190995 
1.05520091292 1.03926867651 1.10000000135 1.01218190886 1.00988281018 0.961622596746 0.99662945392 1.09732332829 1.10000000084 1.07335286178 
0.994452025373 1.00063822064 1.01984990698 1.1 1.09999999997 1.08182292694 0.985280389756 1.01814623748 1.07089355617 1.05421104595 
1.01825255247 0.937608315836 1.08631105995 1.02341019061 1.01469957793 1.10000292449 1.03036144111 0.99029769895 1.0999999971 1.06773680163 
1.10000369663 1.09999812879 1.05199595001 1.05939642802 1.0394393055 0.92166415982 1.09999993233 0.990973954769 0.994502346244 1.04840390046 
1.10000000141 0.958489130253 1.0287996952 1.06425960126 1.01095141503 1.10000000664 0.987808564097 1.04654322541 1.10000000139 1.01254117385 
1.04036831474 0.956803765588 1.03204678623 1.08192681886 1.04757848112 1.08444996685 0.990810894334 1.0622190616 1.10000000011 1.08224197538 
1.10000087558 1.10000461681 1.09623816728 1.03736810169 1.00194712641 1.01298739698 0.967520138238 1.07910873886 1.10000044498 0.945878845545 
1.00236695057 0.999353078989 1.09324636465 1.03289645188 1.04373498637 1.10000000071 1.07769537902 1.05498336487 1.08444189533 0.986916556678 
1.10000321381 1.06437602774 1.02937982743 1.09575379065 1.00755964778 1.09726434843 0.971466169266 1.03452914242 0.969579771035 1.06664345923 
1.0357914133 1.037242661 1.09999999993 1.10000000002 1.05254925823 1.02902808986 0.967795539993 0.978753579159 1.080406124 1.09578792251 
0.91699320152 1.10001467439 1.09999979907 0.967874153181 1.00143896868 0.959733800044 1.05848587222 1.04664708279 1.07019608913 1.09998389752 
1.10000002042 1.04720964925 0.946415941585 0.966442021367 1.10000068091 1.10000005441 0.968449922666 1.09231250236 1.05183634212 1.06113029623 
1.06501813157 1.08236920268 1.03379320869 1.04340283669 1.08844959844 0.989374436898 0.998756333063 1.09999999875 1.10000000136 1.00090934861 
1.0710843422 1.09824875825 1.1000000951 1.00973123592 0.975809617925 1.04771207575 1.06106439491 0.993324355805 0.953062342334 1.04239569169 
1.10000000026 1.09999999999 0.963887254874 0.989074633985 1.07587262673 0.999005550589 0.977388206624 1.09379554985 0.964419619857 1.07223479957 
1.00819218038 0.959502591136 1.09999999927 1.08686122669 1.10000000133 1.01489294015 1.0578628876 1.07433760245 0.962584253343 1.09166420832 
1.03230174348 1.05663300701 1.01902180882 1.07672798357 1.10000002174 1.0263196643 0.963083565122 1.03384876607 0.984302317848 1.09076405873 
1.10000000027 1.05198845873 0.965020126526 1.08720790315 1.05413086446 1.01328626798 1.04189387152 1.02430846923 0.986189123126 1.04979495167 
0.973822681741 1.10000000315 0.98607386809 1.02517157073 0.960878789061 1.10000000154 1.01724096887 1.06860963934 1.04560494036 1.05225832866 
1.10000001187 1.02165042731 1.05384999882 1.07551747702 0.956380414469 0.976779463525 1.09018861939 1.07110159112 1.04757413622 1.00224995492 
1.00788185248 1.10000006767 1.0926097638 1.01100576928 1.03212848095 1.10000014207 1.01270706881 1.07715753107 0.967469836271 0.985747888471 
1.0340512494 1.07682095597 0.971741224981 1.04951113135 1.01935661111 0.951559414153 1.03632317413 1.10000006755 1.03391848833 1.09999999987 
0.994627720091 0.966535534864 1.10000313785 0.988756925358 1.05699875147 1.01100125605 1.09999760066 1.06128588149 1.09998548675 1.02009220474 
0.998616054486 1.06929419533 1.0320393973 1.1000001711 0.956017238108 1.00563671665 1.03742714722 1.09149183971 1.09999996263 1.04776045812 
1.10000026881 1.07144128178 1.01855084734 1.10000000023 1.09999997061 0.983898564073 0.977272774614 0.992749395911 1.02974641434 1.0437423749 
1.09999925366 0.975185207428 1.03315748535 1.05947485321 1.1000007308 1.02264024536 1.03869086661 1.00669295936 1.10000018778 1.00790887524 
1.08780401803 1.03178880638 0.943417623794 1.1 1.03251472246 0.969684401879 0.979690015268 1.05426342227 1.1 1.09254097468 
1.10000057495 1.03762502905 1.03931990212 0.947773729765 1.0591547492 1.03237051205 1.03702171631 1.08519030041 0.982496365212 1.02129192849 
0.979987966875 1.09999999896 1.07780499645 1.10000000212 1.05986131729 1.09179107573 1.00689297528 1.00694189231 0.96958023095 1.09999999481 
1.03107685191 0.938932469742 1.07476964667 1.02899655088 0.98605189711 1.10000020295 1.04452663867 1.09999990862 1.07419057181 0.993769361425 
0.970048591784 1.00726243475 1.1000004878 1.03286308962 1.10000089243 0.945875507456 1.07296005168 0.992997578157 1.06067257157 1.0885374574 
0.990102165782 0.987364272485 1.03244187499 1.07234842246 1.09920938443 1.00172465385 1.07417502638 0.972415663106 1.02675416637 1.10000017171 
1.09425325492 1.08833387113 1.1000000005 1.02255552112 0.961296759231 0.941761490991 1.01976952027 1.09066038202 1.02275972274 1.06890713796 
1.09999931274 0.964074166273 1.00907523243 1.01835908901 1.06554463397 0.994617698114 1.09999986418 1.0446023396 1.06845733317 1.10000099706 
1.000547613 0.991265275966 1.10000000002 0.986757420617 1.04972491454 0.92446232515 1.03635883082 1.08171966068 1.10000000032 1.07845997195 
1.10004203619 1.0549519324 0.982625407019 1.10006457326 1.00137837571 1.09190715916 1.00008070751 0.944556784243 1.03299173935 1.053473884 
