-95.6367465896 398.944097334 -425.666390218 -110.595754931 29.0468425173 -226.543560689 426.531964088 -319.31206179 5.57389335371 111.264909142 
-70.247398526 -420.113141856 -320.78670279 -31.0113092082 299.877127447 -29.0467197493 7.74798413186 180.169673384 -201.402770569 336.103584935 
-38.8348661196 166.154342336 244.90624037 -72.9635649681 -430.998492573 181.019920605 406.285521641 -242.991602962 449.766230266 29.0468412065 
-9.97549136578 -235.074546625 317.752050634 157.250464287 457.072730278 251.574997484 -452.258162915 -249.470273191 29.0453729055 -15.9669296739 
-29.0468478729 268.741819144 105.300164122 -200.497483909 187.967029921 -54.8251089867 -374.252826325 -32.4186753895 300.938587965 409.111285139 
-20.0007061876 365.125098953 197.149619535 38.177389233 29.3293592822 396.07761178 -242.522462044 -413.174055493 -199.067964997 -426.071546351 
-29.0469629354 106.849426891 431.481482824 -119.492957121 -230.659862439 195.75758924 300.791410237 -344.683094507 -29.0468529855 262.338556781 
312.921568187 -29.0468426677 -11.2370086211 -448.405358297 451.900924705 -156.209934687 -245.451451955 278.524165426 320.399379812 37.3217206472 
-217.383020813 -29.0468425191 461.802614351 191.933731769 -209.054401791 385.770611745 2.63713759367 29.0468717718 -231.358480672 -427.855264611 
360.429914594 -275.793551603 -274.827504551 350.341455118 -60.1941571279 459.084765784 -63.1910105903 166.510227547 29.0452052515 23.9708437207 
77.8717138846 0.251755938759 -425.470325631 41.1130300825 -1.83627304215 -219.716012641 442.486567157 393.708825185 -137.983620028 -279.001747381 
-461.777364195 -106.385103334 352.335521709 265.397224576 -86.2460607984 17.8962221791 -55.9379144416 279.031449352 -226.984639774 101.758539743 
336.810710328 -79.3524742245 -318.685250033 -74.8606796495 -199.563045261 -63.6732005447 141.790094313 9.67586982614 -418.90109708 290.972961189 
-97.701153382 60.3327815743 -366.918241641 -335.664970282 142.806489406 -6.31143315776 -294.110673204 -155.006233214 450.969864103 435.885862482 
-349.908191791 83.650843125 -139.847382488 224.155195517 102.184960553 -148.183580512 -127.629034824 451.174131733 282.169387273 -356.010952407 
39.9466133874 109.739891829 -67.3311336345 298.26943188 458.019449408 -109.613294105 -265.207147614 -371.337442874 27.6356550445 309.255013168 
-328.241911084 29.0464449179 -290.560093182 -82.2264930794 459.74324817 374.70277904 4.43959871145 -180.040376285 -374.154140021 86.6822822694 
18.416562879 -193.648635926 29.0468317554 -239.473858488 -426.299990312 39.0576119172 456.685114354 393.894596792 -410.465375869 -189.479228513 
20.0525538995 203.044653373 25.9791296155 -33.0019393699 247.13931041 -459.519901051 38.9381523274 427.629015459 -265.937334175 -321.551333202 
-162.671682841 -36.6454967983 84.0184655503 336.438385104 -30.9375627603 246.644302371 -459.638251967 177.951742664 420.145137033 -236.86118502 
114.932919585 382.196449881 135.76714374 -336.464558956 451.384487712 -203.923535066 15.5292587007 -132.156590338 -459.232149603 -29.0474658994 
207.0904868 189.598334894 388.139065763 -11.7054998802 27.6969092034 -431.038949018 410.527375762 -29.0468434512 -230.148445139 -281.063220191 
-453.39138658 -10.8582239936 48.7609144803 -29.046455147 -244.252073499 278.509348265 292.22954677 431.436740787 -209.471381065 453.683091335 
462.592346623 309.946682011 -240.440122072 -12.0116887881 -22.6545727889 -431.464168385 -214.187298508 -338.025808971 29.0468411144 392.699785682 
-221.293525481 50.8694167002 456.251882632 -19.8546596561 278.587667501 -405.777803113 104.217146305 -58.5108223811 307.921574571 -73.8740650025 
311.678734747 -15.3857120375 -272.896956132 -459.085470436 -318.007589762 23.1831764862 170.692371895 453.809288833 -239.999149525 -29.0468425172 
240.271576018 -188.240299986 -117.958859611 451.650016966 15.0683239463 251.921198474 272.457242056 64.1509588973 -212.99512903 -69.0192973224 
-408.3343973 309.217419685 418.354519565 448.237729002 87.2738288253 -83.8312552081 210.378090657 -191.262935879 192.086019825 -10.6544171378 
173.436980153 -260.104875566 28.360138591 -12.9030873764 -405.378748386 319.367143339 455.346170806 25.4839076451 -233.161216282 310.100853147 
-324.918581327 -162.192636101 -341.456375192 152.354350371 458.909280892 -126.278242846 185.315645451 234.858971377 377.701105023 -20.0490208409 
-232.057093385 -29.0474807444 182.842218473 407.122419843 -70.4146034848 189.93487012 442.280822159 -10.0238055462 294.86743274 -36.9549046378 
-18.5439242225 442.563445568 -29.0468425182 160.410872713 -239.130482863 275.855883822 -29.0469744576 -16.725715885 203.241212061 -408.632469203 
-79.1750223528 -187.763208335 93.9358462096 -400.427130309 -300.167610927 30.0115927254 439.797328333 448.616878572 294.155055711 -94.8665172754 
-306.047722989 -190.774468628 233.545546432 -404.407992002 -29.0468607179 294.473027546 29.0413987716 13.9082995068 430.658231919 -54.7386708125 
235.58465176 -120.256415206 156.765377081 -227.650255307 460.471283416 -459.919878733 289.638606455 57.2191682655 -129.816675428 -115.835040289 
-462.280682935 28.7573240138 -29.0469737111 -257.836917121 234.382030061 306.014253117 -192.759724515 -29.0147127181 187.535856364 410.466942788 
-217.535968209 -457.806959439 29.1881212085 86.6777334389 258.165078885 -188.802097761 452.313954715 -302.984216426 166.74600436 -64.7512579652 
-113.950972812 -319.157303611 253.966138468 130.966985592 1.08617274727 305.730971782 -82.1684422019 -325.059935962 16.4597007149 75.1967232843 
-26.216557906 363.130616307 -452.934227016 -52.2642777373 -242.07766142 74.3120309341 -178.053269135 -281.060834977 41.3195843623 132.456801622 
157.158408745 -416.311525304 -104.581655534 -430.063201641 325.802001928 -197.016063829 29.0418214444 35.4057414077 -245.162149626 340.754813425 
-443.869624557 -325.657611587 1.99367487492 85.5662327673 -201.03623793 365.603774104 224.037946401 451.429503684 -33.1736683631 17.3768829609 
58.6297701137 347.763694805 -41.4702435108 -344.494961814 -449.33192142 81.8654114404 -131.363803786 -16.1875201936 -233.31064425 299.180373877 
175.97982602 -28.3088044452 397.154930376 -29.0468512311 436.877552392 211.643186127 313.65983958 -29.046845236 -250.946654213 0.195638208895 
-311.95079707 -101.794866881 2.73132594724 222.28296541 -86.3620648145 -194.78027206 25.0151646895 -411.147244114 456.765027494 292.810380642 
265.814865689 -19.1526529911 3.85310688859 -228.264400943 -29.3421510547 -392.585016172 -8.11974878669 281.402437448 443.079838278 173.580740942 
-10.694665906 342.861455961 -224.03489788 31.2009204261 455.348649966 -240.576667945 58.540457944 -29.4281851598 -344.960917096 297.413599996 
308.998697881 19.1257205406 -216.785970634 -22.6283496416 -422.549630373 19.2921847707 93.1091179005 292.581146348 443.49278569 -196.92908319 
147.29974373 373.751379747 448.676694052 49.8210180818 -361.550417723 -11.9501069249 -186.893548379 331.976283356 -67.5949653091 -168.742595417 
45.8681640482 -385.997399791 -196.296924869 238.645908857 286.140937455 459.615444407 22.7025179095 29.0468425022 334.915421745 -32.4116427223 
-41.5964043654 373.741256975 61.2098550954 33.0843653465 -317.460063539 459.3577202 -230.590700775 181.486605547 -48.0772756456 -271.694821419 
295.135582769 208.281060988 -29.0469161979 452.610615266 134.933798501 433.187638645 -20.4888977013 -29.0468569569 -240.997214429 -336.916549747 
-403.69270312 -82.9290532798 444.462377778 -74.8472372524 197.471158807 89.741635478 315.623053639 416.109602519 -70.8475195811 -194.607366666 
