1.20999999792 1.03621436182 1.14213143478 0.98707184146 1.13809315801 0.98169882849 1.00649524064 1.21 1.13844668544 1.08364943347 
1.08764378969 0.994652261641 1.2099999326 0.989808894573 0.891501137545 1.12710381748 1.14213143477 1.20999997046 0.814864728611 1.14197793334 
1.14211631991 1.02290409249 1.02238685093 0.923014061891 1.08996606402 1.11632366263 1.09325226547 0.671676831755 1.14231243477 1.20999999985 
1.14390808304 1.2099999694 0.88140677444 1.14213143477 0.992879194021 0.928402412404 1.089307386 0.707825003294 1.07791866859 1.08627370811 
1.21000007359 1.06580087022 1.14213086061 1.06828913306 1.21000000001 1.14213144005 1.01635475767 1.20999998781 0.845836443447 0.965770216758 
1.13840172148 1.16727433604 1.10962142211 0.962443499556 1.14213143559 0.724919076349 0.856069425585 0.791774993265 0.965847957362 1.00163287694 
1.08989863363 0.953406609354 1.16426822964 1.09217102585 1.00410561338 0.974486580402 0.706839473202 1.14269445281 1.21000000031 0.617580890195 
1.09801814428 1.04821269753 0.930416197457 1.21000278098 0.810365364032 1.06266007071 0.852288876755 0.959509288747 1.14213143526 1.11562947914 
0.817229059846 1.03635862475 0.961817076501 1.01632500721 0.962278000711 1.14213143477 0.697283364113 0.835075132336 1.21000000575 1.10489243497 
0.871562411756 0.990451402245 0.941738399019 1.14243891377 1.04441004648 0.892255471736 1.00755667357 1.1080107063 0.933808236272 1.09306093078 
1.16010722726 1.0186166469 1.05027595858 1.14213143478 0.983912819832 0.720401666017 1.04146961669 1.21000780507 1.11284299992 1.14189664061 
0.925826544831 1.14122963022 0.83621306168 0.997142089618 1.21000254095 1.14213053316 1.03396362325 1.11476844878 1.21000000151 1.20999938189 
1.10372742071 1.21000020576 0.695284760922 1.20999997562 0.901407056249 0.542947129026 1.14213143477 1.21000000005 0.978743960998 1.01205210205 
1.14211313105 0.972369653215 1.1525885927 0.947820410717 1.00354164966 0.884509821318 1.20999999986 1.13672041989 0.925284372283 1.20849146387 
1.20999999985 1.14213216881 0.984643769679 1.00646119014 1.20999999941 0.93627203625 0.91015313451 1.21000000002 0.860958737658 1.2099999999 
1.14625433234 1.21000001923 1.14207552939 1.09514073944 1.21000000449 1.05298783734 1.01666412245 0.938529812349 1.14229286965 1.00290054195 
0.921547662411 0.843449893254 0.765182136419 1.14213162347 1.0534828752 0.848039240889 1.16015035899 1.14197494542 1.21000000153 0.923849808734 
1.02732916365 1.00951314092 0.96309439339 0.981474890179 1.1246224652 1.1277394421 0.978985153427 1.13989596903 1.14245918899 1.11258420374 
1.11610289635 1.21000000018 1.00010893713 1.21000000114 0.710786178011 1.07213126382 0.793549638665 1.20999999959 1.14267174621 1.1157202461 
0.805594338371 0.999366393106 1.04508958716 1.14212840009 0.999763466288 1.21000001305 1.20092579947 1.14213143477 0.849656652993 0.626549926952 
1.03738500323 0.974873321523 1.14232456022 1.20999982422 0.950317550229 1.14210747612 0.757935950585 0.6465599408 1.20999995544 0.996009529215 
0.960215179105 1.12163883861 0.998002006352 0.99429704866 0.90076799041 1.05520938299 1.14249988718 0.911606760754 0.891322978495 1.11758349628 
1.03244826389 1.2100000006 1.14208126542 0.990517687244 1.09913370082 1.21000000499 1.08407926155 0.954260626441 1.14213143541 1.20999999965 
1.21000000008 1.20999999995 1.20999999997 1.00451494881 0.998369740436 1.13940872833 1.14213143473 0.859981477355 0.859498968634 1.20999999997 
1.13809315152 1.08365027394 0.981702797472 1.21000000001 1.00650471024 1.2099999997 1.1384401463 1.0363110991 1.14213143478 0.987087169827 
1.21000000007 1.01374391732 0.798194910188 0.937718239388 1.21000000004 1.20999999999 1.14213143477 1.00303338135 0.558840858321 1.20999999969 
1.14234019257 1.058680974 1.05379702788 1.21000000053 1.01367882861 0.913753626278 1.21000000259 0.903033723269 1.14190560544 1.0136055152 
1.01663899226 1.21000000093 0.637480486591 1.20999999994 1.02002314323 1.1421302154 1.07258776089 0.909032664107 1.00021409971 1.17778505338 
0.923524487608 1.20999999996 0.96065030721 0.97213836852 0.783522271814 1.1423870294 1.16369626524 1.18320417113 0.714542827707 1.00319861913 
0.814150110469 1.20999997396 0.678449676633 1.20999999978 1.14693875561 0.997966167735 1.02461675619 0.944102652272 1.20999997503 1.14213149299 
1.02654657071 0.937403582748 1.18032966456 0.985585306362 1.14238851929 0.927353798216 1.08458352623 1.21000000035 0.721492078947 1.20999989978 
1.00305384897 1.04934967492 1.14213143477 1.02648029784 0.975527621142 1.20999999998 1.21 0.660178213738 1.13735353394 0.991200206805 
1.21000000246 1.16844496519 0.805078071459 1.14204731502 1.20430216017 0.791081681894 1.17389361792 0.584668153416 0.823615148563 1.05460413409 
1.06401637655 1.14213143477 1.18741590013 1.08110712449 1.14213285537 1.21 0.948151040716 1.17327628983 1.21000000001 0.984774859087 
0.808370006971 1.20999985973 1.15594520677 1.19143868395 0.779953517897 1.14203848738 1.00591032744 1.05082187137 1.21000000156 0.994946683552 
1.015435206 1.21000044842 1.0670212631 1.20999999743 1.01914630395 1.01897053577 0.715239319892 0.732864190318 1.21000002133 1.14213143477 
1.00692143199 1.14212595997 1.20999966502 1.04049007675 1.02791675573 0.790636936716 1.16295021153 0.947371249218 1.14246008684 0.958412670687 
0.672357947267 1.14213143479 0.748150582811 1.06727097613 0.947308479101 0.982759292039 0.993476516265 1.20999999999 1.21 1.21 
1.14212659759 1.10630236488 1.14665625022 0.992075381222 0.809500145821 0.970941104182 0.980348299738 1.21000001202 1.20999997258 1.20999999989 
1.14211313103 0.982800524204 0.72450106746 1.16484071035 1.21 1.2100000436 1.09502865518 1.2100000004 1.19723657845 0.826450149505 
1.03236445229 1.21000016522 1.12966372403 1.21000002217 1.14213143477 1.02539506015 0.937215845553 1.20965899784 1.21000024122 0.990110166777 
1.14213143477 0.828637034661 1.01099565635 1.14202826255 0.995244090835 1.20999991296 0.974211500434 1.12598818609 1.01537096135 1.09597578745 
1.15630780241 1.14212495761 0.992088466142 0.709463839288 1.20999999987 1.14209349694 1.16916658645 1.20999992613 1.21000007102 1.20999999783 
1.10717944231 1.21 0.980886548522 1.06440952306 0.926110933891 0.938556277468 1.21000000054 1.20175405608 1.14214054853 1.21 
1.0984571802 1.0054998527 1.14215188452 1.14210733269 1.21000000268 1.20999999997 0.955817856122 1.20999999929 1.20999999772 0.9448418931 
1.14213143477 0.792221505051 1.15205206883 0.86397803856 0.755545787371 1.0666500518 0.935390422288 1.21000000005 1.07171753328 1.20999981352 
1.21000000045 0.614502893969 0.880919066304 1.00500250694 1.00262883403 1.2100000001 1.15539523297 1.14193757647 1.03973453721 0.974300055882 
1.05796798911 1.14209415006 1.14230954707 1.05041343449 0.952805018836 1.21000286746 1.17434564515 1.00328158622 1.21000615692 1.10008331167 
1.21000000051 1.14213143479 0.802102700632 1.0315616292 0.981255008997 1.15219720891 1.21000000038 1.21000000002 0.710882824141 0.888624799479 
1.1579375465 0.97665513886 1.15812458525 1.20999999925 0.606566979297 1.07802062741 1.14213143773 0.700590624418 1.0542348393 0.908745222671 
0.966160871983 1.21 0.923128813201 0.938126710881 1.04987434381 0.8119001968 0.75955110438 0.987649000411 0.982266268663 1.14162549728 
1.03122264326 1.07542673808 1.14213143476 1.21000001555 1.05582761333 1.21000002123 1.08056877394 1.02099887775 1.20999997605 1.0188194609 
1.21000016072 1.14213143537 1.20999999697 0.944955988355 0.759901572869 0.828395105488 1.1369479296 0.893451724409 1.21000000137 1.00586620599 
1.07551368563 1.17766753455 0.902233034212 1.14213143474 1.20999999117 1.13275686161 0.788808596233 0.819346963412 1.12297536452 1.14213143477 
0.997409596506 0.826794663494 1.20999999992 0.960961842906 0.977402799091 1.00613084278 0.797407129761 1.13401953056 1.14213143481 0.977603839937 
0.993654068252 0.861187667537 0.998767235248 0.794423038169 0.944453442812 1.04234442593 1.14245173553 0.973577102568 0.922544812451 1.11756831914 
1.12239463311 1.04920392776 1.20999999869 1.14211313107 0.884968238043 0.984989994288 0.954811126528 1.21000052845 1.21000000029 1.02147460626 
1.20999999974 1.20999966696 1.21000036447 0.899836192515 0.989718828046 1.21000000043 1.14211345305 0.858457768514 0.661835406792 1.2099999935 
1.14213088428 1.21 1.21000000021 0.985754259342 1.21000000052 0.980298864365 1.03288868217 0.943880377415 0.959472516975 1.14174645762 
1.0345381218 1.03814932471 1.14212960996 1.21000141493 1.1654299028 1.21000045098 1.14830396059 1.07123841138 1.14212052897 1.00133670937 
0.861818472528 0.983003632704 1.00155439532 0.990147910311 1.02632594817 1.14213143478 1.21 1.04250220986 1.01375129278 1.13906864358 
0.666863555025 1.01117476584 0.543251954666 0.984341375348 0.999861544628 1.20999999992 1.14259323429 1.17305413294 0.985488460766 1.21000000004 
0.966851141928 0.930097377874 1.14154597578 1.04774227251 0.95304046655 1.07927803895 1.21 1.14213143477 1.04287211447 1.13113984029 
1.07432823695 0.911431753076 0.830109014222 1.13697585049 1.21001244559 1.01887520276 1.20999958992 1.004513499 1.14213143479 0.92843261517 
1.19792358919 0.994355400425 1.21000000124 1.20999999998 1.0058461018 1.21000000144 0.82926753629 1.14211313113 1.21000000001 1.11073290218 
0.713347876101 1.03321202279 0.664201425052 1.00866531748 1.03723584732 1.21000000001 0.719555238717 1.20999999999 1.14213143477 1.01662703301 
1.18857788552 1.02435237304 1.14144515998 1.0222872206 1.07487394444 0.932397337441 1.13988311579 0.94702064258 1.21000000102 0.830864537669 
0.81578540734 0.9288920873 1.06167450447 1.14178995458 1.03274218526 1.16765637497 1.20999999995 1.20999999897 1.20999999948 1.14213078503 
1.20999963373 1.07483024581 1.21 0.903247903689 0.954297522041 0.866571371896 1.14204891852 1.04915531407 1.14213143477 0.689482379464 
1.06874931749 1.20999999962 1.11639186273 0.954845789155 1.101999063 1.06085425179 1.1423155625 1.20999986458 0.91490798223 0.803961227229 
1.1421314345 0.836022894898 1.04863533814 1.01749380853 1.20999963325 1.00491597219 0.889032631749 1.21000000009 1.2099999998 1.21000000034 
1.21000000141 1.21000000823 0.702924299721 1.01877976467 1.20999999988 1.14213143477 0.99379803177 0.68783854382 1.01529069495 0.860357983973 
0.943062596085 0.967119997641 1.21000355758 0.985642358296 1.15540789404 0.800020908433 1.04180279744 0.878992806002 1.14252521752 0.962808498943 
0.94677188646 0.98373855292 1.2099999997 0.934177591006 1.03756090065 1.11770196353 0.996608378864 1.20999984304 1.14213023741 1.04808061676 
1.20999968212 1.1421314399 0.888169705324 1.14213143477 1.16987716784 1.07019163963 1.01450711891 0.952164848067 1.05870886937 0.909865492298 
1.21000000006 0.928011137055 1.04799294197 1.20999999989 1.00740640876 1.08969728011 1.21000016535 0.997288924011 1.14211318127 0.816609035387 
1.01075738648 1.14212527786 1.04671754168 1.21000000191 0.822852062242 0.677111720105 0.869690336652 0.878677361722 1.20999999988 1.21000000007 
0.816645792986 1.13917301862 1.21000000298 1.14213230333 1.12211723969 0.969804880193 0.998861762205 0.52961041571 1.02299937448 0.965062851196 
1.14213143529 1.20999977632 1.02323396602 1.20999985696 1.01899409233 1.2100000003 1.06937025644 0.971726813016 0.535416913577 1.2099999041 
1.20999999997 1.169749691 0.779004902322 0.964185641638 1.14251267855 0.97128404559 1.14212859976 0.860925134406 1.00959263466 1.20999999998 
0.751649278638 0.937487580274 1.21000063214 1.01280137246 1.20999986684 1.14333638625 1.14213143478 1.20583988056 1.20999835833 1.05590197634 
0.48769522938 0.87906925513 1.14213143585 1.21000000304 1.02853081907 0.873691635824 1.20999999938 1.21000002518 1.08677320049 1.21000000135 
1.20999999835 1.1421321064 0.901536675873 0.87594612716 1.20999999986 1.1419753714 1.20999998897 1.10384301622 1.02151408853 1.06110125377 
0.820782886407 1.21000020789 0.595708621066 1.13580445979 1.0780975396 1.15975814364 0.871198573201 0.970259832672 1.21000071029 0.936067113022 
1.0769512792 0.756224776813 1.0902923863 1.14213143477 1.21000033788 0.605704149949 0.718315653523 0.996427886365 0.818345210872 1.14200315431 
1.21000000014 1.05992887446 1.20999999373 1.0785336246 1.01236594102 0.783137604922 0.995699367155 0.99247434187 1.00065108082 1.14366615954 
1.20999990802 0.867258683178 1.14213108776 0.865597307499 0.977032256866 1.21000006273 0.964656004649 1.02273452855 1.03365582789 1.1207108434 
0.936122650633 1.04754091331 1.13926572212 1.20999999995 1.14213236749 0.958627184139 0.823816803019 1.00065141595 1.03569399784 0.963722456103 
1.02877655201 1.20999997843 1.01485151668 1.20999999988 1.21000000023 1.21000001537 1.21000000665 0.872120637543 0.987363324978 1.14212069318 
1.20999999278 1.02665652016 1.05251953409 1.03470919833 1.14213143477 1.21000002311 0.84273094138 1.14213144651 0.679382142318 1.20999999994 
0.92507988865 1.14057743816 1.20999963933 0.913878099031 0.931184676463 1.03760470137 1.20999996174 1.02401128988 1.14213143417 1.2100007074 
1.20999999669 1.21000000001 0.957432996762 1.21000018437 1.21000000003 0.757665301234 1.14212848862 0.8410249588 0.586599599603 1.21000000003 
1.21000000023 1.14181101061 1.0438983056 0.98053308351 1.00604302178 1.21000000274 0.783181199161 1.20999997369 1.14212988387 1.04034608569 
1.04934582794 1.21000035275 1.1134658653 1.14886848857 0.784873341501 1.05744892951 1.07663094581 1.14213143477 0.870774867611 0.880413805312 
0.632008680866 1.02366088403 1.04900078651 0.983882082244 0.941365389317 1.20999999804 0.931749233866 1.20999999969 1.14214786978 1.14213143474 
0.999971933932 1.04135939618 0.674510956399 1.14213144125 1.04595895532 1.20999999698 1.01595294725 0.884296590917 0.956397305401 0.900241822333 
1.20999999413 0.882767904639 1.00083055014 1.06876995762 1.00219697429 1.00290832081 1.14213143483 0.764475883565 1.14066581972 1.21000022213 
1.21 1.21 1.21000000003 0.98249901452 1.20999999976 1.04696426371 0.722451677287 1.14213133767 0.822374664397 1.1419977389 
1.20999999995 0.982891155355 1.19101518586 1.00523844941 1.20999997944 0.918483283388 0.946617744696 1.20999999172 1.14213143477 0.812722995028 
0.972915141089 1.04666118986 1.14254665301 1.20999997677 1.20999968508 1.21000127115 1.13451256308 0.734506953999 0.877334580348 1.20999991758 
0.975953684749 1.21000018784 1.21000026104 0.968955000123 1.01547587112 0.926318287007 0.869591697662 1.14213144023 1.20704112553 1.13903025764 
1.21 0.986374692451 1.20999999999 0.879591097619 1.21000000007 1.0049269532 0.739667549839 1.01003152697 1.14213143477 0.955913107253 
1.21000006295 1.2099999982 0.982167469506 0.876062640406 1.09218796443 1.17207055341 0.887182047079 1.14211290189 1.04140913841 1.14254997189 
1.02017348333 1.14213143703 0.887904060843 1.07397952902 0.813601581036 1.20999999987 1.20999999958 1.07740885862 0.991615205175 1.00696979488 
1.20999999998 1.21000000005 0.968645278575 1.14213014599 0.948697355967 1.1410302274 1.03115733125 1.07092945198 1.07460909953 1.21000000002 
0.936750433854 1.2100000024 1.07151473346 1.14213143279 1.14213143477 1.20999999704 1.16351426131 1.04859786953 0.93186235216 0.620620067281 
1.00900106409 1.21000000312 1.14213141257 1.00986396791 1.20999938047 0.872929997465 1.0234747531 1.176379936 1.14804789241 1.12165968735 
1.21000000332 1.00233482961 0.99807973134 1.20999999965 1.20292278246 0.780023807862 1.14213151824 1.20999999509 1.13629325563 0.75680956191 
0.986381146462 1.01890953508 1.08888823198 1.05393220447 1.14241161407 0.706571955817 0.759821695808 1.05222524887 0.92958432465 0.992749967668 
1.20999999234 1.11567580995 1.00849353867 1.10266151547 1.14213143548 1.13786543448 1.20999989029 1.21000000281 0.865934648846 0.985340805563 
1.2100000056 0.97465017938 1.00715148932 0.965708246004 1.07155229172 1.13101507665 1.13929210165 1.20543593317 1.14213159112 1.12823095128 
1.20999999865 0.981758744752 1.18983032034 1.14213143477 1.21000031946 0.616108810695 0.829573246439 1.20999979802 0.657098197533 1.14358965687 
1.02866653899 1.02929871598 1.14191362253 0.994577032955 0.669326387222 1.00988730585 1.17233579535 1.21000573585 1.14669085135 1.14213330729 
0.860001722995 1.04094063295 0.699151633654 1.14213143477 1.21000000197 0.658443482295 0.837741974086 1.02488948376 1.21000010844 1.08028826229 
1.14460541644 0.718617295612 0.995063544859 0.981156980923 1.21000000013 0.997940834924 0.905453531484 1.21000000016 1.14212253713 0.947356067931 
0.712419961345 0.914779266594 1.21000000185 1.14213143477 1.01077113115 1.20999993894 0.556251146309 1.20999999737 1.21000000017 1.0295986812 
1.14240527711 0.930803658529 1.21000005324 1.20999999915 1.20999999999 0.685314351994 1.14211312352 1.20999999924 0.997564091395 1.17964502311 
1.21 0.691756526343 1.21 0.831504675313 1.14213143477 1.21 0.806046423984 1.14183747488 0.986747128358 1.08303856709 
0.98561842756 0.864478343579 1.12102745428 1.10377744186 0.990499866677 0.603949982615 0.996303618787 1.07889248536 1.14367652787 0.623769874541 
0.793216149364 1.20999998521 0.629698288951 0.914807644633 1.20999998221 1.00484441103 1.20999999322 1.14213143442 1.14213143478 1.2099999704 
1.1421189252 0.911018203719 0.996061128484 1.20999999879 1.20999999713 1.21000000008 0.984427533492 1.21000000044 1.07870767176 1.09621334816 
1.18752336829 0.865486677524 1.21 1.20999999995 1.14075371312 0.871572891831 0.951926087246 1.00932176903 0.857773251533 1.20672746654 
1.03762473123 1.00093412704 1.00037241698 1.1421314371 1.21000000001 1.20349470956 1.20999999971 1.21000000019 1.16606477461 1.14197608721 
1.00155292744 0.954965086158 0.992626257259 1.01803689546 1.14213041855 0.997761621638 0.997858385109 0.939936440142 1.13641126475 1.21001962729 
0.846892523776 1.20330887127 1.07684574823 0.991371697847 1.02220141657 1.14248293505 1.01589157677 0.642624183697 1.14252688682 1.20999999358 
1.21000006885 1.05537895212 0.898880106631 0.994162126517 0.973934646566 1.14212907796 0.992100242174 0.756091968781 1.21000000024 0.926484584193 
0.983750609688 1.10724668836 1.21 0.767174676943 1.21 1.14213136607 1.1176022988 1.14207949332 1.20999999991 1.21 
1.2099999999 1.14340766632 1.20999999983 0.867949715634 1.10997990655 1.14211202425 1.06486330568 1.07687027544 0.955972836597 0.972390199795 
0.996396482448 1.19120939296 1.20999999971 1.21000000017 1.14213143477 0.676274365895 0.908066770897 1.21000000954 0.913044145472 1.20999999913 
0.840226867109 1.21000010424 0.954533562893 0.768570462081 0.945353611348 1.02231568328 0.968040036115 0.958222094459 1.05129858259 1.14248263903 
1.14216677034 1.0368045684 0.748770489121 1.14213143477 1.20998484995 1.05484133368 1.11972707614 0.67649436466 1.21000672022 1.06033309336 
1.21000000028 1.209999983 1.14213143477 0.863961973018 0.969261041626 0.96181460481 1.00421909399 1.20999999911 1.20999991426 0.906704164442 
1.20999999499 1.05487674515 1.20999999851 1.1966285555 1.21000000013 0.969392649417 0.980656760641 1.08460423145 1.14213143482 0.699741762805 
1.21 1.21 0.866534336349 1.21 1.08424582352 1.21 1.21 1.21 1.14211313102 1.21 
0.809732634948 1.00390511728 1.09954237528 1.13673431012 0.973194209279 1.20999999947 0.959302942257 0.97098533529 1.02273670648 1.14213143479 
0.917778025451 1.15544336411 0.843849720042 1.03429061586 1.14118742627 0.886661722082 1.1334229175 1.14213143478 0.979362518911 1.20999999285 
1.14934609982 1.2100000094 1.14202104838 0.869022379683 1.03450355212 1.12089767589 1.14281513247 1.14216654902 1.0455232793 0.842919895074 
1.14213143477 0.716137338748 1.06453618571 1.06498221755 1.20999999829 0.955515044639 1.14213143954 1.0381407116 1.20999993892 1.15613643865 
1.14211313115 0.873078672373 1.20999999995 0.874370896067 0.834536567572 0.976175680212 1.10308741718 1.21000002564 1.03527258541 1.21000000008 
1.00669482854 1.20999999998 0.867995361677 0.827051201988 0.85152010254 0.923394534682 1.20999999998 1.20999999996 1.14211313103 1.21000000002 
1.14213143471 0.941613208277 0.949417706369 1.10209498683 1.00526702081 1.14211170327 1.04622977654 0.609868376163 1.20999999979 1.21000000005 
0.849130722927 1.14130833379 1.19099647826 1.06762248962 0.964198609912 0.926171490411 1.04637189173 1.14000585144 1.07642875453 1.02170462008 
1.1197016614 1.20999999983 1.00185347589 1.21000000245 1.14213063096 0.943454260552 1.17923560786 0.979623416372 1.21 0.991353903043 
0.849838661838 1.14213143477 0.999110826545 0.805580432404 0.626405127028 1.20161810324 1.21000000045 1.14212840843 1.04345265455 1.00016307108 
1.14163862061 1.01432001741 1.20999999881 1.1198221637 0.938365674258 0.928364567887 1.04634343521 1.14213143477 0.961555422211 1.04036081361 
1.19203948627 1.21000000005 0.947847429318 0.960405331798 1.20999999963 0.894404472699 1.14213167997 0.992829974949 1.01749740357 1.14090388528 
1.20999988208 1.14211313103 1.20999999503 1.20999999747 1.07139592894 1.20999978996 0.878069518586 1.2100000002 1.05371580183 1.01709645885 
0.752734005064 1.01443141652 1.20999999985 1.1417783195 0.701001808427 0.809082848579 1.21 1.14213060994 0.956472589841 1.05021743712 
0.840562099317 1.21000000067 0.872558483047 0.926164035184 1.14213143477 1.08402531406 1.00198969535 1.14213143859 1.17482194149 1.20999999955 
0.706229689709 1.20999994259 1.14213143477 1.14213143476 1.02943901956 0.897330805684 1.2099996584 1.07366179658 0.83941742334 0.995939127456 
1.20999999997 0.953788654469 0.97365128014 1.14212861174 1.05970203952 1.20999999999 1.02338569333 1.21000001427 1.14210685663 1.088488677 
1.01292570623 1.14213143199 1.00963272179 1.21000139683 1.20999966174 0.870556324732 1.21000186175 0.640719651863 1.17336549854 1.02975129 
0.861563880492 1.20999999999 1.14213143478 1.00147737565 1.02656346355 0.982973285024 1.01362335982 1.13904416452 1.04234777618 0.990213573798 
1.2100009916 0.895233623297 0.978587628423 0.922286204179 1.14214524018 1.21000028904 1.04493015713 0.996476088193 1.21000000138 1.20999982509 
0.748609014361 1.14213143477 1.20999982879 1.12012816845 0.677341395476 1.20999985429 1.0362608153 1.05566628278 1.0604259354 1.14216541601 
1.21000000016 1.06974581403 0.944069183058 0.881479829267 0.660179468554 1.14213143459 0.948879187504 0.808777327254 0.923385660876 1.1421314365 
0.894759109902 1.02838763246 1.14205089481 1.21000000019 0.739332336067 1.01322233114 1.14213901087 1.04531360362 1.20999999428 1.05399792869 
1.14213143477 0.856711954309 0.866422351806 0.986740579776 1.18006037496 1.20999999991 1.20999999902 0.989179778031 1.18056222791 1.20999999995 
1.20999999672 1.08287340126 1.00504209418 0.978023556378 0.891083123529 1.14213142881 0.988449390866 1.20999999913 1.21000001559 0.962239470762 
0.798043474943 1.21000004772 1.14233421574 1.2100001504 1.20999134218 1.14211457554 1.05384053895 1.16455869801 0.776658535937 0.945950253312 
1.21000000033 1.03580298451 1.12832612819 1.01453949655 0.85318895625 1.21000018051 1.21000000056 0.697007537036 1.14212995447 0.999691212367 
1.2099999998 1.20999988569 1.20999999955 1.2100000292 1.0218280709 1.14213046222 0.726655211638 0.936265530738 1.09488947844 0.906300950533 
1.210000001 0.71974637787 0.962421072691 0.721990714371 1.03634810452 1.14233217566 1.07104056492 0.587705403747 1.02078067037 1.14210659013 
1.14210843347 1.14212123757 1.06664425066 1.20999973602 1.20999934435 1.21000000004 1.21000004544 1.0608340662 1.20999976871 1.01203978539 
0.853331971761 1.01783630807 0.944306584166 0.856592409619 1.21000000001 1.20999999999 1.05590127748 1.14198570988 1.14213143477 1.20999999993 
1.20999986259 1.08198874725 1.17069281079 0.917102958171 1.14211435448 1.21000015035 1.1296563879 1.13750467659 0.989705614317 0.856279640211 
1.14213067713 1.09460362125 0.810653528406 1.05085738903 1.17921170481 0.955540809057 1.14180364382 0.962770397018 1.21000000024 0.802347686472 
1.01888742181 1.14213131991 0.615743523126 1.21 1.21 0.800359900176 0.888827271304 1.21000013469 1.07039836464 1.14213143477 
1.00369680287 0.924865211657 0.88464473672 1.20999995181 0.947045372761 1.14538483136 1.21000000004 1.13670683928 0.972950302031 1.14211313105 
0.705933982013 0.936011322721 1.06824396085 1.21000000013 1.08679214119 1.14211322614 1.20999999975 1.06720965506 1.20999999957 1.00759155836 
1.01531954648 1.16528504268 1.14189379778 0.831303987165 0.876985060915 1.11775359811 0.969526041378 1.06104431332 0.837492306402 0.765852539817 
1.13716481879 0.969873517448 1.20999991221 0.891344198065 0.962942375384 1.21000000379 0.981407723494 1.0107716737 0.947413352114 1.14235334126 
1.00444387798 1.21 1.10166811426 0.812264521906 0.958979182967 1.13684218502 1.14213143478 0.969191666065 0.958026871842 1.02130790753 
1.20999999935 0.983497421143 1.18104048403 1.00972961978 0.69388119769 0.623082229104 1.02885897127 0.782059612515 1.00855214506 1.14213143542 
1.21 0.654220296088 1.08994979378 0.972678695139 1.14213143477 1.103407165 0.810573226193 0.936307019265 1.04482770956 1.20999999999 
0.915878775773 0.863088863118 0.953337944859 1.14247977177 1.21000004403 1.13085375627 1.00147531302 0.88877183846 1.15902714741 0.989318490612 
1.20999997565 1.03382141755 1.14219497423 0.955410508805 1.20999996387 0.848227444519 0.994279994772 1.14330523002 1.14183467645 1.06770275932 
1.02158080757 0.833775728559 1.07796511045 0.970127590069 0.650796482667 0.759060754243 1.14213143477 1.07554269798 1.14213143471 0.982234610301 
0.966275894825 1.01549648323 1.07286860327 0.856991245185 1.03456818046 1.14213143477 0.958122873422 1.14213143474 0.647120461737 1.12090655241 
1.14213162689 0.979734480023 1.11583823273 0.773928546729 0.744450257193 1.1704977306 1.04057837595 1.21000023287 1.2099999998 1.14190622144 
0.888469635807 1.03438135507 0.910165732984 1.21000000802 1.21000016351 0.75046087414 0.96309557949 1.21000000012 1.14066179727 1.01318368629 
0.968684922228 1.16129100481 1.08213076506 1.14194044575 1.04397221085 0.887645579371 0.804425907897 0.952775523262 1.04221025568 1.1422739707 
1.14031680206 0.990414842525 1.21000000176 0.769269120767 1.00685468908 0.783245603698 1.20999990622 1.07953740235 1.03462013945 1.14570704905 
1.1507914955 1.20999998702 1.21000000103 1.07984205192 1.14243087458 1.20999999998 1.14188242696 0.995587705142 1.01837690315 0.768539460571 
1.06313666313 1.07089862255 1.14213143477 1.21000000288 0.619275413828 1.14213074713 0.784732445329 1.01244065139 1.20999999774 0.994416902614 
1.17443245265 1.20999998437 1.21000005993 1.20999999996 1.14213143477 1.03795232979 1.2099999946 1.14169796897 0.898397867239 0.865643209532 
0.990136975154 1.1390670909 1.01373756831 1.04247846032 0.982974191175 1.14213143478 1.20999999962 1.00154898129 1.02633209326 0.861812491372 
1.14213144075 0.980846900586 1.21 0.63930618361 0.746296605653 0.882946556666 0.869069210955 1.05396399733 1.13692007246 1.05572626124 
0.991724112491 1.20999994457 1.20999999999 0.884891031966 1.20999995832 1.15460204534 1.14213145135 1.19146901191 0.992182918766 0.992551206038 
1.21000000002 1.21000000017 1.02885481353 1.14085931251 0.937265324889 1.21000000006 0.798214390675 0.961624711436 0.990916047467 1.14213071071 
1.0112828455 1.20999999997 0.911363661023 0.827383661269 1.01422318539 1.21000000084 1.21 0.666042480977 1.14184086122 0.952692314781 
1.21000001644 0.846448050271 1.14850542476 1.21000000002 1.14213143477 1.21 1.05248219101 1.06100856041 0.836800208019 0.835605637702 
0.98358405337 0.739826670869 1.20999999886 1.01021324233 0.621328829625 1.20999999993 1.01657913115 1.14213143478 1.11684331216 1.14213143477 
1.00590949834 0.998558868266 0.768895194511 1.04416787417 1.20999998495 0.841785948366 0.889248640131 1.14213144273 1.2099999995 1.21000000997 
0.765330313655 1.20999999998 1.20999999953 0.985723264336 1.21000000001 1.14211313074 1.21000014923 1.20999999998 1.08848366214 1.15256003917 
1.21000000004 1.01409220644 1.21000000009 1.07438447021 0.796375317774 0.995241235383 1.14213143477 0.92790889392 1.09935485711 1.21000000003 
1.14850793566 1.21000000002 1.10051592503 1.14213143477 1.10579065941 1.21000000029 0.980376131034 1.15978158039 0.990494680194 1.1017566509 
1.14209415806 1.14213143477 1.00699164334 1.03315990982 1.20999123347 1.15095792555 1.21001065283 0.782690347482 1.20999812733 0.842958297748 
1.21000000021 1.20999999996 1.20999999994 0.963063227012 1.03364172779 1.08953505472 1.14213143478 0.87368223772 0.9216278957 0.984803294748 
0.742578387437 1.0242070442 0.621428198972 0.835893358258 1.20999998325 0.998839050629 1.14212394956 1.20999978578 1.0887372845 1.2100000006 
1.20999998765 1.02764943252 1.00471684726 1.09910781874 0.980882045563 1.14213143523 0.88677460673 1.20999999941 0.803235153576 1.03078046344 
1.09028155593 0.870434937878 1.20999999994 1.21000000965 0.999124045336 0.888924547623 1.18162438489 0.94592499863 0.992250917816 1.14213053634 
1.01796746909 1.03258469049 1.02795561121 1.08812058036 1.20030111122 0.703509269007 0.952082897033 1.14247081292 0.990030545045 1.07209259214 
1.21000000028 0.957843148096 1.14252693693 1.00659038952 0.898182072213 0.597628257845 0.971010209837 1.12601759557 1.21000004715 1.20999618161 
0.970932378187 0.882347070092 1.01886097577 1.14253050769 0.675080105055 1.14285736701 1.14212942716 0.983701466694 1.1036179937 0.97673086909 
0.740399045141 0.953394865522 0.916782432529 0.691185050073 1.00832555954 1.14061556393 1.14213143478 0.889723075796 1.20999998351 1.13800900137 
1.13379415181 1.20999999677 1.05342554364 1.14215117961 1.2099999999 1.08317646098 0.814908719028 1.21000000237 1.14210640166 1.12749294142 
0.8640960978 1.14257509972 1.16979744322 1.1040729093 0.981553299692 1.20999999616 1.12561069196 0.801991281305 1.0007070811 0.98028041724 
1.07885038337 0.981611939307 0.970503556612 1.09900338144 0.951426053275 1.0116215739 1.19666239387 1.11211998126 1.14187148009 0.634933036529 
1.08554214824 0.994087788771 1.14212404099 1.21000000005 0.962900931008 1.05596005078 0.976437380444 1.20999999687 0.876023169813 1.20999996045 
1.21000000012 1.18311232607 1.14213064748 1.21000003288 1.01554749943 1.01405306969 1.2099999314 0.94600092457 1.21000000156 1.04227325081 
0.783430327781 1.13364144556 1.07026503507 1.14199000709 1.19828543733 1.14213143477 1.0959098747 0.866783382717 0.972868712557 1.21000002646 
0.983086693393 0.901440584038 1.1424889724 1.03139152426 1.07492029448 0.851421052282 1.20999995965 1.02756631729 1.14250407163 0.677073604123 
0.846301901623 1.12056312264 0.983617090385 1.17175258462 1.01143699253 1.20999999602 0.808391676713 0.963633604233 1.14212843645 1.14251077211 
1.0104538242 1.20999999564 1.14213143477 0.930046133318 0.835723873472 1.21000456266 0.671240131768 1.00591132006 0.852317910048 1.09021948613 
1.14213144624 0.797738629586 0.63766495129 1.14213143477 1.21000001976 1.21 1.08410081169 0.956910722235 0.674567359483 1.09109255015 
1.21000000002 0.541962014058 0.828960939663 1.14213143953 1.20999972964 0.684784454744 1.20999991298 1.14213143475 1.21000077918 0.99754252913 
1.21 0.8626702123 1.20999999998 1.21 1.020351687 0.921652552579 1.08020026194 1.14213143344 1.1434317947 1.0474329205 
1.21000000032 1.13906145785 1.14212912512 1.01193958535 0.841098102644 1.20999999717 0.974904073591 0.940301737027 1.21000001963 1.20999998899 
1.10934009388 1.06816141404 0.817264386298 0.916582218221 1.14213143477 1.21000005158 1.20999984196 0.799197134691 1.06635227934 1.00405090602 
0.968715235077 1.2100000029 1.20999999658 1.14213143477 0.924459504536 1.2099999399 1.2099999964 1.19764383998 1.07074987995 0.722071725408 
1.14066179727 1.20999782832 1.2100000364 1.03727720612 0.818878119688 1.01360049887 1.21000000025 0.97956270999 1.14297739172 0.981181549224 
1.14213143477 0.829037451151 1.12660579225 0.995235713522 1.09574990762 1.01385177527 1.20999999983 0.973472655985 1.01491372021 1.14202939693 
1.11422105541 1.21001728497 1.19709359597 1.20998815402 1.11307216567 0.852768953616 1.14213143477 1.20999273874 1.06643393382 1.14211280627 
0.982544506887 1.00490324114 1.0017080765 1.20999999566 1.02765212437 0.84529643619 1.14213143477 1.21000000286 1.20999993745 1.14097727785 
0.989150929202 1.20999996592 0.907164116498 1.20114387631 1.14213143518 0.848498625519 0.628640402321 1.14213085982 1.21000010033 0.994737709397 
1.21000004774 1.09968605993 0.979891986359 1.14213143477 0.827596487505 1.03730383962 1.00533955373 0.916128132238 1.14191123715 1.05168362015 
1.00041720005 0.988554905818 1.1421303157 1.20999996544 0.929125198319 1.02979944283 1.20999979435 1.05596959469 1.20999999992 0.988100776052 
0.879451962875 1.17200614121 0.823378610268 0.968683949019 0.964440509857 0.973459932259 0.935800375543 1.14107785539 1.00776588039 1.21000000001 
1.14213111323 0.891960448015 0.815307250055 0.997919271926 1.20999999879 0.994057574127 1.20999999087 0.972011201793 1.14213143477 1.03410750487 
1.14211313095 1.20999999991 1.21000000954 0.900543242829 1.20112383935 0.93209566111 1.21000000016 0.9541888567 0.966414953637 1.06146558202 
1.1816958817 0.997815047381 1.2100000014 1.13699631496 1.21000000945 1.20999999992 1.01168292303 1.14213146915 0.930625738627 1.21000000326 
1.06252654337 1.06591157495 0.87466086368 1.20999999984 1.14339909168 1.03542218961 1.20999991953 1.14213143477 1.20999997136 0.704802039261 
1.01972920472 1.21000000041 0.963881966963 0.99403717796 0.713878675468 1.1888906752 0.970803050018 1.14213143478 1.13993519389 1.0584763904 
0.988722275515 1.08850085045 0.99320953067 1.18337859392 0.948289053541 0.714638154418 0.960661330594 1.10086463692 0.934722769469 1.14242381067 
0.939430606404 0.932804432397 1.14177547106 0.969054424543 1.03291470006 1.01868875986 1.00377363252 0.840671231859 1.21000000716 1.14342655708 
1.11187544056 1.16366862289 0.58600700316 0.627604322305 1.21000000011 1.01535805351 1.16312436712 1.14213526488 0.886145309729 0.97584919754 
0.986052875984 1.20999999379 1.12601036465 1.20999999721 1.21000000152 1.00885269844 0.993503363686 1.05636636128 1.20999999732 1.14213143478 
1.20999971535 0.71032010043 1.20999996926 1.20999999493 0.777069713942 1.21000049182 0.939840461193 1.11288074658 1.14213143488 1.11264143915 
0.989655096568 1.08276821779 1.05980631846 1.21000000004 0.929225552167 1.14239299347 1.04963954882 0.936860960883 0.686754369712 1.21000000386 
0.99459693333 1.08638852757 1.14288769547 1.15409582908 1.20999999785 1.02408378634 1.1421314622 1.05484580353 0.739083943519 1.20999999898 
0.979325017738 1.14213143477 0.65378266389 1.21000000001 0.971289226413 1.21000032577 1.08896022495 1.21000002637 1.21000028562 0.979702998757 
0.805595087461 1.20999999939 0.971817497633 0.738193262223 1.2099999979 0.918540250141 1.14213143526 1.05280441049 0.624695955133 1.20999999993 
0.960419670149 1.20999999972 1.00345966046 1.20999998564 1.14213146635 1.02343791503 1.20999999427 0.717120610158 0.83955084485 1.20812172058 
1.21 1.21000000018 1.20999999998 1.1923982069 1.14211313103 1.21000000069 1.1825565188 1.21 1.21000000029 0.78592589671 
1.05276507416 1.14211149072 1.20999998425 0.987602586419 1.02662464287 1.00835610121 1.07642442718 1.20999999236 1.14213143477 1.06418565552 
0.966604743935 1.21000004559 1.20999999915 1.01783784149 1.21000000135 1.10053910417 0.994010485665 0.915624541916 0.854940384307 1.14212961872 
1.21 0.600758964146 1.07409152296 1.08768789034 0.994557465512 0.763265338001 1.14197892413 0.721946548691 1.14213143477 0.820892607228 
1.14200499206 1.15133421676 1.15373793089 0.958963431858 1.14213143464 1.20999999557 0.962975392831 0.828608888875 1.21000004498 1.16980096947 
1.14213143477 0.962235038479 1.21000000008 1.00426462365 0.86436268626 1.20999998487 1.20999999999 0.96928486998 0.906180483402 1.2099999886 
0.900819645697 1.02258600802 1.21000003926 1.20999952534 1.20999999982 0.603131729179 1.14213143767 0.979172886378 0.552949710865 1.04002080147 
0.876798241004 1.21 1.0418377272 1.14213143441 1.20999999993 0.914338677739 0.995707506402 1.21000000001 1.01772444078 0.882469603636 
1.14196493395 1.08041479834 0.598322785849 1.21000000002 1.03379843082 0.821187717562 1.14213143477 0.832428679566 0.741846714918 0.973535098684 
1.16115364486 1.11173581534 1.20056762469 1.19945379577 1.10882825671 0.989998349633 1.14206179789 1.20999999999 0.876832947986 1.14213143477 
1.21000000002 1.21000000176 0.821943744314 1.0491836404 1.2099999998 1.2100000001 0.970900600089 1.14213143432 0.991790880733 1.21000000052 
1.00088247882 1.18379820015 1.21000000002 0.870762764078 0.828583344564 1.14213143777 1.08379497019 1.14213143477 1.21000000001 0.906689628125 
1.17216758163 0.966948753534 1.21000000002 1.21000000009 1.1421255597 1.21000000002 0.987543022045 1.21000000019 0.958281088305 1.03558316004 
1.11524153704 1.02850868938 1.2100000053 1.20999999994 1.142123337 1.00608323798 1.14210850438 1.21000000426 1.06641885049 1.20999999567 
1.21000000098 1.21000000001 1.00467282219 0.885669212262 1.11755076982 0.980463281689 1.14213080891 0.698438393214 0.996824607834 1.20999998675 
0.862764625571 1.06612123161 1.06846826589 1.05752300407 0.793682251045 1.20999999983 0.844944479464 1.1421422621 1.14213143477 0.95645993738 
0.839976204608 1.21000000123 1.21000000028 1.00492165822 1.14204572869 0.991132440842 1.14392958677 0.965281743297 0.806922533994 0.946606519738 
1.09041150438 0.859706512456 1.12820688008 1.19725676126 0.987887637206 0.917176777131 0.99365566201 0.949429484533 1.14213143509 1.21000001428 
1.13869393119 1.20999999989 1.20999999952 0.930660811525 1.1237899349 1.14212857092 1.20999999856 0.805864847619 1.0127440724 1.00556836226 
1.14241139504 0.762736890697 0.986501582306 0.875414346958 1.00168071674 1.03918345699 1.09232326557 0.966851665 0.929521011834 1.08913444724 
0.665307935562 0.96300784555 0.984157689152 1.20999999904 0.669817207623 1.14436432081 0.974487427694 1.1421313878 1.21000000002 1.14164885773 
0.996711063912 1.14213143477 0.656203091198 1.19102021144 0.918092919038 1.21000000123 1.21000001469 0.641013160779 1.1421313685 1.02479743484 
0.945073797733 0.958750765048 1.20999993263 1.14170357796 0.97662753204 1.00282916928 1.03145788333 0.973409321999 1.14213066934 1.20999999988 
1.20999951408 1.20999846946 0.660457171385 1.07003069967 0.94373347031 1.06341965703 0.9848406336 1.14213143477 1.0533095313 1.14213143474 
0.983145484403 1.03896298322 1.21000069786 1.21000084788 0.834121538314 1.20999999978 1.02353897594 0.577663303888 0.756606095043 1.14213143477 
1.21000533266 1.14213143477 1.02944519182 1.20999999946 0.602551843414 1.21000000142 1.20999999112 1.20999998375 1.2100000056 1.142131362 
0.991714572211 0.652661392399 1.17562860402 1.14902293534 0.997530265239 0.993427593171 1.20749150512 1.21000691613 1.14213143478 1.16353098929 
1.10495427566 1.21 1.20999999969 0.991703944086 1.14212282171 0.945920283952 0.949235672207 1.13178271542 1.03191505952 1.21000007478 
0.981163281061 1.02736648445 0.886634593311 0.940767967716 1.17591372825 1.21000005076 0.974545498226 1.20999999708 1.20999949987 1.14212987873 
1.20999993214 1.03415551507 1.20999999571 0.835936757219 0.997007268745 1.20999999949 1.14213056887 0.925775346523 1.1147666541 1.14122397414 
1.01691441255 1.21000000406 1.02374441138 1.00384266004 1.02984658553 1.21000001763 1.07211353525 0.961373887878 1.1421314347 1.20999697974 
1.05676175387 0.823477871752 1.04935246943 0.966448596562 1.20999999919 0.966335213064 1.1421293423 0.86963644667 1.2099999117 1.00123070123 
0.837900518978 1.03404923032 1.21000021593 1.20999994858 1.1424407924 0.951069920348 1.14197738027 1.2100000093 1.14246983422 0.977764310188 
1.10235934057 0.984732932215 0.956671187175 1.11818047818 1.01337925259 0.987296640414 0.987840220311 0.898670390585 1.09329523024 1.14248709749 
0.795402610087 0.959935557558 1.01546219413 1.05333396989 0.694046268852 1.14213050348 1.00643219351 1.21000000001 1.21 1.14207991772 
1.20999994145 1.21000000021 1.2099998439 1.00945290539 1.14213081747 1.21000000065 1.18584651427 1.00983558994 0.880366213894 0.751772217612 
0.842591845619 0.903581638572 1.209999758 1.05668260703 0.987278025756 0.709670967327 1.06059890027 1.20999996267 1.14213094269 1.14184604498 
0.931576937111 1.05640453455 1.20999934074 1.09200457717 1.01936203789 1.14248082539 1.14213143477 1.20999987398 1.13154574495 0.993871530341 
1.20999999999 0.722499154597 1.16718674225 0.765701842244 0.775164278755 0.961292523342 1.14213144059 0.97715723467 1.1795760807 1.21000000024 
1.21 0.799398187256 0.985702798021 0.863892173807 0.984545801407 1.07132815417 1.1421314356 1.16042676058 1.14212634132 1.21000000002 
0.992190624753 1.20999889088 1.2099999995 1.14213070979 1.02918019635 0.798202519997 1.2100022263 0.96087921761 1.14087658124 0.937515538169 
1.14213143477 1.14029184525 1.06600604535 1.06876721078 1.11139685191 0.986517528567 0.994306926 1.2100087506 1.02152837097 0.795793709803 
1.0764192104 0.973265730241 0.884886602683 1.14252853946 1.20999988544 1.20996499387 0.890314026999 0.78669313533 1.14218339006 1.18928697563 
0.939410298327 1.01104245385 1.17839468653 1.06804191155 1.21000000034 0.862311851682 0.94882623868 0.549096900149 1.21000000784 1.14213143477 
1.21 1.04994696521 0.832621404642 1.00225734422 1.21 1.21 0.949263091758 0.757324819986 0.792815315668 1.14211313103 
1.21 1.08066963274 0.749771563376 0.992530604725 1.14191216272 1.04575173188 0.889474405786 0.857105072099 0.738080402819 1.14213143477 
0.551625344286 1.00054728096 1.21000002319 0.680000096419 0.97564854272 1.20999997257 1.14213143831 1.01799146233 1.21000000014 1.16810404743 
1.21000000048 0.985077191471 1.01998313039 1.21000000002 1.21000000166 0.871526730506 1.14212071857 1.20999999999 1.02743319051 0.756178860533 
1.209998321 1.20999999713 0.938293352769 1.02818634939 0.96389176372 0.994651984733 1.14213072489 1.20999898 1.14078262539 0.797769673579 
1.21000008592 0.990368220323 0.98742018699 0.971870736381 1.21000000463 0.917181451053 1.20999999397 0.839945466391 0.988393094709 1.14215145483 
0.95415345723 1.14248088326 1.20999992018 0.978290731671 1.0072699613 1.13100967152 0.883004556166 1.00273387768 0.920466053852 1.14695633279 
0.857587640991 1.14239738093 1.10125373322 1.16057327545 0.989172187678 1.20999999385 0.931398120529 0.869487187431 1.20999999924 1.21000000001 
0.812028769892 1.13332618607 0.914290536193 0.9953889079 1.21000003657 0.8840955235 1.02636757787 1.11165110548 1.14211646881 1.20999996749 
0.843211570419 0.997362515444 0.968742782902 1.13149693815 1.20999999101 1.21000004595 0.629746394787 1.1421314348 1.05069824164 0.999814398938 
1.02445598832 0.965670544988 1.01253671387 1.09895863888 1.14213063971 1.21000014021 1.20917241147 0.975309378898 1.17379678059 1.20999959407 
1.21000000168 1.14213143477 1.15428660281 1.21000000334 1.20999999987 0.869679954336 1.00845512261 1.10194240716 0.891095740336 1.14190131199 
1.07081638948 1.01302672469 1.21000000064 0.937626518635 1.01907629404 1.21000015446 1.14213143477 1.03894107589 1.20999998716 0.559310418839 
0.544255267269 0.921564636266 0.967056191939 0.902644078331 1.05875495754 1.14213143477 1.21000000046 0.710399079919 0.962160665772 1.20999999909 
1.0745572092 0.876790379706 0.90837250365 1.20999988004 1.14213143836 0.81515253942 1.21000000508 1.16852276695 1.21000003273 1.20999999145 
1.14213143482 0.918261611544 1.14148155306 0.811553621376 1.03814926761 0.972075566143 1.2100000005 0.748544684811 0.969373133325 0.910535391928 
1.20999991753 1.02978010172 1.0021041847 1.20999959245 1.14216585177 1.21000041017 1.14213143257 0.688511025633 1.20999976186 1.20999997471 
1.14213067989 1.14089170419 1.20999750362 0.937325437715 1.02922952789 0.959209992186 0.971431867348 0.799269428655 1.20999969088 1.21000000072 
1.21000000028 1.20999761271 1.14213143513 1.17272366913 1.02201439962 1.03776295799 0.974483175196 0.732616318592 1.20999989295 0.986345656708 
1.20999775363 1.07554196373 1.1853358023 1.20999894344 1.14213129863 1.20999956179 1.02440824128 1.00341832214 1.02330935128 1.14213143477 
1.03620756795 0.945251035743 1.09472458949 1.20999993667 0.981244761769 1.21000000001 1.20999993923 1.14213060674 1.00017720007 1.20999994248 
1.19557710785 1.21 1.14109194563 0.970071715576 1.21000000001 0.947255873238 0.904340395561 1.14240638744 0.957730686713 1.00896680289 
0.989216300072 1.14213085981 1.20999994287 1.20114289885 0.907184648149 1.21000004756 1.14213143518 0.994730289974 0.628580462276 0.848498081725 
0.955764055867 1.2099992103 1.04650370502 1.2099998276 0.97404767753 0.810510224874 1.14230055134 1.14198757987 1.20999999446 0.964739151584 
1.04774579353 0.953040178809 1.13114048876 1.1415459626 1.21 0.96685024841 1.14213143477 1.07930531824 0.930097389316 1.04287109997 
1.08700220103 0.851844086492 1.09661701588 0.632615682971 0.998194222493 1.09620144913 1.21000000015 0.979383643912 1.14212959974 1.18212453683 
1.14212840009 0.786093697576 1.20999999749 0.905945158213 0.842026534162 1.21000000018 0.721025046848 1.14213143477 0.728367634658 0.999885949681 
1.20999895221 0.640655317163 0.990770058446 0.994301947006 0.901618878948 0.902732544809 1.14214203662 1.20999999962 1.02744280363 1.102850501 
1.10278610386 1.14190844355 0.965822059717 1.14095060815 1.1707683767 1.20584654002 1.0432234384 1.14213386828 0.999330277057 0.988267796785 
1.1555428762 1.2100001045 0.855231581044 1.14213143508 0.992506263082 0.952759988363 0.952474608215 1.07485665828 1.20999999982 1.14211154155 
1.21000000035 1.20999999793 1.16774144366 1.14213143272 0.85390976143 1.01666318115 0.974550885769 1.13886250007 0.78301493556 1.20999999854 
1.21 0.969643408643 1.14213100587 1.20999999993 1.14215012922 0.780729803194 0.919982247448 0.89755547983 0.731431745739 1.02441301641 
1.14213143477 0.638960190597 1.15094616818 1.1425788765 0.83545364231 1.14212601964 0.999263988965 1.20543559736 0.876599249209 0.983180145303 
0.992116793587 1.14213143533 1.09272538257 1.14208893987 1.04810653841 0.927982443555 1.05280869412 1.21000000081 1.2099999996 1.21000000173 
0.915481223275 1.20999999992 1.10072186053 0.690728384438 0.730733832012 1.14213143477 1.05690853726 1.16216237542 0.935047304545 0.964286216667 
1.02147518769 0.960956777274 1.12061616812 1.21000000062 0.724010053224 1.21000733942 1.14211313103 1.20999996791 1.14912861067 0.993108168022 
1.13859073723 1.02060297327 0.958654721816 1.21000000459 1.12651127976 1.00290168734 1.20999995353 0.578971896312 1.21000282334 1.14211313103 
1.0515671502 0.609032366066 1.21000048632 1.14312007971 1.14213143453 1.15120119428 1.02618506998 0.838921301215 1.05244304338 1.21000023521 
0.990920924097 1.02888605361 1.21000000644 0.961618994185 0.798216322428 1.1421307104 0.937288798959 1.14085911109 1.20999999716 1.20999999978 
1.14213143477 1.02412460462 1.01299059274 1.20999924185 1.21000012586 0.651151967273 0.572585133553 1.02811840876 1.2099999482 1.21000001106 
0.897508541259 0.894799284642 0.796884638813 0.883017905136 0.993039981616 1.21000085639 0.992712369559 1.20999999987 1.17404219206 1.14213032214 
1.21 1.14339934221 1.21000000122 1.04610076718 1.21000000056 1.14213143477 1.18842604516 0.625175730996 0.813889584141 0.845442063075 
0.965315361439 1.14757930445 1.20078763855 1.08259110633 1.12248950681 1.00763965073 1.14211439897 0.746173650677 0.965469113737 1.2100000015 
0.886122741753 1.14213143429 0.877491918942 1.21 0.805309154174 1.03739223876 1.20999999999 1.03183188252 1.03720223465 1.03406589398 
1.04921036376 1.14197022259 0.921154861869 1.21000000069 1.21000000056 0.990080376336 1.14213133631 0.843371106189 0.711406784752 1.06674513698 
1.0172907231 0.995477397203 0.954052712035 1.10252355508 1.12817763195 0.694063860102 1.11623724652 1.20999999296 1.15017436915 0.833759230497 
0.719034710001 0.911975970949 1.14213143477 0.769278697697 1.01836059447 1.03678158027 1.21000001079 1.14114639105 1.0283454733 0.921667512533 
1.20999999886 1.14211313103 1.21000003714 1.14525897964 1.21000000043 0.969397883296 1.07934670881 0.75805810691 1.12387469596 1.21 
1.02303798153 1.20999981793 1.21000000015 1.14213144098 1.20999999703 1.04665667835 0.686116364356 0.980514274806 0.972010377865 0.556944313491 
1.21000000572 0.724450580061 1.03279355243 1.17360751832 0.898379929082 1.06078232137 0.783913868037 0.952648405515 1.1421364472 0.964401689001 
1.21 1.01633166426 0.840130052964 0.80302743001 1.03813451428 1.2100000088 1.16816036287 1.21 1.21 1.14211313096 
1.20999999999 1.13167904297 0.759261658126 0.942216581176 1.14211313074 1.14536055924 1.0868914643 0.975542448406 1.00004207367 1.21 
1.2100000179 1.14213083659 1.20999972651 0.809369122167 1.20999948206 1.2099999991 0.931935578447 0.829621380231 0.616314048966 0.873443151049 
0.900491294538 1.18669718123 0.640639220144 1.21001509033 1.04961018661 0.732364630923 1.1184526018 1.14235527604 1.21000011423 1.20999993985 
0.878291844906 1.14197281593 1.20999999967 0.924333798571 1.21000000793 1.14239256533 1.17602625354 1.06644042202 1.0024952489 1.21000013723 
0.929205927337 1.03192342018 0.798280699201 1.14166699493 1.1353199298 0.8189276547 1.06495480087 1.18869596954 1.15853205083 1.20999999997 
1.20999999988 1.04832301659 1.15936790173 0.847721519318 0.996992254621 0.934258976157 1.0323825004 0.901387036435 1.09424762492 1.14213143786 
1.02408971291 0.934938931221 1.20999999991 1.21000000031 0.602315307387 1.14213143477 0.98267834353 1.08654185945 1.21000000028 0.766226467538 
1.14213143777 1.21000000041 1.14213143477 1.08379525503 1.21000000021 0.828577880005 0.906696796983 1.18377682871 0.87075907376 1.00088537809 
1.20999999079 1.17822107712 1.0218980373 0.655903849263 1.02888648308 1.20999999119 1.17629055928 1.21 0.94165110518 1.14213068558 
1.14213154995 0.894572021369 1.14664711982 1.21000000108 1.1780783303 0.65140351263 1.01461551236 1.14213143477 0.822153089478 1.20999999862 
1.14296833958 1.03879876167 1.10958056235 1.20998405354 0.638519155234 0.994249411713 0.872839822882 1.01380310432 0.65818704852 1.15109549904 
1.11807569667 0.993890148329 0.798661579569 1.14243365622 0.937711235245 1.21000000377 1.16324650928 1.1180024844 1.03946932944 0.955682983049 
1.21000000001 1.0337712 1.15374287488 1.14213068377 1.20999998439 1.20999999918 1.14127590864 0.989043190587 1.21000000181 1.06683882885 
1.20999999833 1.20999999925 1.03786013212 1.01658333226 1.1331227203 0.923536701646 1.20999998364 1.14201252328 0.708935425961 1.14239787758 
1.11132289907 0.916509421314 0.797945086016 0.956155957108 0.954117667028 1.0958111895 0.901776405959 0.882864205069 1.14237029936 1.20999999996 
1.21000000802 0.677294324131 0.912372250255 0.958086101611 1.14213143476 1.20954044451 1.07550876658 0.994805018277 0.843983235299 1.14213143477 
0.858846406816 1.14213143399 1.21 1.20999999969 1.21000001076 0.972017540153 1.04863540074 0.913634250857 0.877295292485 1.01511847528 
1.14225502994 1.12654278159 0.96761521736 1.21000000598 1.21000003726 0.913900183882 1.10959977072 0.926806403853 1.00271017387 1.20999995551 
0.995082726774 0.713578732754 1.20999999957 0.988353490246 0.799390135006 1.14213144538 0.827621380088 1.14431060829 1.21000000031 1.01525229169 
0.68500313195 1.20999995909 0.981532261491 1.20999993562 0.952794049074 1.14213143477 1.14216595229 0.902271203605 1.11591181468 1.00778060106 
1.01569082688 1.14213012479 0.698497676764 1.04432863906 1.1740603877 0.999623644511 1.20999998016 0.918164945707 1.21000000096 1.21000010009 
0.970065568749 1.08554454124 0.950456101199 1.14652073349 0.803895621832 1.15949368547 1.21000000064 1.14212848568 0.830968055533 0.995760011975 
1.21 1.02770631935 0.968926444699 1.0230513775 0.984054431687 1.07140713175 0.960537890995 1.21000000126 1.14212688826 0.98982827337 
1.00173327057 1.14213143477 1.20999992107 0.561070918819 1.20999994976 1.04217120759 1.21000000338 1.21000002701 0.878414281098 1.14212940371 
0.985893093156 0.952473535278 0.657920550573 1.10762789584 0.950533739391 1.14211488776 1.16074851266 1.21000004015 1.20999999467 1.20999999992 
1.03290784095 0.700974288539 1.14239639316 1.12769340714 1.20999999646 1.2099999971 0.886227419134 1.20999999527 1.01603708652 1.14213143476 
1.14213147776 0.730854386493 0.998949067122 0.955099412491 0.864553525678 0.79883146848 1.00687329972 1.00335080883 1.20999999998 1.2100000003 
0.935686482161 1.00369559122 1.13691591343 0.99151588584 1.20999979307 1.21000030696 1.01796430784 1.01759476165 1.20999997801 1.14213240065 
0.994051289614 1.10694924758 0.948409133186 1.20999999642 1.20999998975 1.02192596998 0.991780880381 0.966409221261 0.975852288272 1.14515329976 
1.11662731237 0.894864768417 0.666023709439 1.10533229173 0.858262826716 0.885236474197 0.99014174598 1.14242185282 0.93394706624 1.03678782994 
0.597705252794 0.845111842421 1.12307960907 1.20999999888 1.14406220805 0.993553903661 1.08982910641 1.07561404823 0.996609655748 0.622925207535 
0.611162364987 1.14213122143 1.20999999867 1.15686597901 0.606915938913 1.21000015933 1.14623540356 1.00705985276 0.91089222615 1.20999999541 
0.957444881686 1.14213143477 0.998075986798 1.04732680675 1.14365776836 0.923082535571 0.80275997065 1.00731285358 0.747332395179 0.621084885602 
1.21000000001 1.20999999979 1.21000000103 0.81720634947 1.0089575447 0.986469064545 1.1420873703 1.20580105279 1.14215353621 1.05938615465 
1.20999999792 1.14117620031 0.97007592871 1.14240531264 1.00896033904 0.957720713801 1.19555543868 0.904323670172 1.20999999998 0.947225555941 
1.06060332496 1.16993249562 0.87491108785 1.21000000018 0.913602771051 1.14213144038 0.9649935726 0.989883357332 1.21000000006 1.16936555463 
1.1424499681 1.0471867966 1.07574018724 0.972948317597 0.854168409021 1.20999999872 0.944017129367 0.976740704466 1.13428865558 1.2099999716 
1.21000006674 0.987493599744 1.20999961145 1.05650526847 0.999336941739 1.15097489687 1.14212942858 1.20999999931 1.13719713984 1.20999638484 
1.20999999746 1.20999999999 0.977746326866 0.983384182117 0.740001589673 1.1421312163 1.20999999958 0.870545047743 1.14213143518 1.19568133669 
1.07487954319 0.905205933879 1.14213143479 0.627941282747 1.01135390269 1.21000001131 1.17636410016 0.625514646182 1.20999840024 1.00553716256 
