237.116286879 -10.7949201912 -380.794404328 -191.846502796 -29.0468433918 450.522201706 263.98792774 -410.524331363 -192.024132646 29.0470746628 
28.986733157 412.54236617 323.984714789 65.8705363548 -307.4407019 198.095334479 -408.11984352 -51.0052933384 218.884127752 -29.0468425812 
-29.0468425916 430.047727368 -112.863675682 -13.2041429787 318.175734888 85.285235041 189.898569457 454.52610096 -254.161794252 -400.643071011 
-449.027107784 213.996421679 450.231330907 -13.678044261 186.208855731 413.327448238 -29.0468425172 50.1502847576 313.21007317 -249.56692259 
-149.223314789 277.586065094 -104.065616613 47.7378813727 113.97188387 -459.697292142 416.278472263 -170.045141339 398.526587117 -5.75623726602 
239.0141129 -460.930264571 -41.9359334152 -29.0468393821 -295.966618376 -173.718343746 -376.967205388 310.005463807 29.0468204825 452.387147623 
409.345759943 -57.0668930602 -418.319843032 192.305937676 -29.0468493345 -217.261275638 230.545034497 -241.914452535 29.6614105202 460.199385122 
44.117493728 -29.0468425173 -102.761615698 -247.838185818 451.567994657 304.191220068 -190.301821109 326.751228206 -431.11587689 86.5920302755 
161.390108504 29.0468390195 -132.733073776 350.331816819 -319.834122913 -333.74391366 456.400759241 383.501892943 -132.762200059 -2.17194545648 
-219.826114845 321.017288971 -209.673983362 -429.04847597 -440.399698793 459.554966544 -317.056828127 -7.95875001184 -2.2649386626 -1.36768622669 
157.610153102 454.722362262 429.593712567 -393.345912408 -27.8875085208 230.12749924 181.49984484 -43.4017789053 -410.369520214 -38.3020452493 
459.771225806 -66.5607732242 -29.0468425173 414.374647203 -86.1440500271 -394.491733927 313.475440101 185.242908372 -421.453652726 -81.5360484505 
-27.9786209358 -19.2354513848 191.560077176 411.130629545 110.756721811 -241.629486822 -315.512716317 -460.652063218 192.844388345 442.259744903 
-377.981372256 -389.385128434 -53.3803755778 313.147886391 305.355030511 -29.0468444104 -404.943290922 -29.0468425171 454.614642241 -100.009573022 
-77.1896106771 -304.401007499 -29.0468426802 379.328764757 -71.6571338692 150.492480379 318.053270561 -450.699305786 25.8332279725 293.619938737 
325.513451085 -154.181701024 -142.951020797 45.3299262652 -147.624482879 77.4455363682 -374.860745285 63.3080860943 -369.253897547 458.951448817 
-29.0468426718 310.639351181 -381.141678928 -454.418799097 289.293578488 -165.397383201 -168.427998556 -29.0454391428 175.914815356 440.380274951 
17.5477394029 456.931077125 29.0453109434 -195.563372793 424.536895332 -200.912148649 -414.740789281 -192.101165421 -414.379462358 29.0460162451 
343.280504336 86.6824413637 -8.79107112196 215.756282987 441.67034632 -231.823516021 31.0645931015 -35.6189241616 -222.11880384 408.871562442 
-386.30716146 -29.0468425171 312.664284555 -20.1115584041 415.663725575 -223.883671495 196.682359367 -430.113898387 -24.194397318 459.582185079 
303.835148189 399.078801104 -459.600990813 -239.322273457 -169.113490179 -192.881172707 -400.930823365 444.947531009 203.292330724 -26.2501438495 
-215.902930501 -1.67137564838 314.644977837 318.87322611 -6.12585464467 -27.3683766887 -433.449370267 461.906391475 -345.866478498 -213.159155504 
118.299242098 -103.221085116 -86.6819538305 428.597067707 -428.202607512 -126.581631737 132.666328127 414.463612485 -413.3667196 86.6823428505 
187.16469513 -207.095569971 -36.6943176678 309.623275893 -29.0468426774 -28.2767631248 -384.550111223 286.779168664 439.868992754 -409.750252527 
-29.046842598 29.0470890873 450.522555284 -410.524316681 263.987461071 237.116476455 -192.024670928 -10.8159755805 -380.794389099 -191.847384555 
-26.2903078837 456.280887701 185.006144823 114.022352956 -26.0938958866 -457.56667833 -311.926565241 -29.0468425172 -240.163878128 417.828640954 
-297.269528479 80.6081395965 -29.0468425172 -442.877891168 308.225004937 -80.724382755 -76.5967285642 462.3017747 35.3699754193 319.014440825 
-150.756342063 -127.434445412 457.155856317 -356.429698913 -14.6847665207 -329.467652797 187.7417763 -29.0468425171 412.49857043 -371.541342079 
125.531450176 -440.351694002 29.0465896089 -192.646238085 -362.54796708 -413.390675711 -29.0468425173 242.643717847 309.527376373 461.153406832 
20.1028684155 262.107878302 422.162879036 -406.023029246 217.528671895 -9.95309466478 388.670356899 37.5970339963 -95.9457627161 -257.448873033 
-4.05022311701 -318.589596229 -118.721092047 323.810882154 -423.367927123 -202.683321648 -2.00731379639 -450.32893814 405.075388539 -39.2274392104 
86.6816639135 196.964913736 -378.365536263 35.5695954774 420.966138832 -133.583398098 18.3437012773 241.339336592 -188.456703697 -378.040884883 
-323.365538673 -149.185712298 438.267941512 12.8556767199 -173.308349243 22.1039044292 -21.1075635427 49.1305015279 444.480771875 311.338960781 
66.0456875739 -86.6824698171 201.165657047 286.139397818 -426.749832437 -113.660583498 446.984954765 83.2118514582 -134.924865908 405.378704826 
-151.453385163 204.152984052 -204.836027101 114.332792919 308.260509381 -32.8325199189 432.36655398 250.348448676 -354.453880379 -29.0468425197 
98.2934162769 33.6719351279 -213.770664077 -369.509975754 -33.0249463453 351.433272076 -78.9899574198 137.328675649 -90.9796137159 -342.376776498 
415.97957988 -28.7036259734 -99.1006072972 29.0468413401 -218.504288244 -423.194188761 201.929285817 -238.633278552 -457.419082694 400.399529811 
416.143659262 -321.111935344 222.087835552 -214.179351223 -30.5056850821 29.04682742 375.42189306 33.203696342 -125.0453784 173.613630498 
-310.910900268 -29.0468425172 -104.794479193 408.272227386 41.4112790207 18.3312729324 -358.553693101 -205.702643273 304.260092568 -456.519809415 
-142.951006586 438.591790931 341.667379001 -38.0190332037 -169.912925266 41.7029142498 233.316128755 -205.404522339 37.4521950533 262.4637613 
197.844404966 -115.066250933 112.801764241 -362.44919154 -331.932183191 36.0710080658 97.2831870661 -217.734909113 -129.481229672 376.879015812 
-410.399789843 423.519774551 188.231907527 -29.0468537967 422.88127666 -49.1857336909 -28.9171013168 205.662121012 -415.682040248 219.607962306 
321.649028113 -416.014295408 357.766297091 458.149489331 -442.976213862 -110.932786297 -0.00704977563775 114.959959268 99.5643951296 140.390147178 
-109.534446003 -136.072463424 307.204009723 117.200608811 460.464571753 -355.223980115 -136.2524288 86.6824414905 -363.444275348 65.6597730614 
-29.0468425168 312.69368572 -458.975764156 -169.385706566 88.3465876707 214.45372216 -174.275137543 -216.176077242 94.5126085333 400.187306471 
-89.5248036699 448.440830512 -126.410150973 341.53043065 126.389851233 319.439285485 -8.95752278907 -116.376236433 80.6643058222 221.45828474 
37.483476233 76.6526763053 -406.934732009 -226.318720138 462.599174764 -450.063948011 -6.4197280329 -304.455038925 -185.474849432 29.0468107181 
188.549847007 -30.9751584812 -256.25760122 167.636689002 -208.753953378 -33.3400308717 -418.798092117 458.534324252 418.646400951 29.0468392749 
-57.7907346975 -261.912262837 241.636975582 394.738423155 86.6824382833 -448.51851754 -202.000097909 59.8212147535 162.543054528 -190.316203081 
-8.30127526221 29.0468399352 -460.557883275 -134.70563759 462.12524449 -320.695864528 -287.279577663 101.805779899 388.543296415 396.634970956 
309.175745269 -460.348688493 -373.266615672 -29.0468425164 -108.002330585 -27.0691986631 215.413418148 107.115201106 398.788415983 -314.742012323 
13.418676658 283.268730544 -314.34559309 -62.9463588416 -29.046842518 -459.205476693 91.0795829464 423.797823469 305.99445408 125.64918696 
145.612338331 -378.929061443 -57.833445974 257.823691589 446.368349713 -16.2864235498 -51.813220307 442.393597812 -95.9804821577 306.404807922 
306.952400031 -29.0468426574 448.633610016 -28.967744965 240.390601105 77.5475870197 85.7138761099 308.874078782 -287.115478762 -456.687302782 
304.015303451 -307.626748678 -399.855714172 460.404016696 -178.768206867 28.9337851982 32.1731869247 -29.0468425173 -373.896060231 -38.9180910134 
319.829127009 -145.850017392 -29.0468425172 -398.795405561 -212.498633318 186.349218098 -431.562225559 406.536031538 459.960644682 -3.73813774935 
303.491826428 -144.585807028 -365.00003381 -315.393790358 67.8889288645 -29.0244966698 29.0468417676 -96.9413374712 -342.355687413 441.154671131 
-336.254800915 208.44048299 72.9678847256 -27.3586052695 448.065718739 -354.304331128 -309.291335909 308.319807543 34.9101726512 -76.0201806969 
-314.558488821 -460.167397592 -59.8799319532 -1.52740984163 -47.9766459228 390.8974949 308.724498531 462.058030329 -318.730928285 -29.0468514219 
-29.0468425173 183.425221164 -274.249195842 -39.8862333428 418.726299934 -214.754781593 -457.696655554 224.715115834 8.16446948178 448.211570671 
11.7035484409 460.348962722 -29.0468552682 -192.437846608 410.459271281 -383.399611023 -409.972646071 187.646742583 307.254137289 -29.0468227683 
435.916823902 -250.536070579 45.9743584 -27.9561247882 -29.0468511331 -405.378751019 -243.014869831 259.532046382 387.767607265 -28.5967759662 
-210.34970217 388.689837018 -6.2606307522 29.0468363231 462.142249265 -9.80736183482 -427.252410165 -400.226627662 314.818605186 -227.215169008 
40.5867803785 103.175313371 -271.188355115 -29.0468425191 -182.220606327 -60.1084008781 -402.385918212 305.936802336 -378.450444192 456.991851913 
-139.482818208 14.4214747571 340.424344146 -350.650078751 457.672373614 -150.953519233 32.4326362358 -323.68813799 -369.637085538 72.2200237116 
451.643520419 -2.36935516776 -211.476759656 127.887354243 434.775145876 -62.6083455231 -14.9947983523 -458.951442062 -313.987534025 -317.338849099 
-459.781277709 306.759353097 -29.0468307733 133.158414201 160.126035968 455.642242079 -307.28028383 -238.910410006 -6.04952495273 -224.071030248 
308.343276709 -207.196861415 313.405245762 -26.2858799994 -29.046842758 164.148101357 -429.88176992 197.307079889 -235.378825121 -402.919945734 
199.272607121 309.948342776 -429.98735595 415.929843194 186.099994455 448.56364297 -284.378570704 -29.0468938979 -29.0468425172 42.8379363229 
-28.7121017926 -455.021963732 101.654991278 332.84502342 304.228775766 49.9794341352 -309.413584556 43.1194633821 -87.421064241 452.729177726 
-346.690032971 -321.673392049 86.6824414798 436.115376742 398.658226456 -17.4114866596 125.448512499 -95.2646209826 -371.693239949 -106.27421522 
-90.9605369777 32.9832714684 135.325420106 -214.371636603 -205.777346845 -342.356619308 272.274006346 352.047829173 98.3343076993 -29.7909768997 
140.393106594 49.7898852058 -327.138110934 446.241507582 372.135553697 236.412421333 -17.2593447646 -155.705605244 -167.031980453 -40.0244610805 
107.388527599 -5.41506290897 -348.772334805 -318.542076082 425.4370742 -97.4038244288 446.824420887 -22.732418869 -321.81041617 -5.50193130697 
-117.48626905 -442.938118256 453.25593178 -72.8611436908 -119.723967611 312.227852621 90.3687451412 -317.478652539 0.198342304715 399.331498563 
-370.539648847 -217.785941554 223.442236444 -352.145033431 461.287716171 -67.7771984909 29.0563805431 -29.046842519 -325.18284086 -15.302250255 
458.951440481 -346.420566174 87.4144815638 -94.9982593211 188.016149358 129.007124481 -103.15577476 -29.0460035086 -392.186328961 -373.382727733 
10.1477967914 -27.7779660576 -447.144617272 -301.76348788 -29.0468425172 461.375438087 302.583708103 -226.672068252 77.2047433299 302.846781626 
-313.276140497 406.232052848 -321.215654635 -7.79358497573 441.655310605 -458.87546051 -11.1862147368 14.7659170565 -239.153194194 -124.591246119 
-99.1606559424 189.123159455 283.796004666 -240.360677837 -457.535053135 -13.087488263 -29.008829235 391.280670698 416.711208162 -323.174158682 
-239.943132583 113.500363561 -24.0340668975 427.068826403 -31.1920232665 -458.196525377 -241.192021439 -318.290626023 391.099964165 -0.878242050729 
221.604504387 -82.2154907762 -405.378783232 122.896376498 205.307712432 148.315915153 431.931944429 3.88179719039 -245.485039313 -225.806513434 
187.267833232 -274.892804417 441.897369303 391.45460086 -420.994830635 1.1807969978 -122.655138986 29.0468421802 -213.840830795 299.166089721 
-115.312475952 -310.453755325 -85.0001450377 12.5960656664 21.9391275743 -155.734077625 410.313632462 296.183233396 170.389820294 438.024039787 
-29.0468426251 309.56917855 207.246591046 -409.154844992 -49.2443038711 33.4292769005 254.822888752 422.760615225 -353.192912413 -29.0452858683 
263.779422877 -319.199716949 -60.5574180123 -226.14733801 -208.631243402 381.880904397 29.0468378843 389.927431122 0.813672011427 -427.380830437 
-15.6053792931 440.958168346 -314.466114743 -398.779677309 1.24648447831 -459.589045754 17.8763744566 447.823924401 -199.912315451 281.064622243 
-157.464578264 -29.0468425173 -29.012747036 -447.684922698 -302.416035782 304.422719547 52.5508471032 302.64285096 79.0094686565 461.296949706 
49.0359725897 308.656992292 -0.645507624522 -355.194893474 -373.406739377 -116.135287889 -170.837240315 -27.3579974595 416.271269832 -328.231460105 
29.6875692959 -11.7250583065 359.263630364 -321.785770516 -107.680204229 -117.061080037 399.742072448 -460.970282552 459.988872152 143.677659295 
436.841314585 -25.8096504815 247.348434042 24.5829759872 263.160666681 -10.3054794364 -414.796222558 280.638212668 -389.860097086 -209.228470228 
78.0019323647 -169.914461891 403.881695109 80.2167876467 -188.548147524 147.213437151 -142.951006749 251.335982922 457.842434444 -215.551535935 
-429.703165025 -86.6824921503 84.7791768072 110.122494553 460.711604244 -109.764230673 -360.167990252 -102.994431298 -402.741246397 248.913927741 
9.54648568061 -94.8445828514 195.796349844 -313.697266964 -92.0142445708 82.2087609077 305.318029929 -68.0366450574 445.572159623 417.676449874 
79.342289236 410.480438708 304.896940938 460.345824873 188.098597962 -79.1452377743 -29.0469067162 -433.141396834 -287.53252562 -29.0468425434 
49.4581457705 -188.074875817 9.40274573749 -328.615549059 321.169465447 -357.585943441 -17.7121406239 461.459331712 -167.898152741 402.325902143 
-351.544691639 -317.43728254 379.168382747 -56.1217377339 2.15146631396 15.9178550504 -325.534353445 391.217950705 243.487880985 -133.784137329 
-71.7546721917 -459.048486358 -87.9553202267 437.928146523 218.387229833 275.672392839 449.737566599 -313.986787604 -6.28118078447 -29.0468569473 
-383.11806832 189.669530322 29.0465804677 459.405875179 54.366262348 -88.0111368346 -164.735865582 355.800870152 -357.304817445 -309.24973186 
135.549920108 318.952191218 -80.6915488281 -225.577950054 52.709991461 -370.801133853 93.6084641851 135.359155153 462.484215589 -121.942617768 
318.860214316 -84.7454384794 -77.1377923954 132.528456398 309.17970656 25.1541720393 447.95959053 -384.069251601 -409.543232842 -71.9667750023 
-383.497186643 187.496069176 51.3355602722 -142.951011952 55.5639794775 460.017844069 109.704828681 322.202268462 -357.430259377 -166.041395269 
199.939983244 -55.917854586 -234.961966378 459.052426046 -29.0468425172 87.7988730351 311.727160303 -27.7745533524 320.13239089 -451.102201823 
-0.788045816874 -323.364064158 -317.999357673 -54.7265371872 79.0601292081 -349.590928367 394.813395689 -129.338508006 -5.19294978576 430.489912545 
-15.0275332368 -213.808169905 414.339480206 -395.001797678 459.776391102 -1.53755325852 312.843310499 186.975677969 -29.0468425192 -421.963716359 
388.854507516 -244.243727935 310.460790521 -14.6834928957 -450.957035718 -271.23084436 5.05105889017 29.0468391271 460.007976619 88.5597565055 
-111.643091332 -233.98846811 -425.587993567 101.971688368 405.378630754 242.915926307 446.01618692 9.11236820424 -445.163800947 -299.177675839 
-95.7480112506 309.331045834 129.743727606 -403.9901414 -111.148267366 -320.334652278 -378.999379948 115.988210262 -86.6824415613 410.335653996 
323.2593425 112.153933283 -4.18756191433 -109.607918227 -424.220097654 -97.7256182183 427.036658879 -5.82161060187 -203.720146073 -318.667733346 
-92.0899398603 410.246926161 262.541784172 187.228998416 -380.811344491 -54.8813786576 223.007833087 -60.0661422849 -29.5425872329 442.239841898 
-131.231865974 80.7047601091 450.117953014 109.508023252 86.6824382351 84.9880749065 419.432143728 -377.09177995 -205.15364434 -223.067563506 
-424.663110971 411.641867254 154.902848422 -66.5078567392 -94.6531145774 460.173888082 -69.0401268174 122.623469058 -57.0276133774 -279.057847255 
-315.170647646 209.908801367 -29.0468425173 431.707682689 245.486574881 29.0094807943 -456.115474638 -38.1844562285 -93.5862680288 -296.598941431 
424.108560251 146.194798873 38.1561235181 -25.2723722663 -319.035420537 -97.5369239609 446.056041063 -6.63197623374 -171.289028915 310.746619445 
-455.977563493 -3.91468417024 -348.730849617 200.005360746 -44.3084925185 448.065783347 435.886719715 -137.33946986 -260.605121186 86.6824248201 
96.6314241041 106.25163168 -20.0442748599 -314.732267886 -341.562881603 324.57062373 -242.348783828 -86.682441505 -460.027783821 442.311297403 
-459.262014049 384.606579823 58.9725272572 -223.967121985 172.243253403 438.885653791 -196.965148909 -313.419056191 281.993634492 20.0174685219 
206.394558932 443.07838254 -77.0244659161 25.841532554 -403.889611544 -46.460510683 290.789474288 -29.0468425172 418.687993935 210.508240159 
187.669667188 -407.133648322 -28.4153622917 18.4543496718 29.0368394193 -187.673871188 392.647064479 -225.81268511 -426.965081963 456.271302092 
142.950022542 352.370641441 459.240796439 -53.2167929622 157.402031194 377.895770625 -93.2482910232 -51.4609339919 -462.599174818 -109.705838336 
-326.016427455 308.600360461 44.198190461 -179.094151044 -70.3608815444 -352.978345598 409.767081291 287.580712496 76.7905401884 -29.0468425387 
-180.202486148 -403.310267369 45.0953860667 -188.809456117 -314.810570577 -89.4554260632 32.1882302091 449.647470183 142.951000195 -461.345281144 
130.575704347 113.481641175 455.456936223 -407.595400695 -94.3309854235 416.997093688 86.6824250644 -128.103896908 -429.487207912 -89.6316234008 
-29.0468719459 -155.637292779 314.617423858 186.351433874 -437.881859543 412.890023152 -444.008410618 459.989659226 20.1753722018 -196.125970512 
-16.6547140614 -313.41023071 240.080387138 87.9516015132 29.0467035386 -459.838220716 455.693767532 284.097850059 -126.351058599 -242.336501942 
-107.458441929 -7.27423664105 105.053308048 43.931061747 427.016661753 -325.547813822 442.398091401 -98.448848979 -352.509709682 -319.359697136 
422.647087138 65.0838439543 -438.312963873 127.320814712 82.6745554942 -413.188046967 216.959515134 -86.6824655707 348.473969189 -136.071567208 
-407.515110021 -261.906071378 -61.1993526688 53.2307905658 227.935957437 -29.0468428965 -29.0334318714 271.877159573 426.848323171 445.299864303 
430.078552647 -86.8915066225 233.828837851 -18.3258304974 -269.683750268 454.512786538 312.182953894 121.225307687 -29.0468425172 -306.977662077 
-373.337483129 -79.8272227576 -192.445825347 -153.426479094 29.0468425164 441.718651135 146.955768882 -28.9558455787 304.816403617 -410.513626285 
-457.70700828 -119.004493971 405.110460735 -29.046842517 -319.017592514 -4.33229610246 -216.329341522 85.6672577362 224.42319225 309.029008269 
-254.281930549 207.75891273 -196.965145646 422.124349575 426.946522612 -32.2088313225 29.0476386101 -223.006445114 190.464084144 -0.88937657004 
338.24521023 -4.83347061168 -127.813316149 -116.14758815 -459.699623895 -319.251260064 29.0013134648 381.074646325 -314.449653936 398.646130892 
91.9690943562 -430.113830752 325.25713989 -284.887516646 9.58124014574 4.66297807193 -184.659468279 343.474871729 -257.925532142 237.604397869 
25.4103838998 305.521278733 -29.0468425198 -29.0460722318 -183.588978671 -404.14765187 461.053525736 304.782725265 68.9916865785 -378.006418674 
453.195301659 153.316292248 -320.969135436 311.29135857 -36.1850485487 432.23185795 -101.081859311 -394.012746354 -11.9970761546 -42.4970038419 
-38.4957020852 -134.289644982 2.07121689404 405.378737387 -11.3672141812 -323.292029192 -449.557194376 -238.877869751 312.158177411 445.535553151 
-86.0827497297 403.482430735 319.192924741 -3.13558176981 240.487126157 97.8307292001 -458.04943171 -317.951326744 -120.38528033 -118.031207393 
-319.914978795 -4.14666110218 -346.877203751 273.197081076 -231.781109696 15.239811867 408.606872289 86.6824414935 267.107014847 -365.247969279 
308.882697386 319.468896455 -29.046842517 119.549111359 449.869729657 -88.2926922739 67.8590341981 -308.974186944 -258.607155575 -285.569074256 
-29.0468444723 308.207793431 462.436004718 80.6005265563 -29.0467652367 -297.264376164 305.262713691 79.3192818526 -84.0237942368 -442.873272833 
-8.29445397944 -29.046842517 -459.696730203 157.227761287 -237.677028231 454.643718981 10.2680800862 -308.09068533 -314.819493576 306.25164285 
-114.269716965 285.642724196 405.378745852 -137.455692347 -313.581730063 -287.506514218 29.0462535873 13.7226988147 -459.190639187 149.315353677 
-24.2128501798 -430.113847786 -29.0448563799 -386.191572564 459.603731201 196.595722557 -223.889510226 -20.2474467002 312.485722859 415.516603057 
-4.17531069633 -3.11617420745 -428.735742003 -208.238171013 320.77755085 461.198535938 315.629582937 -401.929761349 -211.405230662 -6.41034128979 
-97.527384571 -457.447317272 8.52809497934 -318.479328883 254.164470921 434.628616358 -313.023466886 -5.47181401209 288.873836105 -29.0468425176 
385.932886904 -178.625134777 233.55645322 -227.473501392 -76.3056986119 221.153952809 -6.02231732068 -205.587053477 461.821543098 148.24085634 
448.585477779 -5.84340973048 -73.2282950268 -29.0468578913 -22.5404441656 -318.595989738 -429.333009127 -402.371090448 439.450951521 280.084878418 
435.565259141 -137.031166139 -29.0468551791 451.164061407 -77.8827883169 311.104478109 64.6218710039 -455.88544848 257.327316298 -128.265091017 
67.1733033905 -64.9560152395 -457.854355342 -29.0468425172 -317.324496756 450.805533991 215.261952473 309.909987207 375.982653367 28.3437706285 
-77.1059920462 455.799376243 68.6455147805 -402.482053983 320.491914636 -429.443974047 300.426067412 116.043184684 -29.0468185201 -247.873102167 
6.53310571081 -331.678339755 360.334025899 246.650870158 -356.535222861 -314.40642282 -35.9648599548 459.075176971 -97.4013089559 -11.0430683726 
11.7803531429 -409.898820274 -383.325277061 -29.046842667 410.459596483 460.348914512 307.228123585 -29.0468437969 187.65310253 -192.359207684 
-47.3925951724 -320.634633118 434.502196369 175.681103981 -336.307161365 400.477469758 -8.27886275606 -94.0083594535 -363.268978622 136.376219044 
405.06429025 -29.0222630894 -318.815311209 -215.892491114 85.7218063638 224.505074769 -118.698874925 -3.83400274833 309.057295078 -457.642407739 
-68.8278791138 311.505358412 310.817012617 88.7689695364 140.691399501 -67.4099190341 -29.0468425173 -374.406492247 460.623992774 -405.249936206 
322.018688768 439.790079417 -29.0468425172 -430.172796671 448.621213292 -210.889186938 -284.605518038 28.8247915104 151.826245529 283.658677896 
-264.513818169 -152.506843855 398.774058449 407.694850647 142.951006586 -291.520526166 -79.0152458761 239.958611458 5.61883594754 59.8557891431 
-84.7073087709 142.950978867 -374.386467062 85.2767667679 -156.069959662 -354.785525104 456.155620968 -379.639035931 77.4909368976 196.965142532 
137.342111365 -87.5557266562 -460.247660657 -9.95332776203 139.812808244 -213.690994585 323.170203887 -258.126947935 374.250609177 -237.941605317 
-355.20734997 -56.5985273942 252.542422293 -12.6792672392 25.2993236752 -125.486512512 -374.784408725 436.337494075 -328.245433413 412.044523289 
-240.008648855 240.446967424 -45.1976460193 25.0675134473 -221.335158753 -213.046821104 429.928975887 363.60075746 203.016672515 -16.2848879493 
-399.785215724 450.018420111 302.062267769 24.4373580931 437.461487529 -253.07928195 190.05094958 -181.991239934 -29.046843001 -29.0462145502 
-26.92701206 -403.70565506 191.580397078 352.570042347 -106.828577707 -430.667574289 -241.191964742 29.0468417588 -71.0339148266 461.886373507 
450.535640894 318.701513682 230.334427826 1.45940423831 -251.372984094 -88.5106371879 -52.8585660326 29.0468346909 -450.444436454 200.318576605 
-55.6163453138 -393.58778441 249.83416793 -29.0468397042 -368.066740987 -68.1178978078 -29.0469351997 -388.355982915 302.422732958 432.744269608 
-402.988894093 -102.761395627 440.388737363 282.041215798 -427.087801997 439.946477391 -29.0468564406 -13.7852533538 -74.7098002829 -321.729908636 
416.13062847 -29.0468425171 459.513856861 193.797679828 -233.850305334 231.773138508 -217.674805062 28.0807482966 -34.8419972203 -439.98999441 
305.313749566 454.540922828 -29.0208096958 -99.9263478865 313.006703149 -52.7692360812 -404.918929866 -29.0468425306 -389.470501635 -377.957011184 
428.56595833 29.0468163448 234.118105407 -289.272665848 408.207728257 -262.310747161 -309.458995996 258.306981026 -100.281403711 9.91887480048 
459.781008121 -449.575525778 -285.489840839 267.893987105 -233.70427119 84.0653304074 29.0467901808 -134.433206629 -416.660100658 139.681982992 
10.0207690756 29.0467759219 339.022915023 -204.670758522 -120.359005213 -441.98690989 -192.278715223 455.015973839 -314.834381294 -415.025749364 
305.696277725 -404.471923253 -29.0468425429 24.951562156 461.09714531 -27.1898042947 -378.320113616 -183.944104264 308.39705702 71.0313022118 
-355.34623695 -228.728398808 5.77412180075 -0.556107767081 70.1105320265 460.443920932 -134.912004173 138.314368595 374.250607193 -327.098225063 
-279.099302433 458.652574314 135.434023463 -64.0422141312 -247.873097212 -82.6640355791 306.759161993 260.023778662 358.065946968 46.7721865764 
-435.959843264 459.59039789 -223.156257819 -441.313310335 145.745594383 68.1153495212 328.027727988 -150.146849988 -246.662645355 332.132090581 
-319.600087336 308.12447216 -255.566536182 462.159931085 -129.971675382 52.2807860839 396.341152893 -459.995051757 -19.9728133818 -5.33548273965 
227.407860535 95.8846042657 291.239768659 453.400470857 58.9845711385 -409.86753721 -455.452709905 -17.6487470737 -29.0468425882 427.148061651 
426.60375998 -319.330104464 295.047724325 104.579800437 -7.12847337629 -456.434422876 452.512533327 -29.0468425172 43.8217911201 -98.4511571831 
-451.217627393 460.281627625 -165.388390073 -31.7631609611 -375.217899006 -217.242626191 294.917285898 29.0467262655 234.891649469 -29.0466924175 
434.942746567 128.487052306 -17.6640035648 -55.6476508849 39.6458215697 217.03972761 -208.529671625 -452.504717434 -306.895808353 433.038403634 
462.251390633 -429.131407728 -4.70023164645 -29.0468425747 308.83137544 60.1299475769 -140.419767093 389.631201224 -231.599370049 -256.633719787 
-29.0395248758 458.597121498 -368.03155088 307.805801137 299.870263653 3.91977547817 230.573379511 -29.0468425183 64.086867661 -219.727304199 
-196.614399669 215.967967819 -419.563423188 -98.775913364 -275.037661295 -55.855651115 58.0304286417 7.02122923027 319.517818433 324.790418081 
311.633845369 140.053122873 -434.380502191 -40.6979764024 460.033788771 -29.0474521308 -378.831884734 412.59072147 186.031918236 -29.0468425465 
-164.870121499 189.138432193 51.9481886662 -428.770690149 -401.95054435 316.839121815 -197.577223895 -15.5387283238 238.770926585 448.436256577 
-192.43020462 -29.0468425172 307.252890337 187.645973058 460.348977018 -383.394878342 -409.967103952 -29.0470047092 410.45917484 11.7164037456 
-282.416492479 29.0468304325 -430.113727234 462.599176415 66.7368163754 -139.743951831 392.642554089 379.199651013 29.0468403395 -234.914725307 
430.364473739 -65.5466008272 -349.740392679 -317.998789167 391.236695227 -59.8127957546 -323.838210827 211.783387958 -19.5980440177 -0.0978226072516 
-418.345052455 -55.7997064029 310.056590576 -29.0468425122 460.543895671 -44.9784054421 -319.534438611 392.072492727 -4.08314406932 -391.383133774 
-283.847543769 29.0468282801 40.962410312 75.7633328489 462.59918837 -78.1844850014 -446.688268467 -220.277282448 -301.079359353 -442.077191273 
-116.77550936 73.8945906316 -364.672673612 195.985285464 -134.684217959 -158.289415529 321.280749753 107.875004911 451.907734652 -26.3666172671 
-6.78798599228 430.113824495 -58.4882870363 416.965075143 237.204833136 177.503182931 -318.994209023 -457.452965825 -97.8028904833 -29.5778700972 
-1.29122277322 -15.5139853879 461.252433965 339.503258832 -43.8000390965 389.727553246 -318.833302572 -324.972767476 -350.487172711 -49.0803779053 
306.425087986 -179.230051121 25.3568472015 448.485837938 -134.014394297 -107.050928265 104.452391488 -152.065019569 225.111609981 198.836904717 
-168.876540805 447.080363386 189.581002016 418.916289642 212.135267343 -7.56926185147 -142.951010236 -16.0737976678 215.335807393 -193.775840598 
418.825022427 17.7733850809 118.900005084 -351.419707849 86.6824414418 -131.523546166 450.44472747 -377.216432063 165.889540692 -190.601063253 
26.035123581 -204.104765304 348.604776415 -1.89890329616 -8.36162885771 -408.514112254 -160.423768766 455.894158064 244.432570742 313.838751088 
337.038409757 -424.976436831 -54.285515165 86.6824381738 -204.411540579 3.61587491588 -268.60200074 69.2895424951 -264.434608556 376.657706041 
183.530154178 376.554933365 460.718075728 407.976711349 156.767646616 -213.105740131 -196.96514891 -3.16226415534 -34.8875756817 -223.927067645 
339.986778684 -126.462619506 453.087727101 -33.8740560635 7.8305430314 -320.981691246 -314.839357524 -347.182547297 81.8179946428 18.096777739 
-178.267802818 -396.483384385 -459.380880007 291.362487765 2.63147015981 316.04854487 -114.845424811 -21.4628194614 412.35313377 -313.771970871 
431.560228078 -29.0468428979 -166.083569733 -43.3535095048 78.9159537838 450.422117296 -243.266354914 -461.703391922 172.139154278 308.047282381 
-440.035210248 23.348849632 -413.074640509 419.460019158 -320.214964439 -148.985448596 -196.611409205 146.396182743 380.799205926 -6.93788723382 
35.9686685044 289.017547378 -169.475475206 -459.014382933 454.148200991 219.526792081 -62.5151933078 425.100315348 -29.0468425172 -242.350640764 
-307.521577627 313.518331226 452.989966089 44.2005471665 306.57430033 -391.022055692 -380.598067364 -29.0468938384 -100.395373198 -29.046842519 
36.1478610034 -19.9145861783 320.628559181 -263.071968934 -407.487383749 -101.678147623 445.392818267 198.028606022 29.0462612636 -187.460588976 
446.120483761 -435.745530039 162.997597984 -29.0468425172 294.729870988 -253.608055402 0.940972308534 442.639100036 315.23904703 -220.23282321 
309.454412248 -226.831561103 16.2139636973 -29.0468425922 -372.019055579 460.997629647 -449.424162499 -14.311337126 -299.780274695 83.4030724253 
254.976329491 408.805383726 -319.783897153 -346.745775854 -31.4026346986 -109.170021551 29.0468351729 -190.068174406 409.47084329 186.127835897 
-364.182245006 -163.95735212 -337.220285477 322.52525744 314.708680478 440.451532605 -120.623841399 -19.7150702446 -383.97962543 40.737326985 
66.0307437546 -427.16517614 260.592197938 -29.0468425172 -204.831760442 -408.59318825 -6.8348119127 321.068385715 435.837241881 -204.876903114 
88.9302398909 -118.654055784 -459.789304429 189.950086397 235.773034935 -29.0468425187 -242.467568618 454.237142974 -126.26126028 277.801481746 
388.866193202 -51.0898920575 -12.2449304431 189.318004242 416.109652472 -323.075212573 287.213703536 -240.279275797 -29.0468425166 -457.508317338 
201.276821994 -122.873934464 -374.230989712 312.355377806 -354.6365408 92.6707964055 -98.979143951 451.170269799 -29.0468425164 -387.179318825 
-424.319905327 297.452981141 458.889038134 -29.0468425178 -226.989863546 177.884816371 29.0468407568 -57.9699276468 201.396480608 420.132607029 
135.700796863 -63.4837802246 -428.330313226 -449.437437277 54.7069736658 411.080887821 -139.081502743 -115.651815811 -160.761321007 355.333093494 
15.8992366114 -163.907643811 -238.7593008 -459.008855621 448.529848259 186.095513326 -29.0468425172 -314.553519048 419.409641594 196.964884065 
-410.339622942 -29.0472760684 -383.377704233 307.281014138 311.067799101 -193.46030729 -29.0468477611 459.118186189 191.374513002 -45.2468908142 
279.166114105 314.556589338 438.179141654 -29.0468443593 -96.0493562481 -122.460158628 -148.939644633 445.834195177 77.202463449 99.687451473 
425.512078211 44.8139282565 -225.622373567 -200.052492353 -5.12307242696 202.484149668 -48.2937312508 209.476972549 -230.023471651 436.017660051 
-306.997466142 104.787831793 -55.7459152458 127.731128595 435.707943897 433.585176627 -452.606375188 -324.498761967 -105.524696458 -20.135002044 
-410.462678593 423.495249424 205.638480464 422.917892378 219.640623723 187.813154264 -49.1828884363 -28.659241963 -415.688685322 -29.0468493986 
29.0467881604 -68.8463756296 145.716255206 -77.3451427216 -296.672427597 452.292039634 -460.799673654 200.89337855 319.817817446 -48.7193042701 
1.33629652926 381.63957112 453.404251993 -70.9903723458 273.853637169 -319.034313094 -392.244557842 -35.2192855269 230.833186633 -29.6207224088 
187.451347339 -141.926940409 410.846920159 201.438705786 -459.452768346 -29.0467392989 264.988789291 -86.6824429641 -131.198886754 417.679947199 
-158.043302549 -191.177910258 -409.867024585 -409.511274481 61.7607145873 -29.0468425172 185.871144579 458.434128835 16.8975221075 315.474410549 
445.265406181 -10.7435050373 -322.880814875 -26.8090424521 -318.377445312 377.297416703 -60.1713186555 254.810538903 -349.842733518 5.6342664146 
-29.0468464122 -151.665282253 307.449556281 448.0657698 119.548549577 -99.663988175 -372.867407951 -315.885058421 288.373202156 -461.493040371 
-45.0721051493 -41.4448172493 387.774942735 -0.690457629345 172.03455208 413.933647127 -89.8394441645 291.866565246 -459.21166984 -318.994908758 
-304.932174623 -331.895640582 287.614498287 29.0468424326 77.7770771297 308.811182149 -349.940963542 -49.604612113 -120.469391118 406.496496546 
216.648431802 376.297411541 252.680376458 -35.585797505 -52.1109846925 -354.002365347 -29.0468561014 -327.990906149 -216.542300018 29.0468413427 
358.037801718 15.4507784751 251.385254729 141.163343604 -352.297592343 232.333990519 -189.452178936 -110.194511154 60.752057141 452.460281135 
308.40874303 -413.268592117 -257.143945041 51.1879002035 384.939778716 29.0468268663 -200.321818434 -386.471366358 -29.0468425167 145.13173943 
322.12856571 29.0468414541 141.518313132 -220.418727154 -424.108163896 402.60096928 -88.5087199462 -7.61613047917 -206.803900588 -426.8473252 
459.036488975 312.033781131 -26.7084080991 143.757819836 306.194118035 -29.0468425211 -6.64489424103 -210.26325862 -382.130778508 -229.97241697 
-52.8603009081 -459.550518765 -242.991716811 291.677941416 29.0461064623 453.755774555 239.659210331 -290.581193411 -235.343289668 -29.0468473116 
29.0466690523 68.432370047 -195.773807502 -152.948059577 -125.412087013 178.531842926 375.536395616 309.094331109 53.9211787979 -321.813524074 
-23.9340576761 390.050583234 -187.12666064 -386.259271774 -30.3368583593 191.725532698 313.388043105 36.6934853984 -356.177236354 -18.0400176591 
321.100237435 -1.56833036774 -118.890485861 -450.18549304 -202.712118685 -423.224497102 -4.00014066043 -318.579476349 405.203928082 287.441610216 
29.0467742602 185.093192195 -29.0468425198 -453.409073373 4.57584238953 384.673361039 -271.548222656 225.879861942 416.025113331 -208.041559125 
414.861307421 -308.049228453 -248.182516812 -454.170812033 90.4190364914 -25.0793638183 202.587355701 -18.6912405392 296.481830604 -13.2814599505 
408.160811108 -133.243701837 29.0468380375 85.5130940414 -43.2581717294 154.524526994 -299.379529908 376.323776642 460.690628248 -328.802223629 
29.0468422528 -418.679035888 9.29013729246 261.724855463 -270.520296022 388.273578671 -106.230677268 14.1688978372 326.400706604 -195.773693208 
338.141354109 106.420322552 -341.264570435 -109.320879676 -294.87185256 -110.38167606 119.189965265 -321.833775371 222.351621345 337.219456052 
-98.516512421 -29.0468425172 -63.4132469785 -7.42407316621 -319.081182212 451.260595545 190.103427241 166.608059429 -458.217657969 425.594676311 
-65.1774249185 -112.994497276 -357.830057944 41.7901250236 -377.458739678 272.987096394 441.704190171 -29.0468461198 438.460155703 -330.868115343 
-49.4546360834 42.5345301181 -29.0468434742 220.169374226 422.766492968 308.761304907 -29.0470153358 264.83426869 -408.15732784 -358.800729536 
-29.0464665593 80.6077737792 288.238111417 -216.044657643 -409.237595748 -434.30217692 459.825558191 308.224179423 248.849101136 -29.0468426184 
-196.94335807 -32.1843260005 -254.260040885 29.0468423373 422.10206375 207.757310871 -222.988658242 426.973483787 -0.824749038136 190.459682118 
-29.0468425173 379.642142957 -122.057814646 -21.5790853356 -451.212231418 461.083498658 -304.807760878 11.6651766443 -232.410540374 188.795540093 
-168.218011286 -458.973473392 442.113561052 -314.440921315 339.750488155 -94.3287366285 259.581700886 8.37709513999 196.965102501 -29.0468434884 
-44.628427207 239.907706853 27.6194763426 -66.2442240086 -29.0468425172 -356.641112365 -407.463266037 250.29793952 308.717302674 430.311182878 
176.455695411 370.307404728 140.709100667 141.948993316 23.9745955044 409.208553149 -46.6737425391 -77.6996589677 -315.644486205 -412.305866346 
194.167739859 190.647383895 433.858418418 220.824002237 -221.910304186 -245.205022506 437.162331763 -196.965149348 -8.14120922999 -28.7571346153 
66.3637755564 257.9429953 -126.066934614 -29.0468564535 435.674931059 -455.853917443 314.714260328 -75.687690768 -135.014402807 451.097607768 
18.050858704 -315.557383792 -104.40732821 -96.9611953883 -310.098595769 -455.707504879 421.972211052 374.250552127 29.0468302495 119.849751931 
392.649814453 29.04684097 -237.648613 -429.866044797 -402.904125842 462.59831356 -18.4968345848 -98.4317104402 278.298951531 -62.4289378983 
-70.4601698177 -459.305493905 355.344251087 39.2629923936 -29.0468425171 -26.8987218283 -313.696585083 453.756187957 -237.94680637 313.102659297 
197.663567585 318.15356115 82.0740562583 200.136301344 448.061509032 -116.602881821 419.791899616 -412.536971714 -89.8924376695 -20.2397436391 
-374.250541998 -126.813430073 -33.794601909 461.09407975 -252.673607811 -187.240062045 -451.987719758 90.1059378386 60.1086153649 86.68240044 
9.91862531557 -316.563987941 -35.6997225302 101.404297966 303.595133683 382.029226508 155.707494843 455.111261837 -366.870220522 -64.5593723465 
-29.046843106 -409.279950608 198.921610851 457.874162044 -94.5588066402 -382.31803194 -45.0286721578 -312.469899438 13.1928906081 307.645450605 
-424.256002907 428.317211183 323.183522924 -407.802535757 -26.5993598001 117.301068888 -104.701435775 231.39162326 -203.747699334 -4.28248908629 
444.384770382 -319.022631835 412.670169603 185.717699431 219.279811047 -100.385935813 -6.96504295639 -29.0468425439 -458.960312922 -313.35140448 
410.746142108 -441.170421728 9.72217488092 182.199905477 457.985155393 -211.492834232 -41.6262963044 77.2988120837 -42.0505570155 305.070981893 
462.122045239 -318.750860815 -46.6967052549 -29.0468425175 389.478994967 -1.08337384102 308.429078761 -20.3534091965 -314.753077271 -460.361986085 
236.74573577 -64.1521329469 44.584858766 279.514939759 -40.6967836392 178.203462371 445.251699049 -456.218051925 405.378746244 -38.3138330385 
-54.9608707966 445.785926543 -239.72439513 7.5217996148 23.0442957292 172.916956976 426.573421257 217.623934471 194.141651644 -80.3328593046 
363.536111683 -460.060404171 407.274086285 -213.57517479 460.513236278 36.2875980234 181.434029413 -75.0104347007 149.086814946 -33.1842419283 
29.0467792987 459.468664774 17.8378526856 303.65530771 -314.453644867 375.712685106 -154.978958951 -126.076637752 -323.036332714 158.679310789 
80.8554488478 -151.646510821 -399.007455391 304.286307001 -372.04555554 462.442247851 308.78121526 -9.21723289163 -29.0468425186 -163.487363908 
408.463425147 -63.8589633068 316.872777368 -14.3990474177 -250.133836002 -26.4556078148 82.8568129367 -397.329463671 289.643377451 -226.344141306 
-81.8199581625 313.429063432 -86.0294704259 -29.0468425172 414.303848842 -421.404381685 -394.442463073 459.781624986 185.245526378 -67.0214961086 
124.980324366 -63.9981658306 422.393646862 -7.73253079284 93.4225763646 -460.058096809 396.4540817 -320.509183634 -315.396216517 -72.5474378206 
-7.29685694213 -98.3661494789 426.586031013 41.5062216362 -457.928508144 -319.245546999 -312.319598803 105.152914941 -97.5232750254 450.622309302 
452.449932392 323.300247944 -120.858149588 -35.2859970603 239.117383335 -240.803779377 94.3898869857 51.0803905618 -459.273040126 -198.356934961 
-4.10740618401 408.962359511 -211.064428831 -209.075367217 187.433608678 322.505246731 9.45125257889 460.1951513 -29.0468425172 -428.994343374 
445.083736835 -317.842786635 443.669343513 190.567160116 -24.9039912525 -313.504125076 -0.613001889629 -74.3341818615 -459.113033795 -29.0468467742 
341.048382957 -354.207476183 312.547633387 380.848889076 -327.245623269 -374.474671503 -128.579474124 -13.1853589391 -25.9719639291 -79.3517708209 
26.6762905642 299.079439825 -430.666861718 -29.0468425182 435.315693951 451.315369496 261.198374461 -70.2027459507 -404.133520059 -29.0471713468 
-26.3256306415 29.0465653037 194.681675985 217.715033022 459.449251638 -418.871384138 -28.9870491122 364.089727238 -204.711199471 -200.829432382 
-338.81600295 236.695693858 80.7690974595 308.587434873 -223.2755024 -5.92381678545 -317.581812742 448.065877849 226.535735793 -29.0468425207 
-133.736527433 -426.310396008 418.953576734 415.390187389 46.2982673537 78.6232174599 -456.151720565 206.310376752 -86.6824893143 -138.790805939 
-4.94244215729 -45.0203582799 -418.466050597 -391.504131964 310.088388558 -319.579913436 -55.973904917 391.970451115 -29.0469220155 460.544266468 
-388.082444181 -29.0468425171 -192.698514542 149.703216017 25.7590466718 -254.959340881 56.7290164283 -415.253235772 309.238582282 332.858716698 
414.415273313 29.0468159793 -348.02252054 -187.159742541 -219.423239373 295.082206136 306.806819549 103.762979862 -455.723062686 -28.6228397905 
111.282926387 455.700163628 -29.0468475574 308.051222035 -458.969786308 25.3739781011 -359.282346962 -240.576764785 -23.5975958852 -313.482742882 
-152.239494541 253.595317684 306.016746949 447.106045611 100.215199996 -430.556835638 -29.0468425197 -143.937702844 -365.222223102 -403.594917887 
-49.4927333359 220.185285563 11.557277519 422.426577949 -29.0468468929 9.03889646865 370.399645688 -318.567605461 267.821773562 -406.038886984 
-230.787759011 90.7799262509 -21.0996737641 460.85437507 11.6937263109 313.530646969 -303.411031146 356.779032568 -449.961554288 -28.2514901917 
-169.946501644 409.186274853 -20.7081014786 -374.721956913 -64.9539690864 405.378723868 -329.532559812 -356.496027843 70.1272394174 20.0631114386 
-44.8019699502 -417.825816693 460.464293139 309.803210827 392.443313589 -6.29621412241 -390.863898279 -55.6263269399 -29.0469102984 -319.757362437 
312.083569237 431.640240792 114.549982891 -69.0570632339 -91.0631332385 208.102401435 -359.073971136 -10.0072817188 -85.967753162 -332.701858601 
-218.854974662 -436.946775832 -294.77167717 406.237995665 -444.160441613 9.79461009975 -227.06573797 318.243542327 460.977897746 14.0674690649 
454.221927723 -426.566328507 -10.4666659191 188.200388811 321.794098276 -91.4737164644 -206.170999058 -29.0468425172 -42.29718865 -453.527314429 
-340.648101645 -29.0471354897 -29.0468459026 303.698397953 -69.1342352068 440.011945576 287.407957005 -390.764582198 -372.800641506 -55.157667082 
-7.42907215159 377.937501492 -57.2575939906 226.874459527 -351.452523365 -130.826812629 450.999270714 -324.838853023 210.14814785 21.0453164156 
246.861304009 -319.248483664 449.21410921 -0.602108636134 -313.304511905 -4.9961946491 -459.144189042 14.504239892 382.841601748 -134.327267124 
-49.4703865454 -405.754396859 -224.070167308 29.0468389885 379.235701526 219.690731883 417.525620784 209.707954093 -25.6966286691 -29.0468434495 
-95.5671214199 -316.115513771 -458.755484619 110.572359227 454.242036426 -24.5411871891 -313.222989613 1.17889232237 335.944053431 -241.398546462 
154.755766592 -119.156637977 346.296863453 461.825745289 317.10801736 -96.5924325718 -147.663898917 133.616100184 94.5742685368 -122.250602845 
337.184961965 -276.940168328 17.6846631586 219.024922873 -285.967571676 29.0467837455 -10.5654265911 -457.244771133 -213.63704409 207.628385945 
-397.175668992 442.228287899 -54.5557415349 -319.263406463 294.93168556 -2.58638565012 -101.128734654 -343.428202978 -36.0556939739 390.659533112 
-167.755793892 46.7613951971 351.411686043 66.4382987975 -441.445319771 310.16626957 -142.888412213 460.89992692 29.046842337 -286.375125764 
-391.611395255 -29.0470385598 -45.0797676161 460.536291736 310.152486699 391.598024847 10.0092063007 -318.782777861 -55.8419780341 -418.573314 
-459.436302401 -126.285907572 -314.1301088 -128.681457989 386.003101025 -10.5998150712 -321.0781166 405.025100744 263.646837432 16.23501375 
375.35758629 78.771699288 6.98764571574 -85.2105050278 -41.987699908 173.662928004 410.014707673 359.524399175 -321.889054796 -459.704008088 
240.235267485 -320.349987918 -3.26265075935 382.213221167 18.8297384189 -347.862995474 -130.7333282 -320.901076794 447.588384013 0.862581143332 
241.663083081 -439.908189765 10.1111568138 -192.933876112 374.488372236 -123.225782539 -315.496711791 -412.947236881 29.0468239204 461.538934648 
187.447467369 -86.6824942395 -131.197220257 201.441872146 410.853807726 -141.921644208 -459.452969778 417.681310605 264.980841069 -29.0468445024 
429.693078939 159.528377262 295.864488081 -41.178803643 454.679377322 230.85922316 -263.704213699 -37.8831123838 -410.236138612 -21.3797068761 
29.04682525 462.142289002 -227.21540055 -6.25744960048 -427.252496071 -210.349794577 -400.226726604 -9.80737146005 388.690179501 314.818912028 
-111.29278621 -412.62979368 29.0467648296 452.62821416 406.821822125 -195.314453398 -458.371716112 19.6980124246 -312.762807033 -209.116483167 
-29.0469179747 237.623723467 188.691090964 -29.04683974 -406.305537776 -70.3247602611 210.879571146 -429.197380688 430.484191863 412.518146403 
-107.044037427 455.044870458 -63.6121012251 412.739454021 -28.7907574239 -30.4972217205 -313.163213364 -458.77209385 -237.219380597 208.649069373 
7.54374880798 -29.0468425172 462.578319607 -316.989343068 -189.717011259 135.750730577 306.514294478 -459.793613068 -126.141376644 392.461499697 
-176.046075101 99.8847841301 -395.423157709 -418.046278118 433.082567758 312.278594112 -29.0467900648 129.260032763 316.712775448 -86.6824851739 
-38.7431926838 -407.66068077 -98.7777566539 -382.790238999 434.220911734 299.338461242 -8.09519485549 -29.0468425172 -319.471495444 265.070182889 
188.91291142 410.510443812 -29.0468430398 -421.702771501 -276.66386243 -21.5062110803 399.052018812 -215.418758418 209.206770822 29.0468294175 
-426.261561302 456.280236643 29.046834982 -192.725546213 208.781124872 -29.0463655826 412.185531972 189.550849652 -411.113866847 -191.967093517 
428.164344419 -414.218036289 132.683754678 -86.6824584219 118.967680219 416.464861086 -424.076550803 -121.929557289 93.3580594101 -103.844463701 
400.30772367 -120.828250826 4.12540095686 118.561029867 -97.7159488296 -95.1126850521 318.082711368 -316.015568317 461.694201491 95.7736222067 
440.933640963 -29.0468425161 220.938984791 -353.78261869 300.822421282 -71.2314915643 -326.820700509 -375.228316888 -156.980215055 55.1718566635 
213.317638753 -28.3738498321 308.585014426 -136.553663175 75.3613037559 422.33035516 -156.072179619 457.907947493 70.246404746 -109.591741109 
-254.659569396 80.2907978188 182.368887926 -461.099667267 -29.0468968854 -31.8902099049 307.50568771 433.123533298 -240.789482042 221.737587001 
-4.08220693075 310.050501463 -55.8025815282 392.067725495 -319.53286532 -391.381731635 460.543513847 -29.0468427292 -44.9791549198 -418.343650294 
-314.769736369 -105.784986724 -323.646800124 8.47592503933 374.803172978 442.827838361 -244.080203294 -18.4769096375 124.224515961 -460.046937174 
-28.4506176285 314.168833009 -88.3767782209 -391.106080714 411.011302592 289.236753911 6.79604208565 -459.190580067 -112.998215288 -313.58167091 
161.51447817 -418.956980063 -203.357362254 376.551483845 29.0468349495 -177.533970751 11.353829004 460.717666221 141.12439968 399.989555214 
-1.49639926564 -278.399861215 -71.5625675089 -202.944059348 321.690733171 460.987548063 -257.211156038 59.292677951 29.0468425041 -425.220864644 
-165.227196168 -313.883452663 278.659648545 13.1231540759 443.787599271 196.965088823 -458.396115299 -175.628878128 -29.0468425162 444.965086472 
270.931224013 -29.0468507416 307.797878304 -71.0478791815 -459.164007939 436.624316331 -314.105902215 33.8972153164 450.523339562 -29.0467939638 
355.924979086 29.0468330593 -216.052933208 -8.91414512788 -256.615493562 462.428488996 -29.0037545806 314.063810849 -436.411035946 -391.017467011 
22.3701013572 441.062143559 -393.63474813 -301.463314043 -29.0468425173 293.468080468 -78.2462195992 -30.50165971 -378.058937984 310.64898494 
-199.722267647 -151.805218047 98.8233627456 22.4719400673 -227.822927763 459.873632713 68.4563465247 277.220536407 245.084197405 -178.767117482 
357.17951801 315.114862793 -445.944892786 -299.076617441 -19.7863435087 -147.959877442 461.381926705 12.1299798987 -17.2975072513 -226.823586842 
-88.9730836777 371.052874805 81.0872235403 19.5022481636 -314.417643646 -86.6824415065 -310.188473606 138.264114388 -345.880239329 312.460832657 
-188.233209668 119.570486266 -128.206725255 461.317122553 334.623999043 86.6824850094 266.899799397 108.404415916 -169.913313757 -142.951007421 
-97.7973474165 236.441166864 312.474160898 102.871596522 -52.784010931 -337.21718483 261.120818748 445.791159486 -29.0468425171 -79.7474769544 
-311.742377725 -136.971479807 272.927358585 -73.7573347633 6.84354866863 -163.933315192 303.876364448 435.971153519 124.408812753 61.9163821371 
69.0596341502 -29.0468425192 422.319334974 266.808369896 391.583334875 47.8183822453 -167.96665459 -153.827839866 -323.493711079 -25.3920186373 
310.129061316 31.2978325584 -114.249115664 461.549476235 -226.002749025 -446.606427723 83.9941885863 -29.046842517 313.649348009 188.060604038 
9.71994496951 307.520421346 326.522227275 -29.0468437505 -289.739656471 -418.504446713 163.778879965 -195.56487173 -459.167627152 -71.0808019547 
-351.311022932 257.523224009 -142.102676416 67.1203868803 -8.4600985991 435.495126427 451.206569478 -29.0468483454 -132.926198768 -324.509998726 
86.6824310557 -33.2212468374 -360.434044026 -146.373408287 458.951443779 -338.800373418 403.594868692 75.2884270389 -24.1893414354 -247.879382333 
-455.854950407 -135.006413909 -75.6791226998 314.712430828 -126.058756217 435.675995795 451.096962725 257.946587436 -29.0468483509 66.3738937338 
316.16076277 -157.111776092 350.045024977 451.97671789 45.3255115003 -117.611308102 -376.402161238 -361.203411156 -17.6983657072 -334.241410517 
-461.493636408 160.107980434 323.924640113 -45.4116992852 -293.456034163 459.877565736 378.263079831 -140.6788323 29.0467458778 174.846017481 
-424.33200788 -215.962609941 -29.0468702041 259.366244414 -187.894402693 373.284191568 -406.554913358 29.0468032122 457.221395078 14.9701852074 
-213.700526363 320.108357729 320.045027799 -431.311183814 -211.622080969 202.577410948 -208.342861579 -4.08042918393 -6.42617388091 -430.113837021 
-421.821587674 286.153626572 -216.561771085 -394.859668994 224.193493961 -49.4670422024 -33.1665412801 461.115457138 29.0468399137 -35.0610356062 
-38.3057638481 -328.540564081 323.798810065 -27.6362270036 -127.307286136 -237.586558924 231.756034843 95.8240398415 408.10675964 -458.623466013 
28.8893513932 -86.2167474385 460.496355189 335.383877772 -309.485098916 111.222623128 -91.8268499102 -91.137426743 -307.899104675 -453.507467214 
-252.150229211 51.9925451411 449.797434938 58.3783487212 -18.9418636915 -29.0468425173 310.345968503 289.554671086 310.819158643 -458.843136993 
-335.048021019 -346.690043906 -95.2646320191 -371.609033585 -85.6530919175 133.691477968 86.6824135607 100.196803906 125.214664385 459.648382502 
-324.145824171 -341.947467677 -95.0997411391 -103.06754879 69.4777787941 -323.344792621 406.66711259 95.9706277424 435.688687146 -116.364591949 
-208.952820704 38.9531296518 274.521434798 29.0468292237 318.77933133 -278.383647586 -258.479258039 -6.94290319301 -430.113841578 393.316533575 
441.700194799 -57.1545510591 304.773016917 175.425951333 -76.7063889502 -31.6540313548 -367.1632141 -29.0468431319 165.179063697 415.277142711 
-12.9670571742 -328.498608288 438.389120579 -57.832614114 272.463662059 412.133644639 -375.123457867 -29.0468450327 -355.460513792 -126.051569575 
18.9065935431 54.425683184 -163.922278785 -106.332700257 411.005782005 276.721605847 -457.284893393 -311.675984455 -267.763748298 406.660659576 
-457.386698678 -12.7046046323 -237.698162119 5.2887352147 -29.0468424902 -316.484399598 390.653984919 -73.5902927009 -311.777790059 405.378833154 
117.601482378 -429.65443818 310.510430051 460.994549599 149.017776569 406.126808579 -112.608518084 -80.3488239938 -4.44362258182 -69.2514939995 
410.954582791 16.0620577937 449.328351745 -29.0468425174 29.0468224404 -308.084951798 -95.3154637488 315.433907597 169.386178683 -453.693860936 
302.056388961 440.542315412 -361.705915607 146.964141976 -132.508008059 -74.5216111458 -29.0468425194 158.034431374 415.116511286 -49.0786922701 
-326.3444499 445.01328487 431.680451848 165.237854208 -316.825017546 -23.5168059072 9.62312677316 -29.0468426074 -352.777522245 -34.480779884 
-443.346424458 207.570162054 -172.290774537 115.811274922 29.0534889467 -25.8877709285 462.01088214 301.267177439 -217.788447834 -445.408096687 
238.172656896 -237.086469273 -426.990283653 -107.674877382 207.557121526 186.938677943 415.071266267 29.0468422946 -29.0466258144 -429.93315566 
186.682436548 17.3203269598 -188.641751969 -8.61752459652 -407.995240126 456.851531456 321.418063227 -427.763649685 -207.648204477 -29.0468425172 
-184.101013306 -403.195805057 -29.0468522351 273.39535024 -428.931554275 29.046456295 -230.487632096 21.4843002709 397.831578848 455.114577541 
-99.6663311883 -154.227594167 -443.570084538 319.048510719 460.944509261 -299.098666194 -224.269889807 378.465787674 -11.2221660643 171.608545852 
128.326924708 -124.47113866 309.501571818 342.813680709 -373.567670989 -29.0468425173 -49.5362016352 -2.41698727921 454.558438897 171.741822294 
-457.623381424 -117.812902758 -113.17707115 -29.0468428115 450.519883129 430.113828171 -66.5065787986 185.083016054 -312.014517367 241.710588259 
374.490107778 10.2112681935 -192.894640416 -412.94738737 461.538331372 29.0468341877 241.664964814 -315.489818766 -439.90834388 -123.221842915 
244.795724672 13.1972138936 -273.470224227 232.164167012 29.0468273351 -282.866142715 394.24466504 3.52366393332 -209.777030439 -453.492130888 
-423.370160651 51.4976894647 2.48174052146 337.016448734 287.359236056 -448.72816918 -204.25197321 -117.199261848 -29.0468425297 223.812328212 
-119.999856494 -8.41223414615 -173.249174806 -208.78022861 409.755777525 258.434181216 -322.614230439 39.3615206485 -342.872659783 224.459704818 
-130.831895314 338.303645618 314.894803993 421.467725939 -397.122392468 -86.6824426088 -176.993372881 -27.2987906919 -459.826900884 208.529101391 
155.438138749 -29.0468425172 -327.44606023 452.854805735 22.3717935017 -361.953678038 -140.090753294 -73.3897379809 312.263516628 382.377607885 
