1.05373656571 0.985249776018 1.14259069199 1.14245803969 1.07568392072 1.14507795409 1.28999999921 0.660020068128 1.03386838208 1.00869378613 
1.13524359352 1.04127426725 0.831443708057 1.03530553802 1.29000000019 0.969335522062 0.99590559316 0.787329821593 1.14213143477 0.895286843525 
1.03308111449 1.14213143477 0.656006262073 1.0001039908 0.992314353895 1.06789744696 0.977801565249 1.29000000376 1.14213164579 1.20232232291 
1.13571558032 1.12385774543 0.911835870569 1.1421314348 1.29000000012 1.28999999996 0.730324095152 1.28999999994 0.988728398269 0.831323804254 
0.766460041493 1.29000000007 1.03335939516 1.06977911612 0.861913144538 1.05149252819 1.2899999996 1.06431873697 1.29000000027 1.14213143477 
1.01636477857 1.01880685293 0.981681842336 1.14213143478 1.28999997899 1.28999999078 0.704418759031 0.632584227678 1.14213143475 1.07600862321 
1.09347204375 0.968475462236 1.1418787972 1.03837977312 0.851213623543 1.03738671039 0.856972465067 1.14273651749 0.817051462264 1.29000000096 
1.2900000002 1.00055596981 1.28999999756 1.14213071423 1.28999999374 1.07975506429 0.998485543679 0.920776290958 1.1653034235 0.94905946561 
1.29000004478 1.04337264324 0.890504519041 1.29000025417 0.993466652824 0.921402214624 1.14185095945 1.06244899808 0.570468570515 1.14624288086 
0.940605057689 0.884907205378 1.14243519063 0.867125156429 1.04363036522 1.10305080677 1.03178751196 0.923362347124 1.01934948129 0.989039771005 
0.846496778925 1.20612205548 1.04220311512 1.28999993565 1.29000023014 1.14213143477 1.28917883989 0.721647514422 1.14213143886 1.29000071632 
0.993350380091 1.2900000005 1.13089448792 1.1556826842 1.14088084904 1.01837378195 0.964006020738 1.14213064542 1.15930985857 0.888158154218 
0.969750908417 1.28999999641 0.949818487036 1.0352691263 1.14126312938 1.14213143477 0.966218965867 1.03211575509 0.953615333236 1.16119151927 
0.981752832829 0.935751679279 1.28999999992 1.10609175702 1.14211569801 1.02675947239 1.07307223463 0.977140110692 1.29000026709 1.0101659765 
0.884970993244 1.01279659133 0.557010674257 1.0781623606 1.2900000001 0.942252808244 1.18158404154 1.14213143477 0.950050906274 1.2416047697 
0.786888964017 1.14213143414 1.00347744439 0.731378171054 0.989426065089 1.1375280868 1.28999998495 1.29000000969 1.29000002774 1.29000002908 
1.14243888948 1.19053379446 0.992082547159 1.1132170713 0.899418991841 1.28999999998 1.05014282152 0.943402653722 0.853413333979 0.881233388728 
0.957594346047 0.949157576391 1.23005249059 1.29000000006 1.1421275202 1.2635107237 1.2899999998 1.11001528599 1.28999999569 0.712222398834 
1.29000000023 1.25477679988 1.28999999899 1.0010213946 1.14213143569 0.627973629837 0.97128174065 1.01244414725 0.919368270662 1.28999989226 
1.10344348782 1.23451936736 0.709449048657 1.14244325074 0.987528996499 1.29000015523 1.28999794144 0.941900609459 1.03778202543 1.1076154674 
0.902908180781 1.09334785022 0.905557760646 0.876157239776 1.14213143477 1.14485388999 1.06474709503 1.29000005614 0.908433784554 0.895397333728 
1.14212745238 1.29000000001 0.817044548977 1.28999999991 0.620187597734 0.880054588483 1.11246774155 1.18595767182 0.980171212841 1.28999999994 
0.841045053582 0.865268595657 0.941837223574 1.14244263216 1.0679706684 0.896087002745 0.992645957971 1.14213143477 1.066933094 0.643806856173 
1.0338848402 0.990139048277 1.28999992896 0.95560835129 0.996330229748 1.2900000208 0.894122095443 0.621517145671 1.28999999983 1.14212898648 
1.28999999953 1.11350488402 1.0297866726 1.28999999852 1.15062739442 0.858315845613 1.18135157745 0.911058836846 1.1408879716 1.14213143477 
0.999167157699 1.06403466007 0.843657556937 1.14213143477 0.653936166855 1.1425453494 0.785791351181 0.973810898343 0.977285889828 1.17127950381 
1.09074785473 1.14213588025 0.912482020963 1.12421487407 1.28999952508 0.936780551911 0.989546078985 1.29000005741 1.28999999597 0.980618945626 
1.29000000542 1.14213143483 0.720889852215 0.941750063385 1.29000002012 1.13302397388 0.855489023052 1.02276913645 1.1014864496 0.923667466802 
1.14253579197 1.10224667699 0.964263531943 1.13366497392 1.02668973559 0.970348363473 1.27670478022 1.11485315676 1.29000000378 0.903724992182 
0.998660952385 0.96043009255 1.01326153546 1.14213063123 1.14250036369 0.611016622325 0.648087947746 0.757919111146 1.18706233262 0.946100678664 
1.28999997369 1.06061225551 1.14213159829 0.977985026991 0.767233406559 0.840513752227 1.14207708813 1.22477837229 1.28999999979 0.938021551145 
1.05606096745 1.1768065622 1.29000049079 0.947714010851 1.09442431463 1.14209638972 1.28999768191 1.00426983454 1.14220426725 1.05687801948 
1.14213143476 1.03018071945 1.28999918798 1.07425576847 0.675425276408 1.14213143477 0.894231820747 0.850673119495 1.28999987626 1.05705154722 
1.14211123523 1.13611271233 1.2900002679 0.94493208499 1.02003289381 0.78370298543 0.992668912701 1.28999999943 0.963651392049 0.969133500131 
1.10735293895 0.885792153056 0.663594961912 0.8838699016 1.14242081433 0.990307581287 1.1180896775 0.933844814082 0.854650120545 1.03249134016 
1.24414016804 1.00929877589 1.29000000221 0.89305346822 0.994342711975 0.981593103542 1.14213143477 0.801470857227 0.946857219618 1.28999999995 
1.04993123207 0.775709818227 1.27205519993 0.906158039627 1.14213217814 1.19797774588 0.964677825778 0.786460508683 0.927241875589 1.14213143477 
1.29000008837 1.14213143477 0.844390941057 0.993480515827 1.0603873708 0.739199594241 0.631805438106 0.980331882625 0.99275275714 0.878682667827 
1.09148276517 1.15327542592 0.748825528349 1.14213143477 1.14244690025 0.944637632465 0.970703495132 1.09316971107 1.29000000301 1.04623800733 
1.05839537087 0.876216836551 1.16124750831 1.00005270094 0.748685411905 1.12446899228 1.00411507423 1.26753579807 0.982343366259 1.14212969462 
1.05983947579 1.14205393255 0.938671518259 0.742972689408 1.29000000019 0.704376997304 0.986909196358 1.29000000005 1.14213143471 1.03758376734 
1.2899987053 1.14213143834 0.605898276116 1.14213143462 1.09212161388 1.16257435041 1.28998497963 1.00264081131 1.28999821648 0.639724324284 
1.29000025475 1.05300785662 1.14213143477 0.768169203284 1.29000344827 0.885504515578 1.28999412972 0.674416883169 1.17070906922 1.29000000045 
1.14213143477 0.998233001284 1.13513651998 1.17528767177 0.988220071265 1.24879646717 1.14211123622 1.0000024121 0.691013292819 0.885590638593 
1.1800839582 0.973083152792 0.980949526912 1.27350247231 1.29000214547 0.890759466016 1.24391366907 1.14213144635 1.28999949073 1.02495210527 
1.08408367861 1.29000000001 0.915933555496 0.911848574477 0.908337643914 1.14221494801 1.02806068131 1.12915271824 0.81441799742 1.14211123521 
0.876900482053 1.29000000011 1.00576383095 1.25048820454 0.997322002847 1.0579549821 1.14213072239 0.751453249253 0.623911439813 1.2823538536 
0.96670263838 0.878541949813 1.28999999986 1.14213143477 0.912434550901 0.78720293134 1.14213143465 1.05789682842 0.689206956467 1.01594475579 
0.959363552509 1.04628023888 1.29000001866 0.787576740144 1.13864560978 1.14213143478 1.0081837484 1.04120140509 0.970150568388 0.987036552701 
1.28999999993 1.28999999962 0.966407239916 1.14210830436 1.01213684676 1.28999999957 1.1690826825 1.00464931206 1.14269426437 1.01910941867 
0.8073967665 1.03480784518 1.20016359117 1.09986671448 0.923944638868 1.05105586304 1.14195185181 1.28836039687 1.1424021714 1.05413106835 
1.23415390237 0.982947746613 1.14213126933 1.29000004061 1.14213124696 1.28999998097 0.845788372179 1.16687329358 0.63759946374 0.667945077731 
0.616238352557 1.2899999997 0.623809078335 0.93956371393 1.14234570537 0.96328505193 0.882071166188 1.14210311903 0.761549406239 1.29000000004 
0.943541959958 1.29000000023 1.02607840829 0.708613043509 1.2754648287 1.0365731374 1.19070843304 1.14213071581 1.29000000428 1.22801968581 
1.23571081036 1.14213116531 1.24091453374 1.11902268706 1.0214808272 0.881045579459 1.28999999914 0.980952840957 1.00050918384 0.877861277701 
1.03988004395 1.29000014577 0.977862219476 1.14213034801 1.28999670288 1.28999999982 0.936158092752 0.941875938105 1.14161938003 0.811977921723 
1.09203614547 1.289999987 0.880869036038 0.980394009333 0.905319385923 1.00302694725 1.02663073699 1.08364774042 1.14256878253 0.670837703513 
1.27207231891 1.24303184997 1.14213143497 0.99712784971 0.609150408429 1.20868189718 0.986528060362 0.587826241031 1.01827560249 1.28999889992 
0.959366353754 1.14211185692 1.07760320421 1.29000779241 1.01633800936 1.02356993907 1.28999998201 0.731926166861 1.26831559169 1.16213141448 
1.29000001194 1.08351962312 1.05708916813 0.962875425465 1.05042830593 0.98491811002 1.14213143497 1.28999997351 1.28999949702 1.14211123453 
1.01360679463 1.14212283815 0.864548805697 1.13943814422 1.09718627104 0.983361195026 1.28999999747 1.25079141236 1.28999999999 0.877910256165 
1.02848719687 1.19069736369 1.02100139701 0.866321295724 0.979075067136 1.1421311286 0.998803901577 1.29000554191 1.25748972162 1.21952429404 
1.2900000031 1.0382061556 0.742213213954 1.08827343733 0.979360358375 1.0172010554 0.679325964792 1.14213145367 1.28999999981 0.988324220844 
1.14192405901 0.904994725202 0.922940947001 1.14213163848 1.05592275091 0.59320081903 0.947206334273 0.983556647042 1.0403538314 1.28999999999 
0.650092809337 1.14213143477 0.823528007969 0.99570212911 1.0146871891 0.830797273273 1.14212721195 1.01086324155 1.07331334101 1.19374736227 
0.655824704553 0.946541592702 1.29000000002 1.16634863146 1.00331081844 1.02074757049 1.14245499746 1.10869917907 1.14213143477 1.07233817156 
0.875570041198 0.992741177247 1.03848427447 1.14213143715 1.29000000003 1.00949176474 1.28999999135 1.01696718729 1.06075514729 0.803808641189 
1.02370459594 0.627974060074 0.925983768285 0.892451952596 0.988749332694 1.14213143477 1.29000000072 1.28999999996 1.28999999651 1.28999999998 
1.14214081081 0.896277552627 1.14213143477 0.590027092331 1.24146946752 1.01493906744 1.03957675042 1.29 1.07145019025 0.995052746342 
1.16969014826 1.29000000016 0.720621409127 0.984146899471 1.28999916336 0.932377253094 1.02519537507 1.07588076618 1.14238538201 0.926547165808 
1.07886843097 1.14206759257 1.29000011605 0.717922282239 0.6134353359 1.28999989941 1.12680301632 1.29000000089 1.28999999483 0.832692096716 
1.29000000001 1.14208295222 0.943423992474 0.874154388333 1.20557974165 1.28999999995 0.908117074468 1.14244897411 1.09174786844 1.06129715064 
1.29000000001 0.669808311996 0.951115741018 1.08242795414 0.965206854269 1.29000000001 1.02542819739 1.14193666656 1.14558971148 1.04228333189 
0.745288741785 0.912467498759 1.2899999972 1.00948744983 1.28999999834 1.14211285353 0.817514768233 1.14213143477 0.932731960529 1.07809746056 
1.06385765715 1.13091613401 0.986454652275 1.05131018471 0.933794755019 1.01179735913 1.14213164157 0.897476011204 0.803685319609 1.01324216641 
1.21428862054 1.29 0.977090829881 1.12932279218 1.12335071696 0.970516501411 1.29000019899 0.950375684488 1.14211123521 0.910563745934 
1.03280634401 0.846443857901 1.13070274864 0.774450614497 0.932254451964 1.2900000013 1.07583130872 0.975406517385 1.04077493191 1.14214084271 
0.784895675554 1.13659293723 0.986026492667 1.28995232817 1.00236096044 1.14213143448 1.28999999718 1.29000003115 0.846836433095 1.13730081661 
1.29000108092 1.14213143477 1.28999864849 1.28999936988 1.1419072055 0.746148225373 0.843229668852 0.978724133695 1.13176563705 1.23830173269 
1.29 1.14213143477 1.29 1.14013685563 0.969253014984 0.603550284762 1.17052076671 0.924589399197 0.848708629656 0.862564203395 
0.855989136368 0.975172634691 1.14213143477 1.10296096695 1.06669071508 0.879627490089 0.560974110837 0.886567554294 1.29002623009 1.14213143121 
0.927214275038 0.953185505562 1.04629228453 1.02293243959 1.13989168884 0.936925944565 1.07041511351 1.18873911154 1.14138286457 1.21845213561 
1.16411540067 0.958015563257 0.856048362842 1.03011101162 0.832703341096 0.756876634116 0.99608781856 1.29000000001 0.893626652744 1.14211123521 
1.14213113008 0.843821381677 0.97371277321 1.04898127529 1.1419733298 1.24740918562 1.29000000197 0.728170481787 1.29000000118 1.28999999948 
0.846309789565 1.09031775632 1.14213143395 0.628543828591 1.28999911976 1.03344277081 1.28999999387 1.02212215237 0.904862722337 0.92490260545 
1.01467630042 0.887496121974 1.14211123279 0.924011053775 1.2899999998 1.29000003636 1.04667288047 1.14213143477 1.08251209123 1.15315478343 
0.833335714384 1.29000001373 1.03404161487 1.29000004178 1.01066839529 0.895228418966 1.29000002951 1.14213143157 1.01986485951 1.290000007 
1.07157375846 1.25357383447 1.14211997947 1.28999999921 1.01895093116 1.1424792545 1.29000000003 1.00417046025 1.14572471609 1.09195685759 
0.923606498045 1.01437198185 1.24249986134 1.22668100752 0.940398283785 1.29000015276 0.941517514287 1.14213128165 0.973510162612 0.982171072746 
0.875314943544 1.28999999825 0.99295768237 1.00942995045 1.14213143743 0.804569627574 1.06180107077 1.04144040864 1.01694102183 1.28999978429 
1.10571207779 1.00151331172 0.596692320746 1.04973978779 1.14213141584 1.1421167745 1.15835935062 1.00066521839 0.962664895616 0.938464143216 
0.991522343445 1.01445500682 1.28999996816 1.07195553767 1.16890496929 1.14213143477 1.00970787865 0.841505546827 0.614421321809 1.2900000026 
1.14213125173 0.951463550389 1.14811487144 0.684972571442 1.01522465974 1.28999985478 1.28999998479 0.94106668835 1.29000004675 1.28999980384 
0.658402715123 0.670537956115 1.04839707726 0.843710169081 1.14211123521 1.29000000001 1.09025206062 1.28999999094 1.28999999164 1.29000000254 
1.17934835367 1.28999999985 0.983847309141 1.08136852906 1.28999999994 0.768038500807 1.12285565544 0.736486499628 1.14213143477 1.05942976947 
0.781334527974 1.13403458723 1.28999999993 1.00764110347 1.01689973689 1.0329809419 1.14213143418 0.951439459523 1.29000000754 0.921998266593 
0.89799165078 1.29 1.18353502875 0.914510172316 1.19866432688 1.08448008033 1.29 0.930176254207 0.985019583507 1.14211123518 
1.05299619002 0.907644300673 1.01658833054 1.14213146557 1.2899998871 0.869352459391 1.0080098945 0.592202935444 0.938941103734 1.29000043252 
1.29000008734 1.05188208045 0.896321982575 0.981042812826 0.94527435105 0.610092465766 0.707821361918 1.14213143479 1.22824324318 1.14838495272 
0.825679586611 1.29000000006 0.860833441329 0.727157952809 1.05273693805 1.14188619716 1.14838194657 0.961344487688 0.977758840618 1.14213002267 
1.16361693974 1.06158507072 0.900947260686 0.918303908751 1.14213161246 0.930559639257 1.14197804116 1.04835246855 1.28999998015 1.04588535605 
1.01210829641 0.62014689381 1.29000000002 1.00750237178 0.877943495532 0.998116345238 1.17084229852 1.14993266143 1.10446320068 1.12775488013 
1.28999998553 0.55119925676 1.06144255272 1.29000004796 1.14213143465 1.14211123524 0.834252802666 0.839350799903 1.28999999994 1.15436923805 
1.03390748487 1.13001769376 0.995698519264 0.61979301658 0.881401188185 1.28187033773 1.14213085438 1.28999996537 1.28999999019 1.29000017784 
1.28999999999 1.14213143638 1.29000000001 1.0517169666 1.16045359435 0.85275088318 0.95897018425 0.746731892887 1.29000000001 1.13831215221 
1.12402039754 0.96821591193 1.29 0.864819472706 1.04781143192 1.29000000043 1.13928470959 1.14212207625 1.01185147154 1.28999999948 
1.14213143477 1.13678347734 1.01260596941 0.561608670949 1.24524749601 0.944524040953 0.952311024797 1.29000000689 1.08287357948 0.811752460438 
1.00189254995 1.14213143613 1.28999999975 1.01290444041 0.688788575814 0.831878022248 1.22823057818 0.627604790005 1.00910399338 0.783944807402 
1.05943974665 0.836880960963 0.633197705105 1.03908816092 1.29000218602 0.988612834789 1.14239431658 1.0099602053 0.992793807327 1.08183610556 
0.952274979907 1.28999999914 1.14213143485 1.13329814522 1.28997044978 0.983606699572 1.1305885399 0.970077391966 1.09042197296 0.993163006432 
0.657339800377 1.29 0.826827875207 1.28999999999 1.28999999975 1.05051442561 1.28999999967 1.29 1.09551255687 1.14213143477 
0.98717493904 1.14162658759 0.894966393916 1.28999998225 0.944584561896 1.29000000004 1.03163343687 1.14213078854 1.14476554706 0.980655455545 
1.14213143477 1.07463215503 1.00994912971 1.14133656304 1.2899976723 0.902296037444 0.745513712657 1.29000202171 1.03062251865 1.28999810994 
1.00164806194 1.04274397489 1.27634122452 1.28999999976 1.05952566129 0.927479442841 1.14213059153 1.20097364803 1.28999871576 0.984646148012 
0.699262135805 1.29000000338 1.16769844828 1.28999999999 1.14211123521 1.03606740934 1.28999995795 1.23571584875 1.08225821033 0.679134149764 
0.810925158611 1.28999999999 1.13849148889 1.28999999999 1.00375632493 1.29 1.29 1.14212801849 0.9335679591 0.826591841798 
0.830296104283 0.9059059437 1.14213164313 1.29000066799 0.95527255286 1.09937085457 0.981092609463 0.721209945925 1.28999978787 0.987782064526 
1.14213143565 1.28999999988 0.868130872709 1.00779487424 1.22246936164 1.13585525681 0.939841373348 1.07681571919 1.29000131012 0.998430289388 
1.26219709057 0.967232365143 0.987201173049 1.14218873039 1.02315248828 0.702681162716 1.21514284492 0.702795801621 1.06341781863 1.29000000003 
1.28999999973 1.28999999953 1.14213143477 0.679459836958 0.977734186223 0.815644841271 1.04339431143 1.29000000086 0.876526705575 0.838952094873 
0.968499007268 0.904213691848 1.14212297519 1.13546726953 1.19858557417 1.00002769166 1.25400457126 0.918184868141 0.95550464727 1.29000415438 
1.1422989815 1.28999985892 1.10015319903 0.931620412113 1.28999997672 1.0132912378 0.621074296359 1.29000007096 0.755071972658 1.14210055517 
0.862289017335 0.847028417126 1.14213143169 1.28999999932 1.28999999833 1.28999999811 1.11869773363 1.02649642048 1.27282447913 1.29000073391 
0.939565248767 1.2296424822 1.24343522689 0.994726564453 1.0216567329 1.23511748098 1.1421314352 1.02492115666 1.28999996404 0.726297318305 
1.14213143478 0.781385096864 1.10350105073 0.855036129936 0.897236808307 0.920993715846 1.28999999473 1.06690159702 1.28999999942 1.14213143474 
1.00550791275 0.931343339813 0.856111190658 1.28999999604 0.785997277393 1.29000000001 1.11484177875 1.07170431071 1.03577546633 1.1421314294 
0.985055110762 1.00043979759 1.09975560273 0.851864226277 1.29000000014 1.04599790302 0.939040988963 1.11875946608 1.14615689581 0.90275251992 
1.1352066572 1.24332589121 0.898156240997 0.88153071461 1.29000001078 1.04002278857 1.28999999343 0.999606566336 0.982262476505 1.14211697083 
0.89377427856 0.920272152011 0.864746144607 1.14211123523 1.28999999988 1.28999999998 0.994437024992 1.13719754355 1.16538752031 0.765645417442 
0.87236693076 1.14129560826 1.24772453012 1.03488011002 1.29000000782 0.864525223843 1.1165883472 1.14213143477 1.11414600015 0.881944442041 
0.723835966998 1.02340044227 1.28999999955 1.28999999969 0.809731479137 1.14213129902 1.14760079089 1.14132708485 1.29000000026 1.05609845243 
1.14241520023 0.975368043715 1.08094247337 0.731094731872 0.688726001101 0.861153196247 1.14162276779 0.930824580547 0.98465256385 1.2899999372 
1.13461984354 1.15251952513 1.28999999993 0.863966475618 1.14213143477 1.14059811657 0.973939915276 0.847379085435 0.977368276369 1.28999998062 
1.14212941577 1.29000000002 0.915608161914 1.03528218395 1.29000000468 1.28999999982 0.996214729483 1.12159415053 0.700025172149 0.988921881738 
1.14213143477 1.11950198509 1.29000037709 0.860487672318 1.29000000116 1.12496767523 1.01610863003 1.22691736791 1.0170569223 1.28999989825 
0.862994754508 0.867589007085 0.990771168647 0.615569142799 1.14381751415 0.98824709881 0.713822326764 0.833879926995 0.997300153908 1.08339019167 
0.829698435558 0.93384822205 1.1529258123 1.29000000001 1.14076790785 0.956700472911 1.03752064876 0.938836423711 1.01365607789 1.14213158921 
0.978609610756 1.19043458077 1.14213143477 1.08847741001 1.14031107936 0.906625885242 1.02319105199 1.19491713011 0.952640408399 1.04637679777 
1.04401861532 1.28999999747 1.28999999087 0.934752457643 1.2899997404 0.956013228089 0.626610952023 1.14238055055 0.93364213896 0.970576991223 
1.29000000373 0.816764052139 1.29000001013 0.894126303736 1.12483895819 0.87821984472 0.984695472052 1.14211123521 1.17004566806 1.28999999999 
0.969196529586 0.971052670448 1.14253149475 0.953771217457 1.01491009838 0.984710371737 0.722814635808 0.893139141313 1.09233811291 1.29000025363 
1.14257135106 1.28999994752 0.762421347686 0.979459359458 0.894051944502 0.997151087939 0.971220425078 1.13602092286 1.07870833598 1.28999999933 
1.04521971286 0.985202654663 1.05629973643 1.14213143496 1.28999999962 1.14211123452 1.08378595625 1.28999993683 0.963199473824 1.29000030571 
1.13423281879 0.961791649539 1.28999999998 0.99395358759 0.850242926183 0.997846328646 1.00370367111 1.14213143481 0.801504845897 0.956372120104 
1.29000002831 1.00584100459 1.28999956796 1.14213143513 1.04355442152 0.987376607413 0.849050571602 0.990433199841 1.06235889118 0.762982386047 
1.1856468337 1.25229381981 1.00776916926 1.00019534134 0.920033752106 1.28999999952 0.981882583787 0.980216447805 1.14213136642 0.613688717277 
1.14213143477 1.14213140826 1.28999948254 0.969595366595 1.14373124437 0.626281497584 1.28999976814 0.895560069978 1.25586295 1.04261274053 
0.728044730627 1.14213145285 1.00704794498 1.2899999842 1.29000004306 1.01690942869 1.29000002775 0.852082624018 1.28999999859 0.982760516214 
1.28999995113 1.13851807799 1.0421820071 1.29000019644 0.969265730688 1.17148629987 1.28999999775 1.14211706685 0.605296098062 1.29000000061 
1.01311974848 1.02699148367 1.01923312722 0.658561879426 1.05161402002 0.96617164655 1.05308069862 1.2900000002 1.14211600254 1.29000001943 
1.29 1.07402156405 0.976994803769 1.04725183575 1.01903711055 1.29 1.14213143477 1.29 0.627283807093 1.02375950485 
0.624055885253 1.14213143481 0.988086693035 0.885352731339 0.740137705657 0.968255629735 1.11449974781 1.23275657398 0.981226375658 0.912295792334 
1.28999999997 1.28999994366 0.843532338363 1.14237081419 1.28999992302 0.912355444331 0.882360442582 0.774234183047 1.29000008174 0.804463056257 
0.987789476802 1.00309680537 1.07619973107 0.996341089521 1.23734110298 1.14212714006 0.952022072757 0.866570661663 1.2608867278 1.08283758947 
1.28999981653 0.979378843279 0.849402874834 0.955207331841 0.993482607781 0.938538692468 1.14248338816 0.87679956743 1.11932454245 1.0283543547 
1.24157580919 1.14213000909 0.731311548627 0.957601369077 1.28999999436 0.614995845925 0.989090246281 0.902890112818 1.00298719692 1.29000000162 
0.908419280236 1.03288049188 1.28999996314 1.29000000012 0.943483148058 1.29000005286 1.1421112357 0.811445383313 1.14213142032 0.869471948398 
1.28999999996 1.29000000005 1.14216735529 1.28198075227 1.29000000003 0.960520955975 1.1048727255 0.736146374988 1.28999999978 1.28999999976 
1.28999999905 1.03006062962 0.966735819597 1.29000000056 1.14213078028 0.800675892327 1.14094755293 1.29 0.982087387424 0.937415978975 
1.1421314348 0.802481500253 0.96207066346 1.13419567837 0.997995658558 1.0035966637 0.996134820374 1.28999991815 0.852004572288 0.955014804122 
0.649116004928 0.649494565142 1.14213143485 0.929235071994 0.992471966428 0.961687371706 1.06134033506 1.23973989954 0.581104476621 0.973768092044 
1.29000003922 1.00650695046 1.1421314348 1.02936681008 0.830337407292 1.15297641435 1.01868377342 1.14145697001 1.28999999866 1.29000000486 
1.14203857919 1.27292115689 1.28999999892 1.29000000069 1.06864746591 1.07596754468 1.04250836993 1.25255577175 1.14213143477 1.00434783626 
1.08670352961 1.28999913686 1.02825425816 1.14213143477 1.05328531104 0.97079023563 0.610094867436 1.2899999979 1.28999999084 0.624969542047 
0.871215039467 1.28999999999 1.28999990848 0.939326551271 1.01690133942 1.13953357973 0.939230030963 0.919830579984 1.14212964536 0.95152554605 
0.960943518602 1.00308354739 1.23814759412 1.0466698976 0.984710624018 0.959527970168 1.12761605219 0.923436409814 1.14250294103 1.13197543774 
1.114570578 1.29000000048 0.980975645066 1.00709047217 1.04541212953 1.24277314795 1.14212983933 1.25251815788 1.08984869331 0.866305652372 
0.996737432753 0.995183133759 1.29000000013 0.817961580355 0.964883731889 1.09320025018 1.14202222463 1.14213143477 1.20708932875 0.86763851868 
1.14213158918 1.14196603177 1.28999978062 0.922305592359 1.254726119 1.28427692115 1.0530260857 1.21287530061 1.18922141537 1.03488170624 
1.12159484221 1.13737681137 1.28999966571 1.28999303181 0.854744899084 0.976789030158 1.28999995851 1.14213143484 1.29000012251 1.00826329225 
1.12626049237 1.13932417743 0.830791210606 1.10925685855 0.795640104532 1.04731598141 1.29 1.07686723494 1.14213398251 0.999873928679 
1.28999999575 1.06103461603 0.981562432841 1.14213143477 1.14214566439 0.950535270271 0.953885491584 1.15761705456 0.932513260773 1.29000000145 
1.1209443936 1.00767315211 1.00724020805 1.0118963267 1.07964142604 1.1440445614 1.08941226364 1.28999986824 0.604666303008 1.0209474306 
1.14213143477 1.05825348874 0.89011001268 1.14213143386 0.91188423286 1.03857725964 1.0052083765 1.29000001123 1.08011754296 0.801179497995 
1.00582728196 1.00195041935 1.23289602557 1.25020390865 1.14213143529 0.556796337362 1.03381340997 1.00201795876 1.0288187224 0.972157522292 
1.14211123478 1.29 1.09545202359 1.29000000004 1.29 1.15386166358 1.1616623341 1.29 1.2899995415 0.89185349842 
1.02418511651 0.963067473604 1.24376098834 1.18580373466 0.716208190599 1.00886461019 1.29000024173 1.14213143477 0.798763699583 1.2899999689 
1.03534151014 1.02435502276 1.02656702573 0.797502433749 0.990034933755 0.794162158699 1.14213143477 1.01685889601 0.788701640892 1.29000000003 
0.975665793804 1.28999999288 1.03290494109 0.902148993851 0.973152498154 1.14230170498 1.14213073779 0.734478727856 0.769152662272 1.28999999994 
1.08318072093 1.12240604603 1.14212917301 1.21441186332 1.25445019832 1.05129754109 1.00992881428 1.23856208617 0.971252597878 0.867170325977 
0.946729428075 1.1423520817 0.903135632528 1.015376532 0.96970719144 1.27971299294 1.29000000003 0.981899334882 1.09779142741 0.926963438871 
1.04346564184 0.632564759445 1.00388252462 0.999504232125 1.03350115412 0.792229009592 1.26809046801 1.22086779182 1.14212967047 1.10978873567 
1.03151169876 0.894723389128 1.14213143477 1.14114236719 1.15419364552 0.775485914291 0.860096413656 0.96816011372 1.290001058 0.862642837005 
0.652095756359 1.14213143488 1.14213143472 0.860952246796 0.67800236752 1.02129904489 1.29000001484 1.28999995655 1.28999999696 0.804745553731 
0.994720351852 1.14182465818 0.951804795492 1.06478412572 1.0318303157 1.14213636499 1.14626712783 0.848426001786 1.1666544192 1.28999750659 
0.980224100202 1.06318655421 0.647519092065 1.28999999968 1.05357861408 0.86821735625 0.934743884046 1.11917172921 0.626167340806 1.14213149422 
1.23015807681 1.14155156841 0.811470656132 1.01309674256 1.14189985497 1.00683956852 1.13958704361 0.893517438348 0.644797119818 1.28999999999 
1.29000026414 1.14213143477 0.625032129191 1.28999999959 0.962722381346 1.08503817742 1.02345922922 0.768723305471 0.843210374314 0.646775739436 
0.826459073943 1.06057723655 1.1418418731 0.990113792353 1.02843294966 1.14340241009 1.01194202648 0.838498242604 0.979629247284 1.01886286182 
1.25579375943 1.00341463801 1.1421307439 0.892430083886 1.28999999999 1.0347565989 0.936806681246 1.29 0.996017399729 0.624392477411 
1.28999999999 1.28789972081 1.14210629303 0.982937068314 1.29000000002 1.22956806484 1.10877805076 0.955150285008 1.06639952767 1.1421300376 
1.14213143477 1.14244578174 0.846320784574 0.860205961428 1.08781621486 0.995513195305 0.643506280722 0.8709996609 1.06744181389 0.943031675166 
0.980981685547 1.2900000003 1.11459742772 1.04544247899 1.0898378276 1.25244759525 1.14212983936 0.866307346068 1.00710182683 1.24277805687 
1.08955141258 1.14405042349 1.01943142625 1.28999999807 1.07800899069 1.01165667147 1.00720175415 1.00778140814 0.604679946938 1.12050487715 
1.14213280257 1.12164081742 1.14191554636 1.04252673296 1.20449074829 1.18674486763 1.00609093963 0.964765213385 1.09472665111 0.983461383507 
1.14246197197 1.14212703215 0.916310979606 1.18481787331 0.787954372787 0.948002820439 1.03315211939 1.16689427312 1.00788291929 1.13091468847 
1.07700451001 1.05245828801 1.28999999902 1.28999996336 0.722343131681 1.29000001714 1.17162091395 1.1387204889 1.0239344159 1.14197799112 
0.877680712072 1.12147996935 0.941210204293 0.95743921304 1.06363203545 1.13919265853 0.997654416866 1.10697376516 1.14244427991 0.909008675708 
1.28999999967 1.24432064781 1.00581379091 1.14213143481 1.13312512753 0.870046464535 0.9060185178 1.13545024681 0.991549509135 1.29000002021 
0.872735618802 1.2071907778 1.01985969686 0.961414699893 1.28999999996 1.01160582344 1.14249985258 1.27443022942 0.834344901298 1.10678456167 
1.14213756216 0.770084565916 0.732674359339 0.736888403762 1.08836929071 1.28999999994 0.635790155151 1.14213143477 1.00127423406 0.991079267812 
0.985816749551 1.29000000017 1.29 0.69882130556 0.974038093959 0.941359544636 1.28999999997 1.29 1.25958652164 1.14212714069 
1.01899643478 1.05413284555 1.0522356187 1.14241162546 0.992896431513 1.08895134957 0.7596854995 0.70664625636 0.929591759201 0.986407325572 
1.02041916584 0.817995893988 0.955063149481 1.11177071264 1.14213143479 1.28999999966 0.960034721468 0.972274576453 1.1367895644 1.0041674666 
1.04306442849 0.837277894786 0.992994075911 1.17345929568 1.23138299715 0.940302966664 1.03311760385 0.91224683839 1.13868175156 0.956675984558 
1.28999993049 1.00366167656 1.28999999997 0.993559271864 1.01639972917 0.995003533018 1.29000000723 1.1421304767 1.20234989774 1.1020392563 
0.970869673207 1.00492392165 0.908526101717 1.18333975965 1.14213143478 1.29000000056 1.04526224105 1.13778276932 1.00724520071 0.721614565438 
1.03171404379 0.913251834276 0.959736053438 0.989308956823 1.24164992868 1.29000000027 1.14213003269 0.711896173804 1.29000000009 0.893646966209 
1.26017502151 1.12310025658 1.09748738452 0.693199308807 1.01152547971 1.01449053802 1.14213143477 0.995293732099 0.596274305684 1.14274432244 
1.28999999686 1.01819781393 1.14102044965 0.975943439049 0.994444119647 1.02291525578 0.906964144713 0.873615130601 1.14213143477 0.742763176332 
1.13375314608 0.808531255876 1.29 0.927754001038 0.962861578153 0.972004764383 1.15496357404 1.01121237561 0.820324592424 0.871736207336 
1.2899999994 1.25085523154 1.29000002516 0.995329002894 0.895111630625 1.14213022404 0.988676008965 1.02945844665 1.19379685449 1.28999999575 
1.19000650158 0.605036625483 1.08056537059 1.29 1.12921300866 1.28999999999 0.896422771427 1.14478911596 1.14211136899 0.92464576091 
1.22731915868 0.847602037477 1.14209471843 1.29000000143 1.08219715101 0.954936625232 1.04417172371 1.01064553884 0.997445962866 1.01716990775 
0.979351975249 1.14213143477 1.29000000164 1.01973812777 0.822774910545 1.29000000235 0.955682705134 1.00689271169 0.657243616952 0.860652109768 
1.23824968178 0.955288547124 0.978122387002 1.28999999999 0.809593826033 1.29000000048 0.999483997093 0.863024959056 1.28999999985 1.14213023568 
1.14250591247 0.8208710112 1.14211123514 1.17639973838 1.28999999996 0.987583577843 1.29 1.03090803722 1.08376946606 1.00381123327 
0.900752742296 1.0213225546 1.28999999911 1.1366834752 0.815205422324 0.935566158108 1.08318211132 0.972636740503 1.28999854274 1.14211123523 
1.24314216675 1.20797736417 1.05007016704 1.02947313831 0.642292046408 0.906378208654 1.14213083697 1.28999999999 1.00272580764 1.28999999958 
1.29000002328 0.936041019449 0.881302204122 0.611700421141 0.963014225145 1.14376929905 1.22558171676 1.28999976669 0.917928728328 1.14213120705 
0.992321505334 1.1424314071 1.11123057238 1.04101544817 1.12201764741 0.817085222165 0.915233309343 1.09651988887 0.937279181758 0.904306985342 
1.01578610819 1.06015514653 1.01829885398 1.14213083659 0.878682266473 1.25875410442 1.29000013516 1.29000004769 0.980339077921 1.29000001581 
1.06359175101 1.29000029604 1.28998803696 1.14210339767 0.935029180881 1.07776384882 1.29000392128 0.938979946715 1.14213143477 1.10134423398 
1.13839685095 0.917215175562 0.983917768777 0.843914171068 1.14557631744 1.14213143477 1.1412212216 1.28999998587 1.03490061164 0.886414097457 
1.011617408 0.945962062411 1.29000002615 0.768360900707 1.13819742195 0.97504952971 1.2900000458 1.14213143842 0.97296880746 0.873328993723 
1.21743982856 1.11951673245 1.06415601274 0.644932391109 1.00419386382 1.29000106585 1.12280437333 1.14213143477 1.14698986744 0.825489748827 
1.01436516328 1.28999999998 1.29000000001 1.28999999933 0.991981105357 1.05214610521 1.29000000041 1.14212512228 0.784893853805 1.01690593753 
1.12872468392 1.13678583882 1.28999999973 1.27626987109 1.02660262072 0.812478109723 0.946577909794 1.14213146097 0.818038206548 0.994869408474 
1.22740390298 1.04727567219 1.28999980507 0.566014023263 1.14213143497 0.858153405135 1.02167590785 0.970394198719 0.717319869142 1.28999989835 
1.01985472231 1.1421112352 1.07459937619 1.28999999998 0.756650717985 1.0093478726 0.986174317037 1.08425379528 1.29000000135 1.14213143853 
0.637313778498 1.21325919263 1.10728346486 1.14213143477 0.989329026885 1.14213109712 0.935580694909 1.28999999994 1.29000000001 0.926196098443 
0.669876311126 1.16163076847 1.14200670881 0.72771082848 0.994144015531 1.08924961504 1.14213143477 1.01209782358 0.987838835221 1.07289222728 
0.928459400106 0.945924170515 0.561931372057 1.14213142968 1.14213143477 0.844929805619 0.92287925157 1.10495773311 1.29000000293 1.06728379169 
1.28999999978 1.01958800292 0.909158280281 1.14215946184 0.908776579995 0.9066386455 1.11150524356 0.700521726246 1.06398203345 1.14206970584 
0.986458591589 1.29 0.791043749797 1.14213143477 1.29 1.04541165297 0.842483297892 1.04005608513 0.683314048706 1.03087285357 
0.848910207847 0.922577807649 1.29000000002 1.28093633285 0.94862040314 1.03318980886 1.14211123521 1.28999999999 1.29000000005 0.747939325193 
1.14242380386 0.791814040538 1.05418415522 0.93471103781 0.802869090631 1.28999991866 1.09876609088 0.98814407249 1.10489360937 0.977368290408 
1.14213143477 0.947402294314 1.29000027739 1.10442202503 1.06744675789 0.562782424105 1.14213142979 0.921548294738 0.845313080437 0.926128387152 
1.29000000002 0.924264525876 1.14157810472 1.14211123521 0.984665458954 0.932375624364 1.28999999995 0.960648798611 1.03019338784 0.806941662695 
0.989589850362 0.89970269813 1.14212830423 1.28999999997 1.29000154366 0.901835901909 0.701057567475 0.944359058221 1.11580943033 0.990901013539 
1.14211386005 0.98363708304 1.28999999556 1.11628646266 0.989855446612 1.08570532609 0.949691327522 1.29000000001 1.29000000954 0.922669295212 
1.29 1.00549144238 0.897301799627 1.17017112394 1.1421282997 1.28999630431 1.14931458804 1.00076132525 1.00686699441 1.28999866858 
1.28999999986 0.983726836057 1.12802037479 0.970188581099 0.920586336147 1.29000053172 0.879713114674 1.21454951787 1.05850759856 1.14211123521 
0.696743134441 1.06563030493 0.830848977521 1.29 0.773245011463 0.996245245548 0.962413628367 1.00173873768 0.647061117596 1.14218626549 
0.65114541706 1.12427199528 1.21194771423 1.2899999971 1.14210593319 1.14213144895 1.28999998552 0.987202746001 1.28999995788 1.28999985064 
1.08360018224 1.28999869221 0.890018040463 0.742014126579 0.872242587979 1.14211116869 0.854109750705 1.14213143477 1.2900000747 1.28999999371 
1.11248076521 0.916858003115 0.768408446489 0.984701642289 0.989095093789 1.29 1.03946005244 0.897373766625 1.1454678633 1.28999999998 
0.853694846592 1.07589794275 1.14213143477 1.28999999994 1.22693763872 1.28999999995 0.8532339919 0.844224782609 1.03431419208 1.25568873601 
1.04547344502 1.1421298394 0.980991750865 1.11459454377 1.29 1.08986598677 1.25239459045 1.00710331011 1.24278642689 0.866310302434 
1.05674202395 0.976690793106 0.968007512695 1.14213096735 0.841520787613 1.28998989571 0.73693679536 1.29000101766 1.29000060664 1.14188923951 
0.897225109873 0.753153608087 1.14212752875 0.99195288082 1.03255825327 1.28999999992 0.856636617016 1.2899999799 0.98706853976 1.01003179347 
1.18302784243 1.1421314348 0.99933968629 0.952094817664 1.28999997412 1.13537982993 1.21581859091 1.00008916674 0.991205900182 0.983559466045 
1.29 0.535013061654 1.29 1.14211123521 1.29 1.17912355353 0.730519988526 0.995039796262 1.06404459135 1.09759270388 
1.14213177719 0.951294124012 0.905266788205 0.596487193178 1.14187172834 1.29 1.03580686197 0.936982604748 0.974104016494 1.03697526169 
1.00255039204 0.993502351609 1.00128360973 1.14213131045 1.01373328081 1.29 0.594136618712 0.910090028782 1.24849812471 1.29 
0.882516540402 0.985195946221 1.28999998144 0.912467102715 1.14213143246 1.05586266199 1.14194303436 1.29000000063 1.29000009015 1.06097046092 
1.14242346886 1.09869066842 0.801294853255 0.93458524581 1.28999998024 0.791884708662 1.10482433208 0.977854085007 1.05436110913 0.988198272988 
1.28999950646 0.890853244912 0.986273594086 1.14213143632 1.07039773356 1.0348568401 1.00241169219 1.28999999985 1.1726036142 1.04776126805 
1.00134120782 1.14213143522 0.556361407618 1.0431663235 0.913470636005 1.29000000249 1.23025305025 0.970756787776 0.962695068202 0.993606184411 
1.24094866894 1.09776259464 1.14213143518 1.02734092743 0.964724076381 0.557461840964 1.01674087887 1.23109644477 1.18353265388 0.972320184678 
1.01221512911 1.28999999963 1.1274000089 1.14153083328 1.28999996265 1.04065328115 0.969437777555 1.14213026441 1.29000003801 0.979817991365 
0.891919251148 0.922255485969 1.29000000239 1.14213143477 1.22016739362 0.748743675831 1.08830020414 0.930220681279 1.28999725715 1.29000024114 
1.06586966526 0.940213720384 0.756176821683 1.01705986725 0.959037219729 1.12257825559 0.675805643261 1.05826692814 1.14243954212 1.1674688304 
1.14213143477 1.28999999928 1.00757867737 0.767838581316 0.780016385376 1.02619872696 1.24442319233 1.14213143796 1.06723868055 0.948932457567 
0.990702448709 1.00848290016 1.12159789887 1.27571036272 1.14212858509 1.05875655755 1.26797349544 1.1886117263 0.914856844369 1.29000000033 
1.28764132915 1.00295027087 1.0164391217 1.1421314371 0.638221870018 0.928054040412 1.29000001588 1.23680167027 0.947358351263 1.16355348226 
1.06525046256 1.14195407209 0.957439201027 1.14213143477 0.978321657884 1.29000021939 0.849710786207 0.93098499161 1.17212964406 1.29000424997 
0.93858664389 1.28999996313 0.918025579917 1.03583018036 0.790013406759 0.670383236889 1.29000000004 1.14154963281 1.28999999599 1.02530516603 
0.964497316308 1.1425132651 1.01157569178 0.986870917707 1.10286703722 0.897413443635 1.15980677984 0.855808149345 1.24011384135 1.048204231 
0.971631252248 0.804775598176 1.01162535219 1.14251371551 1.14946406664 1.14235242499 1.05153111358 1.15116657667 0.787974072316 1.2899999905 
1.14212987798 1.03220628697 1.06401908972 1.2899996786 1.0103872377 1.11532952895 0.982615611372 0.800905031009 0.97134945373 1.01084794057 
1.14213143492 0.989455248307 1.29000000008 1.28999999999 0.767579141232 0.996750830818 1.25552407001 0.80539437076 0.882156539139 0.633688956643 
1.08165951039 0.656243875474 1.14209840373 1.01010628916 1.06337310309 1.05004756999 1.29000000019 0.7592280776 1.14213649401 0.607467530942 
1.00239123267 1.28999999952 1.14213152301 1.12007168234 1.29 1.08408051924 0.814452168211 1.1421112352 0.934047685999 1.08568693961 
0.990919682749 1.29000022087 0.768186719611 1.2899995746 0.99434469203 1.18708885962 0.847126899919 1.26233985844 1.0493337956 1.1421292465 
0.663739051841 1.28999987636 0.979652804508 0.577469401375 0.850949101893 1.29000008945 1.05718771777 1.14210156866 1.1421314352 1.28999996926 
1.06365914777 1.28999999989 1.28999999991 0.953436448692 1.14213143477 1.14213144306 0.938891966196 0.873507089948 0.75461068787 1.29000000013 
1.02980684955 1.2900000002 1.04070382309 1.05178398332 1.14213143477 0.715835044227 1.29 1.05284269098 1.00945082776 1.06312189967 
1.0040468737 1.02030436432 0.971109812696 0.818245792161 1.11166832855 1.13676216193 1.14213143479 0.960265951077 1.29000000003 0.955004256471 
0.982818650848 1.14196637106 1.02648158577 1.29000000095 1.14213143477 1.12432630679 0.915367608844 0.841029678491 0.84263943955 1.28999999651 
1.16086391278 1.13914991032 1.07649128154 0.943170238003 0.676475440586 1.01739093484 1.13592809526 0.99582056331 1.17790414607 0.794998093074 
1.28999856583 1.14213143477 1.28999801612 0.813305993253 1.17189001087 1.29000780545 1.01394979734 0.824459488806 1.14121640197 1.28999968302 
1.01514622153 1.14656892986 0.860930277962 0.939044395618 1.07363217511 1.14239955568 1.28999999877 0.977616917907 1.14255789875 1.13754025339 
1.29000000877 1.00171208386 1.14213143477 0.748343923832 0.970021391475 1.27518007806 0.608220233885 0.995542829443 1.14122658879 1.00438751676 
1.2899999921 1.14213143477 1.2899999789 1.09800983222 1.29000000521 1.13580618844 0.872878464987 1.14211011892 1.06438516769 0.755659832387 
1.29 1.01664830089 1.28999999999 1.2160572809 0.960319919168 1.29000000104 1.14214712246 0.982278483146 1.02415503283 0.688837759668 
1.28831661805 0.890558498206 1.12895595006 1.28999999385 1.28999999986 0.847875325757 1.29000000003 0.905909848784 0.984102528782 1.14213143477 
1.25746732769 1.29000000002 1.14211123491 1.10887600589 0.930733186044 1.2899999997 1.24510520681 1.29000000016 1.12867168739 0.968433894599 
1.29000000034 1.15321118322 0.697902241143 1.12042666501 1.14211123521 0.778760027588 0.975226860955 0.993558331401 1.2900000001 1.29 
1.22554222812 1.06435168222 1.00177218718 0.998701452248 0.637608905042 0.928702860412 1.097173603 1.14212928771 1.26621915871 1.21387552962 
1.29000001176 1.29000003114 1.03446694644 1.14213143477 1.28999990863 1.04140535391 0.848775186863 0.83891046112 1.0627765225 1.05536547217 
1.16379694653 1.26697621565 0.700199196261 0.999331199621 0.965642340029 1.1421311136 1.29000000051 1.18724958877 1.04776979165 0.979217737126 
1.12024657712 0.697818183561 1.15168399637 1.00322844457 1.1425043624 1.28999997738 1.06000614007 0.739252341375 1.0243588181 0.965877555077 
1.03042116973 1.27667504625 1.04696467963 0.963296211789 1.29000003925 0.568659641901 0.961866025409 1.14212968935 1.10681125829 1.14213143477 
1.28999999995 0.990430134623 1.0853598508 0.833903314274 1.14212465069 1.2900000097 0.98041778244 1.29000000405 1.07961937866 0.961116000936 
1.03653374771 0.855812587618 1.19505069144 0.828638670363 1.14213098439 1.00554606737 1.1421315684 1.08737812141 0.96111297234 0.984608661731 
1.04069793393 1.14213143477 1.03292660588 1.14115200925 1.28999999992 1.03061854538 1.16070092844 0.963376233677 0.963837999871 0.950487958302 
1.28999999996 0.944432856914 0.986106759317 0.980246597965 0.894823763766 1.14213078967 1.14163158303 1.2899999937 1.14365091237 1.03172166678 
0.829726403909 1.00771454707 0.635899422664 0.880444283357 1.14154969987 1.14213140675 1.28999999993 0.983676811599 1.25989889314 0.69667210152 
1.14213143477 1.14211610919 1.17718776645 1.04224651503 1.01913085511 1.02094310154 1.00053517335 0.901462768125 0.667317525529 1.28999960876 
0.855933531444 1.28999996722 1.01010607596 0.814655227999 1.02144458545 1.28999995425 1.0134519329 1.06124665523 1.10389283072 1.14213144439 
0.904321849515 1.04981181059 1.00728712199 0.982921096217 0.950680192136 0.787149857082 1.13848411534 1.28999999979 1.24149682112 1.14213143478 
0.973323784756 0.881937834531 1.03521675164 1.14183508403 0.993161383263 1.01142801902 1.14212992097 1.29000000099 0.97787242245 1.05014292743 
1.07140051069 0.573883663079 0.982768332806 1.13698898784 1.01302138244 1.03055996199 1.1421314326 1.28999999981 1.14213143477 1.29000000041 
0.681007266916 1.05925173281 0.989580768838 1.038940976 1.14213153739 1.14213143477 0.993724735551 1.07536979167 0.9260328041 0.715040362299 
1.02670284095 0.908913348818 1.29000000008 1.14213143477 0.984182857856 0.880418288443 1.28999999996 0.844171932853 1.14064017432 1.2222529437 
1.17857779773 1.14213143514 0.994278488641 0.896842232937 1.18474549501 1.03838510715 0.995516874401 1.01363733119 0.733181233167 1.28297145862 
0.986242357647 1.08862850964 0.768256811651 1.16695290489 0.929716877779 0.87618195717 1.0923161887 0.724064693333 1.03393689218 1.14241194903 
0.987901626119 0.98301787284 1.28999998518 0.943547089675 0.998481581343 1.07553208917 1.14242097691 0.874735754337 0.932381627671 1.27227308601 
0.756872699735 1.28999999691 1.29 1.01045786557 0.691451467906 0.812792302591 1.14213054394 1.14176533454 0.951571606123 1.04911933941 
0.99131268427 1.01096316427 1.23764525268 1.14213143478 1.01456836401 1.29000000022 1.14191653336 1.04290981209 1.04079879196 0.856282601688 
0.990966162644 1.18614417708 1.14244229538 0.893085972943 1.04479524547 1.10601862834 1.28999834507 0.874221362192 1.19018497722 0.941434616342 
0.930538523081 0.827717569161 0.994418435953 0.958384513028 1.0657933093 1.02730031823 1.21938048971 1.14196699638 0.988108354772 1.14213143477 
1.14213143497 1.04724717097 1.22741200476 0.858166781459 0.97039616589 1.28999682258 1.02168598596 0.717309802635 0.56600819939 1.290000229 
0.823900377186 1.28999994164 1.29000002971 1.01836415584 1.01438934262 1.142131435 1.14052434676 0.796219136517 1.28999992705 0.820569897637 
0.893844123203 1.12762646342 1.14213140209 1.28155150049 0.906437429072 0.62923032676 1.14213143477 1.02969178187 1.25010345033 1.04129906799 
1.13201823285 0.915777619144 0.969356123019 1.1424866702 0.990056537465 1.11932602729 0.864192402136 0.955915554603 0.924522856978 1.00377340409 
1.11248587154 1.14909923962 1.03681659713 1.1424386996 0.989870571273 0.890686441573 0.992260673304 0.89953910846 0.940205829213 0.97717190275 
1.21510848893 1.14212854224 0.969582338701 1.23886555633 1.29000000017 0.873443971489 1.12887943942 1.23525788183 0.998417778791 1.29000000006 
0.95145195117 1.28999999977 1.29000000004 0.939393643178 0.939555270356 1.14212966435 1.13953807105 1.01697360755 0.918611960659 0.870912863813 
1.1421109622 1.15451734021 1.28999998356 1.18705763393 1.03414906439 0.993409350139 1.07547768436 0.634568943014 1.28999988903 1.14213111591 
1.07264091282 1.00229199711 1.06845661288 1.01351483272 0.998104413261 1.29000033321 1.27168820503 1.02670566887 1.14351112124 0.621773432545 
1.29000023568 1.01429651923 1.28856697056 1.05627734998 1.28999995852 1.14213143477 1.12113510822 1.02440842548 1.14213143192 0.604346208116 
1.29000032426 1.18424518153 1.1099196587 0.721878220513 1.14213143474 1.09578702582 1.14070644568 1.01422951707 1.14210365907 1.1006010898 
1.03558608064 1.01392325797 1.04762219774 1.1416159257 1.04905977512 1.2899999971 1.2899999998 1.29000000271 1.1402188366 1.14213143478 
0.944573540197 0.874998082312 0.989327617087 1.01701572646 1.29000000007 1.29000000457 1.14154963281 0.70595392181 0.915557295074 1.03671145499 
1.29000094018 1.05156923482 0.878970324619 0.998637597598 1.02133234511 0.897873167525 1.14280979911 1.24881585825 0.997133350332 0.878444722416 
1.29 1.0601689278 1.29 0.997624289675 1.14213123712 1.29 1.01517435755 0.608272024109 0.895924064706 0.986224338399 
1.02437157845 1.14213148085 1.14213143477 0.907001397008 0.991270371661 1.24786077712 0.980820066589 0.685433538735 1.04360192407 0.777383079322 
1.02070184691 1.14213143477 1.00327878663 1.07230758406 1.1663188033 1.28999999867 0.946536780511 1.1085687516 1.14245498836 0.655792315011 
1.00073355498 1.14213143985 1.28451614585 1.04416639893 0.775458008894 1.28998622295 0.998618216587 0.843553493175 1.28999984907 0.877817470939 
0.717472192558 1.03163408946 1.06188794975 0.79941248278 0.871662988323 1.14289377412 1.08000639294 0.780088125446 1.1420893934 0.971635391898 
1.13593685825 0.955651497725 1.29000000004 1.14213145824 0.772258614412 0.836893577093 1.07074194006 0.992808669916 1.01434168217 1.00050916404 
1.14377317104 1.27365366099 1.28999996255 1.07484617243 0.990887259417 0.59689942179 1.14213208138 0.775801116092 1.02388786822 1.14212199886 
1.03020430495 0.963380204025 1.04063328633 1.14213143477 1.14115257329 1.03294387185 1.28999999997 1.16070954885 0.950494217968 0.96385676103 
1.03292731341 1.03050272611 1.16072033913 1.29 0.96384029754 0.963376823477 0.950484513042 1.14115222001 1.14213143477 1.04069483426 
0.757051743395 1.29000000042 1.06100728649 0.853880998028 1.29000000001 0.985902743519 0.991876968706 0.682438718181 0.982666741361 1.1421315014 
1.00057931628 1.03565857067 1.01461266707 0.942788900678 1.00248488367 0.759010503632 1.14213143619 1.29000000024 1.28999999999 1.25675327508 
1.28999999996 0.912967925546 0.813512255024 1.01245502745 1.0582598792 1.14209046771 1.14213176449 1.05509295415 1.29000000037 1.28999999999 
1.03295830177 1.14243104092 0.937511456779 1.13957996193 0.902238827854 0.919441828016 1.10944297675 1.14153336648 0.816532635935 0.991342441938 
1.05118707837 0.765312434975 1.14213143477 1.06906737786 1.28999999976 1.29000000002 1.03400733331 0.861966781854 1.29000000003 1.06516924501 
1.02538959373 1.14213143571 0.810001630789 1.29000000006 0.737113160981 1.0529449374 1.01940180931 0.998721407829 0.978242202055 1.05885673492 
0.943030688612 1.26716335371 1.14213143815 1.28999999992 1.00018066581 1.26094040708 1.28999999996 1.01446701024 1.29000000002 0.641154250159 
1.14213143477 1.28999997094 1.29000014307 1.29000026736 1.00645967979 1.08908638101 0.741312343241 0.838501327573 0.653386122233 1.02060786421 
1.14241621844 1.11596031737 0.751505816747 0.987125369649 0.94652802287 0.939068917116 1.09785272185 1.29000000187 1.09551740933 1.24396292797 
1.14213021907 1.11441044724 1.05305659351 1.29000000007 0.924197135967 0.997064334043 0.981118495499 1.28999982017 1.03720600396 0.928853982156 
1.09314996613 1.2899999996 0.778324633275 1.1710911449 1.14211123505 1.02397765444 1.29000000001 1.14251243435 0.961924029363 0.993603422262 
1.18177338433 0.947653693009 1.02051953422 0.919534706043 0.97612022199 1.13940066734 1.14213143478 1.01541208114 0.923723158119 1.28999999934 
1.28999890687 0.675489541893 1.07405751774 1.14213143476 0.850586365548 1.14213143477 1.2899999601 0.894268504942 1.03015829287 1.05690325352 
1.1839297052 1.08593619063 1.29000000953 0.917605780343 1.13133979015 1.0318773487 0.924320688601 1.14160590499 1.13960694942 1.0287865252 
1.13883383312 0.987027710634 1.27514482549 0.847970887161 0.784977957066 1.28999999669 1.00202412039 1.29000011328 1.1421314345 1.13713306577 
1.00319737325 1.28999999915 1.29 0.952607489532 0.80146738549 1.01717268094 1.08535400337 0.888160941106 1.1421112352 1.12796296379 
1.06995615702 1.12659551747 1.29000024397 1.02732432147 0.797596894703 1.14211123521 1.14100476623 0.964690675697 1.28999999972 0.868186708512 
1.1430894932 1.1421305264 1.19669331665 1.28999999999 0.6406206733 1.2390020174 0.997305122211 1.29000000001 1.14213143582 1.29000000012 
1.04074091629 1.01535763278 1.01487751645 1.29000024636 1.0347925477 1.29000012075 1.0442180273 0.957056888839 1.14209912753 1.23880487117 
0.809299244878 1.14005742774 1.28999999999 1.29000000001 0.934500526246 1.163647331 1.20911000482 0.742250094473 1.14213143478 1.01762980375 
