428.224395349 81.4541357196 -133.508205352 -457.534929342 223.241686674 -320.481068731 -239.530297136 -99.5006461215 455.3163753 -10.5231993601 
9.58396767408 -386.072473514 69.45273249 -29.0468425171 -162.308416299 311.571192058 308.419245819 -166.618802565 -377.98586186 448.492433963 
399.541578674 -29.0468425172 48.7306978421 -174.461479609 28.9779688416 288.18223545 452.361331304 -217.422187912 -459.606033287 -34.442029494 
-29.0468417286 29.0466165725 452.52177559 -376.315237694 -46.1389314049 -411.164399116 244.925782007 175.423421601 307.437110716 -284.416319769 
379.138265388 -145.65939042 -8.88587314032 301.153318481 442.416328298 55.26446133 259.148846279 29.0468422173 -193.915567154 -111.575605179 
409.802999039 -318.130418291 -4.43611207739 -456.917384594 -65.4884875912 186.578648125 430.767840294 241.515103967 -30.6055476237 -96.6915355338 
-257.313102511 312.371141003 -29.0468425172 307.707964208 104.311442175 -28.7182901407 444.466215001 -241.041989937 -34.7364643025 -383.963769432 
-359.39900967 446.037750558 -387.871229449 -325.097860478 -55.7382562714 249.796577808 -20.6496601211 434.005204885 -30.9790042901 -28.0386541372 
-252.204122377 282.286152384 308.438718 -371.620985195 -29.0468425291 437.808723814 -29.0456956373 -31.8232774753 40.9853060993 -217.906659965 
-208.309798622 459.327689808 -427.796742777 -218.207411358 -439.065536375 -7.35055574001 8.05926068815 -96.6747528323 -313.939519398 321.703483272 
455.235824437 147.490852905 324.810489955 -171.32199868 -126.221509147 -116.553139321 47.2837919705 -24.193343344 -459.570416988 216.125149665 
4.86640090398 -460.938781161 267.724521837 -37.1344142441 -29.046842517 306.161180016 459.474567947 -331.403767454 -96.7915031814 -314.944528489 
-213.86914788 -430.722556542 -13.2008398417 311.581832083 -27.9187898202 -394.829258632 462.5834756 29.0468424762 392.774090636 -237.029297055 
316.609362866 462.304095499 -395.511352834 -101.00054439 -361.210266429 91.2908561641 61.6941498866 308.624440648 -130.242535531 -17.7355056858 
24.3575430013 455.214916042 -240.371469957 308.03836305 -26.1140461331 101.221894535 -28.4936113928 -322.835399675 -359.099201326 -458.951405904 
-316.232326024 -379.542819669 306.508477554 393.429050832 5.18656058335 -29.0468440234 -411.666844698 -46.4085535076 -66.7302386594 198.30169833 
-430.11386795 -257.765134067 320.231416264 -19.389027788 459.751643703 -29.0466165696 -442.06816948 -210.715150919 83.2349688567 -221.820276311 
307.72844695 -368.155791668 81.4161715298 -391.420113305 -357.118985192 -134.269254943 -145.937443628 29.0468400881 203.150403585 374.384901493 
-134.409073872 -148.267341991 -366.247049775 379.133526406 -327.710346133 456.443704089 -4.96214827094 -3.4576943216 84.4863683184 312.883613602 
-6.26719642829 -21.6639000663 388.151673498 -428.026149476 322.880535717 -241.508402762 207.140026333 -208.673997023 -0.0337420217292 -318.610365887 
446.136739755 29.0313477782 149.231117483 -85.4960610562 -38.8470257737 -308.64855681 303.624776468 -74.3884516642 82.1348271786 413.282658213 
-196.96514891 -231.266238304 -49.0732667894 -269.97080211 454.01066569 -28.4904133791 311.13593109 153.781677989 385.002001346 168.216803587 
-364.698512863 308.093344927 -240.136565227 -459.509558092 -29.0442095482 -2.34765933712 452.959517595 -29.0468425279 283.932453194 47.9860447063 
29.0468394628 -12.2040524441 -201.226195103 -128.49522239 410.177855384 -118.965918231 -415.662496171 459.767920048 -452.760953654 -323.225939787 
-43.2418250752 29.0464235243 309.87223899 -203.911455813 156.129582653 435.21757989 -416.776994402 451.374888621 -29.0482328125 -391.584753905 
276.969363549 292.663030288 0.411659515892 -29.0468452679 56.8344478001 -459.393483101 316.265952234 -243.119434895 451.68129984 -46.4491233669 
-87.9920680232 -252.400527269 -23.3965506125 -271.499608026 -49.1410771521 315.696452328 4.60441190263 -395.37334549 298.757985168 409.895986943 
-44.0992507385 -372.3842515 449.512664428 316.002623999 161.353024628 -29.9657084338 19.4964947767 295.489740223 -29.0468425173 438.302347819 
-406.749669281 29.0468414277 29.0468270824 -218.124974231 460.591542739 -190.218122426 2.49619999287 -423.266586786 351.54350156 -204.836433509 
-29.046842658 -242.102798199 417.06081698 -29.0425491631 -459.635069564 -185.44852124 457.350307516 -404.619168059 187.933591059 289.253886752 
-136.425706301 280.914740255 -305.926825174 439.779335844 317.116363006 319.524413932 -18.7074330808 -210.025557634 -430.893027496 -6.09933878839 
164.513381268 -423.917606289 -40.4596157696 -187.899417586 29.0465375145 -29.047963479 411.702395813 458.596587532 -263.406469441 190.186102039 
-18.0394794857 -318.80669535 221.019665389 310.744161871 51.6755992901 -458.797686567 450.659751472 382.000670789 -127.525024886 1.37022685333 
-377.055549473 -27.2130578687 -183.110182446 439.934799435 297.900777967 444.903033474 -29.0468425171 -411.356638814 -389.699518137 312.341311592 
-10.9354914619 17.7237007015 -188.179345253 456.625189899 -428.152766742 321.39553038 186.862715897 -207.999379364 -407.525989863 -29.0468425173 
416.800534772 459.415951978 43.7765798555 -29.0468425906 172.497782772 -101.245381103 -354.450702259 189.430065049 -170.862339235 -388.806289421 
344.054843427 457.408298254 -188.855890626 210.795436476 -451.293786064 29.0468387388 130.206358311 253.473258502 -7.94493947843 -122.586070146 
-111.512075165 -326.734369052 -303.748582762 434.381540452 -1.54888744029 -95.2961748201 94.8998762181 -317.146963419 55.1460944108 429.058640227 
269.754093921 -233.784655704 459.402164499 -121.046176043 -452.463557481 121.172565423 131.738915724 -29.0468430645 9.34844125277 345.064102207 
185.835821183 -418.981355033 207.606086994 410.544835334 425.300358405 -124.059471638 1.04982778313 -459.098302042 -29.0468425824 -325.872783929 
304.818133993 86.6823529797 453.420704594 183.938117435 -61.142225748 106.957594614 417.633063085 -438.201560789 -312.283618057 -29.0468425173 
-69.989582509 -439.166596466 239.5312793 -37.5855304873 -285.305073675 29.0463703397 152.96286155 406.678092704 179.690193904 449.593356617 
-162.81392745 245.172174207 -399.565233276 323.427376351 103.25975935 -384.845755607 50.0001567886 321.566289898 36.1529479999 -149.103360619 
-419.383197079 200.970777566 366.110281309 190.672747983 67.9356569002 15.2022599945 -29.0468425174 412.903168146 459.649056102 -318.084071158 
29.0465802788 100.793093132 411.007711131 -190.954796234 302.160512837 -411.09541291 -193.393950766 -423.821987387 15.124281334 -117.014457994 
283.725422043 -63.347931928 -28.9488143322 296.958460937 109.372838783 -387.030640196 447.009680249 -101.598174639 441.759828114 -29.0468425172 
-282.472456524 -140.604089663 15.9494106139 29.0468398483 410.471948518 -124.634982958 -326.167872753 79.1338244727 453.877267504 -359.775202119 
93.0417594602 0.700002007651 -80.4066965806 -454.443532193 445.363044453 443.391248893 -29.0468425207 305.547294208 69.1436526158 301.159192005 
3.97855514578 -391.168227653 233.502558861 313.555249961 -29.0468548389 -382.186649771 264.419869977 -173.028543336 -29.0361809681 448.306796013 
-282.113604327 -74.6176810644 248.517063565 7.39596599599 29.0468424941 -35.8368998679 387.178010299 -244.447686633 -457.318251452 448.065773334 
448.919422792 323.163876865 82.6489176532 -29.0468425639 -240.349554898 -149.528355454 86.682411895 -20.2120698141 -461.217951068 312.707576737 
189.226339734 410.640610853 -319.397718233 -448.065783704 -29.0468438273 160.550624033 -290.33992171 28.7457340274 455.9880353 255.158933986 
459.513414184 -239.938391952 -118.132890326 288.460254913 -459.422336931 405.378740399 -29.0468425172 -186.004488683 -405.378603067 212.131171198 
-20.2199833664 -368.716223767 436.050503341 450.87021711 316.234250972 33.0136264945 -382.895426292 -334.414971772 -115.299838492 -164.095143627 
-459.753052716 -321.152208854 -169.027444221 284.594303467 448.06563363 -397.511123598 -23.6220968585 -0.375409547105 -29.0468428972 440.720836405 
290.352673018 -110.753914549 -5.2433507117 -399.123751177 -126.497414922 -433.424840572 442.225153018 399.008252951 -58.8486560656 -319.370456037 
-47.6649970779 -282.841009041 -29.0468425195 -246.456449517 -61.1211988024 165.900629722 430.345178134 307.620386419 -462.124762798 454.354866548 
-450.311270398 -22.7375660097 -322.067480704 59.7279799516 461.033068765 -29.0468427381 12.2931610641 -231.584741361 379.215019076 283.303070568 
24.5149825643 -272.219565148 2.52632667676 -423.34166125 447.084667592 -202.331749762 2.6659050183 60.5029158893 -304.546652085 317.542210154 
158.139822245 295.138490647 -313.145867483 377.299016238 26.59611197 460.806346272 -459.142656212 -63.350455159 -85.0329468725 -29.0468429885 
303.258659674 -332.914288153 441.05528553 -25.5196128009 -241.094595963 -73.0138276214 -123.149719282 142.951006586 -462.44930197 426.758533066 
-295.901398629 15.4901203362 207.666910715 -226.340908949 29.0467494197 -286.773609008 447.419823804 -426.987641274 405.000520532 13.3723060213 
13.3207449157 439.199036995 448.974850464 -29.024814984 190.333375579 314.256293235 -174.786653736 -274.252115582 -392.955170677 29.0468397625 
-19.9009267987 2.46633335517 320.227175707 -305.421097499 -209.735371165 -212.659754564 461.44136031 -3.67133407288 310.777284297 -430.114135986 
454.391691627 -427.528703473 -398.025048815 414.939998725 -29.0292531952 23.2980302555 -29.046100866 -179.056271659 310.440972053 188.248453127 
33.4360335275 -239.845429135 -321.486578185 -124.865804038 453.597699604 -11.6940069429 -458.798052246 405.378536807 -29.0468789179 277.91871895 
-317.947876907 -5.77329683532 -138.222476579 -323.601305455 -358.208415457 439.855298186 396.36087721 -0.950012468612 -64.6300406445 69.8559820133 
-86.6824488623 206.430092116 110.042714551 302.308007401 430.113831196 -321.164570509 -48.1804726762 -362.140882026 -135.188938808 68.0293228575 
-295.887960057 -223.04718228 -29.0468393471 63.8269666856 -93.6296623787 29.0468406906 389.589225587 -425.422948126 291.379139849 462.246513203 
-120.655048041 -456.31049603 405.143269624 324.761946964 -49.9524480781 -319.310714666 -5.97792011842 1.51250905763 -422.010081733 -201.276829547 
321.136626753 98.4261123981 -28.0583919716 448.39101443 167.324334185 -276.40301452 125.427936005 -31.1087820578 -155.246668402 359.485180575 
-120.425125204 9.10980555151 460.479860584 98.0256834873 -211.331109973 -202.988914035 374.552114804 -421.29725942 29.0468405265 313.163303842 
-310.49337828 -103.544788912 -29.046847329 187.95506945 36.0522310011 -434.954303362 460.346767003 -180.959739215 410.474083141 277.120141162 
-402.951264641 -29.0468457239 -69.4574610123 450.011315716 -82.2793383845 -29.0468425176 266.93752609 -459.011328659 437.473286322 190.001932557 
-180.211655712 29.0468282706 315.017835221 25.9560822246 -148.270680052 307.97055507 -433.663736164 454.031588696 -399.265837857 -26.0310191213 
-29.0468461646 -400.011987511 308.031563159 3.25069141263 27.0075357961 310.147415706 -182.671812715 69.404621862 -365.710898118 453.851676305 
127.824586793 426.010596445 -29.0468425178 -193.193187879 226.744645188 -405.378379654 28.6788983713 298.331881007 -10.9082754024 -282.671861642 
-317.360614623 -96.1354505031 -2.44088566669 -46.0298787972 306.384019655 -379.079296308 -411.341112447 196.82866197 434.627587781 -29.0468425171 
-84.8521110474 -377.228628704 -408.859448144 262.338998858 32.9809243942 -297.768516242 449.510034644 314.776883194 46.426604934 -189.19086501 
-1.13205093516 -305.29242807 -430.113833853 119.825439356 337.143966451 -214.578715451 29.0468331737 -234.723281898 462.227986017 389.429297743 
-365.496628734 461.541493245 -449.689890201 -29.0468425169 295.025921384 308.237602384 72.2200075885 2.9022747612 -232.819454074 -20.942099372 
454.016198348 -238.411392003 39.1038517031 306.5329004 -307.283536716 285.74851893 158.690554507 -459.723692801 -28.8363569694 -29.0468425621 
137.789401801 128.477913154 461.690118569 342.913532148 -38.1239785927 133.308627168 -86.6824417286 -158.620922926 359.37943612 -124.31983249 
-330.310856906 -29.0468426658 438.98293389 280.440190362 -29.0470451015 187.455570586 -459.053878475 449.104320767 -109.400582657 -83.9769572366 
412.808922497 -73.5830554627 -332.966256759 459.38051675 -100.237151957 29.0428687101 -365.048348172 363.396985323 -29.0354977359 185.857286676 
16.0185451283 373.708336566 -3.3779389768 460.391467448 -37.6880011801 183.99871173 -316.039439782 -459.756212526 314.922533924 -34.9992710986 
136.708319927 -462.09367726 -5.87379289596 -84.8895719629 460.350605235 -319.443574769 -108.805035805 -335.431265594 97.8932946988 348.372173249 
29.0468217181 -48.759804206 -17.78664869 364.001444397 459.440498643 -418.777602059 170.468278899 -200.689957852 -204.620231732 201.575493848 
54.4222256329 299.399585143 -29.0468426062 -459.930768849 298.179891193 -16.2309621611 452.119352975 -319.539253385 6.87334212801 -239.883277332 
-317.893075872 -358.267666296 -6.5968104671 439.647052573 -323.660347036 69.8038815749 -64.4849443092 -138.251209274 -1.16316038462 396.067618822 
79.7257205529 -443.827584798 79.0611677524 304.655965287 -29.0468794018 -437.273084591 -29.0468425172 -221.879202366 462.289226289 308.299279857 
431.069655704 -73.2191370847 -365.164946257 8.11762087508 394.389959172 -330.423363564 52.6137037581 -315.269860256 108.352588269 -115.069127337 
-58.2030057155 397.778232223 -331.386232022 222.539540095 -13.8408077403 162.215090999 105.107815152 320.155797252 -118.967483802 -90.7903047224 
386.01849921 357.560805875 151.321973954 -73.8830778349 -88.9564733042 -123.257562698 319.622280038 -155.328017254 59.747902444 127.225428528 
-317.178457187 -145.668496046 344.42686531 17.7269449806 141.144555696 141.928918642 13.1631265286 459.433407658 -109.317316863 360.466906791 
296.851269085 29.0466799519 -144.673389999 -13.3146800745 306.033654356 167.889614816 -112.542052971 455.409852403 -200.734520241 75.8394191775 
54.1223339856 -120.983680513 -316.0541747 435.13468969 -22.4353940322 226.570397894 -147.48199829 79.073687751 448.533310174 -86.682442481 
386.022657124 95.5104954884 -0.23754317757 -327.199296395 -360.46156704 -318.515858769 -27.45131554 461.832012218 388.739041413 -51.0111676429 
-132.958193365 386.718471379 398.437599386 29.0300468674 -320.387635601 461.913096703 94.3142414043 -320.749101762 -460.285605751 -8.13286717805 
-321.874614278 -439.679837348 440.590666379 -103.004743573 284.043615527 -29.0463767644 -151.837411599 -13.9866424476 448.143281534 -405.378747036 
-168.098491426 -319.415354041 386.230120654 441.407688186 -454.552042046 -141.266553755 -29.0468425165 293.696277983 184.984838722 -1.69867683497 
403.077073264 460.926632308 301.535592067 29.046799618 -217.585587516 -442.244285 29.0459452977 -437.011603306 -281.024864433 -256.790840167 
197.392163138 42.9796296577 313.13281851 33.7998666312 -29.0468435081 -401.169092264 216.987213513 439.276332166 -435.470181662 -213.658949946 
-29.0416701138 -106.90821209 405.493030808 457.922185864 -28.1209206112 -78.2250404667 -332.77656435 -395.304994926 301.400704759 -367.077764249 
229.181478868 -337.220301154 -377.020276887 -16.7540013036 70.1415267468 -231.790150439 341.721009562 85.2125722775 -39.0699817038 -154.998821656 
80.611341913 308.915532784 -462.360644375 441.059802989 -29.0468433632 -214.911665488 -24.9361550368 -332.825630557 303.269256396 -122.725860905 
-323.340614606 -29.0468425431 455.824987006 -240.292375164 -458.520676657 101.129627448 -357.610317779 -26.5026879077 310.773028052 124.041950318 
371.383202532 -327.829704985 -364.89774961 -6.1957150494 62.5124989731 -271.781299285 29.0467283864 460.165761635 -144.288477405 84.9298510663 
21.9778573468 -393.225665735 -172.97680792 -200.941986041 318.74165932 28.8792063791 -422.124595574 314.116673312 429.605007485 -29.046514256 
8.3538781818 238.063063084 -369.133989009 -191.989460748 -410.575375124 452.54250709 -29.0468452948 -191.730877956 29.046746251 270.360983392 
458.529075967 130.692486753 398.568330689 -158.20865197 93.391084626 138.22518561 86.682405386 -197.715596241 353.61189977 -119.769120395 
-3.6451276905 -29.0468425374 -319.098263534 -65.7270903881 461.678036924 -460.189847799 308.873202865 -330.654834025 -39.861040069 392.164588345 
-399.278277528 -29.0468034517 448.924010686 13.2027693702 208.09209962 439.283935469 280.999710897 -182.486915974 233.302136141 -216.698775527 
446.058187248 240.579361772 -129.821259931 -356.208309267 1.19836945227 -318.874434066 -321.90721989 382.014832126 -24.7162891634 -1.64058265559 
369.978812535 127.357928173 -316.083230705 -123.126399604 -88.8253102126 -114.754215403 106.560137845 19.1400993582 320.45644003 356.061011039 
313.416706492 -53.1988780801 -29.0468647405 212.99035218 307.606236467 -416.079760978 -96.6767291969 -381.778671585 458.408385363 -8.51225481928 
41.6690805175 -275.220073971 -281.834098786 -51.6792817755 189.745182474 -29.0468424727 3.51094240246 426.122274075 -415.4185854 405.378919284 
-324.682415651 -362.66276796 147.170549567 374.250698694 74.3393494992 -29.0468451777 309.585888767 -165.235471957 296.03187524 -0.1096135045 
-394.156325414 -27.7527175771 -29.0468434162 -265.766193524 433.257741614 -175.916337487 314.804202361 452.567802856 148.905572826 -43.0442923775 
-154.504645892 -187.747766249 -120.121838386 54.6177162649 -29.0468425172 -15.5756193859 319.542367967 208.225867969 300.608568194 450.799972358 
-386.121171887 444.044870977 -375.940737936 -29.0468425169 -401.846264147 304.113226537 -156.628620136 -29.0463924898 310.265595648 -178.970016235 
-458.656774622 -236.327176336 -323.635709178 415.259104961 242.744686619 -18.0853698114 -103.667826983 100.966314488 428.587802958 -178.405053727 
462.026038033 -156.790219856 -174.974568364 42.7826198592 -237.370839529 -206.869495359 3.58781232489 321.611367648 274.849292847 86.6824414935 
-321.09301948 -128.420357994 -459.407202733 5.37014166486 384.613983521 265.347015013 -323.84755211 -11.5093046714 -121.456445645 405.110825714 
-455.055118223 -418.46399741 86.6823804514 435.289689938 451.331142553 71.3092967778 -113.8790058 309.855140378 -132.155333776 -69.4896020891 
459.160830974 -29.0468425406 131.644001964 -374.90086739 -35.9063575204 -92.4956480456 -382.972299114 311.803675796 86.6823452213 -343.060853063 
74.0689250969 405.480425944 -5.79846538124 405.360857018 -457.853376235 -120.739273904 218.893157399 -140.959064098 -328.332099681 -319.214609567 
-29.0472265324 -405.587479153 -29.0468423611 439.827773006 -85.4221728856 284.66775596 -62.7755547499 304.435785428 -390.067029372 -375.561260618 
-56.4222684572 -29.0468425443 -366.102711282 -378.970966068 212.57839914 -413.27205546 307.851649581 -27.5608529698 -53.5164135987 307.959390073 
432.182531301 11.9477743191 -202.74686701 315.177499623 -181.959015599 34.4199035238 -416.106610739 -398.706122032 29.0452447877 453.225526839 
403.731561927 319.244444129 -432.970560917 -118.244125885 -318.355292423 -400.605814863 -119.676393952 29.046842517 220.868627893 -3.24787989416 
-423.06556667 309.474679594 -1.10085486535 64.8497139448 126.345749752 -364.298312545 -29.0468426956 -202.701333285 324.704638098 -236.631914167 
120.777397737 29.0468405786 -430.804935839 391.584222642 -394.938480383 -237.353276503 -215.901467308 462.477161538 337.789121055 -8.36061233426 
-326.29231103 -360.593432418 -28.8737991362 -55.9039952123 -86.7823021898 -389.060182942 -36.186308972 248.628337038 433.472606063 408.656886923 
-330.555651085 58.3070804422 -116.60396393 129.020505891 -374.593953767 -154.871287708 42.5966788615 -156.46285306 400.474535587 352.618265202 
-407.561107496 186.816214756 29.0464010928 456.890652407 -427.657512049 -29.0468246912 -120.230057806 84.3983470829 395.554599012 -227.560742618 
52.5879427872 -1.33907263073 -154.563895962 -441.65207242 -29.0468425172 462.124859095 -155.942081257 314.619550935 305.422133186 -316.705882505 
-199.156854954 -414.675002138 -388.280899249 -224.977722274 -27.720935495 299.441350564 308.754190923 -36.1611362827 458.952360146 29.0468227314 
381.783709941 -53.6061720623 -278.463024104 -380.113820815 279.949465517 29.0467014203 437.73208436 -412.871733224 -29.0468464325 -191.117145957 
-55.7460517006 444.540216461 -194.409706181 407.164144925 47.4152176791 -317.966080755 311.479984451 -370.399603669 -2.25098486813 -404.70069306 
-106.79468367 458.988346624 -323.438140202 113.626028039 -128.250467861 276.628191347 -64.8909303754 -308.383721427 27.6232902545 -451.698978135 
-415.019651512 -2.4248377512 117.893737837 -199.413598999 -355.372474851 460.738056464 18.9818241178 -29.0468425179 309.360943272 -236.095666007 
24.0542305968 460.799231066 -313.336324421 -459.153261048 -63.3504978525 -29.0468425381 294.948590399 -85.2063327072 377.238999291 158.12653244 
-29.0451701084 460.446920228 -408.32602085 -39.8186017272 -307.71353576 304.049817769 28.937307913 -374.250595586 23.7637861895 -187.277322841 
-226.939413172 445.261112304 87.4456770895 -423.995594071 -12.4047298461 -93.645311782 -399.453222209 122.581149954 421.725884177 218.205238933 
28.9323149342 -460.434821578 394.432615254 -29.0468425173 -316.507382433 -75.3400885582 94.231659288 390.794698248 -325.734989287 462.385985098 
-442.71422667 -70.6543694485 148.197842516 -317.181874098 8.84967104099 461.151562096 -87.8953532537 380.219168483 110.66454908 372.78762827 
392.304422871 -328.963220793 375.601472978 261.633445306 -55.3196076971 -25.3434144353 -65.0312025158 -317.145456797 -363.13558202 2.70635919975 
162.950726115 -29.0468425172 76.9553533343 -7.91090735193 382.155163421 310.521127371 -257.556626765 -196.535897058 461.291541777 -230.83712081 
105.192144143 -237.749057416 454.758572906 147.697657231 -29.046842517 277.076839592 14.9872561626 -458.98700736 -329.451993566 -78.9329617179 
68.6364586699 304.001996101 413.81230811 -362.928542245 -29.0468462081 -142.484668456 -353.776888705 -39.9060723513 159.454920686 142.950962278 
50.7949442673 -318.129429308 379.75544232 -172.809661886 403.786305797 26.9354706931 2.66847469562 -456.681767004 -316.35311001 -113.867069654 
-439.698388687 106.256661254 -203.084157249 -405.397701906 41.7172515311 -183.535350833 139.498466228 220.040410606 -124.165485243 -368.164035751 
17.2646179596 -29.0468425172 -116.492979422 409.014218152 310.964315807 -322.277095752 -378.280607697 138.945867653 -456.682084505 -234.037733871 
-299.262274772 -11.5436904113 -100.496969263 -214.483484279 319.458456267 456.00382619 -432.527587096 426.648179864 -3.73983115688 -320.877586137 
-215.296190574 -185.430975947 424.790254082 103.848536013 10.747300739 -106.856557782 405.88979403 120.845600028 -29.0446720902 -328.985827205 
450.353166071 302.867788183 206.960042723 -447.702138888 29.0468404425 -102.357874318 -413.401049377 72.7956883688 -74.5461814286 317.051063579 
-331.678977134 -45.8501080554 -270.277520405 -87.3946018979 354.176684469 -29.0468435135 462.082504409 183.951431402 174.064210019 -112.465946338 
-70.9503724616 310.284373469 393.639124045 -52.3979879821 -392.018535385 -319.652796917 -29.0468426148 -426.319624779 -4.87098681952 460.585455886 
-374.250593967 23.7631915416 460.431296899 -28.2230502151 304.046752785 28.9369877338 -40.180796566 -408.323988752 -307.231132912 -187.288031611 
-94.6979644535 435.786914564 -319.341329197 -161.768578165 379.255061856 -316.115282586 1.45317494253 -455.950993585 61.1964261143 20.8867136133 
20.7552723608 451.019779745 -396.870612204 243.415194844 216.727502372 -225.156184474 435.447131991 -50.1313778697 -63.9424472341 216.304929222 
29.0468425175 -317.415476969 -76.2449614984 -236.782731874 -9.72070576236 5.25397816127 249.114944537 383.985531176 -450.314243816 461.697394348 
-16.9432694888 317.102338698 387.84740102 -317.500307963 -220.909134842 96.8385010425 462.044427905 -440.776310773 -22.1819338126 -223.398469396 
-378.123115767 -419.229425305 -52.3833661985 459.352806455 307.480888949 -29.0470623061 -29.0468481844 -42.2794731042 -384.928335913 310.48423777 
-220.332447143 317.958751033 -282.516980534 -217.375972248 -442.259696246 309.053503111 28.9786489428 461.262564959 -437.770459712 10.1735136515 
29.0468374142 -103.803136149 29.0469491922 451.959071742 206.834035791 -458.613358525 -320.735682477 410.786755048 -213.138659972 -420.748338086 
-412.87383111 423.305797027 -57.7177830631 425.381438559 -28.8341585769 220.687967909 -29.0468425172 -410.075815264 200.302526009 211.730984099 
-460.073573881 -29.0446279697 -218.951590327 455.396632524 192.425053103 28.6227066385 307.199407226 -172.509628389 -169.314971647 97.5800585591 
27.2282849631 -38.3942512382 222.727022348 144.007735209 -308.847283319 443.088971532 -89.7250313026 -379.429282874 -51.713130066 272.139593484 
-194.633191837 -29.0468425177 -189.803966476 12.3131164307 328.236361612 65.754722756 -417.482661382 144.237432783 -294.073849799 302.495108834 
-128.093767346 312.984293726 63.4901056611 -94.8642319214 -419.757100086 89.5298941285 394.977334185 66.8337740603 462.321335363 -155.792010863 
-29.0468425177 385.862431707 29.0447305324 -209.867343388 -4.92537636548 -430.11398269 -231.557501046 291.491022073 461.813325491 -328.489942667 
-450.919342901 307.170136132 379.109144873 -46.5764011579 454.218697837 150.769519725 -316.158023865 -71.8351023963 13.9309303174 83.0600942159 
-9.52782277009 432.226400821 -457.772054164 -15.7130091355 -319.234301615 -239.523936179 -99.1330004622 -320.023059628 453.198645224 8.78042119969 
-225.300562547 -259.60328249 29.0466151871 -284.949098235 316.959164248 -300.316527472 -67.5698413224 25.1531899515 -24.7061565746 459.823906469 
48.5294299571 -29.046842517 312.355805012 -164.092807235 451.857569826 434.423067049 -118.249498275 -333.487244196 83.4153773732 -382.62634186 
86.6824414917 95.8721532446 424.31209461 -246.919123143 -322.201410058 -102.08454425 -342.945428217 -14.8784721113 431.2026787 -92.4104458673 
49.4274947754 -102.515770091 264.068485341 -310.469714303 461.492660074 20.8051295331 -322.148225161 133.879654737 -91.3557737452 -356.449369773 
-188.380168006 29.0466118617 -319.002622595 -11.7626012284 411.211903071 208.146808825 452.56892694 -457.751998466 11.4353203501 -422.681423723 
-120.494209243 -415.05554777 -205.732831849 449.243818466 29.0466516514 -448.421907044 405.857999977 -192.196560823 -7.01898584329 -319.603682979 
-0.149400052753 454.648818578 -11.008451094 410.136368976 -316.588181252 -10.8320351464 -459.095819592 -123.851235972 -325.9666911 -237.505181211 
314.44273806 -319.804710887 -397.014209932 10.2829300575 -2.49866334879 -136.841804902 384.782420032 156.039195289 -180.358450347 449.998324975 
438.643746574 -452.087743531 -36.9726897579 24.4144662807 232.503025189 407.398171959 -94.3672585995 -69.8680859154 180.244216744 275.688374667 
397.391640147 -13.0777160003 462.036055135 -6.14428737749 308.891380671 -271.221794428 -460.015948305 35.6573086795 -319.81508599 -130.519168267 
304.358491911 117.297024977 201.632319181 -102.78266857 29.0467956127 -312.744585946 461.624038212 -67.1379828248 -24.3424198984 -362.027881116 
173.207158055 -97.3517758094 423.037987698 -3.91179780506 -330.97005296 304.398332773 -27.9642954257 -318.04672027 29.6852585298 -460.505066749 
-30.3263275248 -322.620736647 -230.093240689 -446.291228413 93.5619637493 -29.0468425172 371.286133901 187.132945869 408.553392679 460.15631065 
-13.926688898 -225.858234643 -244.580064398 310.084719994 163.251892272 -448.066950757 461.38312285 -375.910306099 -29.0256148274 -29.0468428047 
287.071576289 -29.0468427061 -326.354958709 -405.318389626 -80.4650005973 -186.143498625 -29.0468506141 -455.889972452 404.877448857 457.565834722 
-77.0207906027 -84.4599225796 -29.046849646 449.244447675 26.3671104426 -217.991525813 -419.656468061 265.403006331 276.704281915 -401.956136027 
-29.0468479269 -459.423738042 -363.832449319 308.127910788 -29.0469006914 453.111758823 45.6436903946 5.06016257681 282.349484915 -240.159240054 
29.0468245978 -103.804149335 29.0468408442 206.835001899 -213.140038238 410.79046687 -320.736941342 -420.747760109 451.955310077 -458.613617002 
-231.610021603 -430.129006439 -328.712362773 291.823350601 -4.94726465375 -209.888067564 28.7479836398 385.87931845 461.815295191 -29.0468425217 
-459.853042878 -317.455113942 -29.0468425172 306.611155643 137.626796316 -182.251738355 -126.688784916 462.491350952 6.84148851849 391.707159877 
-457.837680031 -28.6790850536 1.28961163404 -199.745337549 -422.488509135 -239.113645265 323.066434103 201.786239716 416.016615691 -106.643675638 
13.799407459 -312.94630077 -72.8479993643 -102.853715459 405.378710778 214.923558626 -452.96074972 -292.769927802 317.82958762 30.6855338187 
-141.939691125 28.9423678469 -214.344794589 -187.234333285 -446.979367352 29.0468248017 319.616280259 287.589924451 -433.635250624 460.779803638 
-405.737132888 -40.9372729133 61.294599586 -372.499017938 -29.0318132761 311.086807678 450.880120098 -29.0468427018 304.448043006 183.642431114 
128.184274475 -29.0468465627 294.246161078 -212.568110149 -292.956896817 309.312131712 -430.113880165 52.3272899624 443.625136783 -12.5050765856 
-458.037598873 246.797976975 -20.9412516225 -93.1634690132 -316.231223725 162.456543916 448.065759704 -161.962663613 10.0764124418 377.271069409 
449.487675693 38.7580724799 -303.430924049 207.489904718 -234.0377951 155.539211379 405.413739836 -430.113831424 29.0468320153 -173.973366418 
112.177227044 -109.582301372 -5.83263958552 -424.231009359 -318.65172122 -4.21634579339 426.999433123 -97.7088813873 -203.731496497 323.242528208 
69.1993296333 17.087832338 -192.013675445 -29.0468425183 -378.107724941 -412.501697087 461.101945988 304.457525679 -29.0244380987 305.4926469 
-12.1827654689 -151.43396139 29.046814484 -442.242509064 -219.969524967 461.18981845 309.531508087 318.881502857 -283.045337634 -440.248123147 
-158.586282321 410.549477701 -362.966513788 313.273929703 -14.0694327382 -29.0468425172 302.537881986 -328.665044575 -127.738031798 88.7591430298 
-205.838351924 49.0204227852 -259.594729124 29.0467837122 -380.088168982 -416.976532163 137.502904276 -29.0468425449 306.445333243 389.588871579 
-29.0468432542 -43.5045947512 102.335851691 405.963360144 -216.698670167 9.31163355122 -186.826602486 427.165700915 -330.462272554 165.207308978 
188.518112907 -29.0468425294 75.4094849931 -18.944879389 298.775876603 -239.31811969 -29.0690936912 410.488449842 460.344637346 -451.229032524 
-113.362315901 -29.0468425184 29.0450601235 -370.477643533 309.413952369 316.870119956 4.07941194382 455.561768086 -397.570451501 -321.612836663 
-130.574694127 188.456752345 -430.148516466 -29.0468436952 86.6824754736 -80.9869691068 -303.667585312 404.583853828 410.494958693 200.593506698 
329.016581871 -459.10402701 -31.4944389957 -238.382805042 39.556212182 -322.82730132 -7.4695208282 441.592637498 -29.0468634062 284.392731189 
-192.337581394 444.077947089 378.236166463 -294.015256528 232.431561209 -410.516633122 -115.231626058 29.046979206 -259.714163944 29.0468410211 
-452.440429079 -16.1088366417 -311.211694887 -90.6068106693 308.18740658 28.9669648143 -229.446707569 460.030643792 -360.189010658 -29.0468425172 
-47.9924350379 -276.913205917 -406.743540805 156.394251069 -254.25281057 -26.3779195182 -29.0468425172 458.277751211 202.715829204 284.47702644 
-458.951390617 13.4185143812 29.0468330769 -103.851445944 -60.261288033 -200.050985311 388.870405213 -419.993621018 337.220285155 -320.136237634 
-423.110807921 325.404467614 -29.0468425168 -202.549663511 156.352659439 459.783422929 -63.3481944931 -205.846750154 288.901604244 6.38365027853 
-29.0468426016 300.521554732 -412.216348424 -29.048391902 438.19829607 440.478000994 275.505865103 -392.685803287 -61.4521532119 -377.915259111 
-133.002318787 -382.559601266 -162.732550785 -25.2325125284 455.644589812 -29.0468425162 -331.70663103 -366.008291674 412.958528472 305.01849575 
-167.525268141 453.973843003 55.2502522686 -118.528535718 300.191472367 -409.606710338 56.966698933 -169.514887835 162.83021927 -136.739116593 
320.313677785 -429.605217874 -6.95411321446 67.3045024105 -29.0468426114 -338.90112362 -136.704307496 294.376808869 -209.836459522 462.070536503 
175.818514006 -391.425751898 -40.1448931422 -360.731855854 -169.748341942 67.3633734807 -395.034004112 -164.994699768 455.838072085 72.0368675156 
310.748186877 -41.0222450392 -320.393041771 12.7011771804 380.85640223 -2.78900918439 -233.239540438 461.226641591 -449.761684609 -14.4582165736 
-101.118119874 453.080607477 -11.9626436199 -320.990777926 150.648525445 -394.322824623 -31.3447415817 -45.7601944113 311.107610299 432.419111027 
307.947601408 23.7644744247 -96.309468385 -316.597754347 -66.9465877406 317.64244685 -79.9742833256 -381.838799269 129.541943145 447.613314186 
-317.597438155 -270.179144286 310.1383034 87.3702255436 -3.04871118146 233.05881135 -96.3210899273 -22.4181836147 -456.847383026 433.786942665 
29.0468425007 -389.112190563 -362.488756317 -106.771529883 435.531632872 45.2630277622 -175.734836393 -328.187298458 439.793364043 -21.1770013778 
-234.108846952 -28.6752711003 -455.462125331 -110.214003753 133.777710378 188.207849494 -29.0468425172 -329.592452725 418.470297341 302.544895874 
-458.838110224 275.415798883 -85.2696311359 -241.770372316 -318.753567967 -17.1809460891 452.62558169 15.589388085 313.348968011 -15.5724528168 
-314.016334999 -29.0468474843 9.07426215845 -63.3479923576 101.336566412 411.054256299 448.349249412 283.6581501 -99.5711836219 -452.660464611 
456.185547761 188.52938261 -29.0468425173 -458.951490567 413.134611654 -29.0470713039 31.1766642559 -83.3368941042 -244.849111817 283.11171587 
454.497552853 -191.984867704 -44.1320607584 15.7521628257 430.113825309 238.644054839 -409.10663678 -191.312778707 -410.579271575 29.0468123914 
308.962887344 461.556041435 79.4699187766 -13.8759828678 -449.475148605 -367.287636906 -1.28127464918 -29.0468449728 -232.510584908 307.249245267 
-395.912323039 435.723672165 -28.964552442 -272.632572831 315.658636083 93.6257965828 -108.540266841 451.06808165 264.520484435 -29.0468426542 
448.590731331 -191.749330524 307.290589353 -442.320988902 -224.741417939 -29.0462262373 227.800510449 -13.4345025801 -3.22977524024 196.965143971 
374.250585931 -109.428357395 164.291684912 -314.59170989 382.037195274 20.5267622735 -190.233141413 -224.534230804 -7.51111448905 217.951209813 
-426.418253639 437.664390432 -6.5368429792 -206.374566145 97.9968993256 -240.200412402 -7.12601032868 322.44755415 -320.025782897 -30.6378130767 
-449.490112141 461.55162799 -232.529729589 -29.0468425351 306.710682316 79.3790420812 -14.2499143481 -1.22924953506 -367.226547467 308.94221243 
-153.012455112 453.495277857 23.5350711894 -403.591301095 309.803727874 -29.0468425172 -437.892391868 -44.0983864095 313.64384266 -375.594996794 
-37.7853914242 -406.071975618 -325.435659732 -454.970673254 -88.4658880062 -19.0827433095 432.910390673 -25.8780317141 243.160381669 408.278169354 
-321.97505968 144.04462058 374.250590426 17.5868463052 421.983223531 94.1957227372 -57.201547723 -356.276144573 -80.714959594 -315.555730928 
-361.328204524 436.645407159 -31.3685357301 -39.882687791 -327.027115113 -80.661744735 409.491212321 241.873346845 -28.9165894434 186.274659265 
-403.581670112 304.773107864 14.9009074197 -3.033530595 -373.856122189 -151.956594961 445.371487385 -144.684042718 75.0902028527 -369.280548987 
112.143765751 -7.17826499732 78.092916626 -319.195214332 -97.0844171313 343.094503155 332.034616397 29.0468251575 422.81933047 -208.101998079 
460.871308584 -29.0398428966 84.2513392882 145.054425095 -105.364949581 -456.675206796 -169.099186277 362.519122701 -284.620750804 -154.071739036 
314.633965587 -88.7114285061 -29.0468484987 -387.240355755 311.189879822 -29.0760975666 444.418366335 -462.572584008 202.247247434 -63.6210607123 
-136.548387626 -29.046852332 100.779996778 78.5294350166 405.378747199 302.655990673 -135.961994788 189.503595448 -327.207367048 -456.731846207 
-6.7346215835 304.69412963 -118.251051355 -191.765211625 67.892696739 -156.894433359 443.736334391 381.363589425 177.079762091 29.0468414814 
206.835784563 -320.739065254 29.0468267468 29.0468425023 -103.805785285 -213.137465698 410.793769799 451.953650354 -458.614035274 -420.746824817 
273.052439984 438.303245094 279.061969718 -405.452486413 -29.0468428482 -439.215446734 449.512124215 -82.9079090142 -109.64163885 -29.0507785619 
-422.642365949 6.48976730698 -323.502838572 405.851538585 -217.275841756 -453.037852267 404.472392558 -82.599791777 -30.1728991986 29.0462909707 
-402.986527863 -375.811923943 -184.361646276 6.74131973004 236.271683351 -29.0468920063 188.507927251 268.414405358 -29.0468509386 450.271665961 
-290.214129284 243.185689544 212.085436148 -255.913039891 -39.7601910877 -307.845255957 459.909226163 29.0451163837 -82.4368706002 374.250575606 
-305.429143124 390.354170887 -0.439558207366 -212.914257473 -23.9739758663 -430.064918494 29.0468231136 -234.638575902 462.335053108 309.821839117 
-207.621743501 -29.0468426378 -29.0468331898 -324.474027159 388.470852837 309.810706063 462.116836303 124.37583718 -460.147930625 -74.7003645861 
62.5788793539 316.245703222 -442.642487609 459.942042932 -410.713624072 316.76515166 20.3261233029 -160.158180105 -181.509402592 -19.1234898178 
-426.39162649 -7.15856777761 97.5544599686 -206.335657284 -240.163325361 437.651879999 -320.01207902 -30.6348317713 -6.44415206288 322.410179136 
402.446557816 -320.114409291 -1.49705957947 -322.225708262 -126.197403043 -8.42401086331 452.744983359 -356.407572612 236.792038988 -139.626036871 
-318.558110704 -318.933564129 -240.00902015 450.791263472 436.181015827 -18.7278936281 -458.210934849 10.032665347 -31.7112197104 11.2281706891 
-14.5775325103 -29.0468425172 -319.235580563 -238.526014 186.662063981 -240.152899747 454.386112411 -458.266145361 419.407363323 10.3042165815 
415.792475256 -432.203112465 186.172686338 -29.0322731777 -49.6065886454 305.575080993 459.563335843 -397.902023105 -217.022402051 -29.0468425171 
163.250369497 67.2029254574 -435.075144504 -312.809730607 234.132529079 -217.884503015 462.191888303 -58.1744417917 396.070675061 -97.8020731121 
-36.5064634883 -241.526864812 -406.035567716 430.110261046 182.946088031 39.4493391167 454.499094318 -114.121801178 -461.008217523 -185.620139959 
-82.2979648843 -123.976341616 -9.71578700486 -99.2678831932 430.113835038 -320.122404971 236.196975824 -458.12248573 316.367905288 94.5362654528 
414.556966272 -14.1116610095 -236.493211094 -458.80909282 -326.975232878 -29.0468425368 -122.323306901 274.557195226 13.8817655333 302.582885909 
-140.017785731 382.854270167 -10.6668546325 -328.640352528 451.958856928 -29.0468425172 -377.992498751 312.530742302 -159.423154135 151.768201832 
303.66516574 86.6956323066 -417.917162807 -419.902195028 455.137839701 -206.467702449 178.219974353 428.635234427 29.0467728211 -51.0218232012 
-385.865810621 -94.5068938668 -29.0468425171 171.901789372 312.147041235 251.117708982 -457.609707583 -328.074693765 -6.44300482819 439.472186805 
-212.579754426 -429.737165915 -209.074233009 322.53017063 -3.44200998711 461.979500051 282.632965525 -413.979415976 -29.0468425177 45.5384885617 
29.046698109 -369.12849389 454.39151216 -187.324472211 -16.2025963711 -459.945646026 -29.0469428244 228.494106602 308.655444366 -240.814342917 
-437.339114343 406.971340199 272.314659179 -225.652827847 90.0012571377 -122.175200645 185.433960998 414.481517132 -29.046842518 -444.984899849 
-324.216609751 374.842682962 -123.643069556 -361.323761055 101.832365511 11.978174374 29.046836503 -281.753393511 96.4828258031 458.827471791 
227.689798945 456.473300863 -28.9897155916 425.577187447 29.0467890372 -194.664305842 -412.343882734 11.8937668151 -288.10631865 -192.912119333 
448.111422523 -104.437435102 -437.868335047 405.378732402 -84.4589879739 262.731308558 91.0283263414 -50.1578360803 -314.072154357 9.81341783715 
405.60876406 295.771978493 30.8206438447 -79.7724652728 -29.0468891225 -5.85992262983 -255.318280971 -458.774079635 -316.076136024 -324.630763125 
461.687888546 141.226179084 -50.7026418814 172.5357936 400.361808188 -102.777641834 376.485736645 -86.682441502 -416.009479923 63.0216334223 
314.831169192 -124.714330121 243.065458535 92.3096650312 -86.6821611199 -456.196210389 187.862340447 -29.0468425172 417.522908713 -133.095615605 
196.965091631 360.9751769 -13.5785000921 -318.914064291 -442.30559112 -97.3100265082 -191.73269276 -6.63972628167 458.963899416 102.983220442 
305.486906393 69.2607655232 304.728152648 17.1020451317 -29.0468425172 -29.0006723076 -378.059539199 461.089541721 -412.456884412 -191.958824187 
309.208852471 29.0461520707 317.016075148 -235.804442073 -449.176766761 -29.0468425235 462.544678237 16.4487348662 -368.057245363 -76.1063539494 
-29.0468426451 -283.808714123 80.5604338748 -29.0468090323 73.4142009578 -447.998366563 233.307380234 452.677933138 -440.786856124 308.117276509 
36.6451557683 -395.044611138 195.096842961 218.597435328 -211.168454202 -177.390297831 315.367911072 436.832877017 -20.1908021901 -429.50382102 
456.59836946 35.3040085224 -357.649346417 85.7117362059 308.190426034 -458.531978538 -238.493627204 80.6312323228 -135.130063155 -29.0468425173 
-113.920379984 -29.046842559 -329.074816875 186.976824108 419.721962099 -457.111918896 107.834172283 432.957653054 -236.100092123 52.2157893147 
-200.480103902 -459.609093475 -61.8996553863 29.0468425173 208.611711561 -191.948000274 451.847454494 -23.7894413823 317.154802905 -410.526056726 
-303.839167916 29.0468334427 -421.905307967 -99.0168089341 -28.2984426146 383.836467902 -269.537961654 -214.916560979 431.952886212 46.6164706582 
-333.066515781 92.4944188645 -29.0468425172 322.910923632 -15.9708000174 179.764864907 -51.8590072954 299.241305992 413.427637129 -233.115761851 
-193.421108914 -390.832227988 -356.530018298 29.046842471 455.791483729 -175.432710432 -410.476477516 -86.782247678 29.0468935882 306.081264935 
-161.543855578 62.7811980413 81.2294857313 29.0468424364 -363.54641423 47.337189363 308.184069424 -382.447308875 -147.151792226 -397.847503622 
-122.477807898 -29.0468429404 -9.83276065433 410.126600869 454.562130227 15.0250933151 -237.743778045 -325.511399373 -458.966920896 278.210041767 
-176.860928095 -224.137908589 58.6249373066 -142.951006587 198.064954783 -29.6724152947 444.672497987 380.388852499 305.178313428 22.5485356095 
1.06980240257 9.47609923744 67.0644593921 445.650684118 -287.643332222 -285.890697971 -422.879816804 323.109989087 -200.232337153 29.0468416142 
-58.1924916809 452.186602715 29.0460343451 154.816846066 -462.599200132 -279.769818808 -159.642871581 243.039746495 430.922300993 -245.190513215 
404.120730213 178.01576 140.725950968 -307.338234185 -61.9579817604 461.251626223 -85.4214114074 -43.418760759 29.0467293311 -430.962683388 
-357.169557707 13.3640140831 -59.6509747202 -247.579077343 -322.868394616 319.033253038 430.113836614 -106.188949429 181.329675622 -37.6522000963 
-170.616213143 291.381144208 188.671028239 386.877542601 -29.0468425173 414.899127639 -459.27953406 -318.708954806 -38.3117272971 4.30158508839 
29.0468376429 -394.859098055 312.288545289 -15.4012568583 -430.745943419 -13.2036661981 -237.125172616 -213.87745976 462.585868829 392.754043645 
-460.182090712 461.692035222 -2.76024010124 392.081114015 -319.017276343 -330.647076927 -29.0468426538 -65.6944872304 -39.7643560828 308.910306605 
-18.181310328 8.08179091689 449.23438803 -316.086776972 -328.490014723 -29.0468426407 -458.025028423 410.503077703 188.683589303 221.465400053 
-420.850976461 -29.0468428265 190.11656966 26.8179328296 196.631289551 324.535958886 413.692209863 -314.609164304 459.48604877 -87.3986226507 
-28.4632371222 -367.225872231 462.38343056 -225.784159479 -21.7450001108 390.772594242 69.565339707 245.869646175 -157.210330174 -329.867334647 
-28.9968582157 -391.267958046 262.519301188 448.790009367 7.22285130681 313.859337705 -29.0468441051 232.313300314 -103.909730914 -381.759559745 
449.645220591 -321.174206313 -9.12144719005 -29.0468425172 -198.923508432 404.657309225 -403.822777509 -438.124133872 -130.24318656 289.306933559 
294.993344603 72.1553050427 462.107929286 -14.9357891132 29.0468396447 388.394122112 -22.9456596754 -266.889104151 -450.379119148 -233.541158656 
34.0308150921 -320.212437946 -9.92964335169 -167.537895863 -458.17814619 -29.0468425171 452.127851893 285.814366139 433.979072908 -99.5854866817 
309.250580921 452.993540092 -43.2355259373 -389.96937311 -1.92181977957 382.67830644 -86.0383285124 -319.945077169 -29.0468547719 198.608022043 
-347.08072684 -324.003506244 376.701641094 -319.669083606 -122.934718792 -6.92483890287 6.2793315133 178.549943032 404.68837893 -127.723576903 
323.427041628 -4.09535383615 -347.27628245 -122.920692915 -203.700010991 -319.716106529 -25.9093924424 404.77902808 -7.09095276384 -424.187194602 
-317.024885754 326.27924736 166.388061614 460.717727824 59.9263284935 8.7494660379 -422.59414102 376.552001712 -202.444641008 12.0511726495 
448.343554627 -85.696418214 -436.371648953 -6.18628395137 -23.1288502406 -318.721263561 -402.07055956 -29.0468463563 440.254934145 284.092710611 
-7.71368990932 -99.0368237523 138.572817681 -405.933900834 454.31501775 -65.2454961533 -51.5809347636 168.083926183 430.409820156 -319.354279552 
321.235614146 26.2432840533 -430.105239235 459.799786389 -441.49702957 28.8920034979 -29.0468425172 -221.140398488 274.630785445 -210.834295709 
56.8978056269 431.307196138 431.117934988 234.447457886 239.928683798 10.1821732117 -202.322436337 -28.4434485596 -409.124055107 -407.766867739 
-318.753704583 275.415193927 -458.835975545 -17.1909478517 15.6031993944 -85.2773209343 452.625834879 313.348464716 -241.767363988 -15.5536578542 
444.029483113 -117.994376061 -70.167274279 244.920158442 444.722620179 -389.530689842 -56.2940865249 308.202146866 219.786206462 -20.5544993495 
294.020020682 17.5090562199 -29.0468425359 188.821039171 -437.226986152 460.341580698 -443.776479282 410.509070929 -223.548809649 -231.41293325 
11.2700221445 -208.160958828 407.899522377 -437.606255169 -442.755615487 29.0093524143 -225.898948771 -219.68475355 460.729587374 318.197667179 
-8.4879518567 28.9939917311 302.487664974 -430.11383509 -142.484027391 62.3948515896 320.324575773 460.781083539 -210.603456082 -188.836876101 
-165.586657137 -318.602275834 15.0608270323 -457.287906062 -15.4377928137 -410.521068097 29.046834234 -192.169338396 451.402699876 340.577147608 
310.453009585 -52.3888787024 -419.245419755 459.359943755 -29.0468425166 -384.944330358 -29.0468593513 307.481703101 -42.0661310018 -378.059589113 
-29.0468407615 189.446603228 -64.4124663304 88.2637837635 -22.4135528473 416.982484561 311.228394297 459.106845806 -452.459531816 -419.311196798 
-225.747247937 381.06683068 -318.350466407 25.0632051681 31.7324142496 330.384251354 -3.70498116605 -208.431106764 -428.257738996 461.251415263 
-103.694278382 4.78098653657 186.127558552 -316.238339589 -81.7903729128 -461.613802098 318.509903231 409.201940277 -32.0874179856 460.535632658 
29.0468411616 -215.628608031 223.44674147 450.886618081 -417.614098647 255.839049501 -436.348637017 436.023399008 -31.4646089775 -47.5967060376 
253.536142816 455.132383118 29.0468424318 -42.01485911 427.343827092 211.386975863 -55.9390558004 -208.719051842 -419.097420497 -399.131676227 
-29.0468425168 183.885525072 -223.133533274 429.894738407 -453.247089517 -73.3219128342 -323.712075704 451.743444767 -414.272517829 104.509240404 
-161.027800204 -4.22157049724 316.813061619 29.0468407577 -210.366582771 11.8927472003 -421.134708894 204.322977007 460.925003997 -405.574140966 
-76.5934927226 -0.240695586543 350.408362977 398.695366518 -328.379361791 -361.028790752 29.0468272681 461.882853313 -317.692795159 -37.2568636593 
-164.830537508 -461.469958088 -29.0468453815 449.658838288 411.153624101 191.958645072 -27.6757390468 79.3969356375 305.444386527 192.487115566 
-11.7866581264 -29.0468440395 453.597413714 277.938792524 -124.876496129 -321.498527888 -239.856887613 405.378716297 -458.809817145 33.4724793968 
-1.85975906803 -324.913735457 -61.2077378139 338.726295569 461.302751182 -48.0261243405 -12.3107470152 390.866692583 -358.236049916 -318.859103697 
-1.9435787589 -246.299277855 -28.9025351617 -381.761952489 252.825116966 -455.738397149 254.124296512 311.620165164 -29.0470168613 434.30696677 
-29.0468425173 -317.688573928 -456.736332298 -330.748798702 404.353130359 -194.927667466 -2.0634167328 302.253649451 -116.6937314 131.610096474 
27.9759121724 -218.714000487 163.901007908 -303.407502098 378.909096751 460.996923608 -428.924785207 -85.4468280756 -438.050547282 -167.841873139 
-13.1988486121 -213.876930458 29.0468399254 -394.860218401 -15.4474333821 312.285408364 -430.746823677 -237.124587979 392.753417953 462.585943522 
312.288916504 -13.2006825065 -237.128713011 -430.746777224 462.585878005 -213.878007087 392.753966797 -15.41107479 -394.860161343 29.0468414054 
309.012648795 -83.6371863238 228.971404549 -307.223013811 -370.277231756 -29.0468612047 407.525702513 -16.3942378401 -29.0468425172 -323.084633135 
-103.754864878 -214.251264958 441.768060963 -421.160887111 110.878254022 193.718473223 -425.069459229 -233.666707124 392.724109984 29.0468279356 
224.536885818 -213.780186857 443.775939237 220.13010057 264.837562743 -29.0468433441 -310.800369521 443.497628913 33.6610285282 -436.150331406 
45.3935486388 -429.037386002 -209.256035748 -29.0468425173 461.97618473 -136.156440401 -9.31871455463 284.994610779 -338.443186056 320.679708789 
55.6239624602 378.9752362 -111.312713319 301.189882185 259.166528026 -145.408258497 -8.50059461981 442.485923724 -193.660553581 29.0468422868 
-136.623480889 -320.535087359 72.1839697827 -355.038134332 313.269119359 283.798052153 450.573590811 16.6965780337 3.57926241396 -29.0468425175 
-29.0468425319 252.729758291 -328.231134158 -158.594087701 374.250627284 188.08846644 -42.5035328083 -12.8051234879 -363.162297799 447.816604101 
-338.050064425 -371.355031265 -156.11981151 -53.701266869 430.113072688 64.5115437499 -263.888257156 -51.4203411096 454.49788338 86.6823407516 
-426.141365655 -82.9168048506 419.928232634 322.997422259 -29.0468425172 -206.509863086 187.587633946 -217.471670821 -5.90548547382 -456.225778266 
-321.144733774 -97.565692287 -5.74546906325 -355.445823177 107.015700043 447.056443751 1.58265682309 -23.0908718375 425.677247837 -318.66431851 
278.927782091 245.268518507 322.122487884 -205.643781522 -29.0468425172 -209.301073417 -63.3485454477 -426.38073745 0.700940661669 459.706195578 
-132.958771528 -29.0468831756 410.462416007 67.8841113701 460.348496539 -29.04684393 -384.466754238 307.895024017 187.709924214 -419.650649257 
221.058011254 51.6857207512 310.757013775 -18.0524147579 382.009935338 -458.801028864 -127.543971357 450.648924695 -318.816483199 1.04716566696 
-459.876768264 163.807814561 -169.640643169 453.317467915 -29.0468425794 41.6294685946 292.433314382 -28.7487035218 -305.541943701 307.421447309 
-95.95107259 1.27944114489 -44.6182058454 434.745786159 -317.132041469 -411.025073653 306.231838079 196.547808356 -378.749950687 -29.046842632 
445.026647604 -148.012836498 -120.983490801 77.2253810524 443.72623389 -29.0468425221 227.227193865 309.551314749 -86.6823468384 57.1481980764 
28.5128747617 -198.859956793 -180.187237022 315.313077787 18.2965689471 -396.455540279 17.7329387155 12.2162256971 -430.756629647 450.086430685 
73.7711535104 -86.6824701349 131.413700377 -138.145902619 456.110749827 -279.701061679 418.156637258 -141.028109753 -459.360914003 29.0468329116 
-315.645751733 -18.7257204114 460.184797609 -93.6758104687 12.8592974702 349.879385919 -230.363014991 26.230607104 -314.045979577 -452.744345262 
-283.764204801 -29.046845171 -66.5728128217 26.1267031103 -220.394055969 -402.406647603 181.256449476 362.297697095 -386.993875147 308.830896514 
