1.09941466792 1.05512377104 1.15789188245 1.03935727255 1.04737952886 0.999146132297 1.0165403466 1.01661565854 1.0593868704 0.980882137147 
1.04851379211 1.02478564362 1.0284895076 1.11889682332 0.96230892402 1.04171144622 1.07850164254 1.03590159177 1.02906857016 1.05546645565 
1.03690419069 1.03411761883 1.03640379132 1.10072493702 1.01150895373 1.1613999444 1.0236894183 0.96165719099 0.998417172571 1.05135049587 
1.06375018419 0.956612857388 1.05023778871 1.04554677175 1.03115247561 1.12848018941 0.992875741806 1.09741771808 0.973876438472 1.0536243708 
1.0113761972 1.14647492306 1.0121582309 0.960279399926 1.0669723725 1.0201784834 1.04841644688 1.09146177569 1.01180067044 1.0106800881 
1.18596647809 1.06218764908 0.999132320402 0.978689356056 1.09068192207 0.979145401954 1.00177308186 1.00656026863 1.0302914936 1.05455337786 
0.998410274793 1.01291304012 1.01941150257 0.999297058517 0.990262266275 1.14709710026 1.03125219691 1.11404711001 1.04904039399 1.04434784595 
1.04846973936 1.00006868832 1.07642120604 1.02471591835 0.989630786702 0.982761425337 1.00184180651 1.17488803056 1.03788164261 1.09080473039 
1.12466820817 0.980693023285 0.985947900239 1.07588729355 1.03500093935 1.05952702557 1.0092521824 1.10348612973 1.05071039329 1.08493675896 
0.98201521203 1.08262785938 1.00995651877 1.0831735945 0.977863534923 1.0200281348 1.08138506021 1.05875603114 1.12031921122 1.00898355408 
0.972351246289 1.04809491728 1.04424418509 1.07742457797 1.02091217961 1.0709463749 1.03500535004 1.01644475693 1.15095736985 1.08590554859 
1.02644960733 1.06433867661 1.04417267643 1.09167915328 1.01352651579 0.965092108839 1.03497971244 1.06573720399 1.03237324788 1.12462501303 
0.938500137767 1.09907225247 0.972956350789 1.05413254627 0.993284978249 1.06817261247 1.05195503089 1.0727547283 1.06408921986 1.16772241357 
1.0862667197 1.0359954266 1.06227159895 1.01139148702 1.0481954119 0.96814777124 0.979853799906 0.984689201824 1.12922086235 1.07963565682 
