-42.6131859721 -461.686340963 -331.234456877 236.045263842 461.686340963 339.652144855 -224.36728616 37.7713550507 -163.163081559 114.082139426 
159.44914922 -204.479658817 461.686340963 -29.2592202245 279.621686797 -157.269637943 -461.686340963 -329.415533476 44.1378496343 327.995695501 
461.686340963 232.415918243 -162.037939115 -42.5712727036 57.9790479192 -330.898150707 -223.240978082 110.822171168 339.466799416 -461.686340963 
-461.686340963 124.758862722 -50.9418557887 226.778408058 -206.86893986 -331.100430052 339.288557515 74.729174261 -168.59827327 461.686340963 
-238.07397083 -110.659251533 -336.669127053 333.551430124 164.349364385 289.781535864 461.686340963 -461.686340963 44.2963238022 -18.0656558027 
-273.185727591 -461.686340963 44.7441914219 337.674877168 -35.4248122272 -342.71547581 -149.923714582 112.153100052 229.6816837 461.686340963 
-135.518043753 128.795244831 39.157761004 -249.927594993 343.719187331 -335.422289311 461.686340963 -21.2215028182 250.690761016 -461.686340963 
461.686340963 121.746664415 -461.686340963 63.9938087383 -340.873507192 342.389713137 -135.718003826 -252.628694863 242.913537829 -27.7224077328 
-113.731845318 347.858782163 27.4182408224 -224.844056193 461.686340963 272.223972747 -339.73091705 10.4373448675 152.447305896 -461.686340963 
49.8804195515 326.864625986 -336.435375249 -461.686340963 170.29410331 461.686340963 -108.996452388 -81.3271892044 -236.445309664 206.868044422 
88.1763746284 333.602439745 461.686340963 -64.1466110427 210.128299545 -461.686340963 -163.753875604 -209.86083284 -332.800317373 63.4269737448 
461.686340963 -461.686340963 46.7919516043 172.777505388 -333.923850944 236.812334238 -78.2116569425 -100.903024682 329.322783798 -227.251425536 
97.635385969 216.880072617 340.489805992 -329.640944737 -188.0562261 -461.686340963 461.686340963 -56.1769502068 59.9980866704 -195.079190195 
111.043824462 461.686340963 -461.686340963 -149.724206494 328.843115711 58.2272855172 216.229900642 -341.424851179 -267.715266315 -29.7687321867 
