-459.918180348 -11.9533628595 -321.711700585 -397.010395658 -13.3862281365 312.747773343 404.421465652 460.222802529 -132.873526215 -104.901779104 
-4.74026336486 414.027338895 23.014332531 -460.758340659 367.870081925 -242.764824803 -29.0468611557 186.388218365 459.822256641 -325.160631147 
-28.9939450466 -399.313648412 -133.936715331 -459.920817307 458.951442417 -322.069830282 405.136242493 -177.677007326 297.258886317 -13.0480221831 
-13.8239564451 444.909135192 97.2984288423 -166.018157544 -101.685451214 -321.854424657 289.948840552 -455.756185088 430.664847233 -29.0468425172 
-144.30037528 -448.902156281 315.92436466 319.24437468 -432.045401417 -212.558248042 -5.00595761153 -20.4818092645 -141.216781499 461.46258004 
-373.194370422 -29.0468425171 459.784108849 194.115263845 -460.37043449 309.485657205 4.48377977095 -108.704751181 -401.048846418 -26.2041423876 
162.771266087 -90.9119340301 460.13557726 388.200400415 308.416812996 -317.252111997 -29.0468425172 -461.264030975 -387.716080529 4.6805099619 
-28.6031858379 -170.781359203 -29.0468425172 457.804065586 311.447154556 309.832559217 124.85532994 -345.420659715 -392.651656445 -460.855028706 
-448.31602767 304.008592237 460.874165266 72.1678449844 -29.0302094911 -373.990003223 298.122577427 -228.111912656 -18.9683934416 -29.0468425172 
94.2885604365 -326.365097844 316.173285048 -20.927344612 430.113839699 -13.2008693832 -178.434214042 454.497546423 -396.75651886 -103.859681248 
453.190994426 -319.19005495 9.42221577125 -457.774916987 -15.6098794723 -9.96880381329 432.238887451 -99.1512151868 -320.04422852 -239.525471223 
29.0468304432 -29.0458134985 21.5381762343 -428.945239936 292.526630543 396.523597982 455.091865987 -183.630130247 -230.447341052 -402.591135146 
451.38659151 34.0238347568 293.154894797 186.526474698 421.755619706 -29.0468425173 -29.0454720377 206.080636985 -458.566290335 -418.450863655 
-448.828795072 29.0468109074 -29.0468388585 96.2958494656 -186.03577208 458.904088721 261.56424559 310.860032843 -376.912000936 -162.776274638 
