-83.7516952826 208.911406826 -131.975222348 -257.377532026 88.6202164891 461.686340963 18.2434128987 339.342353943 -461.686340963 -343.045532318 
-186.56348436 333.575986638 210.128266784 -61.584644736 81.9149106315 66.2312093181 -193.040603062 461.686340963 -461.686340963 -329.860499786 
235.629868233 -48.8984730438 -337.315367971 -104.025848694 461.686340963 148.442061351 -216.334668219 -461.686341814 82.80737761 340.554046165 
-461.686340963 48.0120706224 -222.571806226 300.812034686 -64.8591419818 330.959148068 -336.609032516 461.686340963 -116.275043508 174.295318639 
-73.2315869976 -461.686340963 340.5866388 461.686340338 -149.379964069 -246.581385793 -339.685677393 58.6277969706 216.683416076 103.062406689 
336.371084095 -42.2944734059 -143.453746347 109.133956919 224.76765567 -332.52312149 -461.686340963 -209.13875095 104.320285319 461.686340963 
341.272682092 75.4288413903 -208.670219752 -111.061656747 240.43467853 -461.686340963 119.604850254 461.686340963 -31.5314727273 -337.603074627 
210.071883116 82.8451343355 65.7161085789 461.686340963 -180.962344355 333.521028174 -195.228634607 -60.4431318143 -461.686340963 -328.955929978 
299.920262526 -215.236562476 -334.154340238 330.566918029 31.9119863643 -95.6162557145 461.686340963 47.1379571444 -461.686340963 170.938819397 
162.870442581 460.748341821 -336.417534436 45.2611011045 333.329893706 -109.394104867 -461.686340963 -236.273000036 208.323035986 -89.0978696786 
-97.3194917984 182.588418226 35.8412151215 273.153973675 -461.686316946 -332.678766338 -211.994466981 334.806345463 461.686340963 48.691785091 
-158.963539973 73.4087175317 -461.686340791 -338.378798868 461.686341757 -236.452781992 212.935903689 335.735228238 -45.9863481761 102.153006897 
-338.182875732 63.0985280637 211.209565208 -461.686340963 329.766333755 -88.851198007 -65.2005834001 461.686340963 -211.174758801 185.235472577 
-217.514449687 220.641300187 -121.316448494 131.462057388 69.0913523729 335.165541182 461.686340963 -60.4274804253 -333.326681173 -461.686340963 
333.508715888 -212.857792574 184.100049364 -63.473155754 56.3554539119 461.686340963 -83.9679125324 -334.726916074 199.509774366 -461.686340963 
-330.966428019 57.4392008263 327.610200674 176.835003327 -64.0338377334 461.686340963 -461.686340963 -208.888761666 -79.2566588229 212.850092507 
235.736571054 461.686340963 339.737241943 -157.584750514 115.043735082 90.4517827726 -333.282164714 -461.686340963 -228.033407322 -35.5962564602 
279.394257796 461.686340963 48.7504371048 -191.029861514 348.604921882 -203.481877694 -64.6020522835 169.284849303 -461.686340963 -332.049199746 
335.503422282 461.686340963 -461.686340963 213.163212561 -56.7165632206 93.7195406221 -87.4993833813 -215.488912751 72.9173536627 -337.196028261 
65.275473806 -208.719233 -153.502187737 -55.3837788601 335.217961906 202.96378701 98.8165551176 461.686340963 -461.686340963 -333.133558316 
461.686340963 -182.38718465 -6.60689963394 -332.138581582 210.564198686 -461.686340963 -248.595898255 -57.2624756049 85.1682231564 335.39540969 
-461.686340963 -63.9345437882 -207.085961506 -336.098008685 175.997274051 461.686344425 240.143745298 -80.3574836527 66.6745070462 330.107127894 
461.686347697 183.85974995 -82.660821273 247.200626629 64.0728514517 -331.082446439 -213.497376624 -461.686340811 331.766839644 -70.0113279166 
69.6546839824 -47.7391862481 -331.617576013 -293.385840795 -461.686340963 222.847653197 -172.685184152 336.441008641 461.686340963 100.792142673 
166.289595825 461.686340963 -461.686340963 36.8668521561 -250.151539042 -334.977550773 235.884305244 329.247936 -132.969141414 -8.42801106484 
-29.3865582989 -461.686340963 461.686340963 -331.108030464 94.3932512819 -227.556984159 340.31340143 237.001072346 -155.400095443 128.139164084 
212.369468578 -461.686340963 -205.101454024 338.496559975 -45.8412965016 106.713732055 461.686340963 -109.333734118 -328.739904866 46.4992985428 
176.892668462 52.7133392891 -219.188262718 461.686340963 242.97019187 -330.513299371 -71.9684796317 330.074923594 -93.7084847203 -461.686340963 
329.13236475 -461.686340963 153.546031135 -333.525201762 -57.5508486 -131.518333103 260.193830695 38.1144005363 461.686340963 -207.254286256 
461.686340963 300.479700718 38.6529249832 -337.133584558 -222.333916051 -90.5359463136 -461.686340963 47.6898865394 330.594801388 172.119474797 
-100.928785353 78.1791919784 -461.686340963 133.538781905 -14.8476332074 461.686340963 -337.224113987 344.04585983 250.589217743 -209.479942594 
461.686340963 -331.723932795 -148.507978782 331.041221305 55.1059317859 210.302784565 -461.686340963 -225.813797567 -68.2894209345 140.00114283 
-167.835211777 -55.7566035508 325.048456322 317.026834866 193.785890841 72.7516268196 -348.146930873 461.686340963 -461.686340963 -290.256026056 
266.38170811 -13.0162907877 334.753280521 -461.686340963 136.841624617 -221.605647174 25.1277276236 -330.008651178 -140.622041949 461.686340963 
235.734896522 -166.886871293 110.584096296 -38.1671850775 461.686340963 -15.6160894959 -461.686340963 341.337897284 -290.952906945 -333.220331579 
152.970579377 461.686340963 -461.686340963 -209.612092532 -66.0994339718 -336.780737965 331.077507237 57.4324994172 -99.3651512084 211.907672536 
-332.213808735 461.686340963 -53.0964446134 176.994032067 -98.353855754 328.166479602 218.121934914 53.6813425117 -461.686340963 -222.860059266 
-87.9524171142 -221.221452428 345.937066991 157.116383455 -81.1784489134 461.686340963 -461.686340963 276.234174325 39.7787171156 -338.174978008 
58.081876751 -461.686340963 -339.451447682 -144.138896094 172.457172496 -215.38614992 281.448369316 349.256799084 461.686340963 -68.0161367648 
339.766915636 -37.5028968197 235.064077603 461.686340963 89.0835163079 -124.956775876 -461.686340963 -332.601321542 127.841512246 -206.429221572 
56.2346812924 167.380490089 -321.524221824 461.686340963 17.8240179659 -110.609606153 293.843527618 332.785046585 -193.408797691 -455.091201067 
206.203555893 -305.900135158 -328.852428018 461.686421103 336.344622088 -53.1102690792 88.4840468777 -36.8399208249 -181.465484218 -461.686340963 
174.674372708 -219.207500744 -331.683776922 -44.9287493451 -95.0080279519 461.686340963 326.683454212 211.57003708 -461.686340963 53.4352815374 
-82.0442532848 461.686340963 -336.250041533 202.522514938 175.758416004 332.479132306 -108.347869884 -461.686340963 43.2520553465 -234.742174869 
-66.0015036919 212.75444327 -206.562477193 327.239877771 -80.5315416881 175.388140742 55.6770414018 -461.686340963 461.686340963 -336.053542333 
-172.870847002 85.1946373729 49.4496365874 -58.8695275176 -227.716594645 -461.686340962 337.879119757 204.91915326 461.686342297 -333.767929733 
-233.957934048 -332.910510517 -163.514032152 -461.686340963 252.099844808 132.497133084 461.686340963 10.7135640128 -38.3295147128 330.775509681 
-339.677501005 58.629529235 103.056581406 -73.2374615207 216.689385921 -461.686330705 -149.385632108 340.590928443 461.686340963 -246.579104236 
-461.686340963 -91.1588245466 37.2131828211 461.686340963 328.107997977 -241.336224393 -338.004877506 160.252674528 -114.287919322 261.822599182 
-57.1538523508 461.686340963 211.973406723 -144.624843851 333.129319929 19.7116540168 -335.570628441 120.990726221 -210.425495986 -461.686340963 
337.945115667 82.8690352544 -207.379915811 228.034322593 -46.5759760637 105.992163809 461.686340963 -329.674007969 -461.686340963 -168.825799323 
461.686340963 312.631803476 68.2416825418 -61.5988256358 -461.686340963 326.904075331 -337.529278483 189.284059608 -180.605947637 -235.241385083 
