454.035047153 -32.7971586796 -121.001583658 -340.505801958 269.113946279 -29.0468425172 -461.451396512 301.491873079 -28.964049398 309.134182723 
-238.518036009 -319.218224649 -14.5589642485 -458.263638198 454.385432564 -240.155987052 419.410149944 10.4687090049 -29.0468425191 186.660801317 
-397.274013728 -459.522743603 311.47869382 450.167545548 -29.0468427864 437.213997487 31.8662271075 -29.046834087 -195.895944705 272.894718814 
-19.6628210718 -209.232423864 -180.600784414 -209.367216718 16.9708684265 322.00487469 298.18906352 -10.870404465 447.665695153 -428.231011235 
-162.187410702 -29.0468425178 289.179983206 -29.0468601638 436.909254421 -390.323969347 270.501395571 -458.827687075 33.2540796831 450.35133194 
190.507083468 -386.181562858 438.834799283 449.19312179 -404.167383434 -320.339412154 -11.1323835639 -31.9456175391 -180.23992904 -29.0468425182 
311.022076462 455.622716444 -93.019352015 284.950068567 -394.224788392 8.33522654477 -172.170756944 -17.9834565801 -460.615382649 -310.468563428 
-15.2058084496 454.207982903 -239.41134513 9.24840252244 -169.998245174 -319.276749468 418.380540453 -458.481393434 -29.0468425172 186.105378029 
-212.390066667 232.493646541 -189.226946274 322.422557257 460.59144276 -0.762806059817 22.8013039704 -209.399056919 29.0468027834 -429.810459888 
432.525932241 -36.4718702811 316.192283585 21.7621893292 245.840571798 -178.211837165 -20.7807018695 -396.865869875 -412.21878288 453.015209844 
96.0859943134 -116.072560104 460.34423664 373.220639546 -29.0470326331 188.357928083 410.491138593 -317.908025575 26.9143076612 -459.535747307 
433.79536185 -456.00807568 -29.0468438795 255.699868151 29.0468130045 -396.751776776 -16.0204651589 -311.461080216 205.219100893 450.524809228 
-192.297866285 104.868972926 -99.9991814642 29.0468425066 -323.275092918 -119.469026841 457.573861007 -4.51983225054 -410.876863983 423.08296556 
-172.339094574 -406.42224774 446.027643377 442.731135217 -168.045826557 190.0055021 -28.855932176 -458.484379096 279.131172834 -29.0468425172 
200.195845541 35.6032660582 -240.904195324 -169.114169436 -459.053590133 -17.6993963855 453.993801507 289.587598261 416.365988999 -29.0468427786 
207.976992352 -458.985406557 -325.571141442 -122.655677098 -237.282585342 -9.83693837437 -28.9924971357 -30.0993405883 454.892521217 410.088511782 
-380.958473279 -10.34473144 312.657154148 -125.232638816 448.065771313 -174.076453043 -306.99693306 5.19685799205 402.094874415 -460.359648133 
-368.058227558 -29.0468427427 -229.550476653 420.356333095 303.214034138 -414.496859052 200.247987476 104.306460922 -29.0433220075 188.313145602 
-317.165714158 29.0468327789 -1.82892010949 -17.2575368789 -459.030871061 452.13357896 275.873709497 -59.2281042956 -241.998874357 315.363271863 
-95.91737168 -99.6236339488 435.569862759 -385.070386689 -199.295342341 -414.740654022 451.161271444 19.9827735492 -10.8484406794 -319.689362958 
25.4931604651 -424.423268122 462.183503872 -220.751082682 -87.4847873108 29.0468423543 389.045520863 -135.199538042 -444.047108768 -307.314286603 
29.0468423714 457.815370979 -412.800905943 -195.398671167 -427.430131809 29.0467771989 394.409420235 -194.059659486 210.517431865 -227.03553853 
29.0461127368 -423.73033149 454.2431425 389.930987163 157.030992783 187.402781646 -125.458688657 -29.0468956273 -218.714885999 -456.65616241 
456.724195879 20.5623173327 321.303720143 -206.864412484 17.4188578961 -405.384016822 -428.988683012 282.132203663 -29.0468425209 -184.001333713 
-130.559384993 -2.47943580195 3.36481983959 -460.279709028 388.0582812 -317.725710438 397.112543091 -323.827130457 82.0528446332 462.068929252 
-390.664335512 -12.8406748125 -21.5512763758 -321.846331041 -101.218790506 402.397221748 306.37015602 -396.403821137 -140.092197864 443.8108087 
12.8005597802 -29.0468425173 413.73474428 288.514743917 217.408377032 449.654804375 -29.0200647741 -449.155012252 185.971959475 -250.097451634 
-427.008791182 18.4327877859 -407.105995272 28.9370440213 392.615702697 187.058393798 456.282815753 -225.904247533 -187.646055023 -29.0468425172 
-323.950201339 -7.62604673255 -104.206886308 -319.272305048 -458.978382274 442.712850129 381.685249125 255.275964715 3.71392232172 -100.266605531 
-7.5813631291 -211.467162092 460.16733885 289.107099494 -155.64380088 60.080873557 -29.0468425333 -209.197807378 322.392864496 -429.254885628 
276.693539745 455.09805901 10.5226223885 -95.161039081 -403.181549437 -29.0468425172 -315.333363602 308.068942117 -387.78052185 -6.79132061599 
-0.777904527715 251.411892104 437.192579616 -321.917475569 -386.552487053 -99.8137383373 -3.74247813003 -403.503481598 -91.9183177292 439.956618169 
-7.31940195483 -459.091266604 328.2991221 -197.912520702 -418.637484781 70.3137865707 303.701745026 9.44626887771 -29.0468425173 -313.027323033 
-223.89519169 -152.406960138 317.964533999 29.0467432428 -440.983207867 405.968460494 461.018272142 -272.301741328 -439.754875816 9.49845999122 
-333.706380461 -431.220915444 -9.24169376376 -213.645451796 -19.7931571317 461.616693689 -5.16940737976 310.952629336 -210.958665389 319.596958819 
435.742592786 -0.503244987134 4.68575556857 -14.4577269833 -238.423588014 -315.80551111 -321.878834976 -458.985828173 451.056621143 -98.9295322366 
285.783834776 -8.35623338529 459.258629619 -102.50317209 -117.280231229 -324.978764551 407.607771049 -389.408208002 -29.0468425171 -405.377980946 
453.233716607 48.9562465776 306.055011043 -16.8355001584 -238.11181688 2.59977085153 -29.0468456619 -370.67247596 -460.096510013 291.050934703 
-118.881967291 9.34610866159 -309.503224627 438.612180635 121.827486913 -89.2405589303 -366.358918723 302.519855425 -29.0468425171 -457.036765478 
306.083055455 -385.451502286 -397.63307538 -19.5539980836 -166.62801177 444.84482931 -11.1186447795 -320.256137557 443.907521645 -28.2898384636 
459.061188502 -431.060528974 201.30506307 -6.87555356512 -227.245163063 -448.911626644 -212.165713605 320.060490257 419.236890703 -81.2527504139 
-407.221531741 -204.802772182 324.248303681 29.0462739017 -190.493262035 -207.066310977 2.35883003851 460.281403403 -424.856987423 5.09945480982 
-124.565256123 -332.31542513 187.764534389 459.772497449 -112.128388714 -21.2742521428 -326.558026188 410.690860144 -29.0468429727 -459.237311806 
454.360759134 -29.0469102028 314.895050894 414.948300898 -427.542529875 188.239393496 -178.902850976 -25.4954799947 23.3971804613 -397.837361067 
-237.506173486 410.133520896 -10.8297109733 -325.965495281 454.649324304 -123.854410537 -459.09627223 -0.172622155637 -11.0013125767 -316.579895805 
-97.6250617162 -191.168602136 459.488067332 -458.781574507 402.295929853 -29.04683983 -198.810093114 -413.820528508 29.0466390387 -292.612161241 
398.335055426 -319.92688474 -132.276482828 -6.3661347116 386.821848763 89.7723938387 7.86783426681 461.925134449 -460.1876861 -322.20042971 
270.483722302 -458.827356628 450.352443172 -162.186351026 33.2775804525 -29.0470807976 436.907412763 289.213604341 -29.0468426681 -390.325417267 
-29.0399501922 452.622061677 158.337618301 0.601408202329 -325.041041157 -393.65264999 314.501934901 -136.010803451 -175.097008631 380.651601212 
-459.003359161 -29.0468494511 410.501048798 438.454286638 188.62476639 246.357031404 -317.094146868 -279.636837409 -97.4432060034 -3.16340035067 
295.208777402 454.203423558 -412.662581547 -402.094293566 21.7566029113 -180.704249467 -23.3616136356 219.513451592 -21.3597135875 430.590919537 
4.08794387409 -200.512541124 -58.8338123326 -390.103449911 4.95350833102 326.323088559 -315.00839642 -421.177845114 -103.361362936 397.520552631 
443.836397646 -139.812773841 -359.801190184 191.414667278 191.79255194 -29.0468426152 -29.0468459629 -346.403796544 410.534587094 304.240137276 
-398.781272452 313.47771397 -459.842412524 185.13935758 -240.236054428 -29.0468428513 459.228618827 418.085309317 -109.561061443 -10.8798972711 
-29.0468425172 -202.783706525 -423.341305532 127.596502942 -264.782482026 309.72116772 324.091944071 47.9444344116 -367.225279223 -1.89075123 
