46.1056167954
45.1345980279
45.4164109375
45.9392043195
45.688200189
45.7717785824
45.7965402481
45.9915680508
46.2240476442
45.8976924873
45.9549859221
45.8792125415
45.9461478542
45.778691201
45.9243516705
45.8966498275
45.9417611804
43.2895425807
45.5616340553
45.5674345302
45.3413375109
46.0224880054
45.8083619153
45.7948478626
46.1429873422
45.9580758244
45.7059237596
45.94175919
45.3168940279
45.9224950607
45.9918416902
45.7826174358
46.0329797802
45.8977190757
46.1060430801
46.0398479438
45.9549855632
45.9260274872
45.8977357085
45.8027811545
45.990887331
45.9392457413
45.8795907341
45.6734973298
45.8265956806
45.7479890611
45.9184898064
45.7441375537
45.750531864
45.9684477463
45.6822089201
45.7794461369
45.7983123982
45.6361122065
46.0515056594
44.6328536988
43.8679782759
45.8682129754
44.4030265169
46.0331048501
45.7077842737
45.8132502011
46.051476604
46.103493233
45.6591739134
45.9630922007
46.0629453536
45.5415721095
45.6914612454
45.8850607551
45.7546958382
45.8116248761
45.89447015
45.7195030023
43.0243269412
46.1113088053
45.9873700453
45.6419146694
45.9225034778
45.7439714495
45.9308540784
44.7207643441
45.7747264358
45.5384819866
45.8027125105
45.6190384041
45.9764119634
46.0116800278
45.9630889001
45.9069447175
45.7175283108
45.6788249541
45.9535019947
45.7952976996
45.7724606442
45.5585382423
45.9360912935
46.0033819511
45.6565359067
45.769216963
46.149920659
45.715318573
45.7489579603
46.0629583905
45.8920005247
45.8583306151
46.0629225535
45.9861554248
45.8445292224
46.0233287321
46.0628479895
45.9417343209
45.780417378
46.0329797059
46.1189744305
45.8252994407
45.6519911532
46.1077592419
45.9873705
45.8737632915
46.2334676216
46.0852558057
45.9383724414
46.1499350777
45.9681796544
45.9642023184
45.9326054273
45.8083619175
45.9915730095
45.7102903871
46.0310979301
45.9930849316
45.6361556232
45.6786786534
46.1784899298
45.7452455159
45.7573255422
46.0657794491
45.8748778403
45.7209305374
