0.634455801019 1.26640339457 1.14212936434 0.998796503227 1.10735635645 0.993223832107 1.22445443697 1.00202755834 1.09115056779 0.922624223188 
1.14245715755 1.29999999932 0.998808638774 0.945823313422 1.01241873724 1.11871109377 0.936087012775 0.778646214088 1.00809925313 0.772542630817 
1.29551102428 0.922784875532 0.991443605378 1.02998261368 0.799680591304 1.14237774336 0.984277244156 1.05429687443 0.980730547775 1.1922356203 
1.19405126285 0.995996491736 1.1164714648 1.01104571002 0.830842157592 0.650327035085 1.14212727288 1.14213143477 1.00628188575 0.822814097773 
0.778635007367 1.15106575213 0.966152639381 1.14113693521 1.30000156915 0.892828327787 0.862488390007 0.866877889142 1.03167990271 1.14213143477 
0.668266364803 1.14213143477 0.99865691082 1.06447442868 1.12439469524 0.743200126784 1.28995799747 1.24806471527 0.99157268232 1.30000000021 
0.968010720916 1.14213143477 0.997700618632 1.30000000008 0.831973149385 1.13568173141 1.0276976542 0.896780346247 0.794080879957 1.03918543201 
1.10673657002 1.30001464033 0.874396355725 0.859132583843 1.24505685214 1.03982428959 1.10589781273 1.1414214256 0.883855619673 1.14213143477 
1.00789752361 1.29999999306 1.14212664412 1.07612648292 1.1425151732 0.869235739032 1.11762740762 0.647087477823 1.16723276711 0.96454593364 
0.994028829397 0.998598846833 1.09008860103 1.14407335582 1.29494265948 1.12228664947 0.598949863888 1.07662288483 0.623287456548 0.842769079927 
0.940049989588 1.28667678326 0.896602582547 1.29989272555 1.00131758109 1.29956335488 0.652540306586 1.00004687966 1.14213002164 1.29999972803 
1.08050799801 0.990676348792 0.73996243689 1.30000045068 0.698726012327 1.14213143477 1.13711855721 0.842696160505 1.14213143477 0.905219545526 
1.10266384458 0.983948518238 1.11822477713 1.14248708695 0.95673139664 1.01438867007 0.987443283228 0.985344545634 1.09230132847 0.899227929686 
0.98952646873 1.02057904842 0.612449481126 0.984913735252 0.940281885929 1.29249012524 0.712268524832 1.1421314351 1.29754396742 1.06988774787 
0.644958372545 1.07440309055 1.24507217106 1.00230100168 1.14212961241 1.29999747546 0.999879645395 1.28844429885 0.952192848533 0.894538029337 
1.13318810963 1.02268539718 0.979383688869 0.881905869926 1.0724173937 1.30000013516 1.14213109541 1.05326654747 1.23553982214 0.85997127782 
1.3 0.985716585609 0.985551780284 1.04873951303 1.0868925108 1.14179353222 1.29999999459 1.14213003346 0.850867761865 1.02909166634 
1.14213127751 0.994710894972 1.26110370216 0.871567216737 1.24658947173 1.00979171346 0.786952269349 1.29999955267 1.29999972579 1.1499200879 
1.1421267884 0.995842234278 0.998080386374 0.930989762088 1.26437517609 1.2345148214 1.08005463237 0.993040365521 0.955535813546 1.23364469124 
1.17865209281 1.23816823077 1.04934272865 1.14213013445 1.12375220538 0.99769622725 0.967061600491 1.14200772506 1.3 0.930905146919 
1.14212890684 1.04123748731 0.999423830983 1.30000000981 1.14213058325 1.22999977993 1.29999999762 0.988174717481 1.12807259388 0.608831245935 
0.833526601036 1.14213143452 1.03129801014 0.557980072624 1.00195962475 1.14212900748 1.07338041974 1.00111794034 1.01458875019 1.12564496931 
1.2999999999 1.29234094758 0.974614553355 1.11303987225 1.24143244341 1.04672707345 1.14212876167 0.869047768963 0.998068397974 0.881411540165 
1.29999999998 0.996119330486 1.14212834737 0.799996534914 1.0297742179 1.22347007105 0.909732157886 0.836035527988 1.30000048419 1.14085253594 
1.17313715486 0.946826063854 1.07179158542 1.14213143477 1.02512512798 1.14245579979 1.11221336406 0.656703389504 1.29951365824 1.00408733607 
1.14249713629 0.959775153996 0.816706059493 1.10612371654 1.09712187776 0.988078713143 1.08317503943 0.934094710494 0.890391437187 1.11791261566 
0.917754932709 1.07564532357 1.04967637342 1.14213143477 1.14213143476 0.77289043076 1.29999095438 0.918535513027 0.675773702243 1.00394600254 
1.08605270904 0.985581880412 1.30000004923 0.850843961442 1.3 1.14213003097 1.0487110945 1.14179338202 1.02891516594 0.98549292612 
1.05755934268 1.14198138934 1.10566481521 0.942652306187 1.14213144497 0.867509369473 1.29999990604 0.797274239153 1.17103784274 1.25906653037 
0.995382641621 1.3 0.88915712092 0.971260608176 0.974429219164 1.02607256157 1.1421314864 1.13719150524 0.573705202166 1.11374400764 
1.25294293059 1.1157619087 0.884779529438 1.14133723254 1.11364914116 0.873502954394 0.840436416479 1.29999999998 1.14213143477 1.03629798444 
1.09928479029 0.868410524719 0.936082777267 0.974796380084 0.987350317665 1.30000000626 1.23594229241 1.10618787318 1.14240871441 0.89225428802 
0.953634630997 1.03187235214 1.16544612448 1.14213143477 1.3 0.962523566254 1.02316231093 1.0403216377 0.964796436197 1.1410884304 
1.14407780441 1.07631916537 1.12234711776 1.09019142029 1.29525412034 0.993991619566 0.598888731028 0.998540438604 0.623270401291 0.842640851515 
1.11190612891 1.14244217133 0.991732411486 0.942707075659 1.03664764802 1.22526094802 1.04810625671 1.16760214096 0.898029662118 0.879062269362 
1.09470867898 0.991480726993 0.82490320725 0.924206747962 1.16522914583 0.97865689242 1.14818673454 0.642901026703 1.14213143477 1.14210784063 
1.29989702681 1.28675280434 1.29999999859 0.939933279648 0.652512360853 1.00136424149 1.14213002043 1.29972450484 1.00003816426 0.896621555036 
1.30000003404 1.26369833251 1.18009975999 0.789955208546 1.2664779631 0.886453441839 1.14213099383 0.958609411746 1.02761686714 1.00606893015 
1.14406285005 1.12184208194 0.623256156086 0.998433055159 1.0898441564 0.842605195293 0.99448901888 0.599190765607 1.29620372566 1.07626483548 
1.00200479204 1.14211349888 0.736955480524 0.884495126981 1.30000000022 0.951562867414 0.64434570392 1.20173723311 1.14212860768 1.19085520523 
1.0040383682 0.982988079862 1.27821785298 1.00357219956 0.910407061948 0.891469117478 1.13085834068 0.947266331125 1.14246085247 1.01576041411 
1.14212722743 0.830687893213 1.0115573959 1.00312893745 0.823050121793 0.650057682271 1.19371787858 1.14213143477 0.995851982224 1.11841148626 
0.905455853702 1.13667177852 1.08073912791 0.739954335925 0.990747080492 1.14213143477 0.842703366391 1.30000006851 0.698756427358 1.14213143477 
1.30000001075 0.989802119411 1.03696651342 1.09229321773 1.14241153104 0.706341374 0.929696932569 0.987031347037 1.21660949826 0.937660864311 
0.896584040543 0.992656260523 1.06703787525 1.06741492627 0.942051099397 1.14244320155 0.86545679641 0.643832713285 0.841424554703 1.14213143477 
1.0106876328 1.17687006853 1.14212979404 1.21126966742 1.14253670546 0.889421231134 1.03562791783 0.648773673209 0.970802802408 0.950375239157 
0.930017907992 1.093691546 1.01078417348 0.954200355857 1.14260480572 1.30000000201 0.995689520459 0.987796820896 0.966363615752 1.30000000009 
1.14213143495 1.00996051694 0.55516985985 0.778910857906 1.14989585203 1.29999992174 1.00946749111 1.14539613717 1.21752355318 0.969161134753 
1.01425320861 1.02416884014 1.05557372208 1.00753843744 0.984501559717 0.889324961212 1.13914344656 1.14213143478 1.29999999991 0.973746938745 
1.1424265436 0.990640256026 1.0300404902 1.13476476567 1.11057273931 0.991885699424 0.936659214969 0.906448352249 0.91031023452 1.12366278008 
1.07148593662 1.006966136 0.992897929219 1.20194121978 0.933152704692 1.29999991472 1.13746715063 1.03032106479 1.14213031283 1.25402697346 
0.870018018969 1.1419816729 1.15614436666 1.0646480925 1.2616442081 1.14213143477 0.967721974872 0.993560325879 0.749356591679 1.24807653602 
1.14242312322 0.941024804625 1.29999999997 1.14210849112 1.1822630363 0.933323711076 0.877195021467 1.0669851581 0.821074941656 0.934745602016 
1.14213143477 1.30000000003 1.13718689359 1.17685598688 0.90779261256 1.29999999998 1.00159176341 0.922360683592 1.14308255585 1.06905470435 
1.06481522973 1.14212929163 1.2251996137 0.998661915184 1.00181833952 0.637655978725 1.09721595153 1.2662623704 1.21368316509 0.928622696353 
0.86988919624 1.00520196355 1.27741783168 1.14213001287 0.890314799144 0.901380504548 1.22343042921 1.29999999993 1.0361451518 1.14176012275 
1.04973671138 1.14211095408 1.30000000031 1.142131435 1.30000000214 1.08350286264 1.05662451597 1.3 0.989732252619 0.974944961943 
1.25632045047 1.24618530923 0.983867790509 0.87299876131 1.0999518277 1.29999993416 0.794207797416 1.2381718562 1.02159234163 1.14213001038 
1.30000005267 0.992959277525 1.1905508955 1.14212891806 1.00772182297 0.984820445013 1.09140433191 1.0049774546 0.992431044849 0.978303877633 
1.08285802503 1.04959610656 0.835327063357 0.699666472861 0.985176240787 1.14171504423 0.876057221273 1.14213045624 0.866548979707 0.995326153893 
1.14212749529 1.30000000038 0.824930061426 1.07729291646 1.13767794441 0.933280500374 1.26492703957 0.783848524886 1.00707480341 1.2999998118 
1.11265182067 0.905901310836 1.10364453067 0.992423466921 0.93647774514 0.837097428527 0.709984248403 0.883633792392 1.14242873539 0.949046512865 
1.1421292874 0.637637209218 1.26622962933 1.00178733769 0.92885610858 1.06438971281 1.21363068527 1.09720027512 0.998652412187 1.22496305925 
0.989052685333 0.867156912533 1.14243512338 1.0194793738 1.10309189253 1.03185681821 1.04360931364 0.923445226744 0.940577595951 0.884954350388 
1.07119831904 1.29999906021 0.835282642406 1.02991241963 1.1421314347 1.14118292349 1.30000044092 0.872261366407 1.30000273682 1.23401333821 
1.27527471451 1.21191682961 0.63501628569 0.934318391285 1.01176568617 1.13506939932 1.24180726606 1.14213062828 0.888074336872 1.00186070057 
1.05056494079 0.968129864778 0.884451877563 1.07874072798 0.738955437186 0.981706841579 1.14213035226 0.867946116423 1.14186130674 1.00027137436 
0.845183912511 1.1421312919 1.14180505008 0.925166745189 0.998224708287 1.29999991114 0.949758460978 0.80693066997 1.06733921306 1.29999993104 
0.939418278957 1.139547983 1.3 0.951508732481 1.14212966262 0.915661725681 0.939221644502 1.3 0.86987880913 1.01704538351 
1.00675225476 0.970266874829 0.979214935353 1.09733314863 0.98354618397 1.01227082378 1.29999999953 1.16131938716 1.14687874934 1.1423810825 
1.27967428769 0.930275641652 1.0158812274 1.23325342988 1.2999999958 1.16673379967 1.00450401356 1.14213143689 0.957426546108 0.638583961889 
0.636950246983 1.00422182723 1.14211238781 0.924329457678 0.766520238612 1.19587112933 1.14212584625 1.24456737701 1.24114620304 1.00078138816 
0.712255682337 1.30000000006 1.14213143477 1.29999999998 1.24388386516 0.962488822241 1.00678277001 1.20078544634 1.02542343001 0.775298680514 
1.14213143477 1.06337531766 1.23252220344 0.885860779327 0.812883422054 1.09556478775 0.952195259666 1.14195093591 0.992099423717 0.97433179087 
1.01547924022 1.00794678073 0.592268526861 1.29999999656 0.938503441081 1.30000037289 1.05310437736 0.904081420917 1.14213146452 0.868067364035 
1.05320591874 1.00072521989 1.14188488795 1.14213038159 1.00040014696 1.3 0.984595473819 1.18319970247 1.3 1.02782990594 
0.8589010987 1.29999933691 1.14194010984 1.30000000546 1.142129279 1.30000000003 1.02819933201 1.01210529711 0.987177089495 1.0498512954 
1.20359509337 0.631368844555 0.992681214616 1.13559642319 1.14213143516 0.902270315544 1.26617094481 1.0032194222 1.22885356719 1.24903106184 
0.573710924789 0.995362609766 1.02693555933 0.889167083421 1.14213148639 1.11287945463 0.974259415542 1.3 0.971257564941 1.13719079873 
0.895965655834 1.30000029769 1.05219727684 1.14234097901 0.943824595594 1.22960868105 1.1421314348 0.609854680288 0.982494981744 0.710058895187 
0.620610464789 1.17723910315 0.878197484026 1.00673855651 1.14970538462 1.29999221992 1.00131120494 1.01151628078 1.11000227479 1.12733341308 
0.623401391079 1.29919238862 1.14405704664 1.12218036117 0.998529796638 1.08970830151 0.599459935404 0.994241449699 1.07789529887 0.842871887036 
1.30000004946 0.778564233482 0.862103560242 0.892861818785 1.14213143477 1.14113886972 1.03194822236 1.15086833378 0.867065868058 0.965289110257 
1.14213143476 1.14271267564 1.07572282044 0.607003274058 0.903119334104 0.925648521688 0.878756250286 1.05486698459 0.89141432294 1.28972121205 
1.1421297094 1.29127500824 0.91747434743 1.14144683621 1.00596350738 0.851787478443 0.69271950782 1.30000000023 0.966469724101 1.0404101639 
1.1418807278 0.699314557163 1.2513973649 0.99994355745 1.14213143522 0.644432876267 1.29476085399 1.18439235328 0.994269613348 0.910231039434 
1.27497950189 0.91320981221 0.605439442567 1.09152006191 1.1425157252 0.941882101268 1.13654871023 0.975210019257 1.01004999355 0.964499672381 
1.08668124054 1.30000000001 0.98550494663 1.02905213441 1.04876481269 1.30000000001 0.985665729808 1.14213003256 0.85086922706 1.14179373424 
1.20868242001 1.2750160102 1.24092779515 1.01157879608 1.00184452613 1.1357886568 0.934765431918 1.14213062633 0.887962639461 0.63495513863 
1.00569560153 1.25870175522 0.619001218945 0.969187364501 1.14213131383 1.15791921567 0.92020956551 1.08894339495 1.14212942675 1.29999994813 
0.985253514652 1.14213144898 0.739006310739 0.763965941077 0.86399037879 1.08730553977 0.628574323303 0.847987082729 1.14211155961 1.29999999991 
0.701857148636 0.737899564515 1.14213143479 0.953402522533 1.15093682298 1.13753929936 1.26198868867 1.00629394173 0.899415852016 0.91538926745 
0.891084356046 1.11637789852 1.14242692934 0.992210139372 0.651132675294 0.837182390361 1.03753793172 0.884481397903 1.11170751081 0.935760441841 
0.724137094057 1.16647671876 1.14241159213 1.03392708408 1.0886692109 1.09108881414 0.876141331623 0.92956605163 0.768232745462 0.986323108043 
1.14212879479 1.30000000003 0.824047115479 1.07577147163 0.881287014172 0.990420810723 0.905239822735 1.09935149929 1.25890549267 0.978113558465 
1.29999997788 1.23127243617 1.26160878192 1.10178531066 0.986157147032 0.9937451326 0.778189722913 0.972115284403 1.23949359887 1.14212438214 
1.05553456842 1.00378091975 0.774810582106 1.14240477768 1.15687789192 0.896155437091 1.05939521961 1.14200216951 1.04687399804 0.998825584264 
0.994575255886 1.11941838937 1.00130420372 0.934065547866 1.14245435585 0.613732587056 0.946253045333 0.985003807187 1.11080133744 0.897230122863 
0.898816435702 1.29999998856 1.14213143529 1.25968398898 0.630816616962 1.06993123743 1.02714651511 1.29999926552 0.986989408926 1.13990637736 
0.994190746948 0.937173948766 1.14213131018 1.02156011511 1.21487899976 1.13835362663 0.616878400897 1.00009860957 1.24395720297 0.887749142504 
1.14213143502 1.29999997985 1.0200276677 0.970484783625 1.22729465426 1.00646121978 1.06761674122 0.542289552645 1.21688253569 1.30000005057 
0.867333502142 0.867025386967 1.14180022483 1.14213040708 0.94676725829 0.723210551693 1.08071308746 0.991603244609 1.05039513043 0.979038678005 
1.02367644413 1.14213143518 1.24739802738 1.30000903707 1.2999655669 1.18454815832 1.0145097402 0.970363822985 1.17765156273 1.12067580501 
0.884596147741 1.14185810676 1.07932468635 1.05124186172 1.14213036549 0.982144193828 1.00018947651 0.867779865886 0.968143560078 0.738881391504 
0.642246879247 1.14213084784 1.30000124737 1.05411253126 0.907427475901 1.00280104895 1.2393873371 1.21014987548 1.02952005435 1.29965637392 
1.30000005337 0.892248756408 1.14213143477 1.03811335946 1.29999996644 1.03045258401 1.15987819206 0.892273644046 1.14207445739 1.29999999968 
0.983866051763 1.14186264537 1.00046122493 1.05013580097 1.14213034631 0.885761660638 1.07827391698 0.867961640344 0.968265811733 0.739149850667 
1.30000000009 0.950443322944 0.996378152518 1.14212903983 1.03353106133 1.29999999999 1.29484185589 0.99275310595 0.622136868293 0.898855001495 
1.14681029607 0.739882953873 1.14211429555 0.996097253112 1.1327360603 1.06633912614 1.10827310737 1.14213143477 0.877875180083 0.908417049239 
1.07689218753 0.989991116396 0.880842893088 1.17673048534 0.918028878324 1.14243919356 0.621804358506 0.999785263988 1.10677333184 0.942056841214 
0.982930801057 1.05120767992 1.14213036262 1.07923270264 0.73900708081 1.00015881816 0.968100965501 0.885048098501 1.14185961192 0.867902925136 
1.0538627274 1.04938791594 0.949472926248 0.938041517112 0.882744441498 1.30000000052 0.983211712005 0.962904810519 1.1417737862 1.14212995985 
1.14212503451 1.05409195268 1.19561682826 0.630330584695 0.827965245408 1.00031991246 0.769843287551 1.25543880151 0.878282982261 1.14211212922 
0.964794332193 1.04032393809 1.14108812749 1.02326811915 1.29999999996 0.962519929797 0.95362664184 1.16542102606 1.14213143477 1.03186560078 
1.29715199395 1.14213017197 0.99810909514 0.911537866572 1.29999820449 1.05528048026 1.14197912239 1.01135984796 1.16489920148 1.01535377868 
0.724802711083 1.22669608145 1.04034752262 0.565679189605 1.02226549072 1.30000021691 1.29999888232 1.14213143496 0.850204382194 0.969977478873 
0.990468586019 1.30000068577 1.00316987854 0.771052400473 1.0172865035 1.29999985316 1.01497555484 1.14213148873 1.04555018453 0.746059539493 
0.898839640564 0.95218198723 0.663753224549 0.974924221415 0.958499888547 0.759274974786 1.14213023093 1.18546284118 1.01329356722 1.14247441356 
1.30000000173 1.14194013495 0.85891167564 1.02826386813 0.987141338668 1.1421292804 1.01210602418 1.04985938461 1.29999999995 1.29999996027 
1.0128293354 1.14212908619 0.965351230138 1.24508065657 1.17578574829 0.846259773958 1.12406428699 0.980400706776 0.815781945502 1.14251699932 
1.14212839083 1.00931193934 1.17254929606 1.11804431362 0.959124888135 1.14250389075 0.898255666884 1.16923857201 0.653654222866 0.96141325376 
0.923358727494 0.908782537361 1.14191329947 0.946942591221 0.984967214247 1.05841251187 1.04017895931 0.599331030699 1.14213158496 1.29999999842 
1.064779612 0.824410808317 1.00707847523 0.831025782552 1.14213143477 0.650486382192 0.995575600041 1.1926755141 1.01799044769 1.14212688112 
1.22730816732 1.00642902482 1.14213143502 0.542332020078 0.970501611522 1.02001905078 1.21695711344 1.06771566421 1.30000000293 1.29999999731 
0.991876259108 0.906418421196 1.13597776529 1.12357800836 0.910443142494 0.99052710558 1.03027618399 1.11059000637 0.936673169789 1.14242654825 
1.26804410425 1.04347214127 1.00385088944 1.22013296294 0.632566185782 0.999505665586 1.14212967272 1.10969997812 1.03353951233 0.792424316196 
1.0032395881 1.14199453224 1.28606863213 0.930104042519 1.14213074229 1.06867719066 1.29999999969 0.997882280721 1.06049099963 1.00973056266 
1.04672042828 0.974611770505 1.14212876209 1.29235066176 1.1130262545 1.29999999999 1.24142890816 0.998069060085 0.869045431167 0.88138912229 
1.03642376162 0.871740299743 1.25168629832 1.14213143477 0.883028860442 1.1134421362 1.30000031258 1.10675237373 0.863543727982 1.1413552691 
1.29999999993 1.14213052874 1.14176405543 1.3 1.00951003205 0.813357586578 0.950295851169 0.689788893578 1.04893133711 0.758226847579 
0.949030509556 0.965700708932 0.883609609425 1.14251749655 0.861057769354 1.09382298086 0.879033551588 0.984612998841 1.00265449077 1.24231454476 
0.881225062456 1.23899832626 1.10639184359 1.00204303977 1.0618911157 0.997494208293 0.630891547536 1.1421292083 1.2666471546 1.14827379147 
1.14213143477 1.00159012579 1.3 0.922352763771 1.3 1.17686470818 1.06902692109 1.14308922884 0.907781976826 1.13718634657 
1.14894989657 1.27038222013 0.899124989542 1.14213143479 0.716607404833 1.13746061056 0.738848358765 1.00615855964 0.915567137408 0.952650907775 
0.611158043846 0.960400845168 0.758024005477 0.998817023051 1.01346201805 1.14213061138 0.944908634039 0.647833837901 1.14250026674 1.186378783 
0.973336583637 1.10511610491 1.14213143453 0.890096305365 0.999640895906 1.16908884387 1.22027453784 1.04030296923 1.06563416052 1.21388878423 
0.986118577135 0.87481202916 1.14002779139 1.19769279212 0.986877262629 1.30000001024 1.14213144977 1.29999990151 1.01490857347 0.886479074344 
1.02887093334 0.643439447861 0.964822749316 1.19686105838 0.940195985268 1.14213112801 1.14213156699 0.989938974726 1.00372155443 0.75214066892 
0.871991080904 1.14213143477 1.30000000003 1.12970827976 0.882382213422 1.05903559518 1.21265530963 1.03511740223 1.14129210757 0.892228621515 
1.01651472421 0.933831420149 1.09475759552 0.908207326988 1.01279060883 1.30000000003 1.2042823853 1.00327705841 1.14159587415 1.13905593918 
