0.634455801019 1.26640339457 1.14212936434 0.998796503227 1.10735635645 0.993223832107 1.22445443697 1.00202755834 1.09115056779 0.922624223188 
1.14246408539 1.40659314354 0.999572509741 0.948271893816 1.00557834716 1.11784833449 0.938118009642 0.751562048201 1.02345344309 0.766342533951 
1.35533233731 0.923566329662 0.982566769085 1.00902464799 0.80022762704 1.14237759781 0.985208916503 1.05383785441 0.981003891491 1.20276779888 
1.19405146018 0.995996457772 1.11647135917 1.01104686209 0.830840149036 0.650326565613 1.14212727266 1.14213143477 1.00628119356 0.822815556589 
1.26194082028 1.04385197624 0.997242820423 1.14128159314 1.71292476369 0.853123820791 0.878862664872 0.886646379883 1.03649237172 1.14213143477 
0.65729380673 1.14213143689 0.992045380371 1.1277918642 1.0716447209 0.832747241586 1.26601115026 1.23755826316 1.00270037804 1.78431585343 
0.956453453052 1.14213143479 1.00461645932 1.42004348638 0.876633960361 1.13704349883 0.972479284813 0.908651912459 0.861923825659 1.046310691 
1.04953161312 1.39700630243 0.916824976446 0.79920224807 1.2713637752 1.04293233717 1.11487949154 1.14162836194 0.961813933915 1.14213143477 
1.00343130194 1.26346966203 1.14213098979 1.03892397657 1.14213156275 0.806110475074 1.77068203601 0.644335707136 1.19520377121 1.02699899827 
0.993689544507 0.998306999899 1.09018127919 1.14407735981 1.29263656348 1.12204291183 0.598739574954 1.07581642747 0.623719440176 0.8429666078 
0.929907311083 1.2790773309 0.894519924472 1.37013929288 1.01022117113 1.20414442872 0.656232837735 1.00235750283 1.14213047403 1.36718883384 
1.08106135095 0.966416556736 0.739916752269 1.33502287995 0.700653128506 1.14213143477 1.09244424293 0.862861117669 1.14213143477 0.949445634073 
1.10279395137 0.988703165555 1.11820484443 1.14248725619 0.956762919964 1.01452892655 0.987085040149 0.984241354209 1.09049624007 0.897956210948 
0.98952646873 1.02057904842 0.612449481126 0.984913735252 0.940281885929 1.29249012524 0.712268524832 1.1421314351 1.29754396742 1.06988774787 
0.646213013651 1.07102446057 1.2140759081 1.00517752894 1.14212982726 1.32153976746 1.00026218306 1.28948992749 0.952317025198 0.894544882827 
1.13508986685 1.02257499698 0.978307222826 0.881243024035 1.07042143505 1.33907111266 1.14213109719 1.05932215269 1.23432659901 0.858279444328 
1.55847543614 0.930298648236 1.404540812 1.03748074992 0.982229288216 1.14134995519 1.61212898509 1.14213070034 0.820449662597 1.00841108592 
1.14213089359 0.981958479281 1.15634574197 0.826401613421 1.24099137762 1.00808676784 0.638264851908 0.712262328897 1.34027875071 1.21466161661 
1.14212679046 0.995816229534 0.998025167358 0.931504147724 1.26438682345 1.2347111463 1.07994541899 0.993053934576 0.955667290905 1.23346891576 
0.838445393243 1.40733087196 0.997993279244 1.14212362779 1.52638917876 1.01709286088 0.921896534342 1.13423108856 1.59722612631 0.948673069844 
1.13930067122 0.840952229507 0.948391750275 0.984079498731 1.14213143515 1.0292814865 1.2363081901 0.888817315782 1.06915055813 0.973480413455 
0.83326042324 1.14213143452 1.03134990135 0.557864346057 1.00190032051 1.14212901734 1.07258701264 1.00123570049 1.01461295698 1.12564194328 
1.58302123278 1.25677637211 0.972434604436 1.0868808928 1.23774693622 1.02340105812 1.14212970685 0.864927836196 1.00275618762 0.95977920575 
1.60040361898 0.959012371274 1.1421287279 0.800500462285 1.0263765825 1.21802260933 0.919815082204 0.827284717649 1.34623911771 1.14057164829 
1.17579835128 0.946733262447 1.07266160013 1.14213143477 1.02786576058 1.14245554295 1.11364842122 0.656632391598 1.3044717511 1.00425252579 
1.14249833661 0.960139333299 0.816378529032 1.10613472633 1.09505953992 0.988083213548 1.08326848421 0.933922157474 0.890612370415 1.11788714101 
0.961716942511 1.0769686798 1.04437413534 1.14213143477 1.14213143476 0.772074771594 1.4065792224 0.970269412498 0.670537917548 1.04821630262 
0.98211298792 1.40457496908 1.61145799918 0.820456655776 1.55815783232 1.14213069197 1.03759114538 1.14135311935 1.00854352344 0.930287974973 
1.05766620742 1.1419758759 1.13321864218 0.940195809448 1.14213144067 0.865294588623 1.3509258039 0.797292464032 1.18268066051 1.2624801655 
0.997059825377 1.50583869931 0.942371798777 0.966640899033 0.993425870955 1.0258590736 1.14213143481 1.13411401116 0.845013442492 1.12300462861 
1.27964713934 1.12101804006 0.897646693684 1.14148514399 1.06196264264 0.870592088333 0.819743732593 1.36672120004 1.14213143477 1.04156342696 
1.09981196003 0.872403453373 0.937790370286 0.97577782918 0.988137155615 1.62903323563 1.23241495732 1.10443283518 1.14241304117 0.888574523059 
0.976739621077 1.02449761458 1.18793999308 1.14213143477 1.36794498393 0.953210227495 0.967890979217 1.04041374069 0.969821900628 1.14052846386 
1.14409469245 1.07387163519 1.12253340731 1.09057807673 1.29487317147 0.994149507373 0.598606767813 0.998646418519 0.623186091831 0.842152000796 
1.11192412204 1.14244215236 0.991738897183 0.942716820808 1.0366569546 1.22492942262 1.04804588833 1.16780501461 0.898049535065 0.879061094857 
1.0959773404 0.991500370422 0.825623362104 0.922485578054 1.16581405163 0.978849458278 1.14828060266 0.643191405181 1.14213143477 1.14210863454 
1.37014681768 1.27929200868 1.36763111363 0.930250200949 0.656220878921 1.01018339151 1.14213047496 1.20224314686 1.00236441985 0.894573348731 
1.66472821397 1.41939230074 1.1634637844 0.841849411647 1.24743308691 0.88501587169 1.14213110803 0.950656012059 1.01343798968 0.99232658462 
1.14407904751 1.12236757573 0.623267001206 0.998549850129 1.09022008127 0.842631537372 0.994002791098 0.598870756104 1.29523717807 1.07623334601 
1.00204164483 1.14211352651 0.741262858589 0.874103582052 1.34256083897 0.889226368446 0.64153111629 1.20340423322 1.14212866222 1.18935381273 
1.0040383682 0.982988079862 1.27821785298 1.00357219956 0.910407061948 0.891469117478 1.13085834068 0.947266331125 1.14246085247 1.01576041411 
1.14212722743 0.83068794423 1.01155742005 1.0031289298 0.823050145975 0.650057652004 1.19371785483 1.14213143477 0.995851970384 1.11841147319 
0.959215051573 1.08034565615 1.08106758611 0.739959830745 0.962762117561 1.14213143477 0.867353194206 1.33980163737 0.701148022689 1.14213143477 
1.49712127485 0.978924130276 1.03368326008 1.08167187528 1.14240868662 0.708550417519 0.928066336534 0.985049212224 1.10375156098 0.964581060783 
0.896551376349 0.992839903467 1.06660030267 1.06734929475 0.941856941445 1.14244268267 0.865401544675 0.643669061159 0.841308112003 1.14213143477 
1.01069015296 1.17691929509 1.14212979251 1.21118313165 1.14253668027 0.889493926631 1.03573903363 0.648629305198 0.970793766444 0.950429071291 
0.939727899364 1.09861278386 1.01024699684 0.955170305989 1.14260158399 1.37758647197 0.995085224056 0.987102762395 0.965394105318 1.38595028671 
1.14213143524 1.00475187918 0.556074990435 0.777921369522 1.13130005905 1.33217013004 1.0093178205 1.14514642394 1.2216270047 0.970448855874 
1.00348684522 1.03268410333 0.97956049648 0.963203644992 0.97862508171 0.844138554522 1.1365835523 1.14213143479 1.48420430793 1.08543668984 
1.14242654433 0.99064082861 1.03022535356 1.13593290391 1.11057273931 0.991885702998 0.936659214952 0.906428711967 0.910319600757 1.12371488251 
1.05333575048 1.01210079581 0.982269997522 1.22365326795 0.943633698693 1.63268461737 1.11470565339 1.03554223663 1.14213067532 1.24281300873 
0.869907333783 1.14198177142 1.15595898981 1.06452831953 1.26133781637 1.14213143477 0.967811706065 0.992098521028 0.749411598008 1.24807492432 
1.14242756712 0.993338939934 1.45511910194 1.1420983511 1.18374441243 0.93518883905 0.86813928842 1.05781831835 0.883891263964 0.878498161467 
1.14213143479 1.47230240377 1.13663846486 1.12324027607 0.942907347219 1.43469368634 1.0038420954 0.940781592258 1.11874182773 0.914329526519 
1.12956163902 1.14212970543 1.67993010587 1.02608878644 0.984138102658 0.697805669066 1.01886230052 1.24769369321 1.17132341871 0.912227160677 
1.23246791776 1.31245847161 1.27885797826 1.14212869237 0.655018537806 0.91647043908 1.02457172076 1.34319463756 0.975461083587 1.14208591355 
1.2091786046 1.14211511708 1.72293769314 1.17051462602 1.37312073418 1.08896027136 0.944379617365 1.55363175149 0.647105841758 0.783710909371 
1.21238446898 1.23534609436 0.96768428945 0.868647167156 1.12237197594 0.832120699407 0.837937252862 1.28120221872 1.0251740484 1.14212983735 
1.18724424184 0.961325819502 1.14226950382 1.1421303767 1.17729584724 0.952479585853 0.911790402435 1.06069289754 1.1331797503 1.00754987562 
1.53400872878 1.04386932174 0.803828074766 0.658871236939 1.01823515999 1.14156777342 0.852175762487 1.14213043307 0.842791943803 0.990094516709 
1.14212856013 1.61074770462 0.826366088334 0.982411462245 1.13955641675 0.933140732407 1.26214187561 0.787307071065 1.01757845191 1.66483391684 
1.11277824363 0.905876479135 1.1038336815 0.992740440583 0.935976609045 0.837240085144 0.709648789927 0.884044092602 1.14242745692 0.949081968443 
1.1421297402 0.698151818351 1.24770857387 0.984371125472 0.911917593174 1.13109710235 1.16928479238 1.01851725621 1.0263041317 1.6786055079 
0.989052685333 0.867156912533 1.14243512338 1.0194793738 1.10309189253 1.03185681821 1.04360931364 0.923445226744 0.940577595951 0.884954350388 
1.06935087726 1.48657496046 0.868539161386 1.03735601114 1.1421314347 1.1413249387 1.38791383883 0.881908806385 1.34470137099 1.1377846877 
1.27521753407 1.21165254049 0.635033338843 0.934307778222 1.01172877365 1.13508859412 1.24042887145 1.14213063179 0.888031716428 1.0018843301 
1.05073319023 0.968223281527 0.8845995192 1.07967493919 0.738913353449 0.983280126648 1.14213038735 0.86753785851 1.14185432599 1.00046450413 
1.09297572187 1.1421314325 1.13978322385 0.902476396225 1.05695254228 1.01836256302 0.944014032759 0.755122080981 1.01897542959 1.57238517303 
0.938210616934 1.14037181714 1.65957097975 0.956303306165 1.14212965686 0.842371383363 0.92481401216 1.60229243832 0.83242407151 1.02391350714 
1.00557428371 0.973047024265 0.960156818925 1.09356787401 0.984107682034 1.02197265099 1.38410069231 1.16883146571 1.1559448596 1.14235871003 
1.25189890088 0.949198223948 1.0001381031 1.21902943862 1.35348875225 1.14719794216 1.002666579 1.14213143551 1.06466575594 0.641471521147 
0.637679449077 1.00452264387 1.14211237294 0.926079469144 0.766886144675 1.19594425459 1.14212580328 1.24520552393 1.24121179195 1.00048852338 
0.689857198999 1.8009758961 1.14213143946 1.36028813076 1.27972279975 0.993490723409 1.01172852213 1.04565474313 1.00561880643 0.856799457386 
1.14213143477 1.06342369318 1.23253610738 0.885965033984 0.812875342307 1.09558969903 0.952142049233 1.14195095152 0.992098646752 0.974323602154 
1.05946755354 1.04610564678 1.2185366521 0.805525474095 1.06580136691 1.30087790859 0.905088539182 0.908623003662 1.14213171326 0.955533957729 
1.04402418518 1.00739783729 1.14157026547 1.14212991594 1.00658450949 1.69606767034 0.856283600587 1.10870991368 1.53544707701 0.889569863379 
0.870509649279 1.36565725012 1.14191895552 1.30470365153 1.14212939077 1.487322885 1.03178544653 1.0121844816 0.986243651177 1.04759056082 
1.20372437043 0.631289842138 0.992655454553 1.13590690847 1.14213143515 0.902290078973 1.26842638844 1.00321796409 1.22884895054 1.24904725334 
0.845509802679 0.997313074544 1.02855019611 0.941667187434 1.14213143481 1.1206450301 0.991729863208 1.50578604607 0.966793581991 1.13414472012 
0.842464572756 1.39953177117 1.0480794437 1.07171503299 0.940498207872 1.23347996074 1.14213143551 0.639025858091 0.98681334706 0.952751505788 
0.62278986407 1.17702801799 0.879194780406 1.00590667854 1.1497639291 1.32989047902 1.00302289009 1.01366592027 1.11010143133 1.12744419191 
0.778063193158 1.37658734512 1.14237340036 1.03487693269 0.98934199482 1.08683316372 0.800818921636 0.994732385646 0.868997416514 1.0748476855 
1.37777003206 0.821216630612 0.874971963929 0.88625130099 1.14213143477 1.1412430514 1.0357632954 1.08589285441 0.887342384963 1.0226724895 
1.14213143476 1.14271621587 1.07578050021 0.607492696234 0.903130279576 0.925115699366 0.8789718846 1.0545634382 0.891398688913 1.28973459752 
1.14212974053 1.29831579364 0.922540530472 1.14124385563 1.0071426391 0.863481267696 0.700319528168 1.56989894578 1.04287533593 1.03587705375 
1.1418807278 0.699314557163 1.2513973649 0.99994355745 1.14213143522 0.644432876267 1.29476085399 1.18439235328 0.994269613348 0.910231039434 
1.2737571098 0.919631582364 0.642581975764 1.04725051856 1.14251808034 0.941759671084 1.1383144452 0.982727003445 1.01269418114 0.967466320627 
0.962884053135 1.54803471255 0.971757063133 1.05179505884 1.04126172258 1.28816988619 0.920750560667 1.14213033903 0.851418446109 1.14147688495 
1.20758544773 1.27492557875 1.23966312026 1.01151909614 1.00189611866 1.13603127771 0.934848661077 1.14213062928 0.887878982613 0.634955041588 
1.01064448776 1.26614970271 0.620858372038 0.988693589049 1.14213124703 1.23507960935 0.900335496738 1.10595501293 1.14213006961 1.41167832599 
0.989285331008 1.1421314356 0.738694594311 0.907257612616 0.874291355514 1.08817646714 0.627071855054 0.845791901561 1.14211254357 1.56530329845 
0.701239037883 0.737881938746 1.14213143479 0.95297910382 1.14864483588 1.13759206817 1.26248860041 1.0058741754 0.90055272998 0.914925967042 
0.891240046952 1.11670870489 1.14242692221 0.992210852412 0.651032567314 0.837207421185 1.03760462175 0.88448179966 1.11170210949 0.935752972975 
0.724137094057 1.16647671876 1.14241159213 1.03392708408 1.0886692109 1.09108881414 0.876141331623 0.92956605163 0.768232745462 0.986323108043 
1.14212879577 1.48089354905 0.852005215296 1.00818813291 0.922254573131 0.997586180789 1.02512647356 1.10044973311 1.22674525406 0.9975261109 
1.49744782124 1.23171932603 1.26207133165 1.07460215132 0.987279323989 0.993450945921 0.777791370794 0.95996429198 1.23577495356 1.14212475611 
1.05549227266 1.00350211461 0.775396757297 1.1424047114 1.15685102082 0.89638858547 1.05945860264 1.14200174513 1.0468544346 0.998744596429 
0.994575255886 1.11941838937 1.00130420372 0.934065547866 1.14245435585 0.613732587056 0.946253045333 0.985003807187 1.11080133744 0.897230122863 
0.898733157684 1.34602003356 1.14213143601 1.27854283139 0.629480497404 1.04712317401 1.02499540916 1.32300519497 0.99748946213 1.14659801922 
0.994190746948 0.937173948766 1.14213131018 1.02156011511 1.21487899976 1.13835362663 0.616878400897 1.00009860957 1.24395720297 0.887749142504 
1.14213143518 1.3425634803 1.01763824184 0.971648251432 1.22860722739 1.00453866907 1.06666657556 0.543407123999 1.22571368375 1.26136509588 
1.1157148456 0.828864870638 1.14102469881 1.14213003932 0.939699178179 0.914866062551 1.58349086844 1.67067691643 1.03192907641 0.990808430893 
1.02463993778 1.1421314348 1.33391076454 1.52417476294 1.3551617089 1.19960255027 0.949371538238 0.962947029549 1.21859940781 1.11569298676 
0.884852618669 1.14185920189 1.07925952578 1.05119144614 1.14213036341 0.982687745943 1.00016614509 0.867928343301 0.968204122262 0.739059719634 
0.72063504689 1.14213106014 1.5987056297 1.07772474999 0.956821901559 1.03107422523 1.76130144106 1.16977244429 0.999032026945 1.1794423216 
1.36734722219 0.884880028491 1.14213143612 1.06637217332 1.55244880302 0.997504212858 1.123506654 0.919235507037 1.14202145943 1.47432590755 
0.98599398489 1.14186055559 0.999324770064 1.05132734341 1.14213037338 0.885672760031 1.08063337258 0.869156465209 0.968959906933 0.740243313406 
1.34325217547 0.911145740393 0.997316726769 1.14212941116 1.03613777853 1.33117603574 1.2538429632 1.00113501615 0.623282851023 0.91215496558 
1.1461853899 0.739876701618 1.14211440451 0.994515359463 1.12488032599 1.06751134519 1.1085073612 1.14213143477 0.87770993258 0.908629388348 
1.07689218753 0.989991116396 0.880842893088 1.17673048534 0.918028878324 1.14243919356 0.621804358506 0.999785263988 1.10677333184 0.942056841214 
0.981191814009 1.05243212992 1.14213031627 1.076346092 0.737124799315 1.00121588812 0.966763046982 0.886425166091 1.14186614242 0.866327435161 
1.00621054136 1.03768328252 0.983220285166 0.930843431043 0.820157067877 1.55919898165 1.62144671701 1.40819217155 1.14135476661 1.1421307033 
1.14212541836 1.01880655792 1.19922967121 0.630144013061 0.824253338186 1.00086832411 0.769115804782 1.25048164262 0.883566296175 1.1421122485 
0.969814008984 1.04035581549 1.14052925469 0.967373083171 1.36793976989 0.953280110894 0.976730151837 1.18789374083 1.14213143477 1.02447037184 
1.47118059071 1.14212960095 1.00309051972 0.909391053071 1.47961981919 1.05246399643 1.14196792062 1.00877587782 1.17043627895 1.01414402111 
0.726434204402 1.22146040321 1.04309194285 0.564738492359 1.02237845437 1.46286891941 1.30570375454 1.1421314348 0.861014815007 0.963628782021 
0.990559508637 1.37620495815 1.02184058226 0.761638915155 1.04225369995 1.30507670405 1.01029934708 1.14213143689 1.05453416504 0.740085380361 
0.898345767642 0.952045851411 0.663721893382 0.974816913314 0.958572357183 0.759271868712 1.14213026085 1.18592154716 1.01308958372 1.14247400568 
1.30475238052 1.14191831905 0.870505595558 1.0319330813 0.986300390024 1.14212938969 1.01220082319 1.04756394603 1.48750029312 1.36577823733 
1.01239688242 1.1421290464 0.965106573033 1.24663304749 1.17520958422 0.845795810971 1.12345827078 0.981721994511 0.816673584809 1.14251614483 
1.14213084751 1.0026763694 1.19178837222 1.76637267193 0.94991970663 1.14213156284 0.906115319731 1.0873608717 0.648876806708 1.02613431259 
0.927846329121 0.97029312786 1.14177126352 0.946710101436 0.98038623021 1.08933252696 1.03665434229 0.728262546925 1.14213143788 1.42672855952 
1.064779612 0.824410808317 1.00707847523 0.831025782552 1.14213143477 0.650486382192 0.995575600041 1.1926755141 1.01799044769 1.14212688112 
1.22823897102 1.0047985028 1.1421314351 0.543381806363 0.971335397845 1.01765310435 1.22353655905 1.06918745421 1.34250708163 1.27411551581 
0.99147321533 0.905461018298 1.13621152415 1.11473050907 0.921071609838 0.960837471328 1.03297284047 1.11065515867 0.937585588763 1.14242668561 
1.2457288548 1.16098015405 0.983790233252 1.66855979267 0.711711301941 1.02315337187 1.14213006388 1.50278261543 0.96395213297 0.713976888679 
0.953715063079 1.14172217713 1.04806789563 0.756113622954 1.14213108196 1.0552884853 1.52633574191 1.07787618732 1.04760874535 0.928246764063 
1.02341152931 0.972430809626 1.14212970696 1.25677418745 1.08688893086 1.58294613611 1.23774276551 1.00275537288 0.864925872507 0.959765989453 
1.04289608908 0.916988683705 1.27141830672 1.14213143477 0.962038182254 1.11513811663 1.39765437941 1.0492148983 0.799012340532 1.14162927287 
1.67881117832 1.14212921428 1.14042617464 1.60267961781 0.99321590804 0.827061853127 0.935897868192 0.671350204734 1.02477878216 1.1614898075 
0.949030509556 0.965700708932 0.883609609425 1.14251749655 0.861057769354 1.09382298086 0.879033551588 0.984612998841 1.00265449077 1.24231454476 
0.87069756716 1.6450482645 1.42577034875 0.979836037385 1.0820023953 1.01318466953 0.749905976097 1.14213006813 1.24214666238 1.22687130037 
1.14213143479 1.00389083165 1.43437783813 0.940938108107 1.47135979982 1.12313790276 0.916795593263 1.1186719236 0.943578551555 1.13673466546 
1.14865538689 1.27078226787 0.901918974778 1.14213143479 0.717638987106 1.1374615942 0.73884724421 1.00626097272 0.915573941992 0.953186835616 
0.611262434079 0.960470015617 0.757998720349 0.998779768744 1.01307830461 1.14213061408 0.943799251744 0.648086540119 1.14250049489 1.18679471473 
0.973526485368 1.11155276211 1.14213143455 0.894136197876 0.99958453713 1.17003998554 1.21946915813 1.03953055828 1.06218168476 1.20723786718 
1.47189842961 0.853010196868 1.13898542755 1.10785511768 0.971906799912 1.57679512358 1.14213143149 1.38730868575 1.01317309123 0.816008938825 
1.02892231829 0.643709454212 0.964496016659 1.19662763414 0.940256235542 1.14213112682 1.14213156807 0.988807535945 1.00326943723 0.75211303268 
0.873763164841 1.14213143477 1.36587318707 1.06109949519 0.903386885471 1.07512340532 1.21149293055 1.03878884006 1.14138526866 0.844315125902 
0.953499315876 0.941291204822 1.10620140715 1.49294825218 1.60775195767 1.59624456179 0.984042749681 0.997641071807 1.14212603398 1.13418321211 
