454.885575357 -458.989091107 -325.565856214 410.091493483 -237.289827104 -30.0930020313 -122.682840023 -9.94279373906 208.039345783 -25.165202964 
-409.107300716 -274.939366767 408.107456175 -190.224107938 185.952705081 25.4089909804 32.3606849289 49.589613344 -309.736207255 -87.3623328436 
-453.694440683 -197.865350262 -29.046842649 -1.49553237185 -350.050209279 -418.894711156 308.485694829 9.31702571844 327.423953814 -48.6179245326 
188.237653606 414.908046046 316.506470156 -178.873801405 23.4375564266 454.384567536 -29.0468779991 -427.602368734 -21.1925469321 -397.862478788 
-136.860534242 -2.69824937428 155.37139897 9.05910530454 -179.348249324 -319.844628766 384.814474078 450.331361026 314.21553276 -396.856345046 
455.75905318 -327.728685435 52.3264126302 -29.0468425172 78.9875089271 116.637862568 -452.006610027 311.775809321 427.208406075 -111.832136774 
311.613906519 -378.432669006 308.099039495 -162.160777474 67.8722139962 5.82418982658 -29.0468425169 448.570726652 -166.748407092 -386.212093477 
28.8799866923 -182.303862199 431.828254104 32.2897788424 -202.655046027 315.125875302 -416.01480965 8.58175855929 453.442716929 -399.882284091 
416.314056073 -319.933313609 -21.0593153114 -9.60691277788 -458.534823218 -12.4843105011 -237.820740285 455.384035196 197.333582973 -241.431116524 
29.0217708783 396.690203186 -230.644265215 -429.017567767 294.604286731 -29.0468426032 -183.476868688 21.637039078 455.067215752 -402.413310106 
-24.9087851175 -455.740427981 -403.977881245 300.337431713 -21.6421411865 -124.544804494 448.073343442 410.000589366 -325.684626375 -206.548699261 
311.537920236 -29.0468432956 -397.084762207 -170.146573506 41.1326176393 -19.4416354883 271.425182164 437.792858681 -459.658567737 449.818942475 
-4.89969735045 9.66299822398 -209.121690875 -429.040439899 -211.11029216 187.424330203 322.39548715 408.947467509 -29.0468467258 460.193716965 
8.35175402362 381.40615558 461.29134135 -14.9374938537 -159.652323445 -445.594427034 44.9151715036 -322.733794668 314.701972878 -151.425568663 
449.668306301 186.685670195 -123.499735333 -13.6987275742 -325.689525333 -207.355486146 409.867467034 -455.467353824 -29.0468425173 -407.882112413 
289.071712133 447.119418919 0.577682471034 -397.681667749 -199.832826774 -23.5065045563 -320.824013394 -29.0468425179 -459.621858559 441.651591196 
-438.258156807 458.951442005 -130.150608223 289.996769656 404.338340094 -25.8394538297 -181.329761256 -403.051527186 -321.096008256 -10.5159119975 
-324.15835791 -13.4613562407 -123.053121937 -405.882717705 -460.173115707 452.349695477 129.741046008 -74.0279648536 343.747911358 -26.5499087198 
-323.642817833 410.04202564 -29.0468425483 138.120360268 -457.423358764 310.704168602 -233.915254105 -4.72785530659 -377.631363949 -117.358967765 
184.613689523 -130.057616564 288.695630051 -331.566237095 -238.891914278 420.279118387 448.416781299 -29.0441700609 -459.579313818 -29.0468426075 
-29.0468436106 -298.131438156 410.529221845 18.0157452605 -430.113236152 189.699366826 -165.049878271 83.415995006 -449.560886918 460.338593889 
321.033613834 -29.0468425255 -210.96773814 52.684055212 -0.694075343517 -420.870534042 280.987413978 461.151025132 -428.944513394 -209.071166744 
-101.472392595 401.192538181 29.0468407159 -213.970251118 -457.558280111 29.0468150251 -319.406032754 -421.002019554 448.065783278 -76.8136704986 
-427.409518415 -46.2366222344 -392.202893204 316.007295344 310.041876979 272.10599491 453.051374306 -9.14393002743 -169.411297228 -18.5854948766 
-124.268836088 -239.911570113 277.334440431 -29.0468478882 -6.84021971693 -458.837462477 404.71585353 33.1089669088 -320.518652193 453.622012987 
-430.083039117 -212.455603809 10.4158782219 -4.88465837313 296.443869373 321.820552564 -29.0468425172 -205.087743463 460.696792235 -209.87089513 
451.027008803 306.576495041 -29.0463381032 -458.58254653 -29.0468425172 -418.413739725 201.94494976 421.83185975 43.5796576365 186.54288028 
404.29624325 -130.16173991 -181.323403501 -321.097318141 -438.249315269 -403.042685638 290.116838191 -25.8917737447 -10.8199843275 458.951442091 
307.672187228 -26.0629800367 -117.561628692 -29.046842523 -459.168729694 -353.579498453 -151.69131866 308.335941262 115.237127296 196.05054421 
302.075679479 -448.065873855 -10.8228850116 461.057130412 300.291203255 73.5272359581 -324.987906008 -29.046842517 -227.631352337 -29.0468600534 
-202.670755958 -416.116281526 453.316676304 7.99325699003 29.0464893804 432.033824615 37.6031995226 -181.285520792 -398.814878188 314.855137701 
-6.4877845188 457.723134944 -206.749267152 -316.033093224 322.990489837 193.43238519 -456.000438028 1.54171953678 -426.656015999 0.578962423566 
393.371336057 311.972381909 -238.715148989 -394.193727224 -431.177482259 -214.288183249 -13.4747881541 29.0468394776 462.512245121 -16.6218915328 
-429.031135191 21.6789596759 -29.0468425166 -230.685909922 294.729348687 29.0468224669 -183.440604597 396.78060904 455.052022926 -402.377262629 
-9.10342700963 -430.113669677 320.47031327 -210.828136902 52.9968541236 -29.0468425887 -441.854554758 280.116271378 459.755184983 -221.632930966 
29.046505537 413.975388234 12.6843088476 -411.100533131 190.464343528 -191.382312182 -192.96488994 458.449694658 -418.550817079 -29.0468425111 
300.304244988 -455.737901488 -206.543013554 -24.7985869388 448.065909217 -21.6500193384 -325.694102175 -124.5429901 410.006310455 -403.987971409 
-109.105903096 -188.19715533 298.524206452 444.884410016 -459.852126594 -402.331732666 -326.868105257 -28.9721066317 443.86804855 33.5620612178 
-429.017695446 -28.2034249472 455.051604896 396.785083921 -230.577850374 -402.36346248 29.045809335 -183.447010299 294.917225827 21.6748418615 
414.750717348 -429.553143004 215.504046223 294.760652464 -162.590220682 -29.0462532755 450.454778732 187.973533357 -29.0468427238 -454.739937912 
-443.388622727 318.237390633 -224.997403885 318.399906793 460.530921439 -145.899769454 9.78082807741 -217.807248966 -436.548100762 -14.8359725643 
-29.0452125481 23.380482471 -178.946052862 -18.7567188734 -397.872460679 454.361217473 188.23939447 -427.547440812 414.946549298 316.672166644 
449.811775088 271.49562714 311.507613544 -397.073260146 -29.0468425175 -459.660294866 437.804775096 -170.176286961 41.1668329737 -19.447107022 
-23.8522438422 -318.919032421 0.834379265111 -5.73302836744 -424.799824834 381.652912849 -204.296912284 322.955169914 200.555414052 -124.394306637 
-2.57351158442 452.955928073 283.989277402 -29.0468425172 -240.150386812 -459.50369542 308.102495779 47.8979200194 -364.639281664 -29.0463480548 
416.975216467 188.559555789 -29.0410890682 -266.389368301 -459.313512941 413.764040297 -29.0468434958 260.058380036 -242.806956296 185.795821232 
-319.748767665 -6.45307792681 452.668456455 -120.613308324 -415.19077408 406.249473581 -192.265434714 -200.485187529 26.9027007277 -450.396278692 
-317.62624503 -316.841051994 -242.425996415 312.18827546 -29.0468425172 169.670436134 453.038627311 240.027817418 -460.386815254 17.221720283 
307.282882991 410.460906096 187.679203064 -29.0468425599 460.348720372 1.39463824095 -29.0421113923 -383.630581852 -419.920764096 -202.627967757 
-429.29202913 -434.525644361 63.413687245 286.154435202 -8.89094891348 320.502926331 -209.441044871 462.282190435 -136.372615604 -29.0468790815 
-0.198585290611 447.441777828 30.7125118754 -136.727001034 -318.891052889 -105.674989681 383.579568252 250.897422635 -323.512898345 -459.184901911 
321.63519928 -29.0468437065 -429.114434692 267.974086829 -206.996553983 -408.262530366 437.593608195 22.8019692098 49.6366832806 -198.480133568 
-458.882546999 307.958761182 -32.7493086171 9.90166925865 -29.0468425172 -238.812340578 -358.861150675 306.317699339 22.5640273331 453.850395721 
-381.497550784 -417.946762455 10.8661833237 29.0468292427 60.0153902764 -164.572175026 309.428881963 455.326243948 258.428188395 -265.152226291 
-29.0468425187 -325.520470167 -122.492396196 410.150413101 -9.80600763614 454.557001083 -237.747630048 -458.968415992 278.184919906 15.1886418609 
448.065687213 -10.2264655512 -126.078565455 -332.277352011 401.805563419 -321.169537543 -133.531419992 -460.290428747 310.506026089 -21.5465843524 
24.3593443264 -29.0468440694 -87.6052425381 -459.121505178 157.267403776 292.636381142 -313.230335959 -64.2558106483 460.83471265 377.538357643 
-164.942347605 -458.958769134 -2.35018192209 -410.517023174 29.0468424841 -28.6427963061 444.808004001 -192.325578307 443.944269969 -321.768012543 
-98.6196147204 410.637749877 -457.344571479 -305.576436593 5.63945382922 -44.7039707338 -316.457866632 390.582553095 -12.790383928 -237.760021427 
-418.675998904 313.640246232 438.692079245 -103.35046857 -199.82397207 -3.82571471486 449.278719288 -403.427592492 -322.480310025 -15.2729178589 
-379.860212525 -415.066803844 -4.43308976322 -58.0958329656 -29.0468425187 455.991236691 263.189396868 315.124653139 305.561408726 -53.0815452853 
-9.18801759066 83.9908603354 290.764050625 320.506457672 -209.981214748 -404.490868015 -118.152881861 456.830746903 -429.845700242 -29.0468425171 
-325.513281737 454.560775414 -458.966967424 -9.75749866538 15.0231923328 -29.0468429667 278.155112299 -237.744433328 410.149046273 -122.476357686 
321.697209757 -218.213844334 -427.804195233 -313.927136244 -7.34349244028 8.10447207036 -439.070754728 -96.660926386 -208.314886983 459.328211673 
57.505356254 -430.626213488 445.832985106 314.553697418 -397.088756958 6.76851907634 -179.581341961 290.202950702 222.664652091 -29.0468425171 
-459.595795403 -128.917433479 457.475822604 -29.0468425173 -15.5465351829 -185.879988773 288.130435895 -327.689278074 -405.052797165 410.806821709 
286.831195144 -15.1996432103 438.230541028 -419.433456334 -103.105088513 449.555800112 -404.585782343 -322.383358475 -29.0468425172 -200.494014767 
-97.142211188 -405.443985679 -4.37998518264 -217.520085374 -4.93929980237 209.16127527 -318.291100654 433.751809448 315.055889583 -438.753035195 
459.357980065 -29.0468425354 -53.2839834666 310.464547841 -384.979692245 -41.9928185568 -29.0433266339 -420.18628353 -378.12236567 307.489591295 
457.717718619 29.0461395102 17.8474523951 29.0468269936 -193.499331392 -420.18614089 410.146581184 -192.777897899 -211.955647301 -415.23133695 
-140.468638841 -29.0468425171 -9.87826671151 312.485898721 -380.240376359 153.004951538 382.844634931 -328.511104195 -161.652001144 451.85912635 
453.633126507 44.7029117822 -426.102021255 300.430904969 209.992389773 189.011018967 -29.0286033223 -456.243023017 -29.0468425172 413.523404962 
452.369690625 -117.618916936 -333.588166402 -384.801013468 312.678635962 -29.0468425172 433.5823497 -166.327099036 47.049070277 97.0758201826 
-407.222737432 241.265250735 -199.699517119 259.926729914 436.180937335 -29.0468462183 50.8718786582 -28.4631319175 431.353835321 -406.479780632 
-0.437214667931 -27.1744334429 461.838768956 -361.447639311 388.907822528 -52.7421839896 386.08060611 95.1077445816 -327.177329487 -318.50041305 
284.651106224 -201.270747857 -29.046299768 -405.335176992 -29.0468425237 -221.066706131 450.145777977 185.58378658 -440.542025053 419.708033162 
-321.71714153 405.913230267 -29.0468534532 -184.365702836 -406.83850023 -442.045126738 -11.8465159844 452.68671775 -128.718979955 189.621243812 
247.194550145 449.959240717 6.58591372106 -148.294470055 -323.408049859 -29.04684293 187.730715211 380.206953021 -135.259045655 -457.558261033 
-227.632574761 302.07861051 74.0383348557 -10.8296202613 -324.988327195 -29.0468425173 300.341351935 -448.066311495 461.056896614 -29.0466976498 
398.480247534 -132.833048771 386.675491711 -7.54873481593 -320.275305003 -460.259296812 -321.100358091 461.908091264 24.2099050478 91.705271828 
461.025414482 26.7352843498 -217.401568849 29.046765443 -436.826843637 303.070123265 -442.480948356 402.946812093 -283.284151678 -256.194550522 
455.108847079 295.846601998 -428.972950705 -29.0468425514 396.600457779 -230.496204757 -183.505212032 29.0445985013 21.5562186668 -402.408922603 
-179.363109586 -136.827924137 384.734756347 -319.843517981 -396.869684127 9.00720140976 314.182013212 -3.0104633022 450.320708475 155.111700938 
-28.9545752903 -249.423196141 -84.7183970624 72.9302774086 308.40529596 158.693591567 443.662169802 306.036478112 -29.0468429651 -374.642904023 
-398.053839875 -175.875944603 455.289024988 -14.9835404001 0.523744199351 -316.541756214 -98.1718864735 -433.260467673 296.731573488 312.637567989 
4.2492768433 254.690217851 -132.624106726 379.01725164 -323.753448003 455.295816205 -446.151351315 170.235642169 5.2617070342 -315.312666421 
-272.305399288 461.018215531 -152.405086836 29.0468373297 -440.98233066 -439.755454178 9.49918242025 405.968838299 317.964531218 -223.894046309 
404.332615352 -438.262808995 -130.14624235 -10.5604440598 290.029178149 -181.333271713 458.951442258 -403.05617938 -321.098766163 -25.842836006 
-128.856086322 -459.592009971 287.88068111 -15.0611237092 410.781107288 -185.913396203 -29.0468425172 -327.642268588 -405.083838831 457.486463165 
412.734151409 192.72292927 460.012637343 -442.773068107 -24.1212379983 -151.152386126 -5.62562891668 315.164798377 -440.227152523 -156.660111309 
454.52332677 -461.211617808 -392.530113634 -105.055713731 -29.0468425146 190.581991666 277.229559301 314.190760536 -29.0468495327 -156.081290436 
15.7095865503 -312.445646794 -379.566228828 313.940263126 -391.867357476 -29.0468425172 -103.419077573 306.129914713 -27.9173221995 452.665518991 
19.4729144417 290.575226987 -429.537750471 320.576664204 -185.205274691 -404.06540943 -29.0468425172 455.885939088 -8.8564409924 -209.607857372 
404.779362613 -122.924522387 -424.182846159 -7.06721056212 -4.08906527254 -25.7581913834 -319.733822287 -203.682044374 -347.275667087 323.36729255 
-284.75496003 -425.584098693 33.6346369017 29.0468406919 402.826820364 407.396151174 -223.672459648 -301.580407484 -79.4543049835 29.0436100374 
-205.756177151 307.610168816 -456.478665981 -29.046842736 -1.56739875925 410.151585981 45.2143108741 -359.676573723 -113.913285655 -322.203982721 
-226.884416521 387.430276021 -138.17552823 -249.813269721 -427.177251905 62.2593788103 29.046829092 -29.0468426554 295.576879902 461.995935158 
319.458704268 -4.9309242676 317.444521478 -14.4400739159 -432.055842171 -163.06602082 -213.155232898 -142.284826335 -449.937188922 459.675861202 
69.7281246549 -432.631785236 -313.058917444 -213.348720346 450.675713842 -8.38360405076 389.264666986 314.889093487 14.9376649518 -147.417851575 
-2.51513434943 -317.713312223 -323.839848328 397.11671626 3.46027312129 -130.56259796 462.068437498 388.054047871 -460.279648774 82.1302306754 
-318.802227455 405.855233012 450.191302645 13.950584085 -458.898381201 -320.871605968 -10.5090472884 -239.331956314 -124.664296772 -16.2948194319 
438.469539061 -322.479720224 -18.2135425681 -403.970556353 449.412266765 -103.279422038 -419.010634548 -200.122198024 298.638620678 -15.9175161523 
460.896816354 -300.608253098 378.062682645 8.93291766245 -119.898780255 239.35168011 -315.022539635 29.0468081687 -459.748286717 14.6690762285 
438.231181431 -29.0468425179 -419.393697157 286.571437627 -404.488963826 449.555415678 -200.461230702 -322.377609755 -15.2884777758 -103.107208189 
455.602709649 -331.712306201 -366.919530225 -163.688658834 -29.0247464539 412.924800303 -133.099658708 -383.47218487 -24.865228467 307.53215495 
209.845278601 300.158510299 -459.930441088 315.886250516 -96.4302599578 60.7590470448 -29.0458963955 456.102754444 29.0468417159 -247.712769276 
449.599897958 -29.0468425171 -200.495011901 285.787354587 -404.626610048 438.157149925 -419.428611983 -322.389185414 -14.6840432927 -103.132834456 
-200.172839101 -128.051198602 410.468823346 -323.769383687 29.0468142594 -451.78246042 -119.506767389 -13.4002520068 459.739564213 -415.166712581 
278.614540206 -389.413566415 -3.55445413539 -29.0468425294 -24.4071891569 -169.472579126 313.45288047 -461.499464199 451.779310971 312.705289205 
-1.4377968342 321.310350476 459.242387291 -452.637419131 -4.40483930033 -428.772024206 -164.710394942 -316.998861543 -7.74679189784 -209.42619825 
449.567427549 286.223350442 -404.534367884 -419.430119356 -103.106084208 -200.494611298 -15.471745934 438.211188739 -29.0468425162 -322.380226288 
-10.5258625613 300.361565558 404.233531729 449.532154996 -321.098246154 -438.599928365 -198.63112849 -130.515068439 -17.5038480011 -403.393097696 
-29.0468432636 5.14891965276 189.27027605 453.797203122 -7.1094738485 413.340405672 209.168546652 -456.549210602 -315.487069428 -425.404403964 
462.512406811 29.0468383466 -16.6067911902 -13.4752830272 -431.176485679 -214.28738916 393.369979128 -238.710296011 -394.192436227 311.973052496 
-443.174627261 -408.225453784 -203.371357167 186.226679966 -223.406157641 189.898106558 -28.2583738056 -29.0468425618 419.865419957 451.466850219 
315.567610924 -458.951442095 274.767106615 -241.86875299 452.392461424 -16.281751622 -56.6932774635 -318.663952984 1.2386515873 15.9574786237 
-10.82101499 -430.735824926 -5.26065548598 -269.580215998 -209.673575484 -32.1382999364 447.75207753 -306.433838079 287.435222833 319.932360329 
-168.601157996 -241.032950436 448.066852053 -29.032340343 187.317676092 -406.601457185 -29.0468425171 188.421695727 416.319414171 -459.35723382 
-184.36733135 -29.0338079768 -321.715642524 -11.7671977991 -128.711728088 -406.840248532 452.690130431 189.63367406 -442.046875033 405.917521401 
416.142774377 -29.0468425179 -242.022355039 -318.910666422 189.07138714 388.126143157 -51.2862992982 1.11722141206 287.986962695 -459.07387304 
-26.8935140188 416.267594335 191.308493373 -238.521861888 16.7983072517 -458.925203668 278.210349363 -29.0468425334 454.648788219 -241.496412907 
320.060630284 1.54109512883 -19.7906718868 461.44769941 -4.83136505127 -209.857218071 310.719526692 -212.83141089 -307.66429511 -430.260385655 
310.218849133 -398.06712664 -179.103319583 23.1388732592 -427.32816923 454.429096511 415.051267647 190.096238548 -29.0397708956 -27.2192883426 
-458.897643591 -320.85160417 -318.805426299 -239.335090651 13.9576520165 450.180851705 -124.649907288 -10.3116188615 405.845435431 -16.2879059502 
320.507423917 462.282879892 286.064875896 -29.0468426621 -136.381030215 -434.513556147 63.3557811708 -8.98208202636 -209.443002358 -429.293810944 
-459.096027722 -0.11304316357 -10.9293162906 -123.854173952 454.648162881 410.134179233 -325.958853583 -237.511342855 -316.570455925 -10.8399538453 
450.90907782 -29.0448676607 -231.721999851 435.986283941 -408.780763804 253.723416375 -443.987663536 -206.506474147 276.365759396 -29.0468940385 
29.0468381348 29.0468176336 -319.40545467 401.191037707 -213.970534248 -101.472249123 -457.558429618 448.065789158 -421.002191149 -76.8045494306 
315.213029677 432.226387892 -202.932982761 -399.229872921 453.19858522 -416.246694895 -181.619681751 29.0245333864 32.6901755057 10.2743298711 
-88.382490162 -402.041508741 -29.0468546218 -437.248100025 -6.25296434277 -318.748784501 440.460258357 -23.3503557713 285.103029358 448.221047516 
-317.066376534 -210.97925435 461.536778219 -428.016420499 -413.302066905 -1.52242946767 19.1095082753 324.773275881 -207.239067301 -9.56211456436 
-412.716955614 -121.894576763 -192.451333435 -10.054020572 29.0467882523 410.941955889 458.951442099 -325.570888508 -458.951456884 -195.231004705 
-381.496535828 309.42862423 -164.571107035 455.325452052 -417.945748829 29.0468306342 -265.154707411 258.425020861 60.0158179634 10.8678835828 
-391.640358348 -103.645533685 -27.0868875571 -379.403020898 8.84171256561 -29.0468425171 -315.159091017 306.019946527 452.612831213 313.770720346 
-185.589069472 -242.086339897 -404.756148007 -29.0467669615 417.023320036 -29.0468425172 288.876542877 457.34066753 -459.621471842 187.920801812 
29.0468013603 -176.659977064 -300.094026855 260.611235132 456.109169209 -462.327990186 5.84825678074 268.084548377 -315.119609699 16.1783054078 
-5.50394630735 436.512590009 -29.046842527 -98.1245056917 -6.44546249083 -457.885523979 -333.03156078 254.525680509 297.728603695 -318.712361447 
-170.656003138 457.971820639 186.673412181 188.199820013 -29.0468264953 -29.0468425173 -459.401934958 -188.214341819 415.552462689 -408.019100919 
435.442451101 -398.467660491 -180.893153148 -29.0468556478 451.238502903 -409.089783799 255.721718942 314.836275617 9.71788062107 35.9134794984 
286.055769895 453.904990434 40.091750049 107.386254781 -238.128578891 -459.794048801 -29.0468425258 304.291552842 -331.780972131 -29.0435456075 
