-144.666815063 100.806437598 233.364476495 -165.210017458 346.339696474 -296.979035441 108.129726417 -426.430848893 -19.4137351864 461.686340632 
-80.8203629112 334.037039782 186.9413331 57.979046212 -213.188294465 -334.05918208 199.806148429 -461.686345378 -65.8412347411 461.686340963 
334.912259528 -420.99679352 97.4929344924 91.731486966 -33.3016380714 -161.063603596 461.686340963 -299.588452127 -164.203492795 213.547543214 
49.4490655857 -71.1851143263 325.942129441 461.686340963 170.049302687 212.325324081 -333.434717499 -461.686340963 -228.603750131 -115.716714351 
461.686340963 335.190158142 201.885509834 -187.014654987 -330.871500416 -461.686340963 82.5182569047 52.8229483669 -63.3242277693 -196.544988632 
64.1008701265 -215.314427562 -74.2018598421 330.515388171 -336.069951979 236.614872113 176.943993707 461.686343348 -461.686340963 -73.2867605462 
209.37385919 -222.674294996 333.948688546 461.686340963 -332.460692713 177.765459222 -461.686341268 -182.012255075 -61.9630086801 59.3376219554 
-263.809994882 -461.686340963 -54.3411175909 206.927913948 71.7929954127 -337.106550106 -171.266032227 191.779041596 331.608282209 461.686340963 
55.2952141843 461.686340963 -337.947729306 333.502487095 -113.998746724 214.793440014 -212.694732578 -69.0786380729 138.67845065 -461.686340963 
-342.975246057 -26.787119289 222.944198041 342.102427656 -149.937238988 -13.2099057017 461.686340963 -461.686340963 106.414797842 -275.605017076 
-336.614332787 345.230632173 238.573646992 -82.8275582845 130.526486604 -77.906077648 461.686340963 -461.686340963 44.5753972145 -218.227232876 
337.16850783 -164.451401373 -461.686340963 228.207854773 109.253640987 -331.433762709 79.6508159181 -45.823830261 -223.952120706 461.686340963 
-461.686340963 461.686340963 -12.6134242605 74.204536029 -89.688018916 344.967431493 254.890760313 -213.793711138 136.87630197 -337.053778556 
116.443750763 2.89022984113 -221.092284348 -340.138114263 461.686340963 -166.337550029 347.464913089 223.373264593 -86.1758783557 -461.686340963 
-337.066581978 207.283580037 -125.084325483 -232.218199314 461.686340963 98.9534348658 334.334692325 -69.7786890561 6.45490164494 -461.686340963 
461.686340963 -461.686340963 -213.679708618 86.0080126926 -182.472831905 68.2142970645 335.282881105 203.740194014 -333.299592941 -60.360297543 
120.184929666 -461.686340963 332.246966387 209.766323647 -41.7243687719 20.7023313202 -331.087500957 -162.264911925 461.686340963 -224.102812451 
128.506134841 -264.952227294 4.20683873726 333.361699208 -35.8754186099 -341.773205954 -461.686340963 461.686351296 211.963588953 -140.803055632 
56.7273417895 461.686340963 333.859516629 199.638111005 -336.180052377 -79.2372166258 -66.7375612941 -461.686340963 -206.75306431 186.039893867 
-224.142195342 -162.281590692 461.686340963 332.25164464 120.191298036 209.777300446 -461.686340963 -331.091360547 -41.7423679467 20.7034029325 
-461.686340963 46.0938396644 331.720430513 461.686340963 -333.092127436 -98.9302803028 -224.697841826 -67.4992342149 175.019482872 197.869858657 
168.901869664 251.283852194 326.962743484 -461.686340963 9.75567874675 -233.307597033 -336.834421338 -104.35581964 44.5380785012 461.686340963 
335.479906968 -209.99332225 73.6284959628 -136.015874473 116.706257559 -52.8748632009 -461.686340963 222.093390416 -333.63140373 461.686340963 
-114.383041875 -461.686340963 -91.2645615462 -241.429672867 461.686340963 -337.995620177 160.168777652 328.083653567 261.790332945 37.1077917784 
94.4801310855 92.8071552728 335.866264244 -342.761014029 227.420612141 -146.917999094 -461.686340963 -31.9506712293 461.686340963 -271.411434211 
209.919369399 63.8743486689 -332.789178736 -186.446971306 -461.686340963 91.2718667916 333.922185459 461.686340963 -210.414459633 -60.2578988827 
55.6784972681 -206.57270031 -80.5462470179 -336.06023858 461.686340963 -66.0027750067 212.772771806 327.256624999 175.394504627 -461.686340963 
461.686340963 -461.686340963 -338.19488439 252.83482816 -120.220551257 23.4949002549 -243.286821537 138.094693571 344.718560664 -57.9790522081 
334.565230605 -58.4927579299 -186.491421759 -461.686340963 190.581668228 200.281591799 63.8256342464 -329.930230094 461.686340963 -306.050319861 
160.414745018 -338.878724815 -86.6879409843 -86.0795550742 348.880110721 -211.917619449 280.900515724 461.686340963 -461.686340963 44.2251629858 
461.686340963 335.704793239 -210.055381026 -332.099965145 -461.686340963 -48.308710608 66.9080300036 121.340022278 -162.713471475 216.445367519 
461.686340963 -207.256122563 177.866319511 -57.979050417 327.602309104 -461.686340993 57.986541837 -336.128929171 -83.1959946396 211.040674908 
-45.864862351 228.172961801 461.686340963 -223.986575415 -461.686340963 337.157681614 -164.487492422 79.5952156472 -331.452282188 109.221110385 
-245.260903507 146.818222343 -95.7869909608 461.686340963 -125.473681163 -339.346977652 20.9174464912 347.570414387 271.034854466 -461.686340963 
461.686340963 -461.686340963 -64.9039782103 333.910901974 -329.414733887 -190.53134277 -38.3701860111 209.554074857 86.6311549755 -275.134535633 
343.532676244 -339.47974099 222.248006191 65.4067278779 -461.6863439 111.506666342 -141.127691791 -59.5831055526 -210.621394611 461.686340963 
164.847023469 275.232949113 -330.640316322 -461.686340963 38.4961153083 461.686340963 328.755855275 -120.578656632 9.05665592714 -209.019149555 
-333.627785404 103.995917466 -461.686340963 48.6008526257 -233.543537057 340.189975549 -148.47121344 215.412526441 -77.5809082276 461.686340963 
89.4820301813 208.987155286 -461.686340963 -188.113051769 -333.95155077 333.449493623 461.686340963 -215.453881413 -62.7145892197 62.045842117 
-461.686340963 185.664169044 56.164939179 461.686340963 333.905727743 199.885967323 -138.844179682 -250.26911347 -18.0481334728 -333.949482603 
461.686340963 280.555875594 -461.686340963 103.49951809 335.107603665 149.01338485 -328.437166575 -207.497802417 -148.954556516 -24.5944605102 
461.686340963 51.2131115319 171.433426565 29.5891282639 297.243637013 331.984131617 -333.475026119 -461.686340963 -212.355093842 -93.3439618745 
461.686340963 -461.686340963 57.6942842914 178.178737488 333.044741371 205.397325863 -331.67338112 -63.6388237617 -298.162788855 -177.732903121 
461.686340963 58.0302427174 -173.116838014 227.112410042 -48.2903422951 -326.861916076 105.499181431 -461.686340963 337.739522911 -191.75480393 
117.754831331 -226.132772337 326.274336121 -159.272792068 -329.966154057 -461.686340811 19.9131257334 -31.4826703865 212.507494234 461.686340992 
461.686340963 -86.7617659265 210.793265833 329.740581407 61.8347018445 -461.686340963 181.103346769 -219.890877084 -338.238203774 -69.7028259261 
-188.05289568 180.830222725 -193.261841662 -52.5176066672 333.045519266 -461.686340963 56.3942549153 461.686340963 201.495155158 -334.170446074 
-217.081287717 206.839515435 337.606556359 -461.686340693 -339.260796684 461.686340963 65.6218909832 98.5885736946 -62.9287128968 -88.4923691626 
-93.0630972108 322.808084931 -461.686340963 178.551621761 461.686340963 55.3527337061 35.5062176567 272.890968495 -334.817493278 -216.04058255 
82.6810401142 227.712005131 -461.686340963 105.707903069 -46.6963887773 -329.585875551 337.993754412 -207.291099918 461.686340963 -169.004951302 
335.222294384 -333.489642147 461.686340963 -461.686340963 32.024372138 203.779747418 -59.8657673476 -223.998480706 -175.698955774 87.281833637 
-174.892383663 84.2540683559 334.111486494 -461.686340963 -334.070161097 -56.3261973643 216.326802214 -211.235274323 77.0989270761 461.686340963 
-330.328417694 -45.728667595 -202.993589021 337.726537785 118.81616918 81.1392469384 -461.686340963 230.476268559 -133.9360927 461.686340963 
