-241.78836291 450.78168106 79.4748896775 431.765758282 305.626254192 -40.0240758716 -243.110715417 177.116588202 -461.377766074 -29.0468425109 
454.594228709 189.953392868 -241.519686773 -458.951442901 17.3919231726 278.95924957 416.226525952 -29.0468437336 -238.550948262 -28.2517769194 
-317.795238552 190.841445379 451.413765583 -240.789294513 -460.504013286 -242.364791302 29.0468390001 -30.8968117195 432.09279797 -19.2747612581 
-458.447497925 -203.926858521 -327.347456888 -14.5493964511 -128.336669239 410.335449059 319.368661002 -7.95741922157 -401.732923862 447.847107294 
25.3962832695 -200.451146939 -415.248052746 -237.458398948 187.275411304 -29.0468425172 -192.404387965 459.275836544 -457.931794987 417.761111267 
211.860494091 55.7205252994 -455.856775693 -226.177102523 297.082127829 396.648911257 -426.984639355 29.046835403 -29.0468425171 456.031340219 
-411.724303014 405.465592999 227.815193121 -15.2905930659 -221.441857198 426.598087025 29.0468417569 -424.599696587 169.823299708 -106.478691939 
379.390361549 14.300118831 -168.435445219 412.875277479 -456.316291158 -315.45855642 55.6993465354 -110.705840405 -321.313617039 2.23282828949 
-459.120294763 25.719626594 -314.562791554 -319.296493712 448.265113503 -28.6102914483 -18.7015932164 -239.031710403 440.38638691 25.0137081896 
309.209029989 460.913872067 58.0696594498 289.180801402 -14.3716529153 -227.006260478 -29.0468426558 -29.0091647366 -449.711829126 -371.192960102 
283.8859805 306.807287716 -242.71667333 454.211335714 173.353281759 -238.647428165 -29.0151711533 -29.0468425172 -459.79472848 39.0376865765 
315.392578145 -131.697640976 -11.6019783989 -401.984166696 449.170290833 -321.49946143 -197.439187416 -452.884399356 404.68493766 -4.33087737932 
-10.1876587928 -29.0468425145 -461.805605374 455.856265183 263.380109676 307.087567973 -385.050679926 -59.7566435248 -93.3520905569 315.514752413 
447.610878843 221.74933231 -89.2147299431 -312.230268486 -29.0468425181 431.399400742 304.4280202 55.3019432204 -453.5726095 14.6473028775 
-315.501118153 -47.0908137609 -177.764516955 262.996504059 27.9111408215 268.452522032 -299.913762891 456.700540646 -462.193066775 4.587411632 
21.319735348 -29.0249776545 -409.698124073 -126.053791768 424.382965582 456.998964379 -198.494871112 -414.375304618 221.437914952 80.0630629302 
-265.826684119 -12.5039569091 188.101236703 411.539623259 -459.974099986 243.722321393 -321.868192745 -133.701316185 -29.0468425179 404.589305771 
-443.691572673 -378.665478818 -223.560872777 188.76180533 460.342084739 310.489072686 -29.0464877015 -29.0468855716 410.50566869 -16.4860776095 
-459.030192931 -29.0468425171 189.054379548 416.305598361 -316.445176292 454.896230014 -238.430424393 0.571501375639 -9.38951240548 -241.806566122 
404.564312628 -133.685705442 -29.0468425176 188.10402532 -265.845871276 411.53445797 -12.4912664089 -321.864082699 -459.972967574 243.728315543 
-29.0468425171 -459.699196179 188.042424212 -28.79093284 290.470428651 -184.916099078 -404.211688647 457.135369913 -242.245520493 417.137674756 
-430.566202785 387.339693422 -233.273019489 -21.8455651513 461.985399482 -335.248482872 315.748344124 -6.17203832503 -210.471933327 29.0468160813 
189.99602092 -29.0611377176 -201.127081338 441.251510353 447.525585215 -419.99859647 -5.4292810604 -405.738945946 -319.15921144 -29.0468425168 
-175.036731533 -28.7802115051 452.601891265 -393.593345785 0.421704944273 314.511792956 -136.089620242 -325.066965321 380.672077989 158.289397859 
-241.675566924 452.307625774 -316.779326714 309.437163926 238.328506615 -34.5638874127 -29.0468425193 -460.589008915 28.9318033287 -374.566341462 
-12.351086879 -457.826853813 -188.423623744 -422.512877532 29.0467457162 452.600497715 -318.849560349 10.4795518108 411.234633615 207.860958806 
-459.096180635 -10.8000778967 454.646519112 -316.572765026 -10.9744726906 -237.507578096 410.124896142 -325.947661294 -123.844379015 -0.0519627133899 
-28.1669411308 -27.1560708267 314.299598121 -354.767532756 -102.840934899 -461.121000932 -392.414763401 89.7314038808 307.352588489 458.951441986 
201.489096831 -106.683684221 -422.491960737 1.32833159496 -239.11086702 416.002799284 -457.836146586 323.100561044 -17.0242072454 -199.751057431 
6.55673287723 -191.920991255 453.474928329 -191.272603223 302.920987789 -410.527300296 -366.812142631 -29.0468429871 29.0453636983 235.617615662 
-29.0468425172 190.125440818 -33.1504064737 -320.790027893 -8.86654073891 176.127079653 -457.248148148 446.01998379 432.576935245 -162.6121028 
-10.2045786058 -412.720834228 -121.896032132 458.951442099 -325.579545111 29.0461020908 -458.950013034 -195.236030807 -192.455256655 410.939959074 
-452.616094702 -402.00631045 -4.25560407026 404.663072037 -11.6348189962 315.404106894 -131.662460501 -197.476377408 -321.479740189 449.176496378 
-391.161972888 -53.8248064008 -187.286055996 -29.0468425173 444.676876601 309.895372341 -411.535725554 304.315672729 -374.805326235 -28.9785932533 
10.5604006385 29.0468342175 -131.135667429 -318.86157604 -209.358241522 -420.59091821 460.185127278 -7.80155889997 213.100672364 371.582176201 
308.61542713 -193.643885804 52.0526284543 -457.534536845 29.0467164165 448.740503261 439.590580223 -128.225823972 -411.137257406 -29.0468425172 
-30.14526577 371.50076149 187.135440572 -29.046842591 460.177204479 9.8622494852 -324.351143207 -446.267366484 -229.236203272 408.757036561 
265.085717445 450.173255236 1.80112406304 -459.541468293 -398.598039753 296.961020622 437.204525399 28.0237268474 -166.742318192 -29.0468425172 
452.941927309 -12.5277146132 29.0468293305 -421.728879576 -215.236816269 -319.352926028 7.55699937533 408.863261727 207.422082667 -458.175660092 
-0.361181041989 -241.953185442 -459.065576304 -29.0468425192 189.081457036 416.188966031 -50.3073118318 387.983666199 288.077404793 -318.820491843 
8.03559534889 -221.147810369 -29.0106969673 450.267948481 317.587218174 -437.028363229 185.820627014 -412.607108321 437.047477714 121.451515111 
-7.96154378054 459.377118893 -429.577715421 -164.383883115 -210.307035724 320.913378072 277.877401598 -29.0468431458 53.9445737841 -452.205224438 
-29.0154868569 -3.00423153907 -121.860836234 426.403613035 225.108545662 -413.595517561 321.24429374 138.690622362 -204.342214941 -426.613406764 
-27.557248441 458.941676646 -239.728826653 -402.679357062 -459.561003947 184.799402723 -181.053404871 -29.0468431142 289.028089157 420.015201088 
-447.184882944 403.301054054 -184.427833977 -433.694879753 -247.223390809 29.046831969 461.346347084 -145.51543091 297.592723542 29.0468224568 
-5.78589529275 -453.460845468 -100.234404576 -323.302516383 104.0183583 -29.0468425172 425.027396371 66.6092449978 301.924851258 456.715012312 
421.757186883 -170.131300473 -419.306042961 178.021541208 188.575260157 28.977694017 -459.051148981 -29.0468425171 415.431739714 -209.418870845 
34.7983456988 -412.916874662 -193.546069877 -29.0468425546 313.164516817 29.045219434 -203.237541999 451.204761227 -458.007243484 281.179582738 
-0.832250792272 -218.627778864 29.0468424873 -426.228147015 17.0393389221 -205.47970652 460.365312895 373.438216353 -275.708813626 237.789420215 
454.239285549 -402.298842448 -29.042984733 -180.887822717 21.2144427766 223.880867817 290.758917149 -412.704375134 -29.0468476294 430.532709531 
-198.415271917 -319.310172193 24.1302447365 -5.3654545947 460.584372047 -414.356692199 -458.591531596 404.655516709 -121.800831326 -123.281737378 
427.950053761 -453.939214364 -289.199015132 -6.35709318043 -318.6919823 102.036921181 117.479378282 -97.7407872558 455.304130561 21.8939238676 
-322.676534318 -459.722170858 -104.287703522 314.798336599 446.840033372 -172.104375313 -15.9603704073 -400.544587533 441.927272415 -6.00699620289 
