45.8008804984
46.011347038
45.653662271
45.8440185227
45.8583325313
45.840303837
46.2088005157
35.8762246947
42.7664888143
45.721607643
45.9984211808
45.8911003632
44.8221096637
46.0931832932
45.9848740198
45.9417605254
45.7336832802
46.0100308002
45.837895168
45.6057182715
45.8029552044
46.0852716571
46.1499347419
45.963088281
45.7071032345
45.8926320925
45.7695600205
45.9169163479
45.6851292246
45.8763339457
45.8072057226
45.9136468789
42.2688201525
46.1083763325
45.7937794698
45.7926180907
46.0314685399
45.7213982902
45.2060238273
45.1452772273
44.1521196045
45.9537261351
46.3310544326
45.9389765047
45.9908460955
46.1499349133
45.9447628516
45.6781123373
45.6718149068
42.5625317196
45.9417602134
45.7041991882
45.7561260121
46.0827109726
46.1076630322
45.7054439987
46.0264496076
45.8828504683
45.7710686624
46.1702212877
45.114425467
45.9243536123
45.8202378382
45.7957053443
42.9997814891
46.0633577514
44.826836097
45.7894991979
45.9283470657
45.5137962141
46.2240610382
45.7513150729
46.0015655774
45.9441194713
45.8994970628
46.0296840361
46.1702217265
45.9417612799
46.0329797978
45.6736915816
45.9392400859
45.7290743076
45.918536867
45.933020152
45.7692167
45.0375523366
46.0222532967
46.0825779031
46.149935376
46.1083831258
46.2747462701
45.7526754995
45.5822171189
45.3962977018
45.9243360125
45.7605722208
45.7077784365
46.1183431408
45.4496365844
45.5232172651
43.6748778612
45.9630923207
45.612637803
46.1455232653
45.7792993527
46.319768918
46.023328782
45.9330196976
45.9392443763
45.7313535528
45.8609970178
45.2864814645
45.7184488832
45.8741243392
45.8504526094
45.8319467543
46.0609861572
45.6870829334
46.0909588242
45.8633369969
45.8448207986
45.5129608064
45.9979334811
45.8408226492
46.0326281365
