45.8008810996
45.9692219627
45.6535481945
45.3634678792
45.8580344823
45.8399272404
46.2048391704
45.7167569652
45.6084946486
45.6593720783
45.998374721
45.8924144769
44.5163410435
46.0826245512
45.9324281008
45.9525604563
45.7336832802
45.9716749819
45.8016635046
45.5943157824
45.82043089
46.0526467318
46.1226567644
45.9315438852
45.6039983687
45.6909220084
45.7952311468
45.9111846235
45.6634124707
45.8568856418
45.7032041024
45.8927094204
44.8256578826
46.0780229608
45.8924128002
45.7832138437
46.009735345
45.6593782072
45.4908108208
44.8401003907
45.8458133513
45.9717950901
46.3310633595
45.9389765109
45.9770384037
46.1226556819
45.9450138171
45.5998383597
45.6554696355
45.1817603181
45.9525604574
45.7152856381
45.7880096476
46.0768718713
46.1077733207
45.7647557618
46.0258640413
45.8766366671
45.795119204
46.1702181908
45.5441239456
45.8933180508
45.8126061584
45.7804704042
45.133124279
45.9832358838
45.5328568001
45.8637802131
45.9260708524
45.5061503647
46.2721400532
45.7496647116
46.0780224451
45.9179738242
45.8940123733
45.8532116927
46.1702155637
45.9525604226
46.0097352885
45.6738198901
45.9392400859
45.7214043944
45.9072793859
45.9171096066
45.752882727
45.6136837179
45.8656136905
46.0777411978
46.1226558741
46.0780221298
46.2747850459
45.7518885218
45.5822172236
45.6694939895
45.8933196246
45.5255756993
45.6103271646
46.0876750037
45.4375687665
45.5248297147
45.7838589366
45.9315438928
45.5694616732
46.1455172991
45.6212465423
46.2721660698
46.023328782
45.9171089905
45.9392443763
45.4869722982
45.8591531165
45.2535829827
45.7207648131
45.8741243392
45.9834226285
45.8264238739
46.0394075427
45.6834293387
46.0826251502
45.8376455716
45.8584822833
45.4468828992
46.0004662897
45.8171384017
46.0876583804
