-461.686340963 461.686340963 82.7862088903 -62.7202992041 68.093893121 -333.033614243 203.340197698 -213.127035819 -182.583462886 335.53259023 
-461.686340963 461.686340963 57.9790504112 -330.891881878 110.81818265 232.413144644 -162.045383996 -42.5823759278 339.466731645 -223.236456346 
-303.066400268 65.5265051707 -183.29241687 -56.4820711452 246.993237472 177.367217266 461.686340963 329.84428343 -461.686340963 -330.728885849 
-343.24424623 348.141898739 -461.686340963 270.216381518 -234.05627195 134.799182201 -117.320142276 136.031589087 461.686340963 9.23738976574 
-63.3805979756 -330.031525408 79.0094213144 461.686340963 -461.686340963 55.0698357897 -304.985335392 -185.298006085 199.325974181 332.768488784 
333.734060941 100.554557432 461.686340963 -118.108892092 -243.106460571 23.9625342962 -89.8517335556 209.662161873 -461.686340963 -338.538378354 
333.559412416 -61.5835263877 210.111427577 -186.57184103 -193.044995318 81.9408294741 461.686340963 -461.686340963 -329.85445202 66.2229229725 
-144.255747987 356.678088918 31.4119404406 122.653883053 -306.548667448 87.3700114012 -290.070247031 -113.650291895 345.336192507 458.608671154 
230.28184929 -339.475255333 162.795617443 459.907668902 -223.070798425 78.2593183112 -59.9521588108 -419.147875158 342.499671566 -174.744158995 
-339.424713394 -248.646458773 461.686340963 -461.686340963 18.6437173187 140.323960661 -125.436618178 346.265920766 -105.367283943 264.723675565 
461.686340963 47.276061652 -225.478884769 20.8473998016 -335.851706993 166.76179291 -461.686340963 292.378911372 333.170996115 -104.860792422 
-97.2949024322 -461.686340963 293.29577749 48.7557257144 461.686340963 -226.370330875 167.761538688 332.503657993 -336.831762086 22.7907610464 
-310.570287998 -439.957957555 215.464862724 92.4995380543 -83.8263266496 336.683805688 -191.44398448 461.686340963 -0.247111621966 242.722620284 
-461.686341153 298.120275848 -100.376942512 -220.992807979 27.7124095187 331.483025002 45.333013136 169.528950801 -336.458635698 461.686340963 
-330.738691988 332.609451158 -261.482776311 461.686340963 -21.7954710932 209.577242342 86.578343961 -461.686340963 -57.3746612104 -184.566324792 
-331.249541237 -163.178129113 339.668466152 -42.6181821379 236.060256794 -461.686340963 -224.388516115 37.7685272493 461.686340963 114.091084065 
-461.686340963 -60.7875788073 182.766338063 -174.043527738 329.803974555 -217.698631988 60.130576371 461.686340963 -332.627760567 306.408591732 
100.023377975 -196.833954928 -60.5192357394 461.686340963 67.1380404399 -152.332338574 -326.14446218 218.866142428 -461.606237491 334.845286859 
-461.686340963 -59.8599148795 -224.019597955 32.0104169914 461.686340963 203.771754523 -175.706408312 335.18126489 -333.471922467 87.260933182 
-461.686340963 39.8850243227 83.1307311414 335.804465685 461.686340963 -293.947108314 -172.160070642 202.548935091 -62.6558801886 -342.552883931 
-57.9180488727 -189.717929006 461.686340963 97.866241087 220.035257095 342.142901332 -334.712790363 68.7940064101 -227.950762882 -461.686410573 
-461.686340963 -290.919352541 -15.5905162714 341.342172709 -166.852922041 461.686340963 -333.221800744 235.762826519 110.614116929 -38.1336258501 
333.787448565 210.446318681 -332.948033665 -461.686340963 -224.166829588 66.8163548241 -58.6215950781 84.182658156 -173.109812695 461.686340963 
-332.670827037 461.686340963 47.7264546198 169.412166605 -223.372854863 -97.387146293 -65.7295037711 -461.686340963 325.670384433 211.354685684 
-328.729265435 55.7336013562 -461.686340963 115.136092173 207.94913708 -193.870099995 461.686340963 332.377249393 -185.229053409 -53.0512107612 
461.686340963 -461.686340963 340.94271836 220.13722395 102.546324481 -331.612363983 -159.505838035 -259.981348689 -19.1813896052 -20.0138038343 
461.686340963 345.163518815 -101.376358937 15.3616066323 -248.774712671 -340.447569503 257.31906991 136.303558887 -461.686340963 -126.800324212 
461.686340963 -214.033954411 156.123154339 -16.8702676685 30.9590058935 326.452464367 -461.686340963 -124.204553986 231.276024777 -330.723914696 
-335.259202793 91.8544365949 -41.6045066474 -34.3041026839 338.969412677 -174.425145177 -461.686340963 461.686340963 -277.655878714 211.564071944 
167.344899939 -22.5640255611 43.563978885 -239.254305746 328.018199348 -111.863741828 239.638653624 -461.686340963 -336.953365254 461.686340963 
213.229866498 92.2937574612 -78.1078125283 45.476810015 341.600358946 -461.686341071 461.686296728 -114.977375305 -340.843042137 -215.122061647 
-150.461295354 -332.491925282 139.176779367 -234.405805216 -461.686340901 461.686340963 -20.4761347049 10.1829249958 329.315996903 251.64790803 
-438.872751102 -89.5133897882 301.576634758 83.8856761648 -276.066277512 459.03294224 -313.004347445 5.12400334037 -162.466074295 340.702978908 
327.25993191 461.686340963 -80.3889431742 -336.029721364 -65.9824048963 175.422202456 -206.541443381 212.750694878 55.7130160235 -461.686340963 
-219.537154289 58.240554708 179.462211504 -461.686340963 324.550111116 271.908957962 -88.9894435214 34.2567906114 461.686340963 -334.798492968 
-461.686340963 -207.712614582 461.686340963 -113.511319779 -63.3704935826 -335.688838272 334.056439775 200.627646537 186.906558644 54.464234466 
-461.686340963 238.057101076 -40.2157204353 -2.16134085265 113.051803558 -169.950838741 -244.767609742 461.686340963 -330.50458367 340.295069953 
-461.686340963 18.1491831237 -249.65262064 140.246994332 461.686340963 -106.185166348 -339.236207029 346.246689296 -126.351307652 264.859593068 
344.099250371 149.686633513 -65.8252961681 -296.460359688 461.686340963 -461.686340963 59.0134092661 -174.636547712 -343.634603725 253.982264139 
-65.3641666391 -32.3528459385 215.135300817 -183.818497953 335.199931933 -461.686340963 461.238069595 -327.568076067 88.4310816506 -270.324413672 
26.388101355 298.114043838 -280.813510412 44.8819681188 -79.8571342741 175.920591857 -165.414581498 317.757659008 455.21990314 -416.174027444 
-216.971982369 -333.135551778 461.686340963 71.1935737565 -461.686340963 226.654157972 128.504978491 -59.644978829 -124.291314348 337.349514023 
334.021802684 -213.392491143 199.813269845 -65.8710496215 -334.195878169 -80.9158948853 186.911892822 -461.686340963 461.686340963 57.9771872646 
461.686340963 332.468755802 -81.8659354405 175.78713074 -336.301396144 -234.626614441 -461.686340963 202.556762402 43.3238401975 -108.254599205 
277.299109833 -461.686340963 461.686340963 334.408213284 -256.704000052 -334.599787872 29.4290076889 -32.7931140848 -129.339473881 150.569111274 
-173.093044896 -224.194861884 66.8252871383 84.2686361012 461.686340963 333.796772106 -461.686340963 -58.6000796261 -332.946590338 210.47177835 
26.4291183878 332.898319313 295.530188805 461.686340963 -211.636462922 -338.178091974 -91.8691184596 170.304454815 -461.686340963 51.754623938 
-461.686340963 -337.392497251 149.97779281 -212.38205799 39.6630295718 461.686340963 -62.4750557765 347.657415009 271.923694438 -117.509599891 
-461.686340963 -335.957189784 24.9311128399 -232.824413909 255.149595154 -87.769174284 144.932230042 329.029748993 -132.463810323 461.686340963 
-184.115636821 109.604830727 -317.737806768 332.911400608 438.285195342 -41.9882423036 222.152298811 -292.357606767 -440.688338466 -80.5374494085 
-163.173970376 -224.367781129 -461.686340963 -331.260879563 339.686291809 114.107760792 -42.6153374145 461.686340963 37.6561553108 236.081696156 
-174.379185559 -331.679688438 -461.686340963 335.548061146 67.1244827698 215.19904607 -213.27091339 -55.6602965288 461.686340963 178.914707785 
250.515509398 -21.4463316088 -461.686340963 38.7819541064 -135.856165202 343.603780432 128.574171103 -250.250875091 -335.665425093 461.686340963 
79.599681899 -331.417167625 -164.486667547 -223.988004625 461.686340963 -45.8731742008 -461.686340963 109.011653445 228.141537783 337.178201744 
199.88693062 178.633059705 51.4434116726 -330.941347968 332.949704963 -220.560768857 -115.106680064 -67.4860100469 461.686340963 -461.686340963 
205.066101722 -176.692326042 180.036878244 55.5784606967 461.686340963 -59.5630994043 -224.780270181 -333.970208646 333.956904521 -461.686340963 
461.686340963 9.66752626428 300.7753715 330.305786224 -461.686340963 171.404301947 -336.425251997 -218.510691727 47.99883541 -100.214592597 
-461.686340963 461.686340963 208.471552854 -235.465326817 112.861517324 -336.427078939 -78.5163594792 45.637100616 331.555855128 -139.79691625 
347.888414149 -461.686340963 147.052967469 -125.702645466 21.3681121518 -244.531859216 461.686340963 -339.27740308 271.346377079 -94.9533401376 
-461.686340963 198.886118229 -72.9756664367 -116.776322896 48.3932613535 332.314442975 -229.781213952 461.686340963 176.783644395 -333.950704523 
-459.871171322 461.686341652 -345.294263493 -120.637104074 128.560422417 211.997739954 -14.384313429 93.716382215 -224.784559371 341.072394716 
-218.667717369 54.661282456 212.70496606 -64.886250868 461.686340963 -461.686340963 326.978968658 174.299840796 -330.342545705 -107.184449909 
-222.92698544 -176.587850877 -461.686340963 66.2279410016 328.143088458 -333.277131714 -62.2753155251 461.686340963 187.90449469 311.167247534 
163.299125103 461.686339743 -35.8528701822 211.983923691 332.896988881 -337.505580434 -461.686340963 -219.169822885 -98.3621312158 39.4885809385 
-420.974716136 445.919325708 228.461516193 -162.832868241 323.482626187 -51.8736103705 206.041501387 91.4149381489 -292.285458902 61.4539749788 
-283.733852465 -461.686340963 115.046528518 -160.88997956 206.309868371 -42.1236296442 461.686340963 -8.91791295537 330.848584581 -333.787503047 
-155.083634522 41.9193253086 272.285801718 -95.7012555656 -450.097474541 168.520157183 -351.272559497 -255.621754383 460.473879091 327.746993777 
180.509690066 54.7617492761 -224.173869637 461.686340963 -461.686342515 -64.5241412277 252.83940408 -332.826270004 -183.234376533 330.02685381 
336.318692944 -328.523709586 -37.0697345312 -306.138039218 206.159497107 88.3291610883 -181.681434462 -53.3479485566 461.686340963 -461.686340963 
335.071707568 59.5219160358 190.214953567 -48.6637706434 461.686340963 -146.283632365 -251.55855116 203.698347663 -336.581344389 -461.686340963 
-336.321168371 54.6177935127 461.686340963 179.373945764 -207.119258103 -67.1209392574 -461.686340963 -80.8754769122 333.248223206 202.568800102 
-338.680897727 213.82772146 69.8671134314 96.8023571231 -461.686340963 -88.242687617 333.4132555 -57.9795455952 461.686340963 -215.586791364 
-67.5371342225 179.212786983 55.8546894311 461.686340963 -79.3455571986 210.356383347 -207.910824874 -336.600367499 328.095861736 -461.686340963 
47.3590613259 127.079514141 -76.2291532472 -125.720106583 -335.537541084 -233.122426798 330.075341061 -461.686340963 206.570804827 461.686340963 
-207.363809644 -461.686340963 -84.7473210879 -336.19760731 247.367658714 330.862782133 461.686340963 180.719074721 61.1500515646 -60.6441386197 
333.555738951 -35.8840099166 101.657793426 -331.38250392 -299.490037136 461.686340999 -175.847352183 211.955835819 -46.7099429794 -461.686340963 
461.686340963 -333.967633902 -72.9651557718 -116.82999392 176.794458469 198.891781612 -229.787846043 332.328266926 -461.686340963 48.3916767446 
-42.6232259241 37.7357628873 -163.17486419 -224.353721399 236.051316957 339.657389638 114.082516268 461.686340963 -331.233246677 -461.686340963 
124.020600169 -331.800320422 461.686340963 247.695487195 -461.686342412 -236.014373424 -27.5480234041 8.27339156402 342.393015359 -156.909413719 
-36.6801539525 -461.686340963 461.686340963 -335.385003447 132.211584374 249.906619623 -138.357880287 57.7477187532 -203.555438024 343.461962768 
332.466814181 -461.686340963 202.556470872 -108.272434794 -234.667485303 -335.96700088 461.686340963 -82.0508234683 175.692298767 43.2684465046 
-225.474897262 -163.300458727 461.686340963 -332.937106715 179.201108473 51.5960228878 -461.686340963 -68.2060708345 304.392181077 330.079303634 
-330.916284388 461.686340963 -212.813513534 232.330502094 -53.4336240646 -113.079601655 139.582533198 339.173211902 77.9367625706 -461.686776569 
-461.686340963 12.8400659616 -334.867044726 461.686340963 -140.747274629 -40.6269268644 135.311484576 209.977831832 332.539175444 -227.712168478 
-250.186723119 235.849619726 329.246094554 36.8763878502 -8.46923796872 461.686340963 -132.997599903 166.282925191 -461.686340963 -334.980111399 
142.697771563 251.720054583 337.191112822 27.5616303745 -161.067449473 -27.235029077 -343.739988455 -457.077459573 -295.577676763 461.898182708 
-207.306870002 461.686340963 230.74519369 107.959649002 338.912041814 -461.686340963 -46.0072910376 84.2880315104 -167.472439238 -331.425384676 
107.362180177 78.3947093489 -46.9069023973 226.401193148 461.686340963 -165.294318721 -461.686340963 -331.58638264 337.257993114 -224.053524351 
-332.942828481 210.44329 -461.686340963 -224.203119659 66.8081891853 -173.104159853 333.777052397 84.2381711907 461.686340963 -58.6153335281 
461.686340963 327.256133164 -336.054788156 212.763721197 -206.55415816 55.6912162363 -80.519011829 -65.9865599599 175.404539458 -461.686340963 
-91.3745305982 192.588545663 461.686340963 334.548252507 62.7864696312 -461.686340963 -336.673274912 -207.521501103 -58.1217757491 199.190650102 
97.8581366671 56.0928013125 211.568183831 -72.0496610162 -340.131726501 461.686340963 336.066714055 -222.727426241 -461.686340963 -107.216836232 
284.811360948 169.67068716 -214.966374142 -187.685912444 -461.686340963 461.686340963 -71.0109233775 -336.432935427 46.2034154022 349.86977161 
337.093398532 32.8165362703 -97.5421944563 461.686340342 84.2971915868 211.894593056 -340.263662926 -214.718439005 -82.721496397 -461.29326205 
212.532404873 -330.33017212 -64.8963490069 -218.659134612 174.274581498 326.869757165 54.6366747984 461.686340963 -461.686340963 -107.163524022 
330.039027119 -64.3084120674 -222.858931852 208.336582317 139.765040561 -461.686603434 461.686340963 47.8216149077 -180.699777117 -332.161176743 
-337.060059776 -461.686340963 136.737651594 461.686340963 -213.807214118 -12.7083731174 -89.6748446435 74.3511065446 344.862024041 254.722716997 
-81.2232363208 327.44748805 461.686340963 -212.9481169 212.35220642 -461.686340963 176.806551557 57.6265488237 -333.962029547 -64.6659487229 
333.631602633 -328.067756641 461.686340963 -203.64242616 212.052355457 122.379454609 48.7795886338 -461.686340963 -40.257911283 -111.16151619 
52.9416968507 349.083891879 286.391932534 -196.436014796 -461.686340963 -315.644717384 461.686340963 -326.57190394 167.710311508 -68.6774661582 
452.310726279 -115.075878983 98.6905967467 199.840645051 -444.595565234 316.763396701 -294.45373167 -157.867989573 0.82140789845 -274.889472302 
-223.359896369 211.31700801 47.7298945029 -461.686340963 -332.670089046 325.614847006 -97.3808198366 -65.7082239263 461.686340963 169.4120455 
335.742576062 14.043285577 211.357323681 -461.686340963 -122.581140114 -338.054617477 87.7269403432 -240.079468206 -110.402426021 461.686340963 
-461.686340963 -75.4672526967 -335.070579625 198.402097738 44.273867936 171.981456074 -231.83925819 -125.083598201 461.686340963 331.537957025 
0.460314271798 249.988148657 -461.686340963 -170.318087872 -332.796162394 124.590425913 461.686340963 -295.789015166 343.174902199 -114.830476923 
333.857948874 56.630228332 -461.686340963 185.964797659 199.574334268 -79.4215027506 -336.156806177 -66.8123136625 -206.735230439 461.686340963 
-91.0694319785 -208.786124999 31.6664683909 331.584415539 173.152985975 461.686340963 -461.686340963 53.3761574446 -335.674811785 298.829211121 
461.686340963 -227.703593259 -40.6144109312 -140.751215572 -461.686340963 332.542219339 135.259547702 12.8004500386 209.984828003 -334.867275642 
175.652608414 -108.348897087 332.431824224 202.485458443 -461.686340963 -335.974197959 461.686341277 -234.735766076 -82.1029238213 43.2077371764 
352.347290275 -219.186707442 461.686340963 -93.3823242801 -460.673563369 -342.25574195 279.477339738 27.8350055215 141.922004512 146.709022461 
61.2099194682 329.706676078 306.958775253 -141.611902782 -461.686340963 183.370925001 -211.36363895 -67.2361909311 -335.291493377 461.686340963 
75.8185234367 -339.02787017 -461.686340963 -99.1779395212 461.686340963 -212.060219994 -57.9790621654 317.035248766 322.877915291 191.801068269 
-461.686340963 339.236351346 14.0152452995 209.164932321 -339.822781857 461.686340963 -128.177094984 -80.7746814467 89.4266225529 -249.851499198 
176.515330572 -461.686340963 -72.3307616962 52.3770787181 -330.526018978 461.686340963 241.964572284 329.657901057 -93.8746183524 -219.337829914 
-461.686340963 324.266818509 196.96813902 -333.542218427 -58.0060970228 454.880430538 -163.477252907 -286.497445575 -7.78918271282 115.04370673 
72.3816950732 461.686340963 -163.592168187 -51.9639962051 -461.686340963 335.319676507 86.9792219683 -344.174618185 -285.64473415 212.845743378 
-169.028578032 -224.49021305 -332.288260019 72.9418441863 -461.686340963 461.686340963 98.9264063129 334.343527601 218.651933928 -51.757648435 
461.686340963 -329.203540783 102.316689199 57.9799092428 -55.206052583 -192.067076522 -188.92496532 -461.686765182 210.154109472 333.484976357 
331.098661033 -336.147944945 -99.960561358 27.5124139425 298.313607867 45.5259674029 -220.535599236 461.686340963 169.752960196 -461.686340963 
-105.323151543 -461.686370275 461.686340963 170.294675335 -339.467471587 211.623128814 334.853211311 43.6124298096 -36.2527953099 -222.814435827 
157.907169509 -78.1099240093 -212.021783628 461.686340963 -87.0044578403 40.717233412 276.965561569 349.099055964 -461.686341002 -340.817118283 
348.261276712 -461.686340963 -226.571498308 273.809054527 61.6203728167 461.686340963 -337.023171868 -69.6626876266 -185.409022381 168.836590316 
-212.667121918 29.7763160672 -93.1820018245 -333.47114065 50.8703376305 331.561411468 461.686340963 -461.686340963 297.548166127 171.645756343 
208.886799307 -148.714804993 -461.686340963 461.686790573 -80.3379554951 335.631624607 103.745779109 -334.122005166 44.7995892081 -235.55040853 
-66.8581267611 461.686340963 212.181555492 179.891394282 328.893097763 -461.686340963 56.8332567836 -335.117505364 -82.0944117844 -213.638214671 
