46.047320202170546
46.319583564180704
45.74848777387496
45.875108512441436
45.82442898666646
45.599993604606226
45.664290897183264
45.9542427760357
45.533997161275146
45.123661345838165
45.895978303155744
45.869516304152924
45.98989676763002
46.14300866504839
46.14300864678048
46.17790637678322
45.5315604547403
45.92753375730363
45.78891934124134
45.5380962402828
45.763387736110474
45.594923998888916
45.89789568912883
45.86107529010941
45.639039760822456
45.94038539805716
45.62187304341412
45.801257840445714
45.42530963634258
45.60192029208531
46.03524704815334
45.44092623816901
46.08226180461892
46.16894291675304
45.86270203173552
45.47166365256118
45.732163362010716
46.08338670574307
46.106048519575204
45.37516974115483
45.514270625057975
45.65753546501298
46.06576917809631
46.319760162591045
45.74927708689123
46.00213663846988
46.03988957936273
45.87489933388912
45.87259321863862
45.704857963013765
45.977444374378535
45.52388382187931
45.76376197770569
46.023178392441224
45.7304243071589
45.8093319237594
45.862487816411644
45.74223754638884
45.78024578129894
45.80787861938249
46.16965599439063
45.719896055350716
45.727604360271
45.69202997849547
45.08983186339557
46.092503813032025
45.820136864930625
45.53810304830886
45.89346241962606
45.3978350061616
45.858952751827594
45.69416680849806
45.90421403146725
46.117462788675866
45.86261843047485
46.14902724226769
46.039863830409196
45.66589980871783
45.76474276324164
45.92258855254283
45.95096871091937
45.98097161295193
45.909455133891065
45.910967310884224
45.910235006425395
45.82017617509006
45.82138206821409
45.897116104969086
46.002758895830056
45.9532951440779
45.89755237653314
45.714167167805684
45.97867134571442
45.74918265517503
45.44698454835045
45.70371143522183
46.31959041159558
46.23252659956566
45.82358797710093
45.12713745613656
46.01102573459447
43.51496342440286
46.085271634350036
45.875392655590254
45.890079634206046
