-461.6863409631554 -330.977170840145 -224.89804536993103 340.46654205881856 235.58970461791657 -158.88951057230497 114.61364782173783 -36.399610460508164 90.82056781166408 461.6863409631554 
186.5531338754929 -206.23058893427768 -77.88543466068327 -336.10630341712465 199.78984065667532 -66.22481340574919 -461.6863409631553 333.9149769400896 461.68634096315594 57.272422538240086 
-461.6863409631555 -176.39798062115676 -337.9605932572571 461.6863409631552 -261.55385189753576 97.61338087799234 211.78553165701618 -47.38658084337147 -21.87988327764344 335.5717591427421 
-461.6863409631554 349.13927991464396 159.10025580119 41.98306508682245 -84.73396298848903 277.9501567403313 -77.39745818721528 -338.8284119534066 461.6863409631553 -211.27220280123265 
115.03861442343586 221.20898849581175 -332.0096484617175 461.6863409631552 -52.39936426247943 -185.10573641698076 65.34244285502142 -461.6863605138547 337.7998729631151 -199.7113743659695 
-335.940944012793 111.97827034755846 -11.208195299586725 208.72871979634584 461.6863409631553 -39.455407401458146 -461.6863409631554 338.2626277728035 -252.5209271475013 -169.34815061679745 
54.847379354975985 -13.504711477384381 327.5834857451332 -461.6863409631553 214.09162622271646 -334.96123024617333 -136.36474384605287 -250.31249071570494 461.6863409631553 176.7095889254776 
-116.41505307575015 -333.928628622778 -228.89400484745153 212.46749960529218 -461.6863409631553 -71.36073536001946 49.22712251719011 461.6863409631554 325.8492832441766 169.9380646335498 
-233.9727704100701 -461.6863409631554 116.07314394789822 -136.63852883020124 225.79680876656354 -17.032347612648064 461.68634415191235 0.0007683890718547767 342.6075337850066 -343.6086642453954 
-24.0342313814065 -342.8386695568661 461.6863409631554 57.28244337206016 141.36801911108157 334.45303818757765 -142.5737704701761 -461.6863409631553 251.4912759670171 -270.65144149817945 
-241.07903054861566 -461.68637456909323 -50.39967187782851 94.54009429948505 -176.46324762202238 216.60965620234364 461.6863409631553 339.4713915560869 -331.44111845464386 2.2230836330988457 
-461.089234682959 114.12749185649136 235.98231798417072 -329.76051496283094 340.673109779013 -157.74170366612884 94.43046076107584 -40.79152677150109 461.6863409631553 -208.200304263618 
334.9352918525326 278.67757227821505 -334.8380321582375 152.10200992681212 -32.003058344803726 -255.76674949795358 30.94591577849398 -461.6863409631553 461.6863409631553 -128.15127768747996 
-58.42777439092952 -172.92920629026827 67.9902218578408 -224.07110299573716 216.6512209192902 -332.8858995035907 339.2521369738318 85.90916733074306 -461.68634096315554 461.68634096315935 
-461.6863409631554 85.91538585051728 -332.8844464676273 461.6863409631553 -172.9237550162951 216.65402556853013 -58.42311392211557 -224.05967355747197 339.2537569118008 67.99339983052963 
-65.92847931231613 175.78400424023198 46.9678836819334 -461.6863409631553 461.6863409631553 -332.8910350967221 -98.28501406148331 -224.40737947991354 197.50936475308225 331.8686231079493 
-77.24022420934273 -461.68634096352235 225.24396403544844 -332.9431441594605 461.6863409631554 -242.03091832593572 -8.662794338119713 110.45382353992223 343.20774501191096 -183.50034373736747 
-51.923406320807246 -169.83009101198508 461.6863409631554 81.8150050702452 100.26064962696248 -461.6863409631553 336.2172424577998 222.32255281398974 -328.98318348633126 -204.03788665226418 
330.2477081901123 -211.136813362643 -461.6863409631554 -334.12977098222314 -54.38681942466915 461.6863409631553 -173.75764030726754 88.9941736067697 215.62728819404992 77.62634588249125 
138.46250064381476 461.6863409631554 -61.88981366804321 -191.81374095833672 243.38661909816793 344.80394152632164 57.96532417794336 -461.6863409631553 -234.7907054749402 -335.41984333921846 
341.3958348570038 240.9860302426634 119.28979905035465 -334.65198827054235 -154.0173964742942 104.75803627649739 461.6863409631553 -461.6863409631554 -253.65661123330398 -21.666566600882128 
263.3219698909461 -461.6863409631553 461.6863409631554 10.537386629039077 145.7150656586572 346.9349295892689 -229.65722398700808 132.39414135509392 -109.24372278467277 -342.28622281050343 
-335.6860414768871 -461.6863409631551 255.36472977490067 -206.30699277120684 63.23291583185196 182.68330965338492 329.98287271416245 -83.4819212840041 461.6863409631554 -58.277722631906244 
219.1398521319995 69.18729163237091 169.56733399944443 335.3129879278446 -208.76908359547286 -54.41066992136011 -170.30055785092853 -332.48425296868163 -461.6863409631553 461.6863409631553 
-461.6863409631553 111.04693565583852 244.50377120817282 461.6863409631553 -270.1585010992799 122.40009035723799 -17.012852376723025 -342.5548873943037 -141.72498537932466 343.272473793293 
327.611150755361 -114.09342142367194 -240.45193297487717 -5.73594735027362 -461.6863409631553 238.14435702425493 -336.74061302718644 162.97535575327586 38.771535889576924 461.68634096315543 
59.07540876023032 461.6863409631553 -47.33712807008385 93.70265681578631 -278.1793498385812 -163.6061051725001 -342.6166517150477 342.36043328382897 221.0757902319474 -461.68634096315475 
18.032101033745604 261.316113054704 -121.14258540437444 140.26827662530502 -461.6863409631554 461.6863409631552 -91.02049267130303 -245.32240624399412 -338.7699881507659 346.3032239939752 
-461.6863409631554 110.75361094817042 -334.8203788742888 -62.28462959320383 -226.247378357391 455.3484770797484 -177.7570814354968 322.6513865870022 10.397077387219317 210.48351403842037 
88.9570017722319 -90.24958279040318 -115.0522651401789 -331.0350129866006 28.45695255161749 209.43086156568722 331.27440831644464 461.6863409631554 -461.6863409631553 -221.0111551489166 
-244.12425759551502 -169.59028626716974 -330.85413597212147 461.6863409631553 -461.68634141099346 112.74512976623086 341.7224571402137 -1.390915418438936 237.62011865596006 -39.97785647751943 
-205.0856275150019 212.35227307819517 -461.6863409631553 -109.32700495804296 338.4770831484937 461.6863409631554 46.44903631856582 106.73459846418882 -328.74595030051273 -45.87409809663451 
228.37203519952277 461.6863409631554 109.42939585024297 -223.25429207830385 79.74693603181942 -45.82306639652273 337.4213188925001 -164.3836298224976 -331.4834439921732 -461.6863409631553 
461.6863409631553 49.344348295889645 -228.35512821941475 199.40324292861376 -115.66261284183769 -461.6863409631553 -333.88309106593965 177.83936827822134 332.7440534753673 -72.00488829139917 
461.6863409631553 266.83477691783577 -211.228851526935 145.80698162254907 346.59413713257254 -2.248939087775032 -461.68634096315265 36.6896451361835 -131.18526534189672 -331.36060489712554 
-329.94634715546334 337.7787097056825 68.48630016693895 461.6863409631553 199.7652489908961 -300.28493774815126 206.6198265211795 -461.6863409631553 -48.58300997681809 -173.63861137552195 
461.6863409631553 -50.4355444273795 96.19730412647941 333.16243072741497 211.7411423814353 -245.64654929626744 -150.73046511778293 -461.6863409631554 -337.4766941236571 -13.774513532874948 
-333.20499656943116 -461.6863409631553 -99.01653987025747 200.5982906285911 171.6501693616843 -224.9044863904277 -67.12429486525966 461.68634096315515 331.5104277962495 45.75960861015404 
332.37803587497933 45.20585946647684 -461.6863409631553 170.2940672808686 27.319199847454488 461.6863409631553 -214.99181572285028 -334.65818576677793 296.0865585843143 -96.82236397154105 
30.924371163550866 -167.3350119586164 139.4132922589111 -461.06912290745134 211.99187088873686 -334.1377215937554 340.94788698401004 -39.414168034299365 461.6863409623849 -216.41828737257686 
461.6863409631554 58.65682194759984 106.9924256343481 -46.10594405811787 -159.8305693712193 220.04901725094226 -285.3662232647204 342.5756510809984 -461.6863409631553 -343.9167748675686 
461.6863409631554 208.16046275057772 326.6955004518576 -334.8650107387631 176.25703088462643 -136.84249948159956 -16.53538204632953 -247.77933818567067 -461.6863409631553 54.58990313146681 
108.51285239227053 461.6863409631553 58.18176025451394 230.24896765340776 338.67867418018864 -461.6863409631553 -46.855540232370416 -171.86389698596514 -191.61782299329147 -326.5729534442048 
186.02737386642374 199.64590806690842 -206.7904459473705 -461.6863409631554 333.8395117807245 461.6863409631554 -336.20787983513446 -66.7498203960756 -79.45794079534431 56.69340136062082 
-163.36422663392648 -233.795144771711 132.68892115772346 -332.66807362651025 461.6863409631554 -461.6863409631553 10.90754607881782 -38.20361133538617 330.7950061437417 252.26566029540717 
-27.38464710358751 335.82259063482616 -57.27264883167416 461.6863409631555 92.58723551956201 -266.1753417270994 -329.66165348011384 217.5789725054892 -461.6863409631553 -185.48652916794305 
336.3110934914765 -60.576546345694844 63.58138762457112 -210.6867634919654 -338.451625738086 204.5497445083407 461.6863409631554 -461.68634148467044 194.97938231564402 -85.65655601773607 
461.6863409631553 98.4866646539546 -212.8469197527653 -153.82171882846492 -38.25861995260777 339.8254685627694 -461.6863386916864 -331.09755772218205 235.2656992283587 112.92523714066155 
335.06962149629095 220.6597555835664 -172.58290851235418 461.6863409631553 -50.79460546592641 -461.6863409631554 -330.3446691361506 -208.14122562770336 99.49730535786033 78.88408980582054 
-340.03705051932917 59.11769478557452 461.68634096442054 -106.42846199872483 -461.6863409631551 337.2911218361962 146.09907069683405 -71.28288306003579 203.79467099519556 -222.51211120382726 
94.6773162426149 461.6863409631554 -461.6863409631554 -22.60918173840652 -331.01958256001416 -45.93021002875979 209.8923546438988 -298.72411901986374 329.64405159581423 -173.84711350915066 
461.6863409631554 -335.143513967513 -190.92151536739235 173.87099123314326 -235.36983096005832 -461.6863408678221 57.11913326472474 270.6293282938878 -62.8120971100904 330.0901799832431 
-114.55497141460597 -461.6863409631554 461.6863409631553 326.9962830466198 162.4677178251899 39.41565967989264 -0.3959602799806279 242.59990415957236 -337.07237991051284 -240.94904498269642 
-104.1060597998876 -461.6863409631552 461.6863409631554 61.57381115291976 -59.67467723191363 148.3639355574207 -338.2037779019709 -210.1430339432409 332.51633478370127 213.32102240243958 
329.15057819433457 -461.6863409631553 461.6863409631553 212.98663342906468 64.69374066738902 -175.26439144775702 -336.317167493537 -60.35145390368054 -246.13286850908352 182.1883040473885 
-223.79493699756125 221.723658340174 461.6863409631554 160.44284990252837 32.81935887988261 -115.51360657301294 -461.6863409631554 326.0516134900258 -333.60482823168957 -24.995492205266203 
184.36228286592092 198.5620077447702 -328.2025031101052 -193.0766376320773 -48.37558584890444 -461.6863409631553 333.3592140408846 461.6863409631554 56.595326746226746 -180.8537240663297 
-215.12557322715946 -461.6863409631554 179.21514434022208 62.86139738169816 -78.35890040136567 -72.0945360954238 211.5680096466349 461.6863409631554 -332.48828031282846 330.13195438988015 
-461.6863409631555 335.0240023543802 -147.3204665251449 92.10351766982691 93.93264569176664 461.6863409631554 -342.7949814838201 226.72662091962363 -271.8076556536333 -32.479513982028955 
-76.88223630063409 -461.6863409631553 327.52643128200845 461.6863409631553 50.95968241834483 -110.4581564055077 -335.4065319594577 -234.5514606072859 207.61180937177193 174.45156654731346 
-229.2849948512058 48.329032564660565 -115.3854581580539 -73.0376484869966 332.47832053141894 176.70263489334698 461.6863409631553 199.3315693692401 -333.19225789750334 -461.6863409631554 
-210.17792324325185 -77.36181319167947 344.96950672334236 42.25170327329292 461.6863409631553 129.09471697131275 -335.5180163485584 -77.05351460904933 -461.6863409631554 237.432027206996 
214.59995965805132 -136.627208342755 -341.52184006897636 330.2718893598925 -44.06220672541126 -461.6863409631553 79.0018365714012 83.44443534056484 461.6863409631553 -247.5012942590213 
-140.18295272043179 130.1349249746927 343.79058354217466 250.54837215494615 -341.9842977699219 461.6863409631553 -461.6863409631553 -266.75703757231344 -20.350070722815712 51.129041230914076 
324.3257242394625 -297.72725528944 89.14282015342856 -420.3657621069795 -35.97892222131665 461.6863409631553 -166.70111050715465 -155.18141260661943 331.6581941950292 211.87022266571262 
-82.46246051152163 180.4272890614658 329.53709840085713 461.6863409631553 -207.38766414243202 62.24713623125651 -336.2727156516677 -60.02316530691982 304.4319992643943 -461.6863409631553 
215.54608632985745 166.7152113936607 -332.3618496131963 334.1636353126142 -461.6863409631553 -181.75864367566663 -223.33148193450896 461.6863409631553 -54.67311700307362 67.54448781339791 
461.6863409631553 57.97870063887202 138.61481777974294 -191.80139509396002 -234.81437995735686 344.84377168900266 -461.68635142441633 -335.4169308617095 243.5395514041906 -61.87658899433414 
83.06475357127843 -46.466725290565016 338.17259877568773 -207.69270537154384 106.45423225367358 -461.6863409631551 228.39620707227922 461.6863409631553 -329.7174437795712 -168.6392505438135 
-60.04448553843925 -256.8750934970346 -151.987275605205 -461.6863409631554 272.54713244547594 33.015145773106454 -338.29659128960174 149.67931234362544 347.9118387191643 461.6863409631551 
192.37590614823745 -69.15797133727912 324.8451562997604 -335.4537344476388 455.33122873609335 -226.0499804857335 -461.6863409631553 -182.05782835126425 71.62990974022466 53.26564059822479 
-58.031394068999944 -461.6863409631553 -219.23880303594242 216.36549013474223 334.8719930173145 461.6863409631551 69.61327706521215 166.16986798651317 -331.3189145343535 -162.8358526791878 
-461.6863409631553 183.9211198323738 461.6863409631551 -331.8499824826134 -72.45756411617361 52.9444466356152 204.18050003085668 -223.396299068897 -98.26880125701632 334.30374878293765 
-64.61505819419381 215.59507968561894 -162.83644426384723 63.72560287328086 89.13331485432104 -209.99356704028796 338.90784669403286 461.6863409631553 -461.6863409631553 -332.8600428992744 
346.7917354030674 -211.30679862421414 461.6863409631474 -461.6863409631553 267.27815578623307 -2.1350838741735774 -331.3940348841353 145.939773053521 36.60344499468081 -131.00953707617845 
-172.57385773766322 211.81161340152758 461.68634096315554 -57.98693189338505 -224.040912683023 334.8762688321537 -332.8433641674384 85.42508568675011 67.57139288594269 -461.6863409631554 
336.3697041564352 461.6863409631554 -210.50190307231614 -85.53896231871406 -338.3335383838249 204.75027720751623 63.70369055756691 -60.28785713338501 195.01537756740805 -461.6863409631554 
461.6863409631553 -249.53470683243722 54.77797201044132 -333.9136246905287 -461.6863409631553 213.74671031599692 -135.9572172080757 327.7559425590124 176.63673202916289 -13.287415792223117 
-333.4291098975168 -461.6863409631553 461.6863409631553 -20.705964174161437 105.72884713544579 120.46599637709593 242.11980619166695 -252.15784599797058 342.28647286666074 -153.17391640291478 
340.5713639314694 -216.25051128835707 -48.9095952269253 -461.6863409631511 461.686290138901 -103.92776128193577 -337.2264825387606 82.85358571116718 235.65135066337746 148.53759128211885 
-206.8729508084602 -333.3525443459927 134.3021580383588 340.021727851568 84.41800314743165 -43.38211084643248 -118.44535444370946 461.6863409631555 -461.6863409631553 235.13539396142858 
-461.68634096299706 94.77583117703502 217.25718319231748 -250.99082706044362 461.6863409631553 -9.411926850056272 -50.38189232489 -331.05180775708453 339.4949833590568 -178.34969229376418 
-211.17264885255685 -461.6863409631553 -88.8515423899794 63.09437484802758 461.6863409631554 -338.18406155452016 211.2053675859142 185.22780413983938 -65.20896906105392 329.7648855568537 
-229.94224418446055 208.39083570752862 -461.6863409631553 53.07182176134112 123.04290041734872 332.92360964446175 461.6863409631385 -71.31655804836355 -129.7477126621293 -334.6153889346112 
41.60948024079285 327.763103523294 -110.56784477419107 -216.75225225159025 165.60474625233115 461.6863728242605 -4.761115828029326 239.83703167339218 -334.5829924811352 -461.6863409631553 
461.6863409631553 311.0867812616648 -62.435528982150544 66.13023803362408 -333.3540689668684 -461.6863409631553 -223.57736630950913 327.89144816576487 187.75840484210966 -176.8280277033354 
-121.8965680589302 19.553899883498666 264.84479468295535 -248.53936595829566 -109.82309315317217 140.88769571221465 -339.6268208307647 346.2597055099401 461.6863409631552 -461.6863409631553 
117.60323200037507 -135.13262808076925 -461.6863409631553 220.7946342288248 -337.39246248473626 56.960778490825234 343.06184161401586 -70.54165591796523 -214.62308644749675 461.6863409631554 
290.0596398637004 -106.67447901290254 -336.19706276880237 -461.6863409631553 163.38481576353513 334.0158176032145 -234.04061855417189 17.837879185057968 46.26323971095871 461.6863409631553 
461.6863409631553 49.75955061012441 -115.35896293829644 -70.81312593796908 170.35011122811028 -333.70489496716715 -461.6863409631554 211.2513547857011 325.48293053421185 -227.51355721668875 
236.35855389104367 172.352039987465 -334.26864023738625 -78.55350927011067 329.1682714496491 461.6863409631553 -461.6863409631553 46.40381919934156 -101.80861174156972 -228.2279269499934 
56.94807110402367 208.78210559975886 461.6863409631553 -461.6863409631553 -172.3031806829847 -332.2601197866213 -223.21582289010908 -58.085665041296146 328.3199515303245 170.36420261648257 
-333.2301418676276 84.2142376441353 -210.67338580201036 -66.59183592802582 -461.6863409631552 201.16281861194238 -167.5432931059965 461.6863409631555 58.10746196421767 334.1425326740594 
-163.11587840448237 330.65334958981 -461.6863409631553 -332.61743690740855 252.41550678388967 461.6863409631553 132.98366031028752 -233.64477013101666 11.084354460078828 -37.913289060213074 
-349.4137152653417 340.64889164437824 -137.80913206410696 -461.6863409631553 461.46490790514287 -34.14563318913322 92.19635983121408 213.52248898396886 -148.0667713954818 -284.59307162040966 
333.4739187840163 56.077248288781895 115.2776741602459 -328.6836349444258 -461.6863409631552 208.78187874101 -185.0528845127539 -52.81676724683357 461.6863409631554 -193.55375631798555 
-66.24404366419283 461.6863409631553 -80.14407419927832 -206.8633487926977 -461.6863409631554 333.9045826068872 199.4810864798372 57.19292999194171 -336.25243452141785 186.5335721076384 
-207.27058863257201 461.6863409631554 183.40579616871042 55.63116525815222 333.46849532780243 -82.77781975261021 199.71198773234448 -336.1754358674876 -461.68634137222733 -63.989409495811664 
49.61574164846684 165.94782476779574 -85.88493113407971 209.52257740748195 -228.32131393533706 -461.6863409631553 -331.4879307174647 333.9043166623005 -101.87544241231926 460.31702670882447 
340.361040611096 -206.38719518651305 -8.21504102968672 34.6052550738723 -439.9579598777444 458.1601070188114 236.06345047702237 -315.44140830585485 155.64230550538338 -116.7822236389751 
60.08860757653615 111.48119055721597 -41.66178344588718 233.1761379962353 -330.7345080609937 461.6863409631553 -223.40277277760168 -161.26379729564633 -461.6863409631554 338.8181799462657 
-440.4687713825239 75.81092531489095 -70.29434904533909 -43.603701860023484 -197.4373666185803 203.4998923535839 -447.97491787365766 461.6863409631554 329.5993383321547 -299.912028202035 
-333.2226393098529 110.59120504811168 -461.6863409631553 -38.156934735715055 461.6863409631553 235.74041511738994 -166.87865650648303 -15.612250671153642 -290.9426314522505 341.3279886115425 
264.43932964252093 461.6863409631553 25.31320107163701 330.87554358243085 -461.6863409631553 165.8501868618643 22.99646824232889 -213.46787902563062 -336.0329728095395 -103.7576898960856 
-336.4700589370068 -461.68634096315594 461.6863409631554 24.49314027810488 332.2226319353996 295.0500535218187 -95.83625032533499 169.5323286946436 -225.1606103070431 50.468777953517574 
