1.15384947978 1.04784783146 0.996822892976 1.08429884537 1.00705345118 1.04159064135 0.959011678366 1.06598332038 1.04001980853 1.00748798335 
0.999815028768 1.01260255947 1.0306449818 1.04394582754 1.09829814295 1.16980518333 1.02967505987 0.994034827557 0.967015374802 1.04898283895 
1.10442953726 0.980207807734 0.965911224272 1.02655995774 1.02919397001 1.04697652115 0.994248024685 1.05512031548 1.12608205605 1.05426681984 
0.981989158696 0.99738856531 1.16849005853 1.04433506845 1.03217343164 0.968155364054 1.04416189418 1.02315898438 1.09860803392 1.01726332479 
1.02515129899 1.01258154856 1.08309126626 1.11831753324 1.04780616911 1.05816582728 1.04982999637 1.01273288786 1.08454926744 0.989753668876 
1.03957320946 0.972947839927 0.977745410586 1.01554999967 1.1387143455 1.11619561612 1.05623865084 1.03916699766 1.01268534752 1.02481854777 
1.11282828561 1.03572611889 1.04904469594 1.11668854221 0.899064989156 1.10466118145 0.983686297343 1.01327896578 1.03160595215 1.03381803641 
1.01478005579 1.03723677295 1.11741366267 1.07528495472 1.03736378238 1.03422419454 1.10511496178 1.02464974536 1.01128296526 0.957776505525 
1.10466842952 1.026213312 1.04977647414 1.04035694624 1.00480164467 0.955739741696 1.03323265541 0.963885381255 1.12741751362 1.05600163704 
1.12505433668 1.06739499245 1.05040432274 0.975550582761 1.00514303304 1.08439880017 1.01220680671 1.06087262479 1.01848405141 1.07109261017 
0.944791993226 0.969016053101 1.09383342305 1.11303277533 1.06671677926 1.05037463679 1.00424578128 1.00878226186 1.09230775658 0.994139766619 
1.10633794626 1.00131565094 0.977061292159 1.12307041529 1.07164900964 1.06408681797 1.02173123617 1.00324650142 1.00678805459 0.9938747125 
1.13836244536 1.04240809953 0.963360521305 0.989793576492 1.00016365436 1.04174638721 1.09261160609 1.0144949912 1.0390795576 1.07279435368 
0.968757438476 1.04246649777 1.05231305816 1.14777382662 1.1174753926 1.00027145285 1.03991525619 1.04916683191 1.08274905705 1.01171702909 
