-434.987855396 -8.76834780454 -209.439256407 -29.0468425173 462.274718848 63.4530539806 320.49122642 -429.289221305 -136.415963754 286.156005103 
189.344988196 -127.572078279 -407.331544428 -9.21334314045 -450.345662002 -320.571428533 404.320466567 451.063927494 -200.79433849 -29.0468425172 
-458.986448722 435.7448513 -14.4762508078 -0.687782216118 -238.424825532 4.74057356749 -98.9477522203 451.055253224 -315.799883189 -321.897125774 
449.514543754 289.49463666 -321.313709093 -10.9629090747 -403.150171861 -198.197277883 -28.915504015 404.585508817 -452.294384479 -130.916042506 
0.44090374105 315.147943804 -325.043811071 -394.338448366 154.70078668 -104.490854128 -136.038341368 453.341777737 -25.9509295189 380.690313662 
-29.0468425171 -10.1165406172 302.710979473 -17.6979345447 -313.331425547 -459.987926896 27.5472047582 -369.560610666 453.702023212 -237.159276167 
-459.031311246 -17.2667536093 -59.2214489181 -241.998912815 275.879163991 -1.83590384642 452.132202079 315.362901736 29.0468425131 -317.164775349 
287.306724584 3.38279057893 -458.951442015 -323.816968482 -171.115191234 419.636003763 -29.0468477608 -39.8310848301 185.645212431 384.112579932 
-459.09594607 -11.1273762582 -325.980236436 -0.173469587568 -123.856645025 -10.7227245007 -237.509600249 410.145060014 -316.604537579 454.661226635 
-397.552184134 -29.0468636968 -27.2134403738 415.146410811 188.169627879 -427.607147461 454.311432109 -178.577097243 314.835672373 23.598319741 
301.951256364 460.109716801 -206.939483882 -427.616863566 -15.8324228464 -1.08776585266 321.36152027 -210.474604849 -72.9480343557 245.032139303 
-458.687947819 448.065771025 -99.3866306926 -319.521697741 -319.698809002 -8.12180750717 -98.7128950722 6.37770679889 427.099082845 104.642978692 
-318.004924126 381.198347682 286.196177067 -19.0483498515 461.266892578 4.7777460556 -450.539833508 -228.955459903 -29.0468425172 61.2421813056 
312.76117142 -116.880332919 24.0434521795 -313.541965849 10.0770031431 460.72509316 376.614048956 -29.0468427136 -459.427404078 232.239109217 
