0.991126922415 1.0282920364 1.03880745701 1.24742474135 1.03812719903 1.39999999988 1.14213144202 1.08086620035 1.14210742032 0.882305036408 
1.07601639766 0.968414936143 1.3999995948 1.14213171221 1.15218200655 0.963946788522 1.04608170765 1.03795787267 1.14195783156 1.40000000132 
1.3999999912 0.875051179751 1.14223169785 0.888857145196 1.04774518412 1.01491448021 1.14213143473 1.3187264064 0.649158639663 1.39999999972 
1.14263265077 0.989406013615 1.14213051731 1.3999999818 1.20185428641 1.40000000051 1.0457610168 1.00293568054 0.919071940934 1.06706346411 
0.890056715089 1.14213143477 0.711265806912 1.06357473833 1.40000006653 1.05905344183 1.14213143366 1.00513333743 0.914171796146 1.07510386756 
1.1528262383 1.04411406501 1.2090687636 0.990834597977 1.15722688749 1.06026493518 1.14302770166 1.02692075128 1.04034701179 0.62844475812 
1.00728393357 1.17509031837 1.2466918643 0.691340723425 1.13696080605 1.14213143477 1.14211122442 0.885678190261 0.990173267942 0.999826187672 
0.950606828494 0.975209795366 1.01313684032 1.40000000071 1.14210742164 1.39999999989 1.05669989693 1.39999999999 1.1064716133 1.01785973745 
1.24092158639 0.92432812866 1.14213058447 1.02178927705 0.983578875658 1.40000004424 0.803275564434 1.40000000112 1.07975786991 1.14061122244 
1.04303639773 0.998609949062 0.990431166171 0.869642412912 0.922257791934 0.959653093317 1.11832785413 1.02450123873 1.1274426922 1.142498322 
1.09501450579 0.931382327896 0.908595120315 1.14241543166 0.8867337993 0.891248570455 1.10524895813 1.07076237569 0.692595964065 0.98752117394 
1.40000000006 1.03181836741 1.10956125474 0.826591070344 1.29526065077 1.14210742067 1.23517860159 1.40000000002 0.949667523128 0.97237977095 
0.88864609569 1.40000000025 1.02392743719 1.40000000028 1.01343456208 0.87147018965 0.917432904659 1.40000000024 1.14213143479 0.966218680376 
1.16645747048 1.0106976456 1.22703558781 0.981681266191 1.0067214563 1.3999996457 0.86704871843 1.00334749315 1.39999997075 1.14213143478 
1.3999999999 0.977149280808 0.976247347182 1.142131449 0.748893062049 1.01123434105 1.14210742032 1.4 1.07470850368 1.08078351812 
1.02752081773 1.29145006575 0.620722558897 1.18727523436 0.681165324481 1.14213143469 1.10791537418 0.958107832045 1.12516774911 1.14869418661 
1.18793617652 1.04041789418 1.02449828944 1.14213143477 0.967891640612 1.1405282973 0.953210621674 1.36795185721 0.976744747363 0.969824044383 
1.09223326366 1.0985523078 0.982623845331 1.17616143009 1.14212938699 1.40000000004 0.994216724945 1.00884681018 0.797121795141 1.08179573239 
1.14213137601 0.9014736919 0.811267088462 1.02994531055 1.18300808307 0.949304907857 0.817085147375 1.40004076663 1.39999996994 0.952024840027 
0.887621365797 1.39999999941 1.04658416504 1.11560658366 1.14213143477 1.07344018547 1.33246311589 0.692873869246 0.843472298055 1.14213143477 
1.20846313766 1.39998818592 1.33792394719 1.0824303834 1.00065288588 1.40000000022 0.991429593201 0.927731682694 0.92126175267 1.14213071299 
0.621276231288 0.920520100097 0.996410528733 0.987242114237 1.16296577998 0.978109920566 1.14213079961 1.40000000414 1.25327230362 1.17082161766 
1.02540298184 1.14190205288 0.798782874805 1.07756751454 0.857315068694 0.991503385279 1.40000000609 0.995242191081 1.14213143477 0.831892329488 
1.20105228658 0.926269319292 1.14210925986 0.942691438607 1.00487831487 0.947064817802 0.882573602907 1.17709925885 1.13712893087 1.35350955478 
1.08467972269 1.24095183723 1.01160044748 0.915628422072 1.25592752081 1.36128492245 1.1421123437 1.32260897895 0.971951073268 0.892185234048 
1.39999999726 1.13973473007 1.01836647578 0.939452218424 0.936536823991 0.885705887661 0.859738690011 1.14212935472 1.3999977706 0.95173992622 
1.02846180119 1.400000954 1.14213201295 1.11797056472 0.928876491896 0.976543016487 1.03608220604 0.83393550125 0.993652278491 1.39999812743 
1.14161276441 1.04371131294 0.904967027627 1.18514895687 1.39999959628 1.03093879866 0.926773508558 1.14213100655 1.00298446118 0.714886756075 
0.99047812055 1.14243885257 0.892361099519 1.09179883335 1.04453196417 0.934329092483 0.871477682397 0.941719451027 1.00773764345 1.10806497862 
1.14213145433 1.05459549734 0.88340114193 1.40000003584 0.934681179057 0.593304792901 1.39999999823 0.855536399515 1.00968499008 1.00798709059 
0.684061826694 0.980160480769 1.12169457679 1.28424861443 1.01936477364 1.14203554631 1.0162905203 1.01636542488 1.0365099635 1.39999952626 
1.02536328492 1.1734014993 0.98703440144 1.14259797058 1.40000000001 1.2642068471 0.973021487919 0.751070228208 0.657620233842 1.14213143509 
1.23094466994 1.02748607034 0.972038506828 0.965049113413 1.09671162049 1.23829792207 1.14213143521 1.18301431709 0.557594392835 1.01726856331 
1.14579065516 1.10553208137 1.24601472864 1.24826372697 0.946236155834 1.08524951468 1.00194003902 1.14245803395 0.970527076685 1.14211000994 
1.02499490424 0.987731490832 0.872317013138 0.999846128939 1.09823674783 0.628885046196 0.829767714924 1.21088832517 0.939987377545 1.14243251933 
1.40000012354 1.14212889734 0.986953424826 0.936231685377 1.31532738002 1.28614917509 0.894809930986 1.09954965043 1.0173825697 1.16574831892 
1.26097411953 1.39999999977 1.40000001538 1.10364863715 1.00594770084 1.33447458985 1.00532791132 1.14213019807 1.01520128707 1.07887135913 
1.01240043822 0.812646677818 1.13179326406 0.965240847353 0.982014421963 1.1425166717 1.14212903766 0.846619894975 1.24526447361 1.17536051398 
1.22644082172 1.09158911174 1.0311534758 1.40000010189 0.91023079224 1.24805584995 1.33116417232 1.00259164322 0.643359275402 1.14213084957 
0.95085369675 1.39999999257 1.23376334934 0.718537126638 1.27374417931 1.03387645185 1.39999999514 1.14213108664 1.27368278044 1.02003074615 
1.39999999848 1.14178885701 0.916480972197 1.14213146262 0.926069442152 1.03653371338 0.695665736076 0.950781434262 1.08538641833 1.00456346961 
1.13613087807 0.983642367967 0.850397394887 1.06688305823 1.02628509386 1.40000000001 1.14133932245 1.14213143479 0.851588512316 1.00133776763 
0.978236284672 0.998609844291 0.98650792913 1.14260179704 0.692112224576 1.00194436684 1.38705751011 1.19229683402 1.1192980689 1.39999999979 
1.39999999965 1.14212901261 0.838434320218 0.995539750393 0.899893279495 1.00100380157 1.21373821814 0.777128084354 0.741397507495 1.14213143477 
0.843550451229 0.860628562418 1.14213143482 1.06237094438 1.01553784971 1.02770407337 1.01031212922 1.40000001046 1.2083157103 1.13763289704 
1.14213143477 1.0111105441 1.39999615826 0.975470351187 1.21983710836 1.00604782579 1.00095818531 1.40000013729 1.05870422555 1.14208861772 
1.00411025537 1.39999999962 1.15135177285 1.08802771204 0.617239836848 1.05477726778 0.998475795479 1.13814531208 1.14398651551 1.12264175144 
1.03849898121 1.14102419631 1.20240611019 0.910107231487 1.40000000091 0.897819332208 0.94819917283 1.02231115497 1.14213021529 0.9457394469 
0.988870531393 1.39999998284 0.593872047873 0.849131529686 1.39999927979 0.978115654214 1.40000000015 1.14213140978 1.39999925258 1.32029591339 
0.980483462018 1.39999999995 1.13491791278 1.14213143851 0.971042870488 0.937395249083 0.993019946788 1.03073650192 0.669887261172 1.11148405206 
0.957377109715 1.27423578465 1.14213001888 0.5619695069 1.0967456432 1.4000000002 1.08886205031 0.957667602154 1.14213143477 1.02580443845 
1.00788922453 0.819819103079 1.18761368574 1.05221265087 1.39999999984 1.08037493998 1.26193720301 0.996201105253 1.14210742026 1.14250612442 
1.04660085804 1.39999999466 1.07861914335 1.00714424898 0.95124081496 1.14213143478 1.13008280032 0.872196765843 0.9817047608 1.13780299183 
1.25475054424 1.07105649168 1.39999999998 0.955075272035 1.05134206081 1.00077348784 0.577614413579 1.14213253944 1.14213143477 1.02435776405 
1.02536901959 1.14121685384 1.40000000332 1.14213099542 1.00415313532 1.09723081169 1.40000000644 1.40000000511 0.961909964809 0.960737206902 
0.854232101147 1.23343337534 1.14213011271 1.4 1.00549705322 0.971010243928 0.946619312709 1.05475979228 1.02743676932 0.892343663959 
0.895298753391 0.997667845234 1.10502937688 1.05941450709 1.40000000084 1.03581893547 0.922506734004 1.39262886504 1.14213016841 0.976897915176 
1.02461761365 1.4000000005 1.14213155193 0.961125055215 0.885954125104 1.00430163427 0.988895835115 1.16296490026 1.0645271204 0.915446575437 
1.4 0.983794136088 1.02288333342 1.04932629456 1.04050293748 1.13234065951 1.14190092331 0.671115186552 1.4 1.39999999931 
0.726767216622 0.939179327459 1.14243563614 0.891126936537 0.997532620834 0.921663442027 1.06326508743 1.10872058673 0.990969811061 1.2290871974 
0.963700881696 0.648220562423 1.11811836736 0.834517114049 1.14251128933 1.05663835959 1.00990493412 1.17437905996 1.14212898735 1.3185638396 
0.928840503543 1.04296104406 1.14442058098 0.863524708661 0.820255329111 0.908388924678 1.10374176587 1.14213143476 0.986472375526 1.39999999924 
0.999363613459 0.86541399778 1.14212963506 1.23822507183 1.01029453418 1.18194604605 1.11287095579 1.28113756657 0.972648566846 1.04908563658 
0.852608371908 1.14210742036 1.4 1.00453549771 1.09773837541 1.03165447066 0.625018853264 1.4 1.16546395086 1.4 
1.14213143479 0.704310162819 1.13756185603 0.953150404756 1.00657046175 0.916114237541 1.26354183474 0.737875358734 0.899456262119 1.1497346785 
1.1425120676 1.00982366429 1.31821612475 1.17429940149 0.963928051887 0.648207638524 1.0597335745 0.836998858809 1.14212897324 1.11811391973 
0.929190457594 1.25227854524 0.69971581079 1.24616827433 1.1421314358 1.02320874047 1.40000000116 1.21363719113 1.23820429677 0.995909247977 
1.39999999891 0.723458552597 1.10016710548 1.14213033127 1.40000002508 1.24757035239 1.00213076506 1.03005798054 1.40000002249 0.891862881952 
0.993907893591 1.14978357373 0.905185085614 1.1340524375 1.39999989541 1.39999999622 1.14213143478 0.961281906079 1.15922088444 0.853926515167 
1.14030327845 0.963798733764 1.29440544681 1.16683419813 0.995762696927 1.03183238628 0.954212111782 1.14213609924 0.894772508163 1.15921178064 
0.95095764523 1.11792207548 1.39999999084 1.14210746197 0.996414650777 1.39999998858 1.40000000053 0.984064862437 1.39999995708 1.13892576915 
0.979511839777 1.18969819337 0.901297136508 0.953226144706 1.04641686233 1.18446802868 1.14213143477 1.02340428069 1.14033644298 1.08926448672 
1.14213116977 0.631948298258 1.14213113769 1.11876684409 0.751940373781 0.979131062742 1.09140876177 1.23446377106 1.05546206111 1.40000000003 
1.39999999826 1.17874156356 0.77024021271 1.14213143477 0.717432173086 1.05135420797 1.17481600337 1.17881153775 1.39999999975 0.955507160739 
1.14213143477 1.07990351301 1.39371226854 0.998464172489 0.997891427889 1.1036790367 1.08948298527 1.30901475072 1.14199660072 1.31231358843 
0.969343654225 1.07853633639 1.10963877404 1.39999839836 1.14254682361 1.39999999909 1.00656453857 0.775232585011 0.788151806858 0.974765322381 
1.14176886171 1.25300696515 1.39999999999 1.05318968545 0.600318687436 1.13331328577 0.831607831495 1.05799912402 0.985180972424 1.10310303343 
1.39999996499 0.868898359348 0.9872486416 1.14241016784 0.936663384219 1.10558538579 1.23483356427 1.09944026724 0.97529356798 0.890586007508 
1.01559812245 1.30759892466 1.39999999706 1.14213143477 0.98936671437 1.05441746272 1.39999999999 0.935698598476 0.690055420827 1.39999999989 
1.011610035 1.11908459475 0.979562735175 1.40000000005 1.1421306894 1.03305232614 1.07409149885 1.24020832296 0.944492606384 1.23845752532 
1.10499119366 1.07133788588 0.887724326633 1.09474236895 1.14241579084 0.910380284435 0.987655504774 0.692677708829 0.891570085307 0.931462849084 
1.14213143481 0.993227955268 0.804624139974 0.996642249534 0.85564550358 1.40000000001 1.4 1.11575810642 1.13423286013 0.884135732596 
1.13655617992 0.998021599594 0.658911647637 0.934028711117 0.987559858145 0.909013064693 1.14185728722 1.02217700023 1.08730192082 1.40000000021 
0.955773239388 0.649638777495 1.0112769893 0.95366784416 1.14401702738 0.97568216616 1.17913704048 0.951535118818 1.14212942814 1.14247887524 
1.3999998298 1.14213143481 1.13263965514 0.921144446686 0.814601154328 0.995858337878 0.963822269951 0.986934417913 0.857654919727 0.928286221397 
1.14213143477 1.01618316931 0.697487510246 0.858885176238 1.39999994223 0.669840638498 0.99616573428 1.40000013747 1.1306476503 1.25599627801 
1.40000000094 1.2113080288 1.40001076444 1.15403609383 1.399999985 1.01024846424 0.906971806664 1.01191177828 1.14210742399 0.956546483314 
0.995517791094 1.32107551946 0.981003559499 0.770601845861 1.39999999347 1.31818927583 1.14065188967 1.14213143477 0.965565187272 1.01972339719 
1.01923395184 1.14633176171 0.910316896203 1.3999994539 0.91490909379 0.909999090411 1.14207587419 1.14213258091 1.06909198161 0.69127952826 
1.26800482854 1.10974550229 0.632561958227 1.0038194006 0.792527352435 1.04388046389 0.999493716688 1.22001260246 1.14212967331 1.03356883155 
0.994107320775 1.14213143551 0.624960958248 0.971512421392 1.11937707242 1.32949855248 0.885780105379 0.67823919196 1.06819442484 1.04340012185 
1.02743671672 0.94662809088 1.00549607181 1.40000000005 1.14213011276 1.23342231758 0.854241827525 0.892335658584 0.970996462017 1.05475475123 
1.29652929348 1.39999882122 1.14213144327 1.04352906805 0.863066061293 1.00054214517 0.989453129637 0.851967936118 1.39999998289 0.8091936837 
1.1421314347 1.04368708839 1.14210329716 0.605370665936 1.39999999984 1.0228720772 1.08270737483 0.932931591514 1.2110189872 0.945801320209 
0.99295061688 1.11177153704 1.40000000045 1.10026392263 0.88662228055 1.03601689872 0.84356602023 1.14127056333 0.916737957147 1.14213143477 
0.963069682009 0.938790548156 1.20741729581 1.10721372168 0.892610469409 1.14489338639 0.991560596013 1.14243865406 0.702215353439 0.855134616389 
1.18247242424 1.3999998197 0.611229250325 0.999838068666 1.39999984437 1.01271762079 1.10461346301 0.888192838248 0.828306417648 1.14213122501 
1.14213145365 0.857722029948 1.00021060506 0.985979030194 1.06270752249 1.24231357599 1.39999999785 0.991791303886 1.39999690424 1.39999978358 
1.12980995264 0.949304808036 0.968451037105 1.39999997961 0.971388582939 1.09019725184 0.994444576623 1.13283411882 1.14213143486 1.29567763595 
1.39999999617 1.14164293997 1.00522481547 0.990045627835 1.04677236472 1.04332797085 1.05482003134 0.911144551618 1.14213143477 0.766922178208 
1.39999999991 1.15080349405 1.14210742036 0.998704434317 1.00517636398 1.40000000004 1.03617663456 0.871003461378 1.02144890077 0.762470996456 
1.25678913714 1.23632962441 1.1464280256 1.18851341655 1.14210741992 1.39999998393 1.04111326211 1.01050109019 1.40000000036 0.62300234828 
0.904667976561 1.1181787186 1.00960085534 1.1425036563 1.16810325399 1.17321841945 0.653189182542 1.14212864 0.957626050372 0.961436118835 
0.6284738439 1.0048193022 0.845883970816 1.39999999886 1.26678395837 0.998370644861 1.20485166068 1.2901581753 1.1421314357 0.996356843721 
1.02989842454 1.24815205667 1.40000001163 1.00157956455 0.891755830279 0.723470694587 1.39999998446 1.10006926694 1.39999999997 1.14213033535 
1.11215436696 0.755676964176 1.40000000003 0.893534704344 1.14210546836 1.08789764586 1.39999999992 1.14213143477 1.18441621611 1.05983546262 
1.13596482432 1.0803683325 0.931813880503 1.16400655315 1.14211578179 0.95313838544 1.03571583564 1.00128276388 0.978509177414 0.917014915451 
1.4000000006 1.23997146762 1.0734773911 1.09286891411 1.03723205446 0.989344027641 1.09673458618 1.14206378951 1.14213143477 0.999050298211 
1.26797370944 0.99380117198 1.400002108 0.994343089779 1.04161014615 1.32575920973 1.14212575083 0.826340666155 0.960702141641 1.23165003884 
0.98333700452 0.980493053492 1.40000000001 1.14212945765 0.893502435894 1.39999999965 0.842084678087 0.782862717388 1.10130502872 1.3999999926 
1.00619310753 0.855895406147 0.751230090153 1.39439448656 0.968924517286 1.02825688677 1.14234157423 0.876409608051 1.09695266236 0.97404618066 
0.57043582274 0.881887046173 1.12521649132 1.11478797046 1.1460901178 1.28466733067 1.14213143476 1.2294902578 1.06073291944 0.98985306924 
1.22822633207 1.00480089414 1.0175554921 1.3427878576 0.971329112517 0.543372380057 1.14213143509 1.27454302708 1.06934847349 1.22345397624 
1.14210742036 1.4000000135 1.39999999964 0.867721570011 1.03538753595 1.0118304573 1.11941143338 1.00984361165 1.14916641644 1.25969153568 
1.0047449141 0.632760405588 1.14248991052 1.00994008672 1.29659056196 1.14213143477 1.33476664399 1.40000000004 1.05575676194 0.932414925583 
1.08041044447 0.736525172147 1.14210742036 1.39999999999 0.688650908765 1.13940816109 1.14275260503 0.702016737857 0.858240793902 0.967064385997 
0.970646442168 1.21984266336 1.17140028784 0.838276476173 0.998782912449 0.825973718082 1.40000001416 1.14213143479 1.40000000072 1.03138392393 
1.39999972752 1.39999996535 0.907997752252 0.929294758226 1.01728682334 0.986445479835 1.14213143477 0.839490489973 1.3999965567 1.20867929682 
1.14213040432 0.666986806086 1.40000003094 1.39999999931 1.01567700857 1.22100129514 1.01998770613 1.21813637143 0.951813239396 1.11282711261 
0.861803066403 1.14213143736 0.994485151925 1.39999999671 1.0393516718 0.982989919683 1.0103397154 1.39999972596 1.02355412572 0.803331890341 
1.18206809699 1.20275237474 1.36615041638 0.858060652172 1.01804879246 1.18315308257 0.808863264251 1.13972370841 0.912311888674 0.890342854046 
1.39999999799 0.741490346453 1.04562299655 1.14213139553 1.0644447286 0.915533349369 1.14145228688 1.04350944166 1.05983499699 0.94093372558 
1.40000000026 0.914577153559 0.821920833576 0.650198040683 1.14210742036 0.818109445598 1.40000000031 1.2150804278 0.799864465899 0.981176133733 
0.78184013414 0.613564192695 0.86290867471 1.39999964165 1.14231053404 0.97387410782 1.30199081715 1.14213125699 1.39999994088 1.33700487648 
0.920336815589 0.936958310633 1.1219260935 1.39595873976 0.907136495415 1.14210742043 1.00817403694 0.930274454848 1.2265588794 1.3999999996 
1.14085117261 0.621260488583 1.03445606341 1.14234377515 1.14213143273 0.895175348354 1.19576421405 1.21376759668 0.751070609077 0.898237842117 
1.14213148927 1.40000000007 0.946001177076 1.02883497614 1.38331685636 1.14213143477 0.895075783739 0.873921078433 0.774793066352 0.658488312889 
1.27122006881 1.02550531942 1.14081435841 1.21558849274 1.28126596623 0.907926025328 1.14233993083 1.01267441287 1.18932279446 0.971476637077 
1.00379254999 0.991409951435 0.937623492782 1.14213173432 1.39999776452 1.02611093824 1.14279413549 0.942483498975 1.13921762123 0.969338486807 
0.933853289542 1.14110797302 1.11961841221 0.945194184357 0.967658491598 0.90405053738 1.03043961754 0.950335483911 1.14213143478 1.39999999588 
1.1445870585 1.14211134537 1.23911033319 0.895375592004 1.39999999863 1.07758635989 1.40000000001 1.0009958016 1.07219521411 0.908728663559 
1.14212899491 1.1181172182 0.833762777134 1.14251149594 1.05812256486 1.31863211112 0.96376111409 1.17446754135 0.648307306948 1.00980737392 
1.00060390376 1.39999999981 0.847065838962 1.14119373952 0.935677116175 1.11341664829 1.03413004638 1.40000000045 1.40000000016 1.14213063721 
1.00098405913 1.37272840632 1.40000000004 0.880174804054 0.987229210921 1.11849500184 1.14213109456 1.24154331817 1.04313401736 0.975614330934 
0.952714519972 1.15394586911 1.17823299524 0.921149258949 0.918073331912 1.13666912563 1.14210742038 0.943311586683 1.39999999998 1.00371623138 
1.14213143477 1.14210714447 1.40000000053 0.934318112336 0.739778153838 1.06900917801 0.872163949674 1.17588483981 0.88751888538 1.39999999977 
1.0124664539 0.917722852595 1.0020261703 1.13633182618 1.14213143477 1.39999999898 0.973178062737 0.914720467633 0.958164032847 1.16400779971 
0.880139608731 1.14256111078 0.998383980151 0.829461257766 0.809846823152 0.952473516089 1.14545978243 0.976796570199 0.838300987129 1.12952478304 
1.39999999628 1.1099541995 0.929541111555 0.948182688055 1.39999999894 1.16835733851 0.852376474536 0.900588868014 0.988920313169 1.14246128512 
0.888056648364 1.24029943887 1.21201170848 1.2752633825 0.635037525081 1.1421306279 0.934315662725 1.01175385163 1.13505671293 1.00184890303 
0.964252645019 0.924604876764 1.13458201225 0.97064357433 1.00684642843 0.959235536218 1.1424972996 0.83467013483 1.24502798403 1.11879648538 
0.993173253513 1.26426243524 1.16855678961 0.92435081177 1.39999999945 1.14211651846 1.21037477438 1.142131056 1.00623865386 0.627912799482 
1.0034616444 1.02788566739 1.11044252048 1.14213143477 1.17563510166 1.07241499372 0.656265357398 1.14245595271 1.30469978331 0.946874792896 
1.00356666477 1.14242356889 0.907265067623 1.10601750068 0.867672175941 0.935953739565 0.980236482685 0.903044542069 1.04717776585 0.990313932515 
0.8235781738 1.18822718489 1.01372080117 0.882517616544 0.985952550007 0.982794209558 1.25769348441 1.40000079664 1.24114018144 1.14213101471 
0.949020993328 1.01322331294 0.67076149647 0.983311673746 1.14249168767 0.958948248273 1.07451739542 1.02912047084 1.14213143477 1.29895044585 
0.947273168082 1.39999999996 0.959609319208 0.873862749461 1.31607888848 0.937953568439 0.730340663349 0.877329297961 1.39999999994 1.14213106323 
1.00812164655 0.958987819729 1.00728861397 0.912121765976 0.959925635052 1.12390787554 1.13364828553 1.40000002005 1.05946283102 1.14824170576 
0.996375868944 1.08234679781 1.07097766943 0.860344002945 1.05853916079 0.991029591096 1.0989150017 0.623094488241 0.602004954615 1.14378289427 
1.39999998903 1.00784913534 0.636373579323 1.00496492489 1.14745211259 1.07811428338 0.892459547279 1.04819566601 1.14213143477 1.31423197448 
0.975252970288 1.23479244777 0.890076618336 1.09946429596 0.86888653845 0.936678447102 1.14241017172 0.987257458929 1.10499674855 1.399999978 
1.27886870242 1.08045304 1.40000002734 0.888356245084 1.12957989184 0.610253295646 1.08832699606 1.14213143477 0.995518237353 1.00168299227 
1.06853680032 1.09770424069 1.39999994875 0.902289166143 1.14210689349 1.14213143477 1.4000003055 1.36282878311 1.39999999544 0.896872420215 
0.648476498962 1.17424018318 1.3186636108 1.11811864688 0.834671817923 1.14212899618 1.00955610288 1.05422861002 1.14251125295 0.963690149661 
1.02109093045 0.848580122028 1.40000022695 1.14213142631 0.627805315909 0.881500591367 1.3999999763 1.0061695694 0.939898430098 1.1940480549 
0.685585839852 0.832557568684 1.37210790746 0.990654664194 1.00905994445 1.14213143477 1.40000000219 1.15675753879 0.748715029576 1.00314979394 
1.14150451216 1.05080506068 0.816743262652 0.936591714393 1.21373157561 0.810649900496 1.14213039358 1.40000000003 1.34669547172 1.03307612543 
1.13966876019 1.39999996679 1.39999999976 0.892885158642 0.934292432194 1.14212961208 0.939547640726 0.859178128282 0.952043170446 1.01792828089 
1.4 1.04663453631 0.761758121377 1.05682695277 1.14210742036 1.00398327044 1.4 1.01418254143 0.982834195828 0.977856977676 
0.997829007727 0.981663402305 1.0036043522 0.951632312257 0.965663932499 1.14213128175 0.852013854615 0.987736158187 1.2192287828 1.39999999997 
1.13647659674 0.86178001974 1.14213149715 1.08917657466 0.921542988199 0.939990624221 1.40000001643 1.00525246229 0.993123096883 0.927308108136 
0.981933526143 1.14212906859 0.965248361832 1.012433019 1.13031590899 1.17546579646 0.814061605039 0.846485192133 1.24525610051 1.14251665339 
0.954037876053 0.935641097271 0.941009572943 0.983444926007 1.02986420565 1.39999999978 1.11774903647 1.14213143477 0.948344124299 1.14106826851 
0.809050457556 1.39999999999 0.952600876501 1.10958449379 0.875708175028 0.810529212933 0.913854739284 0.94368628998 1.14237465057 1.04639699377 
1.4000000019 1.39999999723 1.39999996606 0.737582775241 0.886579084921 1.06037798245 1.14213143477 0.765474636094 1.04507402685 1.14210551454 
1.01771795719 0.673312899929 1.14419587067 1.22034247076 1.34782147573 0.973116985909 1.01467835419 1.14241341496 1.1957786945 1.01044816219 
0.984319784361 0.772999175911 1.19712077087 1.39999999998 1.17362906281 1.09765633457 1.27466863664 0.739297983189 0.980034509993 1.14210742036 
0.995065213096 0.797497911291 1.03507241562 1.40000000001 0.870850693019 1.00886327902 1.14213143478 1.4 1.13783533159 1.13457520282 
1.03706991006 0.848558580706 1.04030518835 1.0635445992 1.14213143478 1.06393568244 1.40000003681 1.14213143477 0.759442226549 1.31670196673 
0.972371490377 1.14177888421 1.39999999992 1.03358074829 0.952783473029 0.972132303567 0.971791157928 0.698822373167 1.03592328077 1.14213144872 
1.40000000154 1.19238900788 1.00844020769 1.14210742577 1.2955216745 1.01414991469 0.874025175715 1.03571607813 0.995653354408 1.40000000217 
0.908067324133 1.16390851027 0.872193550637 0.93631087505 0.988521980695 0.988723648767 1.10027910367 1.09049799623 1.14242386445 0.897492002933 
0.7580456101 1.14250019249 0.942968781405 0.611546165224 0.960378283757 1.14213061561 0.998865066457 0.64787294683 1.01317163119 1.18689762676 
1.39999999994 0.974602171051 1.13432030095 1.4 1.14207702662 1.40000003151 1.06521779291 0.691557573443 1.02664058519 0.682753027521 
1.07395071556 0.634043412585 1.20370049825 1.02329791423 1.28304350864 1.40000008955 1.14211255341 1.14213109162 1.15664524016 0.993134661948 
0.934424093361 0.996483814117 0.912167651339 0.987661748467 1.08698343696 1.40000000001 0.657824896973 1.14185728723 1.13637816662 1.04604535733 
0.860553442441 1.21673185856 1.10020089155 1.4 1.40000000001 0.972458445809 1.00760354615 1.14210742038 0.936981382427 1.40000000004 
1.14247041155 1.39999991914 1.09090104374 1.05163086802 0.97484825523 1.1776867821 0.948055763822 0.972569074716 1.23478749631 0.951788876286 
1.14213143802 0.92015529981 1.00385499912 1.16054862303 0.977358160146 1.02611901263 0.695471166327 1.05864985233 1.10783471642 1.01366353483 
1.39999990731 1.00601778118 0.839345658674 1.14213143479 0.770679975021 1.13692343477 1.00001008093 1.08943233102 1.0191144337 0.870064126959 
1.14077515664 1.02342919654 1.40000006943 1.12001827425 0.993915446562 1.10141667127 0.882892199006 1.39999999994 1.14210742036 1.15654735025 
0.694343276373 1.14210742021 1.00721890819 1.39999999913 0.935460999281 1.16331211387 0.968100633158 1.40000000016 0.712280182158 1.40000000007 
1.33828170572 1.14242636898 1.16501892453 0.735981809313 1.1424857967 0.647392119854 0.964352085765 1.11038145954 1.19539374345 1.02531686511 
1.40000031031 1.10430777906 0.984269223063 1.21093118286 1.08336006638 1.0127365816 1.1421287358 0.923863710921 1.40000007059 0.982295125794 
0.958365521725 1.07828928371 0.678842049148 1.14213143477 1.39999989658 0.905177816407 1.0995571324 0.74495302073 0.939748836842 1.14213143477 
1.13746743145 1.00219723778 0.71082261573 1.40000000027 1.01470665191 1.28824515107 1.09151987098 1.08851547419 1.1421208232 0.866640631033 
0.943256315964 1.39999998978 1.09855215035 0.984030192649 1.14244688345 1.18991710308 0.795540569668 0.845725835495 1.40000000014 0.852393447377 
1.03750733396 1.0105981007 1.14213143524 0.957274349664 0.807219759981 0.991748061599 1.00908745728 0.865405123162 1.39408062765 1.39999993584 
1.16689696708 0.669395658994 1.35453703619 1.14213143477 1.33182686137 1.14213143477 1.06771837298 0.990097952004 1.24551660386 0.634472880288 
0.975580946366 1.07324083026 1.04064198112 0.659227343916 0.861709217593 0.939000099292 1.14298558262 0.722737151745 1.4000000056 1.07263287422 
0.984328741978 1.22151753828 1.14213143479 1.27075392707 0.610607005048 1.30499272782 1.39885162044 1.00276343455 1.01894094944 0.587012841253 
0.69881539975 0.971847152377 1.03604228868 0.97240927912 1.40000000003 0.971521547354 0.952808377303 1.03346128952 1.14177967863 1.14213144887 
1.14213143479 1.14286534888 1.39999999693 0.819998778238 0.914363156593 1.14210741873 1.03403925416 0.834298626867 1.07971610721 1.39999999998 
0.736999285052 1.14220697533 1.03306293819 0.967708774646 1.01830568425 1.04844414011 1.14177091389 1.07932032772 1.40000000235 0.860385353524 
1.08300680323 0.966699714693 0.996125564614 1.08657309952 1.14251850287 0.983409195005 1.04490530144 1.0206244433 0.873377921834 0.913061409628 
1.06746135374 1.01418246503 1.4 0.790724624459 1.0352307908 1.4 1.08126635368 1.4 1.07215017738 1.14210741974 
1.20218676967 0.924642167616 1.39999999995 1.14212973653 0.944028960612 0.943473836243 1.01315094396 1.14017812227 0.9136150676 0.94792070241 
1.06583968899 1.14207082814 1.26629873087 1.02502354023 1.01983356121 1.21806347321 0.970969344829 1.40000000053 1.26327085087 1.00973144322 
1.14213143477 1.39999999997 0.958300102145 1.01441772528 0.818600694353 1.12054576598 0.822293973645 1.39999999995 0.993011230279 1.0673229608 
1.00179336886 1.16044728722 1.07556252854 1.3999999735 1.08251247702 1.12686710967 1.40000001218 1.39999999978 0.955420755908 1.14246217212 
1.39999988803 1.39999992253 0.896413508564 0.868519965446 1.39999969495 1.14213143477 1.04784385769 0.886812595739 1.0841650562 1.01516355292 
1.39999999999 0.906956718325 0.904758609861 1.14213137683 0.636752526008 1.39708924364 1.26426573666 1.1203384235 1.01684131231 1.14213143477 
1.39999999197 1.39999923318 1.1421305191 1.19137901441 0.996479980863 0.991892672782 0.786785665069 1.39999971316 1.04580699556 0.99957305871 
1.40000000059 0.978512509252 1.14118979401 1.14213083659 0.973984726035 0.93615419809 1.39999999999 1.03389428656 0.80611205628 1.39999999934 
1.4 0.748891594124 1.08077462194 0.977215656224 1.01124158294 1.14213144899 0.976249779376 1.07470530024 1.14210742032 1.4 
1.0339004621 1.39999998618 1.40000002303 1.39999999896 1.14213083659 0.978509000287 0.973980700196 0.93614816738 1.14119001146 0.806112968145 
0.857007625515 1.40000000296 1.01461578756 1.39999997777 1.35508549972 0.880236518664 1.01139925483 1.06044878609 0.704663397777 1.14213115346 
0.890775535861 1.14212697411 1.06131979453 1.07498738058 1.01005496105 1.28187706607 0.984727322473 1.34354973635 1.14375712927 1.39999999995 
0.885028470689 1.40000000001 0.901751571449 1.04355073009 0.983306335086 1.14213142583 1.22460200259 1.40000000002 0.8763826877 1.02251974541 
0.997315987855 1.39999999882 1.13415648927 0.852727518381 0.996975466041 1.14213143481 1.03513465744 1.10435161185 0.905176394868 0.948857260245 
0.652655027708 1.39999986429 1.31142999258 1.01183917122 1.33672600881 0.853988508867 1.16783698111 1.14213143309 1.02888100853 1.02552281466 
1.00332822364 0.991784514986 1.37775424841 0.563764595807 1.30537767383 1.00909598238 1.14272478255 0.960710467893 1.39999999861 1.13418251039 
0.702718882896 1.11507441166 1.14211177051 1.28237459186 1.16943458293 1.19889049598 0.958608176207 0.952030406347 1.06369714846 1.40000000343 
1.03826727021 1.17830166403 0.896847375497 1.01392157792 0.99435232772 0.733192286843 1.28352024904 1.18476327426 1.14213143514 0.995522709228 
0.937487742029 1.14210644193 1.39999999949 0.729159450549 0.792488252195 1.14154716497 1.02789691754 1.07461322315 1.14213143477 0.739245626743 
0.837785055525 1.06898280103 0.609268091218 1.40000030014 1.14213143477 1.01465207489 1.15220213373 1.10280229202 1.39999999936 0.996282126723 
0.882865593808 1.14190708892 1.40000000189 0.977031493986 0.932630211322 0.862253863108 1.06120262988 1.05448583966 1.002234583 1.14213143477 
1.23847204862 1.01667408761 0.974122683976 1.09313797399 1.35947202091 1.0774527235 1.14213143477 0.666271745319 1.14213143476 0.781299461183 
1.39999999992 0.611808952455 1.05619868375 1.14790957714 1.39999999993 1.39999992211 1.06251870324 0.626177948859 1.14213143477 1.39999999996 
1.14962324372 1.23470725945 0.896811748125 0.855420245721 1.10262426039 1.01220773487 0.986715505363 0.964416136342 1.04217657256 1.14251298947 
0.868142240917 1.14102360483 1.01604031062 0.91680244224 1.14213139065 1.39999966102 1.05553608318 0.90145028336 1.0342015821 1.19104220338 
0.991563577788 1.14180082197 0.963966807563 0.993435651878 1.04897920731 0.885948957105 1.39999999955 1.14212998791 1.03957908798 0.97178628885 
1.07703876691 1.03289335006 1.14213143477 0.675999425253 0.943540436882 1.14213143477 1.04590968873 0.8567484879 1.32768550987 1.31802049282 
0.79751126105 1.01044267212 1.39999999328 1.04439329956 0.907965944013 1.24064314948 1.14213035115 0.998049037369 1.27454789036 0.881421056511 
0.755029812305 1.13287760348 1.1281816308 1.39999999971 1.24010509451 0.994246789811 1.14213143498 1.35569382204 1.05917544279 0.733349736097 
1.26538161641 1.34658012673 1.39999999956 1.06941012452 1.0415570053 1.00247410431 1.19347938432 0.918898467211 1.142130567 0.982436405257 
1.14213032517 1.01092200071 1.2571028803 1.16133738166 0.907645224542 0.997376128463 1.03540612321 1.39999999991 1.3048603516 0.702653179191 
0.836809652574 1.14210743145 0.928069193596 1.03883619104 1.03094574408 1.33201503173 1.40000000004 1.05962573918 0.779589125267 1.0197878118 
1.17785797915 1.043892199 1.40000000022 1.40000000007 1.15032928922 1.01014276085 0.9149392421 0.959687096124 1.40000000004 1.14209411575 
1.14213143477 1.36799540314 0.953183861716 1.02448743859 0.976759440868 0.969821545766 1.18794900076 0.968053712779 1.04044164512 1.14052756539 
0.976440534748 0.611998913613 1.32247327787 1.09367280111 1.14213143774 1.24702191882 1.20911088279 0.974282953995 1.07597251841 1.03449098372 
1.14669646876 1.09101119161 0.994523300272 1.02268931493 1.11808848819 1.00849068863 1.10356006175 1.39999987997 0.976535490694 0.826243205709 
1.02938751313 1.40000000001 0.844730650276 1.39999999577 1.14213143477 0.905264099019 1.08980683445 0.887265712016 0.998821056278 1.14085693196 
1.18140521802 1.14213143477 0.838961415364 1.35829580705 1.31678782499 0.974269154488 1.06183609943 1.39999972202 0.731957352655 1.0762207396 
0.877532221174 1.14212348187 1.25702202553 0.86557307231 1.21157355689 1.23240600547 1.13899623724 0.959012073177 1.39999999998 1.01385205302 
0.806120177793 0.978536583723 1.14213083659 1.40000000115 1.39999935842 1.3999989845 1.03390385439 1.14119013279 0.936132785072 0.974075561345 
0.987804458145 0.967444424455 1.14251562183 1.30631049196 0.767352063553 1.01434087806 1.00303020745 0.809650644612 1.14213325577 1.18648731927 
0.961150363571 0.644732981719 0.690767070157 0.940679810892 1.40000000001 1.4 1.2080025733 1.14213083631 1.21922740567 1.32206265139 
1.07446987814 1.31219563844 0.720485337164 1.16789815262 0.926753789447 0.932106137368 0.983836300532 1.1423852997 1.29396911045 1.02533410739 
1.39999997918 1.11349119614 1.00091281473 1.03419321233 1.40000000099 0.847271552047 1.40000000115 1.14213064297 0.935917528346 1.14118584312 
1.12451926255 0.939056125964 0.886481850219 1.39999999978 0.943480145017 1.1421314362 0.844748206623 1.40000000269 1.162543338 0.990435254725 
0.847717008047 1.00985165145 0.983312344831 1.14213143468 1.04657005994 1.38087897312 1.19757802569 1.13956655809 1.4000000026 0.856181419389 
1.16547319364 1.05037364973 1.09058403524 0.974830176506 1.39999974871 0.698106362969 1.01774906486 0.979061936711 0.71587825237 1.14213143689 
0.834743274937 1.39999998953 1.39999999945 1.39999999971 1.14210742126 0.999234525219 0.781836050089 1.39999999711 1.23228029288 0.833203224027 
1.14538186536 1.12509416012 1.39999999937 1.16898721032 1.02031330219 1.12300516325 0.547279187508 1.14213143477 1.32553074668 1.09827071523 
0.831224900516 0.682925780253 0.625551414065 1.31978115494 1.39999999995 0.851644164651 1.39999999995 1.11339223002 1.14213143477 1.01299766563 
0.960753235414 1.10708668094 0.976684532122 1.1424982877 0.835380010346 1.23856912795 1.26780224847 1.19733760542 0.854155907444 1.0126990489 
0.815584557087 1.39999998733 1.00131126508 1.02842203527 1.14213143714 1.00806113302 1.39999999622 1.28046335592 0.842857658758 0.643520599355 
0.713035530918 1.29178688381 0.766273668001 1.00846002731 1.14213143477 1.19542340727 0.901069460583 0.654403882122 1.40000364179 1.00330185242 
1.39999999857 1.39999999414 1.40000002164 0.918000196503 1.07996535207 1.0068220969 1.40000009493 1.00896394533 1.14210743021 1.12214775494 
0.973252609321 1.2391250134 1.14213103688 0.898539060147 1.40000000001 1.39999999995 0.582758811895 1.01779851373 1.39999999968 1.32143470468 
0.893718605835 1.14185679156 0.726974720529 1.01777179922 1.01418751833 1.40000000142 0.960345524516 1.39999971253 1.39968998629 1.13574447764 
1.14213084957 1.33115974212 1.00258842149 0.910223128398 1.03115690566 1.24807382466 0.643363958273 1.22643779193 1.09158742331 1.40000061121 
1.09134936562 1.008545842 1.39999999342 1.02431092943 1.29911499437 1.14213143557 1.14210741957 1.05914843284 1.39999999997 1.08030533629 
1.11552863667 1.39999946361 1.13036795546 1.01087187184 0.630880509177 1.05533664484 1.29363537537 1.00000788971 0.995224042169 1.14213143538 
1.4000000003 1.13966677202 0.939570509899 1.39999999988 0.89319845026 0.952032648093 0.859227663046 0.934414829394 1.01790002854 1.14212961152 
1.14212843451 1.08825800154 0.888266844314 0.99299126872 0.874902705671 0.975280481901 1.15664315776 0.940723652596 1.40000000021 1.03971666103 
0.915798973758 0.937694173609 1.39999999415 1.14243229011 0.798197852419 1.09190630015 0.985540865449 0.845409359311 1.39999987756 1.20248032238 
1.40000000039 1.14212946259 1.00818139727 1.40000005435 1.03277301498 0.871431005402 1.13379458917 0.972017114646 1.00632923881 1.23781697419 
1.14213143563 1.18886374505 1.4000024251 0.901643869914 1.26327210833 1.39999997233 1.01057785586 0.643940399089 0.911301390093 0.995064795255 
1.14213143477 1.00829886938 1.07770078658 1.39999999959 1.14747866411 1.0047218146 0.892837407096 1.31415237583 1.04834694682 0.636423998171 
1.01494969745 0.86750610279 1.14213143467 1.39999999776 1.40000000153 1.40000000502 0.840171769703 1.06670641534 1.01827131823 1.39999999952 
1.3050182482 0.994285065953 0.981429067103 1.40000002458 1.30461800192 0.998146769654 1.14213143567 0.686376322921 1.08935939272 0.993481682776 
0.959862630822 1.01522182332 1.14213143477 0.656483033681 0.767190235205 1.18001791991 1.39999999887 1.01713783985 0.818469955626 1.40000000658 
1.14210742037 1.17703348999 1.22250137544 0.940570226027 1.0027424684 0.953275762596 0.918150512185 1.13669038001 1.40000000341 0.934978362673 
0.840637430904 1.01597321022 1.39999998042 1.13943259731 1.12464927902 1.39999998794 0.793221324784 0.973555237019 1.360655997 1.14213143165 
1.04693623822 1.14251207636 0.855255841743 1.1529798345 1.23960481282 0.964171040153 1.01268450792 1.1022521654 0.986594239494 0.896382076751 
1.39999999988 1.14213149651 0.995613289563 0.989038241293 0.677331978794 0.848472150971 1.4 1.00244349639 0.746669912648 1.21923431395 
0.947553173063 1.01954569444 0.782155741368 1.15158976646 1.10237745186 1.4000000428 0.987843594064 1.01308804784 1.14245953299 0.729981349751 
1.14213143598 0.979035985943 0.981810913096 0.985112906697 1.36572135543 0.869798120456 0.802795199066 1.07257206851 1.40000000008 1.00602738646 
1.14213143477 0.947627266087 1.14068117695 0.970227851636 1.39705075324 1.03988735634 0.975228426054 1.02530716023 0.966691057147 1.16966582859 
0.857022692422 1.0274277848 1.40000112518 1.00996227526 0.846470925883 1.13079228467 0.976984473465 0.815847315645 1.14252739061 1.09684443438 
1.39999999983 1.16707650947 0.984694630179 1.08010834842 1.0087053176 0.950229959591 1.0120852862 1.38800204617 0.695579351748 1.14213067203 
1.07607483103 0.911779847618 1.17485822541 0.960902924524 0.66286010293 1.14213143475 0.886897566219 0.782231284765 1.40000200394 1.14213143477 
0.83433876841 0.920374669462 1.14213147835 1.28157263976 0.874838770761 0.930313430462 1.39999999948 1.04950769498 1.40000000031 1.14213143476 
0.922718412561 1.26457417011 0.782394812417 0.999816181567 1.0122175564 0.92962412809 1.14212995444 1.3450159009 1.00130040586 1.23388048365 
0.779635536175 1.39999798708 1.14213143477 1.39999910536 1.0846923901 0.990585832192 0.764004804409 1.14214288924 1.10862409396 0.616364538917 
0.713500955556 1.25125742719 1.03596355076 1.14213513945 1.14213143476 0.894431800906 1.28640012744 1.39999999984 0.98794262749 0.926036988376 
0.971509677962 1.11992068008 1.32947032936 0.624963422009 1.06826557904 1.04340157169 0.678203051202 0.885765000972 1.14213143551 0.99408692775 
0.99421094211 1.1854783526 1.14170563085 0.895776441911 1.14213114162 1.09560999716 0.710863302405 1.04149489729 0.930361806752 1.40000000126 
1.39999999999 0.945050538902 0.974390876227 1.09223398381 0.996618346815 0.977499053988 1.09097305583 1.14426137135 0.99568861694 1.09410536073 
1.14213143477 1.14251363187 0.971387650346 1.3999999919 1.4000000373 0.866924872225 0.814450551538 1.11219606362 1.09532760389 0.939493464414 
1.14207745119 0.974704006059 1.18777312142 0.942338623007 1.40000000004 1.02547740334 1.12794442277 1.08824483989 1.40000000564 0.918667049502 
1.14213143478 0.880394916706 1.01535047656 0.978635919726 1.1394138929 1.0178357801 0.954842404389 0.957659217067 1.13164204969 1.40000000029 
0.853945130123 0.975898105769 1.1430563613 1.15568489229 0.968107565698 1.02068813376 1.14255829709 1.18311301274 1.01820033403 1.0714694449 
0.963224950493 1.10569062392 1.14211674551 1.04993610821 1.15833829656 0.938471126725 1.00106570042 1.14213141586 0.596726438819 1.00114093883 
0.87500382878 1.37762671099 0.886212042693 0.821107905356 0.887349271577 1.03574531606 1.08598002471 1.14213143477 1.14124087752 1.02254735035 
0.989609616169 0.852370592301 0.863103199805 1.14213144315 1.29612677996 0.810608214638 1.00038013365 1.04341687732 1.39999999872 1.3999980606 
0.915229079832 1.14212856952 1.34251816746 1.26598985297 0.842639250203 1.37007025505 0.999541396872 0.995381787787 1.26161736371 0.941365788725 
1.14398901659 1.12251308122 1.15089552141 1.39999999995 1.13805332777 1.00410753343 1.05485083092 0.617163756503 1.08809027579 0.998478305538 
0.688536132343 1.00153002704 1.13825166276 1.14213144225 0.967593023162 0.993633983964 1.07466037774 1.40000000009 1.03922704533 0.997813937651 
1.15214013877 1.39293089777 1.17489288425 1.06324654215 0.99061842002 1.40000000001 0.642145669497 1.03672557747 1.01462922492 1.14213143477 
1.40000000025 0.990658150801 1.39999999998 0.765831307544 0.87529809653 0.9981347018 1.02401650346 0.933372264945 1.14213143477 0.702532885109 
0.823220284586 1.00395597349 1.14213143479 0.76128913194 0.680622991527 1.13679078487 1.36107721466 1.06191825875 0.758408212976 1.15650864967 
0.789803229531 1.39999999724 1.14213143655 1.02527817571 0.700259945093 1.32335951789 0.997650632838 1.01405183265 0.907335027636 1.34367422034 
0.944601481184 0.934620277631 1.01306244313 0.902861444036 0.730269494094 1.39999999923 1.28378778267 1.14205875802 1.14006471873 0.928655942158 
0.980485361309 1.14210742002 1.31269800914 0.963056056833 1.25184574548 1.12118731613 1.40000000275 0.775811011367 1.15444608567 1.10047722243 
1.39999999994 1.39999999946 0.82404105507 1.09713960602 1.01400032724 1.4 1.01462923326 0.831689621175 1.14213143475 0.791422029891 
1.00803374458 1.1446906094 0.9303023527 1.18752757222 1.39999999786 0.993408118061 1.00042678786 0.798844563983 1.14213143742 0.933772451397 
0.933480430602 1.01300287545 0.971525299851 0.983218497088 1.10627372192 0.904701768934 1.35464123559 0.950954326653 1.27972023942 1.14234426065 
0.972279848595 0.964846948144 1.24077279864 0.557480683809 1.18351052517 1.02736572816 1.14213143519 1.01676574104 1.23108605175 1.09757197452 
1.24889734343 0.563707787457 0.938266679318 0.972259348254 1.09543725344 1.14213143533 1.23509795843 1.03386992026 1.03640277556 1.40000000012 
0.881858922357 0.631467326212 0.912820071575 1.14213143479 1.30639485481 0.742376329512 1.38503314499 1.35146980942 1.14213143477 1.08012458586 
1.39999993958 1.0463014382 0.989031019261 1.09485331329 0.82527560197 1.14211252963 1.02836203877 1.02259062926 1.40000000041 1.40000026706 
1.08932317456 1.04124378519 1.18125593795 0.958558862462 0.98539391465 1.40000005347 0.787423440002 1.14251024976 1.14210742012 1.39999999903 
1.40000000248 1.39999993044 1.0810674973 1.1419896991 1.00186222683 1.14213143477 1.02815600556 0.973989427168 0.89255603366 0.914628736748 
1.1223431927 1.07624006348 0.99402271189 0.998549331344 1.29591630618 0.598926125898 0.842694031517 1.14407435365 0.623244602968 1.09011168867 
1.05262148623 1.00067681031 0.984348222058 1.1421300934 1.39999980332 1.40000000013 1.18243882232 1.03203738999 1.00338153928 1.1418859336 
1.39999999998 1.03710783718 1.05947839068 0.899459097368 1.03607440539 0.623389651961 1.39999999993 1.14210742036 1.3999999999 0.846181438852 
0.610280296529 1.14213143494 0.804319668032 1.01775844252 0.583728989809 0.992696818778 0.985341666579 1.27187009415 1.26905972268 1.25713762614 
0.83763508189 1.07130189539 1.14215405745 1.00641613719 1.4000000932 1.14206469685 1.19193754477 1.05537568227 0.99245712946 0.978709942882 
1.0254163998 0.720487394068 1.14238529378 0.932159618965 1.07448209835 0.983847936976 1.31217110814 0.926751188923 1.29399560425 1.16798825592 
1.39999997702 1.4 0.934254403779 1.26479044019 1.14212873006 1.02266761248 0.99040086464 1.31415053434 0.855825019632 1.39999999961 
0.929204511114 1.1423909788 0.912821430285 1.08739995224 1.27832752793 0.956978919747 0.998942431086 0.986217929129 0.797359751515 0.777797759267 
1.18745770648 1.39999999878 0.985720728828 0.763825729814 1.04958984488 1.00001866052 1.25705343948 1.40000000014 1.14213029737 1.07457934746 
0.851428630373 1.16481419155 1.07915869593 0.807142434626 1.14213143477 1.04245783525 0.800078748304 1.4 0.680496090239 1.11575753726 
1.00309246232 1.30870823001 0.907663663869 1.40000002546 1.14213143477 1.39999999999 1.01535739158 0.646833236377 0.758252834101 1.08147973614 
1.27573787066 1.39999999584 1.39999999983 1.40000002718 1.39999999983 0.803274805353 1.38080297636 1.14210742036 1.0313545583 1.30490972785 
1.00845067961 1.00815732664 1.40000000014 1.14210742036 1.13084073963 1.39999999787 1.01517867034 0.701856236793 0.695744887322 1.0510886275 
1.02021206785 1.30740598225 0.697467300663 1.01588863393 0.977756219388 1.40006881423 1.01054823137 0.634394615001 1.14213143474 1.14213143479 
0.949256365761 0.976433691627 1.14213143911 1.07587862632 1.36050074647 1.03295667951 0.855790809279 1.00914139854 0.793647720963 1.19262201184 
1.00446681551 1.29616353425 1.04272624546 1.00870852364 0.933956851342 0.62283786886 1.3999999887 1.14213143507 0.711831789712 1.12420592917 
1.2354658307 0.877871848238 0.980855178667 1.14213116665 0.880935034135 1.02139026082 1.2400055577 1.00287523817 1.11899866918 1.31134654923 
0.805498158046 0.991375752884 1.24338093229 1.05833008749 1.27956915873 1.01784627213 0.87639859394 1.1421300666 1.39999999871 1.40000021577 
0.991463421589 1.35337282781 1.40000000006 0.761350447462 1.1892090468 1.27267203605 1.14213143477 1.00849195625 0.69539629662 1.01497490831 
1.28218395824 1.14213143579 1.00547960579 0.98351004474 0.832274562772 0.904965894854 1.20552355327 0.631091677681 0.999974740708 1.39999998657 
0.94435203828 0.977699256198 0.845617048054 1.02167239312 1.14245093723 0.797014536998 0.994724550558 1.26707882945 1.39999999554 1.11845864444 
1.31828641481 1.40000000003 1.14500166418 1.14213143567 0.651186690159 1.05728071048 0.712000698715 1.08243847877 1.02532294931 0.995535260051 
1.40000000002 0.902680201302 1.39999999504 1.11822129764 0.767547698519 1.11357753957 1.01907614675 1.14185728398 0.944259197194 1.02306953718 
0.98904969025 1.14243510428 0.940588587813 0.884941916717 1.10308568342 1.01936784344 0.867118543655 1.03165192284 0.923443818316 1.04360809653 
1.01601884688 0.571648274337 1.14213143484 0.980736245817 1.25934800024 0.994018327429 1.15344149637 1.32369037389 0.612560263926 1.05306399856 
1.11188144964 1.14212870212 1.39999999999 1.40000000886 0.955025472748 1.39999999563 0.695580758534 1.07892702802 0.978042305183 0.977085743767 
0.939084510747 0.994590401518 1.04658195668 1.06639814204 1.1416685137 1.14213143477 1.36615354128 1.22515911648 0.82519883468 0.922314163053 
1.02527500786 1.16783686258 0.926756000565 0.931957489087 1.14238530501 0.720812925489 1.31214536008 1.29394853565 1.07449097917 0.983840105916 
0.952731115236 0.969034735315 1.14247095316 0.894491292077 1.14211599418 0.805634613898 1.31487802491 0.921388160836 1.04300297739 1.08148163668 
1.25774672916 1.05773511494 1.05587701833 1.02091112133 0.972090817515 0.958180373636 1.39621466517 1.40000002723 0.695946291019 1.14211191806 
1.18785543054 1.14208095079 1.24929194358 1.14263446275 1.00596477303 1.06454617646 1.08167442506 0.994999401464 1.39851096335 1.39999998288 
1.1734056702 0.679849203784 1.40000000142 1.37875547632 0.626881789944 1.40000000807 1.11884850528 1.39999997291 1.14213143477 1.05150021267 
1.06365040107 1.07476087986 0.914225227866 1.00495147625 1.05905392801 1.14213143477 1.40000009099 1.14213143365 0.890111583951 0.710964665401 
1.14213143478 1.00944415665 1.09060830289 1.39999998209 0.969802852708 1.21120350987 0.86050705033 1.39999989335 1.2196577635 1.40000022775 
0.993204330021 1.40000006217 0.923634021476 1.21014053555 1.14213105631 1.26463744954 1.00600130772 1.14211645001 0.627918796903 1.16839337396 
0.942654113255 1.39999999993 1.14214279679 1.39790117889 1.06603338615 1.18958358389 0.929212857053 1.14213143477 0.964524389573 0.949073076186 
1.0201437066 1.01425060874 1.39999997454 1.40000000333 1.14213143477 0.906340912807 1.19039163057 0.992270501127 1.05602288839 0.668633877103 
0.995356263625 0.896936115617 1.01504583402 1.2826670309 1.17932675933 1.03766743382 1.18462461699 0.994251987331 1.14213143514 0.733314053594 
1.14615040895 1.22640706642 0.630660901299 1.40000000067 1.03157138042 1.14213084871 0.997249176583 0.924496287248 1.37617064488 1.32331657692 
1.05942708181 0.94387867734 0.901373993176 1.14218962362 1.13372294744 0.938390464725 1.10259284829 0.786753718935 1.40000000488 1.14213143475 
1.15271279639 1.01646824652 0.997820135831 1.11180988358 0.680159277598 0.85704295834 0.984847050734 1.14535586163 1.40000000002 0.838251249027 
0.940033155552 1.14249976373 1.01983187727 0.838499653439 1.12199032168 0.885691489723 0.597953879094 0.959919322334 1.008911798 1.03749969258 
0.930638236451 1.14796295058 1.00788459456 1.00134916476 1.00048430409 1.18903341679 1.39999999964 0.930337599744 1.14213143863 0.796925590977 
1.14211237637 1.24505870334 0.766681784726 1.23746903457 1.19594389594 0.637080680432 0.904547053648 1.00047404284 1.14212581365 0.989681659041 
1.14210512403 0.895733083805 1.0703179675 0.744252702097 0.960982578258 1.39999994972 0.894239053014 0.999067992649 1.39999999265 1.14213143477 
1.25410422778 1.40000000241 1.34104797383 1.14213055328 1.28887942257 0.997370331768 0.910286014156 1.27573936669 0.679715487823 1.02063577757 
1.14213143754 1.39999958638 0.99416702129 0.984392589522 1.39999998862 1.01023328988 1.04027340697 1.02202355683 0.803026986068 0.862026517679 
1.02307877534 0.944906492995 1.14210389171 1.21043483115 1.08293677179 0.604870098308 1.04521210132 0.933246593375 1.39999999987 1.1421314347 
1.39999999977 1.05940953005 1.09058441064 0.976385407877 1.23764647917 1.08319296243 1.4 0.890916027481 0.999956039659 1.14213106573 
0.939136299055 1.05144211437 1.39999999982 1.07989067079 0.974001458256 1.00011498773 1.06536344401 0.982565355909 1.10494710696 1.14497361089 
0.940992203546 1.04701511791 1.10785429784 1.25132047704 1.14210816003 0.60574319651 0.952219859128 1.1421314346 1.00502731946 1.4000000001 
0.975990465569 0.712027313925 1.04728618186 0.864325407604 0.816530520564 1.14190290944 0.864209631419 1.08757206956 1.14213057144 1.39999999999 
0.950495291386 0.975220491976 1.02698550686 1.01763901292 1.02589036971 1.14432062899 1.14236894692 0.676492627029 1.00525891018 1.19938456077 
1.08941229096 1.40000084486 0.77632290852 0.672846012573 0.996450791782 0.966326026287 1.14213143477 1.14213146574 1.07037766632 0.959096934818 
0.995069786556 0.952713737828 1.09059397548 0.997757705599 0.848416718944 1.40000007285 0.819876072201 1.14213143477 1.14201790857 1.30693131642 
1.1424172744 0.939529260344 1.24305687974 1.01478791982 1.4000002018 1.09658818971 0.945442140437 1.0957180117 0.987148900155 0.75227917915 
0.979157690578 1.01926338637 0.87522922842 1.23664739302 0.947242610993 1.11815300669 1.23507139029 0.878222975291 1.31927572168 1.14213109943 
1.27379781974 1.27393866976 0.718473527872 1.39999999978 1.03388183807 1.23386574242 1.40000000038 1.14213108617 0.950920707475 1.01999660583 
1.14213033204 0.881015624836 1.3999999951 0.998117322483 1.04418219193 1.27451761533 0.799777778014 0.907917055399 1.01033019592 1.2461812033 
1.06097967561 0.8282485679 1.14213143477 0.736260157798 0.981116851917 1.00036978378 1.39999999544 0.997525084176 1.14191775802 1.24503376412 
0.977855040506 1.30739291886 1.01060886022 1.01582685534 1.39999998901 0.697498433295 1.14213143474 1.0203031842 0.634342240742 1.14213143479 
0.996049601235 1.04961332549 0.867868574439 1.14212863874 0.999198633825 1.26585250548 1.25369111965 1.3784712688 1.39999999886 0.884275543622 
0.970238663668 1.26314128784 0.982245481599 1.11173167932 0.975562850327 1.39999999997 0.921210480489 1.16781576919 1.14210113759 1.12820139422 
1.23399722319 1.01250161914 1.34486774549 0.999845884663 0.92267653345 0.929581944472 0.782433729176 1.00134137798 1.26462087226 1.14212995532 
0.996139504974 1.08322410391 1.14213143546 1.01133560195 1.19098635615 1.0960779254 1.40000000006 0.991519405231 1.2791170214 0.589253088676 
0.76162572274 1.04223066501 1.0103153122 0.740104994672 1.05453879047 1.30526904456 1.14213143688 0.990565975272 1.02183900775 1.37620232576 
1.01649208905 1.03503209858 0.95741638766 0.963715013685 1.07444247235 0.859360005461 1.12115454516 1.14213143477 1.14213143474 0.649075550823 
0.957047108592 1.39999994151 1.39999999781 0.881337331062 1.14213589947 1.14210741952 0.928902240262 1.06018859307 1.24829876396 1.00355802356 
1.06787879575 1.14257330862 0.97994522486 1.10505700849 0.975203007718 1.4 0.880185951983 1.13539291497 1.01803652429 1.23412603744 
