445.558829161 -89.7441540223 -312.047265229 185.667984106 28.6878994584 -73.3946018303 -454.125392557 283.233127765 -29.0468425204 434.645716022 
-316.868304644 389.434120241 182.362564017 -459.855052092 -125.688458379 462.22854479 306.70051298 4.66807282939 -29.0468425173 -144.080310226 
142.797764537 -84.0113403718 -374.251058835 -29.0468425172 308.238641367 406.92178005 -37.389820883 182.240510403 443.990007213 -81.3193530649 
383.287450764 29.0468413164 -322.536780662 -101.558965958 -134.264215999 -366.884458008 246.242320189 441.148451575 -319.100141334 0.119201986454 
378.691134108 -451.018621632 82.9115457289 150.295027681 -72.353089431 306.737748673 -32.027163242 -316.197205895 454.265865957 12.9888210456 
237.81948115 -218.659904057 -275.769660032 373.488369406 -0.851777011517 -205.490538547 -426.238789336 17.0260173154 29.0468424464 460.370170303 
199.400237515 190.662545636 15.190000658 459.66099604 366.231352142 -419.380078554 -29.046842517 -318.054987841 67.9306893134 412.955172057 
20.7653597862 29.0467935126 -129.698723225 365.579200966 -292.474238886 -423.24936536 -217.926475717 -336.822136561 29.0466771062 461.060573079 
-2.20007638609 461.325110627 -393.581763693 314.282452644 402.051470872 -133.804737784 -322.429032364 -437.929430223 -13.5423790809 17.1709785539 
-215.282738015 318.198814765 304.973084096 -187.103029292 461.603153398 -217.976529161 29.0467263735 -444.733062966 6.12155441174 -435.548425874 
-6.68896226726 -205.063743496 14.63268025 -425.418599032 458.428716349 -412.706261679 -195.227581614 29.0468339145 -192.903859413 322.740019659 
-197.839946849 29.0468246219 -29.046660641 -20.5769318429 -104.791807926 -353.378609713 -413.317980319 -397.727668578 459.057114573 301.078127372 
-92.5163701675 -407.482882378 430.114058321 -81.7046587234 186.851114178 -289.865408711 -29.0468424804 339.271567436 -302.432171117 47.3046863545 
241.663623604 15.737154769 376.399239809 30.3676268011 460.699591683 -366.967007073 -315.678482866 -66.3422459177 -104.48034545 -321.049117211 
-108.571321461 -315.447112088 446.970236002 -446.361689128 99.3774908102 405.378655339 -29.0468425155 -73.3946087708 5.29523380691 283.255713975 
410.504590153 188.728370212 246.792840348 -321.046841315 437.993535212 -29.0468425225 -101.195200084 -12.1791565921 -276.474805566 -459.085124964 
-251.922235014 29.046839659 309.828956139 -389.616764502 -14.945087651 -25.3464816538 -217.268202183 -434.462781715 397.030141465 462.078640331 
213.016212146 -325.041215668 15.480839111 -103.605036869 -308.281125682 -430.115046905 408.850567951 -29.0468425533 418.299470408 185.052796841 
-185.449833296 -5.56575140996 461.10584107 -29.0468425171 80.4097161998 307.775975621 -141.370510553 186.66846784 -227.834320387 338.010735131 
452.351825168 -318.608225776 280.229145293 308.317735928 -29.0468426869 -4.37896161203 -235.259188993 31.5777811072 -8.92374691245 -455.486995378 
-29.0034152705 -66.1783309378 -402.006379312 252.550276795 446.3148348 -367.869774167 -13.8131946794 -20.8654877418 434.335590579 -323.522040714 
458.321100846 -29.0468425173 406.375455034 29.0449017081 -308.961728517 -106.246266574 -286.376855271 -405.379215742 288.251692222 -88.0940299303 
372.401886982 -29.0468440446 -19.8269848919 221.9096933 -318.541297038 423.124010057 -69.5155521262 7.63963937646 -405.773410746 235.969188334 
-100.303024533 455.096048652 -378.741928492 -389.660708869 305.53131692 313.161276438 -28.0370826367 -55.8016945314 -29.0468425172 -418.789420489 
-29.0468426194 -5.81326081732 460.204303474 -239.088855011 -454.193789824 -15.4602507523 -318.878258638 411.436229299 27.4597707715 186.752166948 
-430.018499247 -29.0468425175 307.67095952 459.261654773 -29.0468678473 -40.8558720204 -378.721676741 -385.670833081 -62.3203155559 310.28832396 
29.0445765881 -411.036998374 -296.408092566 -193.353285404 -0.405151516276 -29.046842653 -306.881938668 441.004604632 443.703039609 -70.8359372969 
-29.0468426501 273.314515488 35.9519771404 -29.0457006771 -442.955214575 -196.906985713 314.564156013 -399.146136355 437.631353533 449.916139208 
321.004423428 -429.05969726 459.552903179 -1.22162896544 -440.423847449 -2.41007961589 -219.840838048 -209.683265646 -317.04505632 -7.9861005041 
-327.088727238 387.071051932 94.2169585668 -72.5500944889 390.791948988 461.954143229 -372.41077655 -318.366171306 -0.442659693376 -24.0399899411 
25.6499227536 -11.1805843136 -19.2385319667 -451.715489667 460.633953994 -321.27407726 -229.705646841 -316.814055685 9.06828494851 364.218194734 
453.958315131 -29.0468426406 86.6824356088 -128.089383375 -248.55476912 56.8266447768 206.493689415 310.915752856 272.204263524 -459.209354719 
-458.263372581 -238.504222065 9.87173608176 186.693454297 -29.0468425172 -14.8024014097 -319.188698374 419.391567163 -240.16957954 454.30896694 
202.065572319 71.9798252481 -316.382342128 10.4247777372 -236.591250475 380.651608818 415.562740704 -455.445292718 -151.488130448 -17.8231638249 
2.85907537298 322.55650471 458.969208602 -315.595524643 -6.40718860792 -165.878834002 -99.0940327467 -453.785838701 -207.19743395 -426.742935638 
321.837957625 -328.942046775 419.695017855 -29.0468425171 -123.321674841 -459.08126449 -407.114788111 -186.876756315 -18.94659146 187.059006135 
-125.44754635 -372.795330722 315.439709061 88.5322331517 408.469922314 -170.286358547 -29.0468425168 -328.447586442 -17.2684398504 312.953108122 
416.239101271 287.876431936 -52.344523943 -242.00763995 -0.278721540236 -459.068458985 -28.7122645805 388.095402225 -318.856320312 189.392937373 
-392.854491123 -173.291424211 -26.1064811611 -376.449340669 -19.4815301332 -133.370517292 316.472916034 413.048477296 455.418605726 -332.101451996 
-19.5731338469 -373.107794534 -167.851228452 450.115021213 316.488111208 437.301145696 -108.076779307 -329.556667511 -397.265109282 29.0468421437 
-431.717196385 -28.0892924674 -9.69817252423 -328.575170881 318.471183572 310.053177977 -214.1468006 461.723703397 -211.450061862 -26.4092583562 
-29.0468426581 457.577376549 -321.57750781 137.093889826 65.7122084772 -81.5096387711 11.7344753384 -376.972452831 354.361271431 305.73443989 
111.699688273 -227.596271456 -105.829010122 -320.696603396 200.839096553 458.806689788 402.018757958 29.0468357303 -97.9162942373 -427.25154029 
-113.962757117 -29.0468439804 -320.525438389 -8.86590010659 405.378718837 413.240701337 188.520713946 -335.272173164 202.723292507 -430.256304335 
384.066579436 461.603496351 -448.065795073 2.65468251072 106.340623502 326.92184934 -9.41389583115 -233.560573097 -318.229021424 -105.164010576 
-451.819748221 8.21165288855 -84.433262686 -19.4439506512 -317.391042798 378.338115598 460.929405887 -230.394084954 288.03189212 -15.1083032478 
11.9735790077 -28.7360851825 267.135725809 -230.939561228 459.022937869 29.0468414638 395.887301257 -280.986020717 -429.871159925 -448.065615077 
-29.042302889 -29.0468425172 -46.2383909734 -378.583237311 -460.958412469 111.96115525 461.122369871 307.603177018 -345.924672795 311.053015644 
385.225834869 -125.717636183 461.905356387 154.029370283 91.5621756237 -9.78370478052 -35.3527655811 -284.23193217 -326.394753046 318.687618804 
299.564627186 -448.352870708 -29.0468426694 -343.784012997 460.867639187 -18.6410432238 302.331631186 73.6708766882 -228.088864328 -27.6501350291 
-309.610135825 179.995097542 -40.9626843384 461.106697822 135.779651805 -71.2911403354 23.4059232358 -90.0165990753 -431.708205874 405.378747195 
6.10394206859 325.270798359 -202.804220071 -206.094403585 -73.3947502669 283.142576442 146.364906079 459.908474507 -29.0468425171 -423.361990942 
-29.037995353 -426.752036956 66.7632778135 306.613803691 461.21715197 -380.180881606 -138.298016959 71.1139356624 301.41794503 -28.3198886783 
-107.443369688 288.192034067 -425.527456717 -223.231962013 389.11455104 462.191507265 58.3416607723 -310.493722831 -29.0468425172 29.046819935 
309.068708157 -16.0840354555 -46.3792428589 -345.819639801 414.587608955 186.019568099 -460.205737957 -176.22754147 459.739955648 -29.0468425172 
-98.8357618411 -458.540482096 -318.689716538 -98.5984364254 448.065781832 27.1455826966 -319.618824411 -8.37143014357 427.279274384 104.339953484 
106.381436028 447.345019252 -97.8332611804 -6.37931642275 -364.469549019 426.038555041 -318.874591462 -22.5694672978 -320.121882515 11.6006447065 
419.425330803 -78.986084444 -318.820934843 -29.0468427074 142.741377347 439.582965871 -313.168748257 99.173027136 11.274594154 -91.075990765 
-332.185621964 29.0465753851 462.52012873 -231.021741087 216.115934451 29.0468390233 -217.15205866 -129.100765206 -428.656117035 393.30518196 
76.1021589161 -209.393591231 -429.01153232 460.532836077 -138.766952883 188.157672968 -29.0468437857 -8.50144590767 320.822625317 -234.699210639 
-241.824647524 454.830793355 -238.430271665 -9.55881380573 -459.038945528 0.110201081684 416.321503124 189.034103965 -29.046842517 -316.443887405 
87.3559433103 312.144968429 -368.401365021 440.92375669 302.95019809 -29.0468425195 204.935345618 -86.684362411 -148.486595751 -131.442433279 
-215.233186026 -421.727195518 -319.356069104 -458.176410439 452.941491094 -12.5296431253 29.046842426 408.863857537 7.54507508349 207.420365426 
157.900779134 -354.548674713 -51.5070372273 453.590706854 29.0450436115 142.950960982 199.166276051 -28.6336929542 -189.525137695 -398.896341138 
-379.613491787 14.3686517635 -29.0468425172 313.888656026 306.099559598 452.718345878 -103.603040528 -312.607124353 -27.8049373863 -391.744970408 
-459.037288236 416.332353749 -316.535236454 189.041764109 -241.845311861 454.836222851 -1.44415101402 -10.4040611832 -29.0468425173 -238.407313904 
-29.0469964973 -133.704902092 419.809187419 -459.040245292 -324.166282609 386.730367974 -170.705179989 185.31883941 267.324436221 -0.687327183808 
-369.744457258 449.427634673 -29.0468425172 -325.396790936 -22.0502106296 311.84075077 8.60388078431 438.443942494 -150.403147491 55.3172438823 
304.999699617 -29.0468425171 450.831286355 -25.6274369265 -419.035778543 198.993101141 -374.209067999 61.7222106122 -28.1900341768 311.020668248 
-184.77651953 461.659713734 -258.355532275 -218.920082456 29.0455847291 307.847461421 400.603315591 -444.601180618 -436.142049721 29.0468335692 
-29.046842958 310.75107107 -139.177848053 -384.187589029 450.39464053 81.7447944616 -428.535255555 139.168749669 -123.448703062 -86.6496218718 
-199.076810922 -414.616033886 300.095295687 458.952207247 29.0456739774 -36.2556771022 -388.304235908 308.692490145 -29.0468554959 -224.859428057 
-29.0468545122 458.95637442 -334.207365116 -188.791268294 263.330824401 410.521241319 -35.8378859457 189.31251615 29.0468317811 -448.065756368 
-152.44931753 -320.861822499 148.5081142 -100.755548327 459.000156963 367.246920917 9.96166312412 39.9717042567 148.123786319 359.585146897 
-411.764632788 -424.609516577 -106.176054169 405.378746983 426.585489036 29.0468250449 227.767004233 -221.469228415 7.92040074333 170.299130406 
20.3036376484 309.943333986 -29.0468425174 -19.2895734246 -414.438416453 -458.785032096 462.092565248 122.951822037 -358.982210182 -198.350971682 
-185.92439095 -321.788339206 -424.871839262 263.227607836 -135.650768501 29.0468385392 396.624338403 405.869146913 29.0468266976 -222.115259825 
206.251512714 457.895849681 323.057921959 -426.726899457 -206.871841939 1.41145372202 -455.969435228 -6.68000360852 -316.020338139 0.715953506254 
448.065770982 -203.014421807 -50.1912652483 -366.137732438 3.54474843782 159.202584898 -2.79208504164 319.893324991 218.924364552 -423.249588648 
444.686897201 384.907292294 29.0468425115 -100.09724332 -320.439163446 253.048885092 -0.178596992667 -139.410706958 -319.05169748 -459.210537197 
-195.292431395 29.0468102764 458.481269271 -6.22533482653 -425.38772707 14.6215896227 322.651482424 -192.929911874 -412.733758806 -205.04630511 
-374.250631681 439.630575966 222.57002411 256.727489012 -307.729043392 -52.0331106461 221.324681605 29.0267250436 -29.0485963324 440.875918471 
-29.0468425172 303.109937299 52.5383133488 454.074722037 -313.753896052 -9.96744911144 -344.779074903 23.0373939868 -237.249345286 -459.812814659 
35.8981047659 453.958776673 416.160148698 -240.89735157 -29.0457387853 -169.14225665 188.890107268 289.394959886 -29.0468425172 -459.081540611 
-418.255537706 -371.895032798 -27.6116090288 -7.57496260385 14.3283835399 303.155477843 460.2884337 29.0468076777 -315.099934436 -197.144110076 
-371.283982617 -308.592974285 134.426399718 440.993562267 -230.363671708 72.8732799582 303.113888881 -149.44057962 0.584418296511 28.9337567057 
-371.67345762 -127.812492106 -194.095148566 328.805687729 -414.961917444 -12.5878643106 -14.3884198591 460.568506144 -327.325551579 16.1142012959 
447.492258529 -430.113845769 -2.99099394385 318.518038942 224.635786211 -210.72843418 -29.0470049163 -390.039813029 1.05779732377 258.329909733 
434.272635785 -108.838633865 316.090961211 -397.345336455 92.6774678121 -28.8833860879 -29.0468687348 -300.758290636 257.679717327 451.949094196 
-459.095790084 -237.506850932 454.650993093 -10.8965414718 -10.8429100732 -0.247135838149 410.133343714 -123.844080116 -325.951798691 -316.582634144 
1.91472946855 -323.759928357 461.958824604 -261.128082638 -18.2832874991 -436.555892625 398.048230114 -219.733796101 29.0468412369 387.111278684 
427.279134657 -319.618900082 448.065777158 -98.595184851 -318.686834677 -458.540026298 -98.8358108384 104.339383899 27.1499718218 -8.37622969796 
-75.9262081638 -64.1984639246 -325.391134714 333.693797336 -318.95165117 -16.3924724375 -2.54220419632 392.459227778 -370.627270493 461.342925014 
-29.0483004419 305.557878841 -298.687305074 79.4453301338 -73.2587739104 -29.0468398032 80.6665951084 459.552830445 -444.015148863 308.356774762 
-26.6366752382 142.936920476 -53.6742949459 -410.5641301 432.307668722 311.107955597 233.074316778 -29.0623076904 453.148858641 -394.805533138 
-143.165008886 -210.647279686 29.0468048195 27.640585245 460.932767121 -191.522925968 321.056226783 -430.161133089 64.9601660083 -410.379827975 
364.807743459 -371.036560037 462.02305159 397.50210036 -80.3882302318 -18.8725585277 1.7155791862 -317.414657867 22.9440180887 -327.946217994 
-323.793309038 -317.426497824 461.708717725 2.33324725563 224.151223831 -76.8289144218 -370.106777807 -20.487627715 391.709529759 -73.7802434687 
-29.0278937561 8.95208872983 -191.742699236 237.998919012 452.68836708 29.0467677752 280.700570344 -192.056284255 -368.238757078 -410.617792648 
-58.6504572424 -29.0468571045 -21.0996838807 454.497567822 -324.980236759 298.946088644 -253.571672411 430.113791445 -399.652662311 -40.5712624883 
-35.8177452486 -29.0468558472 -348.710921268 213.63194698 142.951002041 -393.058587697 434.735550425 306.479713588 65.4452649435 445.271362514 
-176.693335633 -191.992013989 29.0468421062 -410.525138605 -356.875895381 -25.5193025642 143.032904284 451.515534715 -401.224597943 202.302383938 
278.955102803 -238.554554625 416.217641513 -458.951432858 -29.0468432904 189.345933905 454.600411097 -28.8646064754 17.4915222474 -241.515910373 
450.909921428 -1.91037058565 -29.0468425173 -374.132016935 188.332560863 379.095251947 245.212257061 -132.841369974 -326.049028937 -79.8749376224 
438.472437682 311.885094026 -150.293830463 8.71901055001 55.4093679538 449.410527697 -22.0156426518 -29.046842594 -369.624663915 -325.276997493 
29.0468292692 -410.50683636 -56.4730522963 456.013280803 -7.94407071043 -190.504306879 221.523825542 -459.488924675 -192.66288403 316.765299039 
-29.0468425171 -47.0595713919 -29.0441687918 -169.288101512 -376.704767671 312.715519499 -389.491952978 305.05930076 -380.449119897 450.772392061 
-71.3913353206 -222.143939441 -424.917408771 203.104800653 29.046831541 405.525210756 224.668046998 -29.0468425171 -412.780438155 425.45270015 
-457.156506879 -14.6289015124 -194.941552985 411.134552434 -29.0468425173 -116.632342635 -324.007112976 87.73399988 -362.408450589 307.765187218 
401.408962604 28.8445079631 -331.5964202 -287.244638894 -221.312700641 -424.50569155 402.468917338 41.6846781628 29.0468360854 -43.9082412073 
459.485965623 -317.605544326 -350.776535999 402.50862747 29.0468237841 -120.237943196 -414.320217984 -124.345336611 19.3720027308 -190.767853152 
61.5266899273 434.642849185 -98.1513966636 -268.403596207 -457.769439076 249.459871325 -29.0468425172 -318.959065564 293.68257337 -6.72400999457 
-458.829888474 -319.878510784 453.95385067 404.510892689 12.1330173287 -239.341037324 -319.004173281 -15.8531950032 -7.6131108337 -124.032608264 
-337.301336861 -88.2872960974 -381.649003589 -315.523016329 428.072967836 143.100791464 -81.9269800749 88.1547812282 19.3703655959 373.114216212 
309.9767932 447.620669864 -340.744952608 -29.0468425172 119.91421752 -32.1472162823 188.673551123 -97.7827453787 409.227781439 97.5543182017 
248.003778324 443.580827201 -29.0457678317 -73.3934342628 346.857857595 -155.233478785 -375.040296774 56.8644990088 308.095238458 -29.0468426344 
30.5449759687 321.472720157 -203.311269884 -299.62272402 436.083371093 29.1051521705 -98.2820681834 -318.766495782 -425.776409441 -2.60313976211 
34.8359965539 -394.096872426 -99.0073389348 -175.680619846 457.817964068 153.987696654 -346.663936128 -309.14440929 382.40424991 29.0467805042 
-338.079231122 136.734960169 -89.0202809341 -382.427015237 86.2727993929 -397.816292706 455.716883036 -178.278240446 -18.952578289 316.575518118 
-316.530681119 -323.970363341 -6.71252757384 -371.541731254 -78.3939859932 -151.687307651 453.916424925 395.217467939 3.80858261397 55.6140381803 
-461.979054141 -183.444265445 55.2863673822 -397.876121518 322.325915378 -174.707123955 448.210511841 -306.862439954 -84.9792558743 142.951006566 
-440.492372751 403.652518908 312.6579734 -398.233782299 -2.27614064338 -219.312819068 -13.7745114844 -118.413275308 171.845856974 -318.028199574 
127.830284298 -39.7670320552 405.870663144 180.187948838 -121.010326763 -43.4631922878 -165.357993563 129.778593611 461.032926966 356.538398741 
211.288100124 454.985643569 -128.030821006 -166.186302966 -411.557746132 395.09572336 56.2076739881 -86.6824414935 -129.615185235 136.367583477 
126.353149698 29.0324793736 307.536857186 -79.5328174617 -85.7343829594 -311.902090434 442.87372229 -29.0468425173 -374.253896051 -356.249759466 
59.9787160495 79.8367668482 306.465298271 -462.263523518 -29.0468523356 -238.822003427 -70.9231813392 -170.021613487 -395.465190987 449.327705657 
-454.495987169 147.182610653 312.023555543 366.773671785 -160.868170128 -101.696139311 246.223004808 -29.0430699551 -64.3737639892 448.065771001 
-226.28394494 29.0450623177 -29.0468425172 -173.147217425 166.759732705 -52.2323582552 -447.726224601 299.028696571 -307.286759028 462.182860972 
313.137607673 -158.848853169 23.6535895565 -441.315621891 -185.711203164 -318.908407971 -1.14056689921 462.288853707 -1.42438328874 389.954890795 
318.586792767 -29.0297735418 -213.841302564 -216.271671769 -9.10047074728 -11.0687842686 310.547811655 462.064427953 -385.145907103 -433.977591683 
-311.748853855 -7.57548306547 404.965401422 -226.32267399 -118.342046273 29.0468424049 -426.775167087 447.485727215 211.203842596 208.555732538 
-29.0468425171 -238.426785664 -9.30181003967 -459.041119244 -0.0145119247266 -316.430058133 -241.832751016 189.035058451 454.834906522 416.341838543 
414.433846426 -80.2485562536 -29.0468425173 -47.6804920324 459.762531752 185.358528465 312.045844856 -438.441624403 -104.121217904 -394.093957934 
446.22755552 -11.6056100924 -426.376463428 -225.401099681 -313.873849838 29.0468424759 -309.40062205 405.203315109 208.511331766 17.8896412485 
313.894475772 -54.3188865711 -170.414432054 451.886059283 -16.0549735314 -29.0468425172 -377.88964627 -390.662978417 -422.237312694 305.185531669 
-461.542045937 -29.0468426005 217.958049582 -29.0442756945 -389.713165702 315.290814567 312.819175589 -169.581253476 452.601897376 -74.0288843353 
70.210057146 -205.024117522 306.680132942 -11.4689653335 -378.412490361 -425.436631304 305.502310893 4.16272667363 461.176008529 -29.0468425172 
450.262342875 -437.100842885 317.288243503 -412.632751768 185.750132688 124.235211084 -29.0468533547 -221.235465469 437.05677269 3.27983791179 
216.188143169 -6.31892783368 26.44859122 -211.367896763 -258.0021077 -17.2224969922 450.881674738 317.181719827 321.956479874 -430.113835087 
-405.067029894 287.841160091 -128.916405186 -459.595416085 457.480839229 -327.687006625 -29.0468425165 -15.5617622599 -185.893584452 410.812312328 
-441.140170951 461.179951389 11.1474650218 404.742232635 318.132934893 -221.687884294 -439.288989162 -224.232609678 -279.426420673 28.5121978439 
415.30330123 -452.03322371 189.518229218 77.3234902727 -76.4452805387 -29.0468425422 29.0457610499 -420.994126191 -282.705796993 459.634982552 
453.623529689 -7.6490894954 404.6104515 -29.0468425421 -124.193503037 277.815930137 33.1257698606 -458.865724338 -319.953075791 -239.944910309 
22.3077708651 -428.07319342 -135.481133563 -8.86442277808 -2.95312863767 -208.142125524 -315.452733121 462.599217831 -439.720690709 321.119596044 
444.344423972 302.121133273 444.407370167 -398.973501633 29.0468365361 -29.045268101 -200.98215091 -101.738620471 -459.576267139 -321.793554475 
432.467458811 453.051005592 28.8455972777 -8.88974714174 -457.682757536 -239.893708982 278.145266273 -98.8672764118 -29.0468439917 -319.791681404 
-194.668803496 -228.425805893 302.705418648 25.8735889919 29.0468391331 459.409547722 119.570284444 45.0519027513 -186.581495076 -142.951006592 
29.0468410079 318.570086403 403.709874633 -218.91991103 -435.380388856 -252.324542537 -10.9009963178 306.656515692 -214.850825105 -435.909927475 
394.022393288 -227.173988808 -2.08407703698 -406.580701684 213.930143037 29.0468214281 18.9876500092 456.05052833 -187.21939918 -427.522221771 
-151.717571 307.001708761 448.923075334 412.533978296 -352.698356141 66.8140567267 44.5516706154 -29.0468425172 -91.8644946747 189.966877408 
-316.02890608 -455.968286481 0.725016351148 -6.7813390081 457.888728059 -206.874596274 -426.729527022 323.051513501 1.50647653843 206.256886613 
-119.950241329 404.475632852 -106.264461279 -318.730942553 -344.515251054 100.106678651 -4.38408762337 -326.422917931 430.377832447 37.691217811 
315.424725366 3.8362079831 -315.399352417 239.311977171 -29.0468548866 -459.386730352 218.851264791 -238.815470978 -74.592300594 453.190075535 
454.85507771 189.018027307 -316.423161962 -238.43323806 -9.53322263399 -29.0468425172 416.406271731 0.743164897691 -459.040914718 -241.82557201 
387.722125183 390.400171732 -120.047459847 -327.497182716 68.2105099613 -318.522712211 -369.640876398 37.9310893812 104.377525825 -0.407499830987 
454.724591673 188.389934366 -403.269471281 -29.046842517 35.547293959 -327.845032633 -107.853752874 -184.119529662 96.1381665076 429.588607219 
111.665713052 330.551484342 196.210453877 309.316743093 -29.0468425171 451.702300257 -416.116247952 -27.5337628597 -455.544371734 51.6358996037 
-29.0468425172 -62.3505523252 -429.768757778 -42.2126431335 -28.9884856465 -385.421091375 459.356353009 -378.337044831 310.498746812 307.601675947 
-382.166967211 -29.0468425172 317.267854749 251.731647557 -337.81930045 460.164172293 -88.7934550092 86.6824161541 224.942831574 6.97124694931 
201.103818049 423.745088647 247.766477703 -132.018878332 29.0468333052 -317.569511403 -414.065327033 -28.6903536448 -459.816672912 205.519926647 
-84.6576398281 146.257434374 -379.18922367 34.3041020352 -29.0468425172 311.486671115 -145.616828609 309.031979665 -379.623285418 456.81610138 
-0.35177428873 -28.9709907974 -242.009179493 416.234457148 -52.3517002851 189.133579045 287.890271882 388.089282176 -318.865220584 -459.070500202 
-10.8749146148 318.64963869 -216.11299367 -8.78515016753 311.118884205 -433.807013312 -213.659215718 -384.984556485 462.029092955 -19.9896782517 
-187.49917292 -408.412057908 336.096920458 111.124426441 186.535600639 455.673066804 -81.2381386199 -29.0468425173 -303.243087039 23.5118783462 
-194.350178818 220.915752099 -48.5676251021 406.910182176 335.270503964 316.736228779 -459.544026393 -415.924409283 17.9728449691 -0.12840431081 
454.428348349 -238.335092544 -458.224156364 -121.902350736 404.27125887 -28.8757073889 -5.76993301826 -249.309513827 -319.263596284 -29.6362629924 
-29.0468434512 194.410438833 410.53711504 -245.523888577 -413.844240769 122.090790055 -31.1442211452 191.13334267 448.065814456 -201.176222154 
158.108464692 -310.839050587 19.3034842596 -425.307504448 444.869122151 305.434260294 -380.204413002 -52.2401460872 -29.0468596182 -77.3607137057 
-316.377068768 59.5690000582 407.843880404 306.466816304 -458.858358933 7.32621672209 -114.047108472 -35.2923769157 385.573755109 184.152889057 
-234.824912819 -21.9417859818 -430.113834779 29.046799948 391.175446256 -11.1985810771 462.429971764 -212.98358087 310.38951063 -327.420991688 
-371.327167789 333.713821725 -14.9063463273 -326.979324166 -195.096358426 460.123498885 -12.2507187874 -164.038618805 19.8022426579 -415.10505722 
-132.836806007 187.044545388 -29.0468425172 -206.95065935 -431.821476917 321.844720291 -7.52877515062 -62.0002872737 -426.847506005 462.286633356 
-404.794454924 -459.624134509 288.623494537 -185.634145956 -242.086811337 -29.0468425172 -29.0468028761 457.315235291 417.055878474 187.949479185 
-424.996411817 27.0524821447 29.0468424216 -328.338946513 -213.305446315 390.489562294 -222.199327274 120.42455657 451.948867198 -124.851771603 
311.149656376 459.227800615 88.2848275544 -29.0468368749 -452.381596108 -77.412932394 -28.7268006107 -419.7721782 189.675862135 416.843407076 
454.365536828 303.235313276 -9.44238036484 -314.58742736 -237.238266756 -459.785322552 52.4547205757 -344.751582773 -29.0468425174 13.1074406855 
69.7519103147 20.1744504077 6.03684475205 -363.308588621 -140.952226429 29.0468424573 459.639542272 -318.960922197 -316.61115132 364.349402044 
-426.288614641 239.787801135 -5.04497365678 54.296529791 282.755905539 -450.24298344 -228.838337835 337.217742819 -29.0468427078 -207.858415658 
-286.670986461 40.3233917119 -20.7477281634 -458.973022731 29.032758756 452.206459446 -168.729958218 308.691254008 -313.347580388 29.046546194 
-52.1589760301 304.675680595 -8.62049832283 -378.352481126 -314.443901684 -29.0468808771 158.351602004 -392.118911173 29.0452511523 443.980944494 
15.2251052433 314.497215044 -189.852550009 -29.0468427408 6.79509666893 -4.60461966469 450.998777025 -438.846976204 -394.499309784 275.41826021 
104.377768342 -292.488513383 398.45916411 -424.380997555 -221.128749631 29.0468424342 59.0377918113 -86.9263061125 140.54428409 -336.836566083 
-243.587382118 -459.731605053 226.300685924 315.672401853 -188.048293613 273.605970921 29.0466666802 12.9229240389 -28.021650871 452.691015565 
316.182045017 187.100771355 29.0397504916 -86.3047520987 -307.823215734 -113.160184151 -292.524387814 -29.0468425173 -406.879637713 412.851107255 
450.734971356 295.640095413 33.5563799217 -29.0468425981 -69.1480777629 436.274102216 262.22298624 -402.672103811 -29.0468701552 -459.038110574 
-29.0468425174 298.814943389 51.2148350815 -410.382593437 -300.102820904 -77.5696384952 29.4002675499 -191.406700018 -291.985579453 439.155008984 
-207.866821585 223.941431018 -5.4333366174 325.333096008 -427.094189399 -29.0468425168 66.2611411175 -380.956977465 -252.327106521 311.613762407 
-12.8086802547 -81.3694224888 -323.227414365 -150.977002821 63.5951719766 5.50273078649 453.74344364 -318.019934964 396.017491866 -370.663367322 
-29.0468493973 191.651094308 -240.040978986 -461.915143771 191.55219866 -29.0468588321 410.532851808 308.623718005 80.78524946 450.942076841 
408.437211593 -29.0459925023 -27.8362635634 437.525550991 86.2560917882 192.930751562 -235.97048785 222.36750026 -329.31688525 -121.010675036 
27.3962821625 -29.0468425172 -321.458489579 -449.994602017 461.017746477 292.340580966 -23.140001511 68.6451890359 379.085303907 -231.119546944 
-212.978272942 462.429369461 310.377492211 -234.815622965 -430.113834211 -11.1848791803 391.170230895 29.0463387369 -22.017857824 -327.419514211 
-459.258444386 -29.0468425171 195.821146503 -353.922898335 460.29499831 2.5520804011 118.162346201 309.993735247 314.357691982 -41.7993823685 
64.2826981207 -262.505450369 307.135784529 312.272634507 -54.9222103262 -25.0042170705 -29.0468428005 -277.42058199 -383.356158009 444.131953645 
-442.089296673 -209.892833712 -205.954135807 0.0972336104662 -426.828133044 326.531165145 12.0835200599 -312.778639431 461.420455814 -95.2678790304 
29.046812095 86.6824383448 -88.7934450202 -50.0518113802 428.54518901 -382.168417765 -217.683903265 -422.811957187 402.252966501 -337.819289311 
-46.1016796505 -41.4172219848 -461.56424908 -346.530509292 310.443535551 -29.0468425174 306.101070414 -29.0467749586 -377.903708515 460.334511105 
10.155584177 -318.654755359 -452.09632803 -316.684068676 460.547025335 -19.3421516267 29.0468197117 364.383010383 -10.9034648024 -230.042957895 
-86.6824728966 -134.924735178 -29.0468468078 60.4872783757 444.991190217 273.549082997 437.209852454 -188.056645333 87.039764078 312.152152757 
459.562101969 -317.612320408 235.020216003 134.919277746 20.1099957972 361.823856959 -76.9331546968 -311.208376806 -48.9025652767 -266.861611531 
-205.302437482 -256.58100491 380.256143121 461.659330854 194.840681452 -142.95119476 320.64708615 -25.904254811 29.046835604 15.5489123111 
-69.6025256268 -10.0429866162 -435.10601207 -29.0468562406 455.249089509 -215.445081928 187.748312894 318.332481433 412.380513573 -442.06595605 
-368.525481722 -411.854911946 -324.177271952 204.107007625 -28.419334085 -29.0468425216 216.029857553 -63.0817298927 424.319147725 446.696789966 
-438.373438106 -5.89873846008 -29.0468595864 -394.025771626 396.200257899 460.777388474 -93.3484870446 311.043713161 -319.812308664 -62.8995044882 
-108.570321557 99.376561271 283.254889052 -315.445661193 405.378692535 -446.371181108 446.97037061 5.28252258242 -29.0468557071 -73.3946219684 
311.044145793 -93.3497844941 -438.37545095 -62.9002283124 -394.027784557 -5.89854117376 396.198934768 460.77797658 -29.0470020408 -319.812764401 
-316.558364656 -88.859883072 86.6824238927 -381.240467359 356.372224837 -49.7694232891 462.043230085 27.4054217265 136.119734643 -337.917630832 
-412.698696567 -327.326074361 29.0468397422 -192.078001592 -15.3993370419 -458.148413532 420.895920356 -118.699484563 -195.496994361 323.373719895 
68.5674419726 -154.869121566 455.853938667 -29.046849138 303.129324112 -112.72764137 80.6158161476 -198.343462601 308.242328842 178.642371864 
129.905711201 -90.0883543844 -29.0468429905 -316.591492977 304.693184926 -374.122630404 79.2890509544 11.4073805442 379.141527131 456.492632427 
459.03192479 -373.82330841 265.66098538 359.902117762 -39.9448003894 -313.684251112 -96.7663456192 -331.478725358 -4.26420574172 29.028446544 
418.034445951 196.965125411 -191.685160286 -89.4521363408 120.637923598 -134.780101219 -347.059369621 -312.241588563 141.837036574 14.6932312173 
40.5588125591 -1.00221388418 -282.783420795 -316.393284447 -104.894280783 -191.744326262 299.564407781 457.502210073 29.0468341687 -410.529899781 
-6.96059427122 -347.055139389 -319.655145665 178.552267237 376.685506806 404.664602379 -127.730307093 -122.913983924 -324.005890871 6.16351376825 
-27.3889149508 -29.046842646 -75.5753971299 289.058920203 315.153004986 -176.387408246 449.071889911 275.107254068 -460.223789062 -396.546296117 
-316.125449392 4.84460143672 97.1131917725 -108.918382202 -329.139689696 35.2509190416 396.915533195 -85.4508211595 -376.605059912 431.26473531 
293.8894874 29.0468423627 -161.328901447 -184.567763348 -403.115754149 61.8628189329 -29.0202395536 272.902899707 456.267532126 -410.27120209 
-214.944031237 409.376340524 452.557351641 29.0468448827 207.38531234 290.713321274 -458.23235926 32.6726481499 -27.9972331655 -421.601656673 
-304.060097952 459.244849539 380.051508803 142.926029512 -259.140493522 -84.7673614551 2.76031331065 157.115362991 -213.718324736 35.1610098148 
285.193309533 -29.0468425173 462.007324194 -413.842812772 -3.3647771133 -209.023311396 322.652453624 -212.513444496 56.3779798635 -429.678734954 
307.485351192 -24.8495510629 156.945701936 -213.753590568 -392.957281358 -435.248915498 -29.0468425172 151.971281796 310.425478508 -277.365833358 
404.423654366 -26.3416736408 449.513091933 -198.287144826 292.529293428 -321.256912925 -447.531520593 -403.183786396 -11.2690713004 -130.833248873 
299.465373138 -318.506099731 -29.0468425172 37.9463092995 450.352230276 -458.951375663 2.8525048472 381.840712396 243.176562107 -130.556013041 
-93.8221542673 -15.0393851995 314.237104058 314.326075853 -391.824833462 -126.388814185 -327.401822415 412.053074618 -459.429924186 -29.0271181672 
199.099800347 -38.5619910194 29.0468341157 -89.8200191076 -215.178870586 305.05630526 -372.520572034 -421.552899386 129.445075171 395.980065045 
-130.701294629 -24.5340932323 -365.710192139 0.485368061651 241.951850613 446.25345083 382.214729242 -318.895026388 -321.362525756 3.91681011051 
-327.505965026 -15.2311224753 -124.60773454 269.328311096 -29.0468425757 411.825344637 -71.8196777953 -371.853762062 -400.486262367 437.739195007 
145.282806072 -278.069305238 29.046819617 304.635012623 65.7804451513 -367.81853982 -322.416971648 -29.0468425172 -147.107583552 441.641479434 
-452.650043046 -316.4412797 364.069651844 -168.549618128 14.8101733367 460.099420646 41.4810978625 29.0468348276 -75.7986182954 -295.642729092 
-389.614752197 -434.465806279 -217.270578421 309.830081459 397.034055662 462.078178988 -251.93569238 -14.9453619231 29.0468416499 -25.3201496201 
-218.915067967 -206.461591651 381.188632854 29.0468423855 -289.794887345 -424.222524478 -4.89446086254 26.5320687769 229.111201612 461.26574965 
-434.547474897 -29.046842518 404.409309283 313.753413255 -247.053167808 28.5013441681 -14.0455008395 306.612468009 -213.80808328 -388.95641929 
309.752675764 -53.3984839406 -320.10808134 -112.112798725 -391.366577651 453.266849503 173.764990139 383.628031378 -2.85711070727 -29.0468427657 
-18.8639696 -120.147882657 390.327917307 27.6925625494 -236.698816691 132.631797929 345.650939404 -319.743295586 456.972111819 -3.99644732708 
426.842570024 -347.39939166 142.952538017 441.127342217 -241.2277626 -137.166014352 -29.0468425172 -72.8707782444 -462.433131509 303.427702177 
-319.808817955 -5.90607964542 -394.028854557 -438.376521091 -93.3546804085 -62.9065639925 311.044521945 -29.0475097333 460.779615299 396.210160666 
159.283282443 29.0465328512 -187.743177671 -197.406576808 -413.016529618 453.688595356 431.427806777 -121.334774133 -455.604819344 29.0460594706 
394.474998658 434.221779757 186.676141412 36.581174568 -130.89202962 -172.374848716 -29.0468425174 -86.5422045916 -318.377988362 136.941736305 
1.99693316122 -458.132860498 405.212702117 -121.130304679 -201.113251186 -319.486036741 325.008692882 -421.824954425 -50.7959662175 -6.4873387259 
-80.0805319566 185.350680153 414.420687387 311.975564399 -103.955949407 -29.0468425174 -438.369882549 -394.022216015 459.764464201 -47.5262542131 
-29.0467585468 451.281500875 40.767467509 -457.755414158 8.28425936994 -350.238758918 306.541260783 245.828356769 -29.046842518 294.163097 
-318.660188019 305.510044293 -6.17060603091 -348.196231798 -18.2872206692 252.727516812 -98.3829284044 -29.0468425171 -458.008132509 437.97839227 
-457.78889835 -1.73563401575 -316.718609655 36.2814948132 358.047545081 -95.6126784715 453.852160794 29.0468161949 -168.389709928 -289.580133571 
-274.779283062 -55.4433482101 -375.376584414 -335.209764986 -290.859998276 458.951335254 140.870377144 -5.85842494848 86.6824402315 28.8857177229 
-322.216212799 111.136776493 -82.4575642734 -112.676258806 -6.09918643841 407.278590748 460.822268431 -36.6289472984 183.495584261 377.433346626 
-29.0468425172 -80.8187126624 452.687479613 -287.113013071 -387.05648996 157.703133697 170.178125329 312.167236621 -169.015617978 385.620520591 
-212.565091317 -11.1479255448 311.254893995 -430.157446072 443.482903507 -243.166635229 66.0340044396 -29.0468425172 122.1876934 308.975758055 
-21.9755556611 -48.8895812749 374.250594836 1.31477718152 -326.813678293 -8.95588422371 -374.166318302 255.698961813 -317.226979541 446.862252484 
194.714931568 -450.262290409 105.392257745 424.325158818 -326.635051827 -24.7244837186 -259.191140422 457.024467374 -106.700254231 36.5159124733 
-371.518160289 -416.327670759 319.43470156 338.900575596 413.686926104 26.1321302574 -197.434342136 -19.2400320917 -327.170397238 -129.700641698 
397.468812502 310.758982321 -111.246107872 154.238249528 -200.541126132 -154.958926949 459.464790859 -29.0468425172 84.3582928075 111.742090402 
-29.0468425172 -337.547067277 444.320295919 427.327382898 85.2479436254 -88.7919468751 -411.099054593 -120.588950309 -452.617383049 277.246060499 
-332.102277019 316.472962523 413.05032769 -19.4690989412 -26.1094517771 -133.371238522 455.41837251 -392.85488021 -173.291660472 -376.450215553 
22.1614689705 461.201710034 -115.889567279 380.644712015 148.171565438 -459.119307167 -29.0468425172 -313.262949535 -73.3963551442 283.176185598 
187.038652504 -374.784617689 -29.0468425172 51.3906957393 453.023263407 307.32552236 -129.551609309 1.95564169487 377.673163467 -324.991403365 
-62.3421550181 -29.0468523233 459.351930802 -429.761328328 -42.2578640286 310.490368265 -378.344650766 -29.046842517 307.600896292 -385.413661914 
-305.371637017 -321.145145458 402.647763948 408.216477716 8.04292441868 22.1145580433 -99.1461870368 -222.592220236 -425.095747058 29.046842478 
-376.208886837 -205.687848941 -282.210907537 -425.424931492 41.6745103829 -3.38158653771 324.251973517 310.31199792 221.566109959 -29.0468425264 
351.443517639 -319.075703195 -208.799681864 -21.9972949214 -192.04263615 -410.524026892 29.0468425051 15.6705759441 448.236133645 -457.982228741 
-327.296412391 -29.0468425173 -42.0810406861 45.590543317 242.829021009 -376.215373739 -2.62194785811 452.230681885 305.367321615 371.581148627 
-91.9113588216 307.066118 66.7920137998 -151.752449765 -352.660203692 412.549817221 44.486955363 189.996484372 -29.046842517 448.932888302 
86.5617208938 134.669488463 -337.969978528 -124.288091619 -88.9103555334 365.097540594 -319.003236813 -3.63258070239 459.575546575 -381.522330124 
-138.897733897 369.847725068 -316.249770459 -39.8632025745 180.216668717 -0.243336092637 -324.624875127 458.550956056 5.83163498454 304.164910299 
254.49377142 426.763114042 -329.525388821 455.953599397 99.9180560065 29.0467213188 -382.53476781 33.7305784014 -271.903999895 -109.566102278 
-378.227423044 -170.188432681 -55.6290674289 -390.393476577 305.75987675 312.91966418 451.71180475 -24.2997581467 -422.575089791 -29.0468425171 
436.442699904 307.559340212 -426.849938337 -29.0468425172 -98.5063907163 -56.7399696288 -318.963289304 -7.52068750074 257.378318203 -384.575695551 
46.0176724665 -429.570643623 -413.701798855 284.409872886 -29.0468425173 -212.379247803 -208.94011526 -3.54265033276 322.762397489 461.985021257 
-372.813043396 -323.654514545 430.113837315 -29.046850541 453.569024785 -14.1426474707 -53.047287196 148.513074915 203.205678665 -65.6002181079 
-209.485967765 29.0468089775 433.797174425 -281.014938666 -4.32023396594 -257.994008715 322.578754848 -59.4001022918 -428.289475386 76.7903963532 
-321.288377609 -118.28103743 1.1440246824 -151.374885446 400.795744925 -317.224173631 57.5961295716 0.527279704477 -368.871070413 453.777166704 
-385.366558196 -216.974822407 -25.4438314554 462.119518289 -434.155289103 29.0467083837 396.683498979 309.81652168 -14.7151685337 -250.630668664 
-29.0468425177 430.108623373 337.746462094 144.864784275 -366.952306355 -67.3321492755 -245.360991802 -65.8687864794 -462.108728892 307.720500145 
-366.170699082 -374.173219672 3.44517026828 -56.8266813921 444.099026924 -29.0468425172 258.036762992 -27.6400047445 309.200610081 -321.823032551 
311.665661347 325.313998635 -39.8599531378 5.29044120862 56.0425521348 -9.18588253775 451.863902697 -421.860488079 -200.166278716 -458.1170316 
435.967576077 -29.0468438727 -450.720918117 228.365632934 267.813086418 86.7611709953 -131.838788847 311.283813328 -172.475782769 -86.6824453282 
-31.3898475954 -459.153576272 388.343974825 409.726574449 -0.29981666565 -318.876332907 -325.408275041 298.509073767 -9.4724374075 -122.736979288 
-153.487542501 163.921505211 -150.464916526 106.791351511 29.0460403606 379.770649325 -49.3586477507 -448.924780543 -307.665773031 461.254645948 
240.568573219 29.0468419741 312.882660291 -430.286686908 -86.6926678954 448.052261878 -243.000137621 -131.397152431 185.348175439 87.6990959424 
-261.137716594 -18.2761160565 -436.558203035 461.958470707 29.0468266157 387.108237913 -219.73636295 398.051242343 -323.754986421 1.97133509039 
437.165595972 -147.151962453 -29.0466842879 31.5052204728 -345.789685392 -29.0468425172 450.196723561 274.938297379 311.419873524 -459.550594491 
301.840346313 -130.376741245 -11.3664951263 -444.715065919 29.0468222631 315.031040123 -149.585396804 -429.941001933 396.420086685 -232.706304149 
-29.0468426295 -441.859695361 -224.725577774 -297.194161225 250.550324742 282.540360761 -4.35928642589 28.09648828 301.767354245 459.378723111 
-345.207314854 307.090045788 -29.0467716234 53.5478612837 -460.241054637 294.314997784 29.0468424916 -238.180493533 -62.5014766521 452.74465784 
-384.511731688 54.2326955678 307.89774226 460.348125208 -29.0468474192 410.464920912 -29.046895627 187.761118332 -146.434668495 -432.979145047 
324.204389049 29.046803646 -425.057078391 -0.471784595389 -207.255749429 22.3088508903 -186.891026148 -205.013191743 460.495305149 220.729433691 
462.260251722 79.7406342788 -437.324388312 304.638969737 -29.0468425173 308.296607507 -443.825761828 -29.0463902691 79.0540618453 -221.897240539 
385.603459887 -174.329938582 -319.990649293 -139.154583991 450.655532525 311.551156694 -3.33992599948 -395.471701851 -18.0394289348 153.306054743 
-2.56502283495 392.472802806 -318.955910504 -325.35541265 -75.7024466716 461.336560469 -16.2578277505 333.50050373 -370.602314701 -64.0392890042 
5.13061837179 -325.033676247 -197.435134301 324.812079924 -60.8222376323 -443.662459952 -8.67348769173 411.611164733 -119.440417263 -420.308913724 
-429.880875946 -448.06577111 267.07321451 -28.7460395969 -281.030284153 11.9864731428 29.0465847805 459.016907787 -230.965750532 395.916560577 
-224.941307545 303.782165785 -29.0469755281 -338.949345569 -19.1620350577 460.346450705 187.7828377 -442.609757983 410.476216849 -29.0469723217 
-196.90884232 -413.760708415 29.0456731832 -195.180403645 75.5517254764 -88.8619501295 459.244013249 417.97958368 86.6824412226 -337.920690533 
-86.5729635752 -29.0468425172 -430.113809544 -249.161421507 419.773820666 92.1431233828 422.27093455 96.796902502 -335.511533367 184.391165455 
325.048167072 305.64684949 -378.108528841 132.824400212 37.9259707972 -29.0468425169 -420.719515007 4.67833862227 -290.500355353 -198.095259275 
186.592546498 -375.757335686 -328.097028783 174.531272333 418.184651461 -133.931554519 379.667588919 -8.2941748752 -29.0468426308 -153.762950011 
313.372118401 457.561678566 305.929920456 -29.0468425172 0.857130511239 -461.495162454 -99.9751688291 -346.46142258 -27.5034506551 -390.075649325 
301.423390418 -360.747187633 -190.630442679 460.422789605 207.15468626 -29.0408130787 -405.096336112 1.96618845421 -409.828122959 30.7080536611 
-382.131704256 325.256962961 -8.460829821 0.250966045207 418.215280186 -88.8619513688 86.6824355694 -316.432840967 -337.920691322 85.2501400578 
454.879064745 -153.407704699 187.007798239 418.731727733 -373.209896274 -155.160164496 -8.10723777756 52.1882092483 -325.206208423 -29.0465911229 
-318.563792637 454.88086556 29.0467834753 -192.112560731 -3.78481805298 -205.709575368 403.804594559 -120.187517056 -448.701593978 -415.334562269 
10.2306349665 186.664221589 -14.631170808 -240.151964428 419.407128369 -238.520387155 -319.229082777 454.383702258 -458.262838094 -29.0468425191 
-15.4513191911 -239.628194608 -252.456550852 8.22624299591 -29.0468448083 -319.26574179 -457.20763368 452.763958532 187.544925511 356.641610845 
-338.027314488 460.339036057 171.573974229 -454.278248191 189.540732278 261.865187307 -121.13317128 141.307141824 -29.0468662099 410.526238641 
-90.0778490447 269.027419258 461.985273295 101.542855199 321.812941275 -339.134599172 0.365109182311 83.4957872621 -383.482265971 -126.450785048 
288.105181723 -209.541634674 -205.990784292 0.305240230309 459.892196461 244.909338281 321.964990234 -426.675833983 -28.106533903 -72.4547669236 
-82.4822206265 200.578966821 244.160744298 -39.5055972886 194.848772846 -408.443514548 -415.282982521 431.592926423 422.973233307 -21.8148266685 
-29.0421230191 21.6761660656 29.0468312043 396.754916133 294.908863737 -183.450462759 -402.387049723 -429.020579968 455.047835463 -230.65358031 
284.359794683 -29.0468425189 450.240836749 -405.378794351 -229.870140627 -449.726525949 185.373624516 419.796263166 -200.114692614 -28.9592497531 
-27.252578791 -29.0468425821 110.949197901 -350.289347231 142.951223112 200.478862393 -399.953070088 -355.60540367 -167.658126906 307.748981615 
460.874899933 -321.807907577 33.9686683975 377.877622062 -232.005194606 -316.729251814 13.5269669226 -9.29172689322 -450.822482261 -22.9005024638 
320.605555196 -205.193267592 -274.643083076 143.800308112 -52.4624013388 -29.0468769754 -427.382155942 283.986739097 459.051951478 -6.2927794797 
-6.5322180801 405.202604896 -421.826486922 -319.477742636 1.99290280142 324.999535846 -458.132177879 -201.11452532 -50.7853535208 -121.131975411 
-90.6246310899 -415.352009327 12.1971118328 325.984610694 -330.018310184 0.27068400353 410.493332348 -192.393723171 -37.7688104524 -374.368108626 
-203.421413008 -423.95013897 -100.826750426 -3.48353419774 -457.190061187 -317.359938971 -2.08849095238 323.310989954 439.456637592 -97.0347913587 
204.291036975 -410.771500306 -1.40612740925 220.723452002 425.246622472 448.065771652 -22.6211997764 -366.46379119 -322.115839673 -25.0668306236 
-70.3497630634 29.0468333903 131.779172499 415.834596896 -223.084466533 354.384934003 -77.5933942007 -291.629812604 459.236625092 -301.111340304 
425.49993307 317.057344405 14.9101089468 -109.115944857 -329.230776544 -380.518048036 34.6942599406 456.507235347 101.920713006 -86.4062959879 
174.904981414 -108.397248777 -21.38613224 -49.3706539474 -314.574410078 407.238259049 110.360472857 -270.226743323 400.722347394 -359.220894327 
89.4957730188 460.060082492 -380.17040748 -335.822741001 -380.251058495 -53.3688273402 -29.046842517 138.399783315 126.863875608 311.883219157 
-318.220558867 185.484597511 431.575877229 408.723967454 -4.87404325861 -79.4573000759 -96.8624637124 242.618240145 -33.2255097822 -457.041140035 
-119.239425692 7.2981507595 -306.39706589 -1.35169168014 402.658135067 -317.828527102 33.3954203629 454.595279546 -175.586272845 -458.632648863 
5.66482400476 294.26487876 57.352254685 374.250812637 -158.899710859 460.443942257 -379.02822441 -325.916846827 46.5996920491 -29.0468425303 
-459.753038531 440.720676781 1.10657391524 -321.102139961 -397.506576423 448.06579097 -169.037050707 -29.0468425172 284.588410389 -24.1266120018 
-96.6238650517 416.288250925 -392.661966066 314.623181664 -125.429296452 -19.2503523401 -27.0662433592 -329.046791801 -373.394540638 318.578836967 
-24.4757759024 -395.364167619 -109.207411329 93.9623520544 -176.941051127 315.42462131 -328.954681799 431.018396892 453.940274688 33.4133444759 
-134.401880014 -326.196913711 -2.66277783092 -85.5615450855 -18.7621958173 289.770461707 247.21124827 449.935282938 379.844460324 -374.302530382 
-212.591838967 -12.4610646494 -101.429636681 -321.193215801 -431.68208854 436.287953612 319.420017922 -300.010831124 264.942081692 -6.23987345233 
-440.270913566 291.880088835 -22.8802136297 -324.075673079 -221.972815159 -29.0468425187 413.76961777 185.860886569 387.985403721 0.319785391666 
-457.951487663 186.797927672 -2.6370182718 -209.344918333 448.313889743 -29.0468425173 440.304640485 -342.917747879 -407.790123187 167.909349215 
321.697280214 -427.799194761 -208.309392343 459.327896147 -7.46351691979 -313.938136193 -218.206102537 8.00726564942 -96.6745490518 -439.065627138 
374.814036077 -233.192922693 -320.774486784 20.4777998515 -452.276217355 -312.675601729 -94.7243223165 -22.9663750819 460.511065242 12.3585352935 
-24.7894496889 -280.421591672 -324.76931581 -39.9942599636 20.3324346454 -408.608694798 430.432484226 234.42882798 403.243225724 28.5984716825 
454.076211378 -2.81691059374 305.35867371 -412.95624531 -14.6259069704 -401.475047339 -180.119718815 215.571715963 21.8921307755 430.79749643 
-6.60398429436 -121.13983993 -201.116540647 -319.51441141 -421.828095411 405.343386881 -458.131461239 -50.7781617053 1.98889664162 325.005922933 
-239.343305851 16.4708177505 -457.774655075 -32.8245287772 -29.0468372963 -31.2149810445 -317.999350632 435.692159311 451.087170744 189.659780264 
-454.220730118 -232.182744046 -120.59685338 394.315830157 7.73504849664 1.93260744554 -100.12148076 345.357810017 132.185635046 -319.24244375 
-212.483709324 -29.0468425342 -204.299896116 -421.710951305 460.636769376 287.053792976 29.0467537809 375.870483805 -144.256280872 164.431206496 
23.7337046665 157.150742962 29.704960753 -87.6324288737 441.497224221 -309.672654267 139.470588121 -264.724511439 -219.174373717 380.645724896 
150.314095492 12.6882752443 454.256356099 -316.233047827 306.722665789 -451.010236732 -72.3303062333 -32.0095513314 378.707757 82.8912066678 
-318.910660168 461.511896818 18.2956350392 -366.31133051 33.2226468538 216.077052458 -313.676249414 383.284512385 -116.6543842 -102.103085304 
415.314174995 -76.4701613441 77.1917875775 29.0246866236 -420.969920139 -452.041843581 -282.743316543 -29.0468427722 459.633388947 189.519363616 
89.648780771 -127.57390794 -419.031563039 -209.949245776 312.293493284 29.0468415699 462.599189318 -82.2496831271 392.642628315 63.4168846397 
9.18226164539 86.7918461723 -418.718016325 -88.8153584473 -337.868858486 7.52648194972 -195.786500793 326.346730859 -213.237173609 140.201910478 
6.23479361462 -319.689957422 179.506281201 -127.777137004 -347.122412823 -7.18971113102 -122.989242968 376.761025952 -323.970266049 404.696442686 
-173.339940109 -392.96522679 455.562139865 -376.539738497 -25.7088887332 -332.191969446 406.713950819 -27.9237185997 -88.3048367469 311.276750378 
308.044652435 377.838246022 134.90135008 -297.135794475 -316.654438172 460.870237043 12.1637169962 83.777774416 -74.295628242 -50.5922754543 
-3.57257314573 -119.443327247 402.620642752 -151.368360214 109.475839897 -318.769429396 63.6953617518 -342.337321861 -457.358716532 405.338368037 
29.0468425166 -410.496703468 441.124196732 -363.070364731 303.420323116 69.3859934486 -142.275097872 -192.946273603 -167.057419706 -29.0451998981 
-29.046842517 -153.649628633 454.948534938 -10.9284789101 -155.393173775 418.662442599 -373.447416248 187.11002085 -325.443131809 51.9515298484 
-426.070436706 -456.256868223 209.935104843 -29.0369177867 189.010784475 453.645985299 296.295787425 413.554342045 -29.0468425173 38.2382734907 
-29.0545735835 -29.0468437695 272.357425911 -401.996672613 271.941347483 -106.504440134 438.531620914 449.375002179 -78.2488245034 -459.224760095 
293.040349674 -374.018046604 -154.32627038 -329.670249845 -126.861593306 412.466922681 -29.0468425172 -397.973376551 442.542072167 -20.3957620058 
-323.913701678 395.217978653 -7.12022564614 -151.632770941 -371.478636464 453.907605301 -78.4036934746 6.03403301258 55.6942573262 -316.547953494 
-29.0468440417 308.314245857 -298.482943607 -443.971496461 80.6477060961 79.3893666061 305.426656901 459.541427634 -73.0414686901 -29.0468427469 
-33.4922893031 207.956944068 -318.692441869 -1.15373609651 405.3787447 29.0467598328 -425.109568801 -222.570403236 446.092798226 -303.154794183 
419.578159994 -440.433086997 224.902119391 202.250580369 29.0468286785 279.184225752 -80.2991865289 -209.655158145 -236.488575826 -430.113857717 
308.152020757 305.245301895 80.5761206975 -113.91170882 -328.159772047 79.3118478939 462.496929899 -29.046842528 -29.0452103813 -443.193511413 
-14.4985273387 -103.247718866 313.562389881 447.914562379 440.869137999 -9.63530062992 -322.054670121 -143.216371335 -344.458366671 -459.492106714 
-29.0468425189 -27.2973795493 -30.1150098003 454.790675801 -169.252455728 -457.806989702 -249.558191094 -238.338063862 186.574201325 418.156822716 
-159.467552687 -264.582056728 313.595595863 46.8739726836 281.213420282 451.115909807 -29.0468427222 -458.985948129 294.847738443 -29.040939427 
423.83236195 -28.4291090673 221.979186917 -412.779389211 211.438906298 -69.9489183564 425.587357819 -409.854575546 -29.0468425172 191.043472002 
-426.199613443 -206.604763835 -456.200252745 -92.3978255684 -234.351693018 187.68086754 -29.0468425172 -6.42717404502 322.962909934 419.530376577 
2.85061385907 448.076913307 440.70200538 -168.268874872 21.9403508418 279.602664024 -459.62281005 -399.382991358 -23.4309413503 -320.732129659 
-397.274449372 316.505196969 450.120746402 -373.100990576 437.291645291 -167.838513899 -108.068904914 -329.548299379 -19.4400247028 29.0468423175 
-327.386788509 -28.8892025985 314.186924916 412.002664369 314.364924814 -459.419964696 -94.0595429257 -391.902656136 -15.5767999242 -126.282154938 
190.612303211 435.209373659 -406.190875314 256.439563503 -406.445931243 -29.0468671397 155.517857177 431.223457073 -29.0468431285 -186.370143346 
-4.54096503816 185.49110908 -96.8386495996 408.727083422 -79.4372972983 431.578941676 -33.2178510787 -318.193582548 242.585301019 -457.03122738 
411.406050878 29.0468408825 -119.811620866 -324.959695797 -8.4505124083 -458.479572022 -119.832474425 -191.615000217 315.637818056 -410.531961366 
460.566220689 -191.787656297 302.209130264 245.55960599 102.891918006 -460.33860588 -410.529140781 29.0468425135 -345.304866095 -28.9566046355 
-122.753422486 -0.382902359661 298.495834013 409.719109205 -31.3751315419 -318.858221009 388.363716094 -9.51293608686 -459.154415797 -325.417379178 
62.1683389722 -19.5210456062 -323.214083242 387.476557611 -29.0468425172 288.002905846 293.261517351 2.90667375527 -449.717326969 -230.271764216 
-280.497594965 -208.801794646 446.262886544 320.152273265 285.493759538 -26.0432737603 -323.141927823 -4.49761622438 -5.41335505436 -430.113809636 
-319.265656694 -6.77793172846 452.334593238 426.491579936 295.236767972 104.640281439 -98.4019750773 -456.601756891 -29.0468425171 43.3492874609 
164.010668071 195.066932888 -88.9352516156 395.880502074 -431.79928997 -44.5856096351 -58.8261005183 318.215942994 -136.981136886 462.21437449 
27.2660536543 -404.452437567 -188.895297248 -419.953518012 29.0468261866 361.58121273 -201.249267472 -205.543616718 459.744896204 5.64573979754 
