45.7460462965
45.7422208674
45.915611001
46.0643490929
46.0303060813
46.2267680625
46.0608945672
45.8974343094
45.9461555109
45.874147013
45.3815097808
46.2386537505
46.1106992202
45.513702775
45.9417612475
45.8935268057
46.1613719373
45.9705541956
46.0116801522
45.8738014238
45.6286774261
45.5997147154
46.0825058373
45.9392294781
43.613503071
45.4464723352
46.1784875069
46.0507745837
46.0725810614
45.9389233892
45.5476029723
45.2117677324
45.8609969192
45.7785015025
45.9683259807
45.772200621
45.9021610936
45.6832548733
46.1499348264
45.7242575971
45.9862049397
45.9621568287
45.8112129979
45.8721187655
45.6823114382
45.8466743352
45.7156926027
45.282252179
45.8683456452
46.1102990092
45.3897446515
45.7673004894
45.9260270569
46.0656278533
45.6917405468
45.9417600705
45.6017225568
45.6865985507
45.331369994
45.8931165689
45.9225602333
46.3197618718
45.9112223372
46.0329797647
45.665974885
45.8202383644
45.9360885623
45.7289581621
45.8261364876
45.7135479369
45.980975165
45.8959077628
45.8067631231
45.6874666267
45.9452295252
45.7630984977
46.1083831375
45.8559060585
45.2042932208
45.9021199114
45.2021029372
46.1083652026
45.507267771
45.8156297248
45.7153192575
45.4291134738
45.8762985227
45.5927158746
46.0067358978
45.9441221394
45.8265996813
45.7121694087
46.0352470274
43.6643320947
45.6734977412
44.8612834219
45.9208399081
45.5924647886
45.8127934198
45.6081971297
46.1499349967
45.8223886379
45.7310305916
45.7889375947
45.529310988
45.8633154232
45.9155293487
45.9417607845
45.856021805
45.7949453298
45.6553636081
46.0825150206
45.654484349
45.837876531
46.0067380769
46.001537042
45.9021611053
46.3197395916
45.8935289143
45.5599954302
46.1183865115
45.9932537333
45.8989981856
45.9417608963
46.1499343986
45.9592461187
45.6659065664
45.6393535345
45.7796552356
45.7889376531
45.8749305337
45.9136293428
45.8027415699
45.954985941
45.9021610523
45.4275458092
46.0827124982
45.8896488492
45.9862048579
45.8432408705
45.6257247849
45.9684477914
45.9902560579
45.8432060094
46.1034922918
45.586408946
45.6389767764
45.7747245324
43.4529889813
45.9939718004
45.9910217243
45.513714691
45.6659051071
45.7156977975
46.0536308834
45.6765638364
46.1499343026
45.8215476483
45.9723567193
45.8007821934
45.8316577303
45.8869880811
46.3234593371
45.9809701539
45.4755168196
46.3310542079
45.9535188479
45.991838406
45.8432402852
45.7932071521
45.5904735388
45.8633369933
45.8751293906
45.6762131114
45.625769684
45.6281669366
45.5131064757
45.8977254212
45.9210783031
45.7221877379
45.9520159282
45.7064491417
45.9417613145
45.3017524363
45.6411971056
45.9330201979
45.9781527958
45.4388960548
46.082715633
45.4839033463
45.9417611663
46.0116801454
45.9136468826
46.1430086531
45.4600529063
45.7196790628
45.7534177894
46.0851532836
45.6474756398
45.3754950885
45.808241436
46.1060484935
45.7313554465
45.8532068058
45.9627978974
45.7156057497
46.1083741812
45.8202422703
45.7846765693
46.1183843397
45.8960490648
45.9358020278
45.939053408
45.8935206816
45.6869222029
45.8633366913
46.2073806885
45.9225281947
45.9671236782
45.7926235249
45.531560398
46.1083825739
45.6002126618
45.5912292846
46.1784279223
45.767318966
46.0205422579
45.8933360193
45.8111303522
46.1430086409
45.5966499649
45.7677027134
45.9538854551
45.8280854629
45.9417591594
46.0891628762
45.8134659843
46.0498979178
45.941760861
46.1083830344
45.9630924194
45.8806965707
45.898225614
45.7387849786
45.6765785651
45.8118104919
45.341601079
46.2386572062
45.8989040935
46.007275265
45.0113483051
45.8977117794
46.1784954604
45.6873532814
45.7889192183
45.8966494877
45.8584187483
45.7880929426
45.9630672917
45.8887827395
45.8364480558
45.7304337621
46.0015673306
45.944107238
45.8824891483
46.1499353629
45.9417613869
45.924350306
46.1061731425
45.9417609185
45.9360922081
45.9330202266
45.5530108294
45.8935456284
45.5966498891
46.2161422475
45.8960792981
45.9136468806
45.8438049699
45.8428779203
45.7926194992
45.7135479379
45.4138875758
45.9136468798
45.7724670749
46.0536308745
45.9330201987
45.9594173464
46.0067376019
46.0931832077
46.053489161
45.9915627941
45.7228486784
45.8445390208
46.0156257746
46.0331009846
46.0679966325
45.8109498668
45.7506402526
45.9289062446
45.9225494181
45.8574834615
45.9091879763
45.9346595256
46.0609924623
45.6837423561
45.9549832738
46.3196720542
45.8413964643
45.8044203549
45.9417613521
45.9150096405
45.9497771978
45.4629742038
45.7883781356
45.8806760429
45.8432155173
45.8869498995
45.9086053514
45.9417609673
46.1454602368
45.9360903444
45.8737591039
46.1113067698
45.7241664701
45.976716872
45.1452767834
45.7581217627
46.0536308627
46.0331040302
45.8788820275
45.9328279553
45.9328279212
45.8057370728
46.1784963632
45.8082414584
46.2930605997
45.70479143
45.8788863547
45.4910839987
45.8577496382
45.5631741329
45.3806861945
46.1430080715
45.868584286
45.6673353483
45.708284618
45.7077840566
45.9421323588
45.8888880283
46.0825763005
45.5767003597
45.8434482627
45.8638618327
45.8432087177
45.8959516895
45.8202387286
45.8263559222
46.0463969883
45.7084115677
45.7048216431
46.0229116991
46.082529405
45.9825262425
45.859739926
45.8960792418
45.6920017001
45.9057813543
45.5417106534
45.8685831901
45.8413930081
46.1060481775
45.7932071625
45.8319162659
45.4549302956
45.6286753825
45.3360005494
45.5696242232
45.639938355
45.7493053506
45.8794932558
45.9417612604
45.7632115946
46.022422674
45.8929692335
45.9359448225
45.8202423564
46.2087679221
45.6647336598
