43.9948248745
44.1573722635
44.7890044728
42.7748555627
43.6449676565
42.9514674571
44.7001527438
44.7759544287
44.2489625255
44.4292404366
44.4208951552
42.9610752789
44.3262641787
42.641049265
44.5738164954
44.0549740647
43.2324818844
43.4635998012
43.4162290686
44.5162798609
44.1441665172
43.8972041681
43.9254083093
44.6186956667
43.6304430178
43.6736525354
44.9030489728
45.0477301176
44.9634948406
43.5264946312
43.6831228412
44.956478809
43.2183939469
43.6405648392
44.962148181
44.1824714613
45.01176722
44.8290930114
45.2087117208
44.1954120786
43.1243866808
42.8884627857
44.8755061588
44.2639272602
44.0988223761
44.2894720264
43.9575662026
44.5183998374
44.6858638622
45.2594224287
44.7420761916
44.7388477249
44.1389908894
44.6998073022
44.1010354394
44.2897898218
45.0143829738
43.4773996906
44.8992989594
44.3062232278
43.4851818018
44.7719760463
43.9327242253
44.4161007541
44.1688842991
43.8701371485
43.300043455
45.0613323599
43.2461621524
44.9613173933
45.0583701283
44.3152957194
44.077568899
44.2673741787
44.7106325236
44.6507831259
44.93465335
44.0291351554
44.1829180432
43.6399803344
44.0706176341
44.4066063997
43.417126382
44.3594793904
44.8404496036
44.4280667171
44.1774430682
44.4196172647
44.653674726
45.0768561858
44.0700971813
43.996841027
44.8802482567
43.6018965847
43.841849551
44.8857708431
44.5739526219
44.6579404829
44.6661415447
44.6539339394
44.8938391981
43.6232425061
43.8655006248
43.6446602415
45.2391369615
44.8469325377
44.4214213549
43.276635901
42.1244939438
44.4007348036
43.7759714369
44.9293361478
43.4572498002
42.6884193902
45.2322430795
44.6985890293
44.6514008066
43.6941542362
44.7417796707
42.3520488854
43.1859191314
43.6485191449
43.6925762409
43.3690085866
44.7233745993
43.425702533
44.7964289867
43.8429084709
44.6762389327
44.6702366087
43.5406452174
44.1826088096
43.8605762585
44.0067887212
44.0498936089
44.9700822707
44.7391131241
44.5416428184
44.3841136422
44.040220758
44.5334377772
44.7767419854
44.5032924911
43.8803295803
43.847644809
44.8551802434
43.5394447603
43.9891047462
45.1373844003
44.0273991373
44.6831663723
43.9962399726
42.8376602596
44.7549188117
45.0790251011
43.9136376853
43.5612029913
42.8792931852
44.763396268
44.1515665206
43.9959024957
44.6203386785
45.2237359454
44.4524102607
44.8295312201
44.1029716961
43.9683477618
43.4675801461
44.5746303933
44.9028245351
45.1905630938
45.0790010362
44.2791331114
44.6821403421
43.8529872783
44.0814356176
44.8551763675
44.4116315153
45.1376246558
43.3665530091
44.5019766286
44.2333650202
44.4500606896
43.694447079
43.7769374323
44.4860662692
44.970107021
43.8401423847
44.2487270283
43.2955326797
44.9700823802
44.657979657
44.8760140937
43.0663610254
43.858337288
45.208720393
44.0222823343
45.1340518058
43.8532381421
44.7095625883
44.7760055205
44.2915141852
43.1315404453
45.1375696664
45.239111405
43.3373735581
44.3117516762
43.988369351
44.361608385
44.5121316902
43.8013715472
44.8767001872
44.7282756804
43.694605829
44.066031425
44.4699930299
44.6949163968
44.9621481914
44.8216726401
44.0995279349
43.524948113
44.468937542
44.9561459763
44.1820588385
43.7860739987
44.4176003219
44.5019682483
44.6513901918
44.6463122722
44.7314083995
44.7963018543
44.4981404884
45.2323745854
44.4220233889
43.2117962062
44.970082384
44.859031161
44.1971572729
44.9822063908
43.8654500646
42.9276697798
44.5267815137
43.4853380133
44.6828572733
44.3818187629
44.7684595512
44.4202327772
43.6736596053
44.0994335454
44.8169070133
44.8439120151
44.5278831624
44.1010513213
43.9372791511
44.0849633715
43.1078258203
43.5975985955
43.3026959881
43.648808632
44.6891304859
44.4551233159
43.8459537161
44.4609723073
44.1563996837
43.339086571
44.6564366892
44.8874706775
43.6669415927
44.264549319
43.783339932
45.1136216342
44.9991188273
44.7971597998
44.515136545
45.0613388975
44.5693834031
43.3868781019
44.052471503
44.8049278572
44.6201329978
44.3096118372
44.327995363
44.1572503037
43.8442656246
42.4875711396
44.3258240875
44.1025604958
44.9495341407
43.5314489259
44.8128858267
44.6541575392
44.2869017288
44.5230420299
44.209759637
44.8569766731
43.8260539184
44.2061933491
44.967459147
44.3594613735
44.8763564918
43.7617402856
43.4937454702
43.9204856665
44.126511683
43.8044738212
45.0280529138
43.7461965526
44.3720155268
45.134151578
44.2886112113
44.7965592676
43.5526599635
42.9570801406
44.0332579727
43.918183413
44.9689839554
44.5693903995
43.4728291901
44.3760492894
43.6170135337
44.6337346163
43.5563888951
43.334757851
45.2594551322
44.651621591
44.5920010408
43.9375405223
43.8765178482
44.7634108208
44.8858159406
43.999282002
44.6607613846
43.3276539105
43.5760508117
42.8320472783
44.6563473336
44.0291354106
44.3153035063
44.9517014293
44.9598518261
44.0777255703
44.3203242381
44.1427767665
44.0114392285
44.1651749362
44.8788245756
42.5687274579
45.2087265671
44.0159304285
44.8295530072
42.2162957458
43.408005793
44.7309411718
43.9546533364
43.6315797647
44.0275642466
44.2916674809
42.1583011652
43.7255608929
44.6698475247
43.8000427475
44.2855057553
44.3073452677
44.6568937118
44.949606259
44.1708965909
44.3801188972
44.1810151029
44.2354112577
44.4500607516
44.2055981036
43.7544516034
44.7278855411
43.1636493984
42.4947029458
43.920855979
44.6513874974
43.6087523131
43.5456349264
43.5702429848
44.9204866329
45.2376255092
44.4210250311
43.1350921644
43.505911228
43.9108533964
44.8855869437
44.3864972075
45.2322405741
44.8777847527
43.3793901763
44.4194626621
43.5022702686
44.7815395538
44.0522172586
44.2128153361
44.7854775951
44.9598152972
43.6712933071
43.9381098341
44.0092758436
44.7214626033
44.0786951651
44.2791227898
44.5311332073
42.4886972837
44.3216686459
44.1084172046
44.9853151571
42.2874759784
43.63214227
44.5460681967
44.4066064613
44.3255783608
44.9698471053
44.2916392683
45.176863353
45.2189359943
44.1674707898
43.3552422596
44.0809607742
44.152277013
44.3112800874
44.8760852971
43.9681518542
44.0745946432
44.5375494782
44.0414781792
43.6531216881
44.8721469784
45.061432897
43.8131962105
44.6241787052
42.5664561273
44.8262554124
43.7592931529
45.1320475613
44.1119929925
44.8128021137
44.7419478719
44.2835554075
43.2004966427
44.1708920007
44.4044654315
45.1291344519
45.2237369367
44.5194963428
44.3154873255
44.4897401224
44.0223868188
44.957392529
44.3804682875
45.0792613087
44.8718426731
43.7415184853
44.5018220936
44.1435630299
44.3055756122
43.870137463
44.1195947734
42.9846486379
45.0614089002
44.1981892848
44.7797024457
44.5162799419
43.9340691331
43.1075198268
44.9621481618
44.7312879549
44.3910801058
44.4050199756
44.1671906532
43.3890998133
44.2913813249
44.3719824761
43.8913342256
44.8209218202
43.9342659382
44.2114358812
43.926712584
43.6708667206
44.2895903584
45.0551294367
45.0977848782
43.9609935045
44.3719821855
45.0427534989
44.6135234579
45.2492860716
44.0336059522
44.5213450536
43.7200679091
43.7593767502
44.982165218
44.7714358425
44.8716815064
44.1564004595
44.3292777823
44.9821954476
44.0307714554
44.3766732439
43.4727548771
44.8692140298
44.57277054
44.5028395182
44.7234613894
43.6142725006
43.5720393449
44.3535319247
43.9797612728
43.4742197461
44.6539561257
43.902610942
44.7001951024
43.2587835885
44.9632449394
42.5846539437
44.9157042281
43.9687732091
44.6891305259
43.2257282229
45.2322323476
44.709562592
43.7836177439
44.9700823723
43.6333679795
44.9700824032
44.3214778239
43.7509989988
42.9609603862
44.8802881485
43.5058912071
43.2472904121
44.327318279
43.869506208
43.2523970555
44.8055577953
44.5048528217
45.2237369934
44.4286842127
44.5417769194
44.5724479223
45.0890754183
44.8275461522
44.8348517208
44.0946230188
43.7182658882
44.3584362061
44.9803977883
45.0549899327
43.827117579
43.6485621187
43.5317968553
44.8713848828
44.9700823671
43.9129224162
44.282969091
43.8934557353
45.0792474052
42.2906586972
43.8688121073
44.176385353
44.7134133844
44.9440442973
44.4481221908
44.6756919137
44.8089748246
43.9789375868
43.8972047565
44.1637173375
44.6128331019
44.1533427634
45.0720120704
44.9889069408
44.8645324916
43.7643949444
44.5693120921
44.6201090611
43.6040303132
42.6576617655
44.1795059929
43.7707329322
43.8695045373
44.9700824024
44.6196447622
43.7080413413
44.0542366253
45.1443313439
43.8495666299
43.591660537
43.925408624
43.6829948232
44.9606827918
43.5693753196
43.6668857232
42.664280981
44.4061741976
44.0909840879
44.1649584778
44.7405138509
44.8169070101
43.7373230654
44.4045086451
42.5800695287
44.7119197594
44.3259925531
43.0126358384
44.4702897301
44.0336059715
44.6370129259
43.8424557489
44.3946113734
44.1563996058
43.634135265
44.8438688652
43.8476743198
43.7148574263
44.8568176486
42.1628639885
43.6986466399
43.5401521935
43.7083991325
44.8551957869
44.0689072031
44.1458080979
44.97008239
44.1665411985
44.3660931064
44.5828221229
43.7378461211
45.0763646341
44.117362276
44.9157041584
44.785477913
43.3123534089
44.0606641085
43.3905868107
43.3278155385
44.0108977093
44.8581008587
44.0068045217
44.5399484376
44.6959691982
44.0242050172
44.6516203106
44.8287200455
44.6959709586
44.1774668254
43.5547890648
44.0029870844
43.443623132
44.9450451941
44.3261188665
44.4066064629
43.7373160764
43.7617835861
45.0765867004
45.1325452164
43.6227555902
43.3957502882
43.8794637295
44.6855362655
44.2228029684
43.7990157209
43.7148182807
43.8537067168
43.2117636312
45.114130552
43.7270007271
43.2522052304
42.6178741024
44.212946294
44.6597352937
43.8479023285
44.8889361138
44.5310428365
43.7180734437
43.9592862268
44.9626140339
43.5824852978
45.0968918986
43.6736520448
