44.4619570602
44.4855361612
44.857264238
43.2367696386
43.7136131862
42.9532453261
45.0740890864
44.9205556929
44.2624399493
44.4292404366
44.4208951552
43.2978352138
44.7508107388
43.2266250072
44.7633169326
44.8647867657
43.8425385812
43.9263921601
43.5485313423
44.5718557039
44.1489217801
44.3415768077
44.0698282407
44.6786913004
43.7974698959
43.6724162629
45.1115890253
45.066544465
44.9665202748
43.6993255342
43.7104709666
45.0139967934
43.698387033
44.6980267965
45.055339944
44.6811526442
45.1115341125
44.6652161838
45.2240913453
44.4360146789
43.3050002368
42.9506360614
45.0002755658
44.3148573064
44.1814503141
44.2898924544
44.0814585771
44.5181976804
44.6933902486
45.2594224287
45.0780791872
44.7406776884
44.1787346124
44.926980191
44.1010622086
44.2897519397
45.0239530609
43.7418263953
44.9270083424
44.2589932698
43.7852958076
44.9992180985
43.9371583945
44.7698779176
44.4036270387
44.0135196311
43.3860098058
45.0613323599
43.247635313
45.1874818659
45.2183160618
44.5428607712
44.2678558453
44.2686247916
44.7106325294
44.4923160629
45.1477627246
44.0294590033
44.6812356409
43.6788742461
44.4481381845
44.4288137555
43.4422052514
44.4955889161
44.8772384812
44.2319067885
44.1774428767
44.5951488637
45.0637383265
45.158813859
44.1434932654
43.9968343537
44.9282869951
44.1151829813
44.0529596323
44.9109283338
44.7633131561
44.6747119569
44.6668558935
45.0639001257
45.0949772757
44.0732686247
43.8702444486
44.2385156109
45.2492371062
44.9283761126
44.4214213549
44.017659268
42.3188613592
44.5932138082
44.0511880365
45.146893897
44.3070934029
42.7465890076
45.2322430779
45.0739185874
44.6638370801
44.0591041064
44.8300816163
42.4868402757
43.5443026173
43.7099725728
43.9277098301
43.3619470633
44.8033789603
43.5359522567
44.8150648834
44.0281250997
44.7632848017
44.777043896
43.9546013835
44.3894076967
43.8856478366
44.6123320273
44.1712036281
45.0189644813
44.8218891825
44.6177785007
44.7026920284
44.040220758
44.8493231081
44.9206126085
44.6039921883
44.1363400071
44.5099163418
44.855209363
44.1396686363
43.9891047462
45.1397425475
44.3433268377
44.7790425925
44.4878507943
43.9244872128
44.7742652684
45.1023777274
43.9219361413
44.1481850615
43.471684195
44.7795559672
43.6923199951
44.4878508427
44.8269444222
45.2223068216
44.7049858474
45.0713311689
44.119431964
44.0077194159
43.7735319135
44.7638367442
45.1070752155
45.1904385725
45.1022981272
44.8260365454
44.6745060574
44.1127287991
43.9921164556
44.8551765377
44.6531309121
45.1397146487
43.7713366421
44.5019745734
44.2354479004
44.4898519029
44.1632259934
44.1810572561
44.7347839173
44.9700162915
43.9497356413
44.2624795074
43.8488803706
45.0190238723
44.0096111245
45.0001029433
43.2941920776
43.8584960225
45.2241591671
44.3451226439
45.1890131767
44.2895126991
44.7520786077
44.9184410143
44.5317952523
43.556712389
45.1397284908
45.2492372623
43.7612756466
44.3117516762
44.1455231427
44.5378942519
44.5204074731
44.3321246054
44.8778353853
44.914956192
43.9993912858
44.2379537059
44.584449885
44.4190056496
45.0671731495
44.8216726401
44.1129095639
43.999213334
44.5845014926
45.0161541442
44.2954076664
44.0034032219
44.7697190999
44.5019653387
44.8092412306
44.6463122722
44.9080820103
44.9222834733
44.7827019491
44.2100806484
44.3444969448
44.1683648769
45.0190123174
45.0158990133
44.3707594803
45.0728266418
44.0013795203
42.7257433116
44.6382530939
43.7839426117
44.5099292433
44.3860799814
44.7718200142
44.4202327772
43.6738303781
44.1127631824
44.8169070122
44.9351564691
44.5354242312
44.1011883533
44.1472833146
44.3022201511
43.1687769034
43.6554491042
43.3429842002
43.71010964
44.6909822211
44.7009551603
44.5098616172
44.6577997178
44.1563996623
43.2312719363
44.7517127029
45.067878966
44.051183072
44.5522833101
43.7797471408
45.2513157582
45.0712225708
44.7345951076
44.6145902621
45.0613388975
44.5703463803
43.4254758156
44.720604062
44.8101096558
44.7896023666
44.3334125117
44.5244906619
43.8975448561
44.1243805804
43.0925020932
44.7813445395
44.5168221504
44.9538462581
43.7006960684
44.8207748042
45.0526213146
44.4738293359
44.6189340112
44.5145248524
45.0680948564
43.8311183975
44.2369035864
44.9792020162
44.4955888326
44.9999466365
43.822368681
43.5078243198
43.9906593693
44.4742600835
44.296370388
45.0280529138
44.0943750802
44.8345892649
45.1889284175
44.2985431469
44.8162786071
42.6152222548
44.005153531
44.1206379278
43.9181642268
44.9906273869
44.5703080201
44.0908474187
44.1604076936
43.751534097
44.6606538676
43.7836311417
43.4162554559
45.2594551322
44.4923006131
44.6338903924
44.1469312531
44.0195527268
44.8634617587
44.9102566585
44.0343834028
44.8486603051
44.2764241933
43.7500685638
42.8376650374
44.7516305506
44.0294946255
44.5428607832
44.9517008908
44.0764314794
44.0881007266
44.5312713122
44.1653182264
44.0114392285
44.1653891052
44.8908985716
42.5901559607
45.2241351464
44.1632468049
45.0713308742
42.7487462394
43.4791769072
43.9268186351
43.954653344
42.5047806169
44.343329017
44.3291806233
42.1998367878
43.7607602852
44.708997159
43.9327622959
44.3761517177
44.3073452666
44.7514344168
44.949606259
44.3384381416
44.3801188972
44.3628039232
44.5038336983
44.4898517708
44.1602841576
44.3306770485
44.7278898993
43.4651004605
42.5230487025
43.8244449662
44.8092429006
44.1571066455
43.9204765562
44.0823651139
45.1364433525
45.247856493
43.6330696381
43.1350921644
43.7621905965
44.0941224277
44.9065586937
44.5412219876
45.2322405665
45.0499945673
43.5424608313
44.4194626621
43.5078975918
44.8988272036
44.2879706942
44.3549364491
44.8598277076
45.1814056659
43.4709132685
44.2636670654
44.0092758436
44.8491359097
44.1455185554
44.8260372849
44.6444240503
42.4887097936
44.501610913
44.5169307011
44.9859810332
42.9119422609
43.6930881315
44.6226263096
44.3491458562
44.7327139225
41.5195750879
44.329405199
45.176863353
45.0943441592
44.1662955065
37.6683918637
44.1627284585
44.1657058388
44.3964365255
44.9993340054
44.0017087285
44.1431946609
44.5372393726
44.3180365145
43.9429587226
44.878193103
45.061432897
43.8889862232
44.7694130743
42.611498681
45.0713347367
43.7663846552
44.0624487147
44.8314841049
44.8127806077
44.9079131051
44.3008104322
43.2169685552
44.3384341233
44.4045857939
44.9066356571
45.0944806783
44.7032823733
44.5428397983
44.4500652758
44.0429913321
44.9582739211
44.7851112575
45.0989059011
44.8784139277
43.9980572561
44.7000493018
44.2263434223
44.3299179326
44.0135197853
44.2461365844
43.1631656395
45.0614089002
44.1981924601
44.7806520331
44.5718617941
44.2521470554
43.8199050815
45.0957946464
44.908085044
44.4510557301
44.6522577981
44.2810302279
43.5330336962
44.4253164373
44.8345892548
43.9011564792
44.8217434801
43.9483828816
43.8670828519
43.9278410434
43.8477923168
44.2899377956
45.2181923069
45.1096270611
44.025359419
44.8345892371
45.0437149325
44.7919037567
45.2492668228
44.1063084313
44.5368061033
43.7220273252
42.1849532963
45.0728164859
44.9456383693
44.8776106071
44.1563996664
44.4004423834
45.0728353657
44.2142109392
44.3766732439
44.082468922
44.8692140298
44.7638397693
44.6042169156
44.8034313353
43.7267893812
44.0697888583
44.4266122121
44.2433368428
44.33247655
45.0639004775
44.050221003
44.7001951024
43.3658602331
44.9632449394
43.3995799061
44.9184473086
43.9708159734
44.6909822948
43.9820197711
45.232232347
44.7519377623
43.8338900031
45.0190194694
44.0585123612
44.2501117078
44.4827514826
43.9194144567
43.2981804507
44.9282869849
43.7639722805
43.9038178441
44.7374451486
43.941067355
43.2676624995
44.8108096159
44.5052144248
45.2237369934
44.4284043044
44.6177730953
44.7991364229
45.1396521756
45.0332500717
44.8342158786
44.7345101437
43.7605744936
44.3584361324
44.980386099
45.2124695744
43.8408138424
43.9359632051
44.2887832299
44.8776663383
44.2501514013
43.9418737453
43.686258232
44.6001165056
44.5619215609
42.9228908601
43.9622320381
44.3179492578
44.8301465567
45.0741479146
44.5332787643
44.7632324401
44.4563305128
44.2516581564
44.3415768334
44.4052524679
45.0315564504
44.1533427634
45.0720138193
44.9889069408
45.1519456466
44.255362965
44.5701352232
44.6267098809
43.8074796124
42.6780537397
44.2309075491
43.2383910454
43.941066822
45.0190228769
44.8269031752
43.9073662327
44.0712739815
45.1406516757
44.1624138988
43.6002518576
44.0630985774
43.9810202687
45.0784406265
43.6731058114
42.6330309327
42.9652496366
44.749264037
44.831484099
44.4052524128
45.0780772805
44.8169070101
43.8621808533
44.4045929359
42.6061403205
44.7119233606
44.3426558436
43.640499287
44.3815925579
44.106308355
44.7867990358
44.053112828
44.3946113734
44.156399593
43.8957880096
44.9351722697
44.3982678787
43.718559024
45.065602045
43.0878181599
44.0078911451
44.1399246398
44.0808572544
44.4515167272
44.0718291402
44.137687349
45.0190236251
44.1665413568
44.4056043606
44.5828033442
43.7378461211
45.1018171879
43.9590305194
44.9184472804
44.8443955372
43.4021277956
44.6383180661
43.5188060397
44.2762941406
44.1764111893
44.8581008587
44.6123343306
45.0641639399
44.7020859353
44.0242018569
44.4479104097
45.2252457501
44.7023980784
44.3448377748
43.5815562522
44.0418467336
43.7409106357
45.0741976502
44.7813443573
44.4288120164
43.7340441671
43.8237942045
45.1585061329
45.1310693365
44.0740190158
44.0099203353
43.8794637295
44.7667648051
44.3130169642
39.0596651004
43.7184727223
43.8536853245
44.1682579438
45.2513275466
43.7586294667
43.2712371829
43.217033581
44.3549099042
44.7787610492
44.2895518666
44.9185371033
44.7846663317
43.8130268029
44.0026610985
45.0785960488
43.6341914341
45.1074700006
43.6625092199
