-118.282460492 95.1792937225 329.500316948 211.77975418 442.361143405 -456.402427608 -240.513939913 -335.051901687 -29.4229091879 21.7952813812 
-337.605527815 -238.539003778 69.8618365986 -123.362328492 -28.0952402049 448.065782065 332.706971277 86.6824414936 -458.95144191 212.408468653 
-211.597994415 -13.5863784013 -122.242227716 333.245414918 127.738819437 -455.656495384 223.036738665 -324.167742967 29.0468425173 458.951442099 
310.833855069 171.004243719 -405.411362831 209.239022535 62.0170580348 430.113835219 -55.1290706058 -45.5116380669 -164.720677908 -284.921106192 
-112.534104057 -413.729196451 329.486125814 199.999565897 462.599174764 342.154369256 111.436679057 -284.534792171 -142.951009092 0.364510803557 
-33.3764442601 -106.395482058 430.720360892 54.6769325041 163.715244427 -454.42362492 266.704400619 -328.528666676 -193.505779451 359.142843349 
-220.906115551 -42.1420715546 -332.477809303 327.781728903 207.056407076 29.0468425173 -103.513076404 458.951442334 109.294398156 -460.163037351 
-142.671308739 105.005065644 -19.5217864522 315.122901653 -344.804101206 198.566160067 -459.770131344 -257.811635605 448.882717674 -15.4378831842 
227.206436371 -61.4149938051 -458.951935281 -321.212750081 -193.21666923 177.341234709 56.5816427991 447.45842608 323.188673361 -75.2793061782 
-457.519732255 209.074634043 -331.376139372 -122.085291363 448.90106526 54.2090850356 102.624756321 323.093218137 -52.9640492225 -211.882706852 
8.37111464768 -278.388073116 112.566419031 155.924895719 -346.083410591 -46.0383545014 315.544564485 -458.257982252 460.853388606 -153.877292102 
-118.930131941 121.143869908 -10.6845847839 99.9967416156 -338.803863661 323.801994354 211.616964321 450.197755101 -454.477453352 -216.737173486 
-333.133126763 -458.091565194 -27.6101292688 110.725882832 337.220304275 -119.731409833 219.87725785 -226.160262293 458.915475803 -2.34384266503 
187.768442025 213.171725874 -208.562066394 -32.3352036164 -322.846047303 -107.767115479 104.896192759 448.064336265 -430.741316036 336.171594074 
-459.786529262 -100.21393265 204.164817089 -218.467066038 29.0468425172 80.1359152513 -325.303402305 447.264766293 -68.655316762 318.821033481 
-312.278847469 -29.0468425174 -169.918615925 -20.4110881314 -448.195164102 197.411047727 317.913607748 96.6636032024 454.560795597 -300.183411786 
-332.105271905 1.05907428051 459.820983889 14.7495582513 -216.227229531 220.10280296 -430.856092681 336.963066824 -109.674102365 115.597439428 
-428.544684658 322.913261358 193.383034933 -231.209108044 -20.8173676715 -342.999340713 -125.943319499 111.587996885 -5.25862150985 449.292751836 
86.6824322994 -441.873996915 -316.297470474 -259.622026616 302.401302299 -446.563955745 142.951006543 -17.6506435074 460.924921553 -144.845682948 
-323.616089853 462.596763512 20.2183819811 -154.194772329 119.954489873 -34.1677745508 339.970985005 -198.071101452 -458.951204094 238.728471153 
355.627108446 35.6299328087 -86.6842914166 456.149463006 299.053981442 -154.971990248 67.3364953876 178.215791989 -295.347897611 -441.334883785 
-94.7278375013 458.951445853 78.6250957377 -211.672834694 -33.2728554796 -430.113840959 234.287858092 347.281150083 112.624386062 -321.294011313 
-35.6437451404 233.584287711 172.532862632 329.784655236 -313.426726917 63.4430102229 458.951442462 -190.706641674 -438.874752053 -132.116951367 
-44.5036890286 184.465077807 448.064450899 -199.748531672 -324.86857812 65.1581740141 312.952733659 304.13992251 -461.405482464 -73.4514449892 
-121.648319987 453.03295345 337.416411034 -418.695904402 29.0468425173 -211.540479171 -313.04063787 106.111879669 219.345388742 -14.8132943854 
-6.96442790378 -451.275162793 -223.20836179 102.601947339 220.685962234 330.540323551 434.893558854 -29.0468425173 -328.835252174 -132.418294547 
142.866855798 248.68793255 -228.216789026 -457.755666674 341.094186516 17.4144331667 -332.228092663 -122.457488849 -14.2655307513 458.951337842 
91.6922114997 451.713393787 -24.5367044107 -43.6975468016 -318.926206699 -311.151454868 -460.044991223 -174.303364517 321.874703168 201.330838313 
326.059605705 -459.371709175 -29.0492270848 -285.201426259 100.817756587 199.829644918 452.158269247 -159.905838941 -24.1916493703 -328.156634028 
-334.810956581 335.167394559 -30.7050962479 -462.426254323 120.033611044 22.1363481674 218.682016891 -113.245937184 -196.965253213 460.198709951 
-210.28678199 456.455369271 3.45378278143 -82.6293789416 -445.672398428 234.862796425 -303.053891446 -443.083604827 111.943591556 339.059897544 
-236.096319052 19.8030874523 -101.616980405 343.84880655 462.012880867 250.173764451 -334.8332312 135.354107196 -460.742885558 -29.0468425173 
113.065832485 208.10968198 69.1181380882 -27.2578317853 -452.482242998 -144.085066211 453.609245867 -232.639140813 323.05674665 -345.263767944 
118.851678567 219.84101631 -220.810780049 -115.012671498 -1.59466999616 335.959093914 -329.475393938 -459.175726054 -13.7548684929 449.432232952 
-459.845840816 -175.220493138 -319.443814863 452.710843772 -29.0491992854 -315.167950311 -33.6744989947 315.967833387 87.2151381101 191.619694685 
-445.720679102 -222.320637555 249.658810885 340.642390485 109.077357416 -333.359072263 95.4567949013 -118.524464827 -13.5624635256 461.741613498 
-328.428229725 43.5553144023 -462.578759657 340.836030653 121.737620398 225.044826142 -76.3391390042 460.794314304 -93.418063329 -215.779024435 
-450.063029065 196.641710503 -320.746733679 -216.328900669 44.1809021103 325.573813541 459.782110836 -97.8278263538 43.5011873552 -422.157408788 
-63.8694543192 79.1085931194 29.0468425173 462.597108932 -316.287572939 -461.156210941 202.097299627 -320.566855093 -185.011783316 327.189794265 
69.2911342264 335.706570444 -65.8204858186 459.054770548 -191.985921682 -29.047505361 185.668352692 305.580874916 -430.115346307 -316.243212575 
-458.951442132 -229.178224054 330.00677862 -133.438102794 -335.478295789 119.335965715 -89.240240203 19.9237069659 462.599174764 177.770583052 
-175.40773486 -137.128782021 307.861570391 -457.402198537 64.2570779753 320.286498843 186.648594711 -31.1955411268 449.987906048 -294.873258966 
-74.7496328462 -193.025827986 -36.6865058877 313.370183239 -449.900858364 312.973023627 171.860394098 65.5563349843 462.119126631 -324.013151122 
79.5089501258 457.409902763 -162.93187601 -35.7829520249 -304.721963056 -51.891501094 306.823212475 -451.341463923 192.756599921 331.029957877 
319.318942564 -419.322598105 -210.943405667 35.8720055959 178.209664365 460.927825039 -453.905899292 -322.99780399 56.47911032 -91.2427463061 
30.5774648457 37.6055487971 -221.39330367 171.825158299 -92.1879850367 457.479405285 -331.176636159 332.198346471 279.358493291 -425.221836911 
453.479250579 -169.83898364 -4.70038374675 -459.127298429 65.7112896357 313.033364353 -99.28629012 -327.879303579 -301.694136725 183.757226255 
-458.952487287 86.2872960033 -235.371397103 447.540092793 -34.9725388617 -337.220392184 204.338930083 -122.405280332 329.839098749 29.0468425173 
334.040131793 -124.213270035 -329.741065643 -458.951441685 107.712499965 -29.0467482786 -241.110930935 215.845060881 458.951429845 -5.31133728829 
-231.163100426 314.994170046 29.0468425172 -110.050031384 460.416312938 -340.129048613 -462.597236639 313.456978942 170.87166047 21.2706073934 
-86.6824487748 340.487559046 -460.075535397 -220.305846796 457.929814667 37.7575542132 -87.1222468978 -333.801297215 126.164315323 217.630138674 
462.599164797 118.328355962 -343.02066587 328.347102439 -297.444484216 -86.6824628155 -461.600164606 217.996790616 12.9942192472 -162.550816147 
142.950946569 -202.062588529 -333.037061498 317.11315756 461.106347891 -455.225830284 -83.8976182583 142.951006619 -319.594515357 22.2242106772 
227.041323667 333.890619928 -34.0094693522 -331.803073219 81.2904596329 105.951153223 -108.839103685 -448.187606347 -209.428140037 461.732506178 
51.7126697534 -448.10428583 286.765598078 -196.50413011 170.218454936 455.499671743 -321.404732353 18.913642117 -99.8822697151 326.849377144 
457.732407306 37.1898363145 173.185927762 -91.3905351675 279.40011959 332.305068246 -221.066320335 -331.299529532 33.1947223584 -425.359804682 
-239.082939112 -28.3782857018 458.951441958 224.43174903 -123.665030711 81.8794731542 340.991693245 94.4962326278 -344.439434533 -460.075428998 
-131.597945981 448.067941502 -33.6478666913 92.5753794965 196.96514811 -248.341439636 -348.910063872 320.276391751 74.4571847085 -455.320940275 
-459.161515687 238.581503887 -336.555872129 127.469900963 341.274591911 75.8058603355 -136.247739975 -255.645231614 462.599174764 -29.1537837493 
-80.8129028511 21.3551684908 451.932049222 -323.746771032 -200.764887659 142.914255133 -459.170563216 -324.591422786 305.458700566 144.135897783 
-443.092503401 -299.766850794 -60.3512959317 -57.8911990589 448.082278773 253.550145593 324.765390845 -174.476033086 162.955011113 66.3641195773 
-336.990264533 101.626130319 -458.951536318 -145.557835905 -29.0514064869 210.139451057 -8.66442740333 326.053194194 -248.609153037 448.06577116 
111.127837371 -446.455904629 211.586949803 328.833337516 -441.498626997 -316.039362362 -219.321312461 461.576671576 -99.8833060036 15.081164696 
461.698748061 -447.640164926 65.3039264066 -319.036776906 -31.7324395823 -84.6868262072 323.345384345 215.909034122 -207.137260452 96.3300712929 
210.748214498 97.7993834238 340.51415125 83.791321359 -131.573730588 -343.306013609 -459.52884672 -32.5560133452 -245.625901803 458.967288755 
-328.988139972 -45.3228896301 -124.544841597 458.951437723 37.6821455601 142.951150585 -196.965200613 225.466847648 330.055974834 -458.951442453 
453.669083768 -283.843844404 325.731553291 153.440341654 -135.937745524 -24.9480313975 225.563325531 -142.951148857 -410.532548197 81.9716604079 
459.628958696 214.569993619 -326.731656051 -33.3817157699 48.4983940555 -217.253804894 321.594635559 96.1652662626 -104.620249902 -460.56743288 
326.460066702 199.567563044 -441.699814137 -187.817954686 -289.672895095 -446.445300402 68.6545288198 459.777904272 -68.3514964607 29.0468425172 
29.0468425173 -331.490700962 256.094433592 335.086281901 458.949897456 -225.611063906 -458.951443422 -1.94922963619 -116.084276706 159.632004515 
-456.562005982 227.416844209 -28.6217038582 4.31858532049 -332.993659588 -254.602344699 459.67682073 -158.101058255 116.953457136 334.446557832 
-314.476274215 41.7273547385 450.419737369 -196.564475347 307.106414847 39.9391055414 -458.951442023 164.512558474 -84.0333230085 -331.245664417 
-121.488091139 -51.2123423379 460.290269597 -339.988085206 87.9851623929 70.7078748284 214.202634643 -223.442599187 -430.113835278 338.726715342 
50.5677558557 178.400133333 -457.450325689 -82.5890730537 313.138648286 15.9221042184 454.568142181 -167.987595737 -310.733620613 312.409663509 
-107.000084902 -459.685308131 326.228397232 29.0468425173 -216.51278858 99.703064452 -325.863022087 218.175208981 -33.540505231 448.065771034 
-316.260624561 -118.909909399 40.532043572 337.333434745 6.08863870164 -457.759469565 163.116462047 -142.95199965 268.521922886 458.951441941 
333.406623488 -456.53356024 121.339453418 -248.690999793 228.518082096 12.2984057381 -144.592942935 -19.2228491056 459.234285541 -337.746411405 
41.8738380235 316.901886191 -76.7412300498 -330.491031843 437.183915887 222.790824672 -462.588237884 155.063629978 -91.9896158722 -207.121800928 
-333.103115222 -221.91175382 -13.3102019874 340.496877197 95.719193904 461.802556051 -445.290410019 110.129801335 -118.565143307 250.313177671 
352.48646632 462.402800609 249.90321376 101.305929181 -332.598349659 -114.395213523 -214.258408293 -461.11718657 -2.28577917167 185.767844826 
-335.299766892 462.090667038 330.257892534 115.083617652 -95.3920695862 -9.96805298558 255.71941656 103.515698025 -448.303888358 -220.093257283 
332.720663214 303.178660628 -197.533400968 189.494005521 -62.3120635255 -430.113838052 71.00272194 -317.132084708 -52.1713553226 459.017724391 
256.849635031 -291.445305392 -54.5453720067 -163.345802909 34.6111225091 -110.859068875 127.535885524 352.351461635 455.207344565 -430.136822489 
15.0050899421 267.841493365 -458.951438746 -111.747709224 -159.867569616 37.7083020107 163.701863944 -317.197767407 458.951439329 338.054076992 
79.4301865402 -460.262302339 -250.112972816 89.3163106168 458.951447248 -350.825675368 -129.791207867 -39.0586587158 340.063089526 220.14860354 
-323.806840735 -17.8722395938 331.44946692 102.495434827 -211.00614036 -430.113834804 -117.645671595 461.059059725 224.168759856 89.2011694784 
305.94212173 430.113835231 -340.054970152 -460.946784622 198.868484017 -123.935158711 -86.6800371746 -247.98222622 20.5973580336 119.628341647 
326.161921442 450.99090334 48.2827840495 -325.283267288 -86.7695001889 242.39516892 -456.003003631 -212.922919449 -73.5878124039 143.693621962 
-449.785558187 174.036035196 315.318196558 -29.0532366286 58.1487500532 462.284938238 -207.576590108 -81.183255435 309.089440575 -329.063972098 
317.651616241 -71.968438858 -199.130967221 461.018032632 306.767900883 -39.8176088696 -461.179870933 67.9551900492 -327.552863574 175.938328649 
-458.951272323 45.4131501118 324.403440661 -226.484170055 453.427710554 -154.203583367 142.950549857 181.008794165 -49.1095843482 -327.954842353 
-458.951445448 111.617485337 42.3099617604 -195.613977455 -72.1875724149 -326.944280252 318.71526928 -108.511068682 192.085855174 445.320758333 
309.935546962 -192.362825122 315.643517531 -86.6824415042 36.8129553894 -316.517616103 175.996671086 450.087420799 27.7364744992 -452.606375927 
206.511681859 -459.795439877 86.3111985255 -124.962518508 -344.37214016 459.276675323 -22.9561469116 101.487560955 326.533749924 -242.320411161 
79.3751693491 446.528371347 -448.067245189 136.994192218 -328.765760751 -193.409899431 -29.0853168331 222.529567108 327.442235967 -81.3491132538 
-140.696711743 58.2123001594 -36.4839080507 333.000578014 -330.329387002 454.938256867 86.6826927764 -458.952019693 203.423874856 -252.925197303 
80.2073271103 -68.5038775676 -325.345561812 29.0468425173 447.324419695 -218.479713916 318.826523935 -100.223807033 -459.794442654 204.20347111 
-66.647437662 -314.946246164 323.679434914 -461.062883222 29.0468425172 -314.781957146 -178.816103586 219.484268458 454.714368552 152.760264137 
329.153721619 -133.365447544 -459.462218272 -347.455299353 -42.8009456962 86.6824208474 201.875160782 460.396530331 -230.890020114 66.9021874685 
-80.7878247574 462.163458125 -29.0468425173 -207.366158692 -329.159401288 174.480957509 315.642408563 58.7112895212 309.109508142 -449.971375074 
462.599174764 337.885452145 -120.162953079 -336.595695736 93.5426382529 -459.361210284 226.103673376 91.5532733471 -228.266080169 -32.2134309093 
-28.528894078 -54.0849294165 462.599174764 250.657724393 81.5219807229 334.957830368 -169.649642847 147.625427219 -285.447404881 -405.884133543 
-34.6943729261 -455.180977367 448.065756736 330.06488787 207.954559726 99.0793585677 -178.769286378 -121.356601344 -328.218424128 91.8528863344 
457.30763307 -59.0335211225 295.240389357 -53.5065300268 -198.311838896 172.934459597 65.0869358145 -430.11383384 -322.04261215 337.568581937 
333.525753133 -174.405196153 -318.621470992 223.402105116 -26.927968727 461.437142885 111.077858183 -461.447549162 -29.0468425173 -318.657710796 
-330.22627684 460.041581484 -462.570000574 -224.846121663 122.331967137 343.372359009 244.897000116 -10.595129975 -130.222614661 -6.54588540618 
-267.833549303 4.20383104552 -346.081794998 461.113651394 -458.232366389 -40.1587148364 112.668731859 148.138659842 314.010172408 -147.479031193 
-421.271319811 -195.710805421 -68.4460042354 328.282621168 -313.472139712 -86.6823037038 237.793041689 456.52186812 140.815810597 50.6656421691 
-444.549912845 272.080507622 -185.53946931 -51.9540935955 439.315525037 333.605540637 -86.6826076734 162.546320849 46.8678926832 -294.871811593 
86.6824275514 -322.57874077 330.346649542 -237.435229668 -156.520406302 211.877725274 69.6526260134 -34.4623194748 459.239567421 -448.065766787 
-210.726215946 -335.890202601 322.817927861 -461.168290237 97.5635512467 181.819237392 -127.640869496 50.0653404091 456.913821255 -59.4668766445 
-318.937766547 330.705653257 -310.104007596 -175.504192992 29.0468425173 -461.651179134 213.60908669 -60.6936783059 461.373480631 79.2867013456 
86.6824225944 460.280722973 96.1681811613 328.151275493 -340.716255871 -235.200903381 209.43834383 -456.957061397 -124.365558842 -20.6880314786 
-5.53521484711 -137.446461747 455.264390905 343.391001963 74.3774676613 268.904569856 -255.797666769 -454.131161551 191.482739319 -115.142118932 
-462.599174764 -338.586352095 162.512672507 29.0468425164 -230.201066219 266.92082598 461.090392679 20.1719678028 322.13742448 -109.893337254 
-459.960562087 206.677877073 -103.395276396 29.0468425143 458.951442099 -42.9537753935 -221.398582828 -332.791688963 108.674081221 327.673109638 
-326.704018996 319.895474064 -2.8457962143 448.066333222 -139.079516882 -29.0468426911 -252.462740719 -455.006113183 210.788618409 101.516986358 
-20.8374007223 -240.674520656 317.911399862 216.430896974 458.951449794 -132.356728439 -345.587933508 -458.86237439 117.812635406 -8.02579149987 
462.438505465 -460.792784223 333.124273402 118.741212401 233.707922216 -142.951075404 -329.738157392 -40.5564249474 32.7906630764 -223.605160382 
-153.943709548 350.998530353 -249.105405488 302.687094605 86.8933516572 192.134852341 448.065771059 -416.158582558 -53.7004498008 57.8254300767 
-29.0468901248 -189.450319499 -405.378742613 5.31071116713 115.385432517 -311.912643391 -119.189142218 448.066018253 235.695867978 335.143079706 
414.173649218 -301.242472727 -102.417263009 322.213379679 -437.701784814 194.5698078 93.6349502922 -158.92827337 -21.9177966363 458.877536465 
-58.2168388652 -171.875115379 -437.828246724 193.894682041 54.5267592392 428.99738681 315.0336461 -324.946764972 63.6455842727 -227.429074271 
-249.706806094 -139.68949491 181.116368422 -461.226160583 -337.058048701 90.3720428075 459.32431911 337.873865857 241.890300294 -33.0696626554 
25.9571809085 328.567471793 37.4838128487 -458.181147734 450.12140238 162.901529039 -88.6857075867 256.826248361 -190.960921933 -321.515509908 
-32.4012276725 -281.344166674 -136.571819884 -405.375587066 200.611493239 458.91242711 -142.968797018 333.547468261 77.7937999699 317.586121068 
179.982182502 -29.0468425186 65.7848325673 315.683662443 -302.375391633 -345.551793043 -57.6997262924 -453.081259919 460.149563041 -184.554085108 
454.836706188 142.921620377 328.174393597 -81.2100683774 240.034817579 47.2129846773 -317.947401757 -86.6672074535 -196.923124859 -457.379707475 
-122.585186209 -42.0932062963 -327.294079702 114.462660316 231.374231189 458.877919717 -461.000675536 336.01227429 -202.360239997 9.55749850361 
332.43780843 -329.443714022 214.81337291 -462.572902319 130.30744526 459.504780955 -45.7217491213 47.0423583555 -246.563768365 -164.305404626 
-416.196269518 -314.119767689 16.7964941995 460.187773012 336.051004864 160.629918398 -194.814601364 294.704546097 -80.975017629 97.5236067075 
254.284586092 30.0303603601 -318.195614532 -210.867132124 156.843057593 -92.2023846333 449.772454502 336.400349366 22.9809504602 -447.357661147 
234.644876291 -64.3954051043 131.684103501 -461.236996254 339.616327781 -142.886786836 -196.965142735 14.3477233573 459.54386608 -320.049589431 
-205.813173367 459.486658443 -427.33905068 167.260815012 -85.1465550566 -29.0468425172 337.9015461 259.213544112 43.7873404773 -320.244593313 
-317.01580248 166.148506544 -96.2798120699 287.806787029 29.0468425173 345.733854604 -448.065758062 43.6889287891 453.104406484 -176.548265198 
-337.56601059 -240.76838842 220.038792142 29.0468425172 -25.050726196 -459.295603076 98.7730466942 339.540472406 458.671563557 -127.545202228 
-326.28594834 175.825748031 -207.075677614 -58.8854116648 52.548554176 -81.3369297342 232.566838397 -455.833929364 448.065770874 325.398027405 
-168.586948848 210.492373209 29.0468425173 -42.5316238454 -270.317554818 338.452360237 458.951442815 -318.195310394 87.4484627633 -438.471224938 
-461.070229003 460.494672691 1.62105843904 325.189578015 -344.236090665 -124.284325773 -229.955204294 102.574137045 -20.7198633096 205.401521647 
443.228258936 -131.379978753 -438.871286256 130.454309665 212.507081481 -245.211722246 -78.2814246616 319.19025582 -336.288974568 26.3066315201 
-344.700974622 228.496928308 -232.631237204 460.650768224 -126.592876732 -31.6020767877 86.6824231519 337.814603243 93.4963848017 -461.092738954 
-258.056801102 198.745835209 105.539273725 448.629219202 -15.1395752764 315.113233455 -142.563390843 -345.006769281 -19.5280274186 -459.919792101 
461.826880777 39.3832168565 -313.309663497 60.2534405671 -197.960419743 182.49866888 -79.497323601 -459.37338727 -335.161572317 321.626554207 
-28.109314182 -200.678831292 448.295848876 -449.752237858 244.426512505 -86.7357504909 86.6824409636 -333.432580306 335.299268048 135.4557979 
240.01954258 115.857795446 461.014279372 -108.260519856 336.350598607 -452.491742517 72.2039816741 -15.9746032168 -228.278867407 -331.784736004 
-177.626565757 -66.7032514286 -448.065771201 -213.053873342 327.332848865 205.357857873 -327.344758126 46.0167851874 81.1470135696 461.102957413 
327.650803027 -458.172161267 -83.2764138454 -344.963152349 -236.80461956 -117.40446671 18.6714153072 460.559874203 102.758319734 217.304804196 
-331.301101383 -29.0468425173 -48.2280239134 410.682797886 73.2417931136 -451.912182761 -164.683097371 -293.781029848 301.985988611 181.838885061 
59.2294746611 -86.6750765055 311.100290686 461.545818351 -59.8921974661 316.393918471 -462.56702269 -213.244546506 -331.658651543 178.403514522 
88.6117354163 -433.611810349 222.829040259 -31.2828691819 -117.060660121 86.6822424421 -328.614209133 341.087977934 455.101523969 -229.618219836 
-299.999192379 -452.472976863 -330.849845682 -77.7432656863 176.582604511 29.0468425173 -193.95346773 58.8961702848 317.420505894 461.06002957 
-422.797499317 -64.2611562708 -199.535563948 158.07216369 59.0442444379 228.19271248 -312.707946713 340.265795104 458.951444815 -66.2828557567 
-33.4324305609 84.4687327749 -300.962470619 412.052829715 -308.478152844 -33.0267729163 297.687899224 -446.753606308 176.800169108 -174.75895524 
-224.166521149 29.0468425173 324.971838964 209.375971884 462.599174764 97.0471045838 -329.021595531 -111.328145552 -38.0454354244 -448.01239583 
-279.92976425 461.317764889 328.629450799 -168.402523616 -325.639081233 51.4080205123 -58.4408034921 -462.085610377 203.094779162 75.9930929407 
448.065768383 -325.199649801 17.9412004128 -97.4731771317 -79.8349708753 -458.951566816 333.494630428 222.362692996 -204.966514895 121.71125404 
-34.6905433627 -241.72678554 -458.951442397 458.915756856 196.964956811 321.762415241 -138.517030621 86.6824195611 82.763486896 -333.658007494 
-405.378744848 -60.3531006539 76.0425291139 -143.565540463 117.529677521 -273.201778705 461.873973875 234.08678155 343.555372447 -32.9677663054 
49.4821009343 -83.1688526224 -456.177242157 -336.104027689 168.255242002 265.232794731 -61.4231669822 336.180342088 -202.125305106 458.951440358 
250.060975609 133.13558208 73.9895656642 -24.4710574441 -455.488603904 -324.832253667 330.710542339 -79.2356852428 -196.965148909 452.580306438 
158.071289596 228.193367067 59.0457818168 -199.53496828 -312.70915758 340.267502563 -422.797985625 -64.2585872852 -66.2827959668 458.951445321 
-183.933646168 461.330182111 -324.010323756 80.4377399159 -64.8207506194 59.0168434141 -444.900529271 210.327138486 -226.825878283 330.449276956 
29.0468425173 245.163613635 461.138842684 339.461262391 -332.709947468 -237.196961881 -461.767733118 -26.0371265962 119.939492747 -127.037108203 
-191.492747252 336.821117812 -101.227623794 219.907465603 -447.907079027 -50.8871394343 57.4300236556 461.223168176 -323.186318138 117.293179342 
99.8950350308 214.184559272 -324.126397826 -218.171131633 -102.076244203 -49.6583370934 458.951647854 29.0468425173 324.73219786 -460.241970421 
-125.381748638 29.0468425173 196.96510704 -461.073890696 127.827759521 -252.806696599 317.709351209 460.2010723 -83.1789361443 -346.611382732 
-203.318091518 198.422600597 -446.029004422 126.009273045 456.814836466 319.711338795 -90.5281339401 -319.554597315 32.4293336806 19.1513773151 
-39.8226740835 -460.54483634 430.113720215 86.8008233801 -148.271024998 323.926376115 -29.0468425173 -221.783158383 210.485780046 -333.580438239 
446.550077265 -100.243369296 319.065553031 -67.6473226336 204.722943164 29.0468425173 -325.073402323 81.2348200864 -459.231850963 -218.336469885 
-457.664401471 -37.3550335248 -214.100059758 86.6816091341 87.7811248335 220.714022134 333.973319057 -124.291180213 461.384637711 -336.847144342 
112.074147246 458.949135547 -126.286438438 345.578633688 -24.4145537444 29.0468425173 -458.951461276 232.922738003 -238.624342409 -336.003464269 
-325.03256376 328.328683124 45.8802757354 202.099149472 -168.370473523 -281.124493632 -462.072016125 461.260715173 76.6839365856 -59.6211161822 
128.306985234 339.977321275 -86.6813803649 232.446796707 -224.009031029 -453.852263204 33.7038480424 -86.6824417745 460.131376067 -341.379416954 
-47.4008826788 314.387037114 176.581721339 -455.345048305 -331.820074101 458.951447705 -266.051838487 4.37000902997 86.666374247 -161.938903994 
33.671352994 -235.488709395 142.913977943 210.076361914 322.929594579 446.486694461 -10.5137526859 -337.212820562 -119.677541898 -436.929098715 
-448.605418088 269.929126054 85.2443974724 -218.334757572 342.510160234 -96.3094451245 -316.509783778 146.940400563 455.894488739 -14.3274729708 
-327.396074184 327.325568178 461.046441958 -213.100495829 46.3300805588 -66.3764468119 -177.28580669 81.4206683807 -448.065771138 205.526156743 
-29.0661959929 -258.587466008 89.8867445107 194.767288555 -162.389631589 452.732410816 -40.6645851273 -340.398776376 -458.950992123 327.247445335 
-462.578969849 316.382220423 -212.913944162 178.459054462 461.555887708 -59.3099614162 -86.6806819328 59.2898760125 311.275477142 -331.602030252 
-73.078803741 -255.059824937 -451.904648733 -176.081815452 449.241672086 21.0509576602 156.441329982 142.951000101 -345.032667578 306.806660984 
-66.2831261225 458.951444198 -78.3826887987 -324.1837774 157.5866161 229.349958608 -196.957942906 341.079174392 -458.9514421 54.1608020923 
-199.545394946 241.588325258 -426.283308348 344.299667886 462.599174764 125.673367696 12.4483593133 -11.6253726036 -124.772581111 -305.871799103 
-298.9434562 57.8049124901 -68.8481809692 318.740680892 -186.538406789 -461.877529559 -334.762684683 196.607664345 57.4495593239 430.113857398 
115.613292988 -229.28601296 -29.0469625883 227.762964678 448.065766209 344.470866579 2.94681756523 -437.596923269 -121.799671312 -341.38397573 
329.490475726 -99.6551405759 -427.262883023 459.048409437 222.426103031 35.8880936611 -319.496269925 -1.69151171664 142.949325399 -203.679618145 
-167.523590019 -58.3503982762 228.753542151 163.907959734 456.475572717 41.1873095665 -454.858834821 333.103088338 -337.791230815 -250.27176355 
219.904579501 462.599174764 120.234866298 -460.912642088 329.671657793 0.564282671 -2.3289373511 -343.718325467 -250.092150935 -130.542511517 
-334.563441922 310.398846934 176.344598251 455.939519457 -458.951442203 -160.994841172 -235.968466687 142.951022891 -52.7077050376 57.2105416347 
323.369748768 227.354892971 56.8936904136 -458.951443851 -74.9627123099 -192.829465694 -321.076050341 177.765404251 -61.4241426367 447.615492638 
-315.593478453 -22.2176866586 457.732633828 -197.32387507 334.67650897 99.4194338183 -90.6651745366 -405.481607505 224.113204267 84.7458779701 
-240.503620182 99.0404323943 -337.360083471 220.17898998 458.892760496 29.0468425173 -24.7354136046 -127.317460572 -459.290897012 339.780217317 
86.6824414935 -196.965231399 -18.5800454725 -458.951446097 -96.3299439958 106.930680219 -330.087501338 336.330500141 458.955630826 228.087898694 
314.217114716 -37.3911116989 171.425825592 462.099007907 -324.61747179 -450.181995462 -193.709479853 -75.930821224 64.5166078143 312.602697448 
-232.90521957 -319.476314118 414.026980086 291.724930733 -86.6827802682 86.6873523835 -447.891986831 -131.046454879 165.258245898 20.9385948136 
458.951441694 337.203813627 44.6492677513 -57.1668495396 -196.965121333 215.006990869 -459.830648898 142.951447487 -174.247126137 -329.14776993 
462.599174764 29.0468425173 -63.6138487001 -461.162706358 -320.662612873 327.420098872 -185.050087867 79.2764764912 202.227493865 -316.274862179 
-86.6824415332 440.57945387 167.563170267 34.2352863836 -207.852446952 -327.971279511 29.0468425173 313.193059039 -448.065772815 281.990949794 
-462.599174764 -38.1790725893 315.481458861 -206.391461124 461.709874866 55.8832393834 310.551321756 -86.4827589906 178.919966758 -328.061525906 
-86.681647216 65.5450043727 -29.0465726572 306.178464193 176.124527792 -162.568697441 -287.647607453 462.556579902 328.679750104 -409.197837284 
194.893436582 -448.065771028 -180.819005055 -311.702331349 39.4350725664 319.241169016 -300.43080192 -55.9777604967 86.5644944189 454.901331134 
314.390645454 -24.5675305369 -459.015337716 448.409302807 96.4595007544 -24.7767128186 -346.837063544 194.394729857 -153.28681721 -270.662782763 
-342.46448314 332.292766776 -230.595929669 -462.599174764 62.1372688356 218.720222873 -14.2567589626 -128.034847891 146.718281195 458.95969653 
-405.378747094 -295.197007774 461.140769033 -83.4698990623 345.249379085 193.198622814 57.4019759395 29.0468425173 315.80115327 -179.823864318 
178.434997498 -213.39750082 311.040460223 -331.721275696 -60.1746174466 316.378300466 461.567999833 -462.592578182 59.2143618379 -86.507581372 
-318.654413926 -461.452550569 111.071560035 -318.634734266 -26.9274017491 333.522708555 461.433135401 -174.418451334 -29.0468425173 223.404347713 
430.113881837 88.583617828 -448.06573182 215.988565107 330.707362164 -232.360377013 -31.7803336331 -329.55189443 86.6824454783 -119.662386511 
-439.732521587 85.0275274386 41.3957099412 -136.714032298 333.554286976 -214.851980358 -321.754037458 456.708606134 -65.7415305789 196.822807004 
-272.2645206 323.46546281 142.945950151 182.716479386 -147.731735574 -48.758697665 -458.936427822 451.905319219 -329.173408818 44.5361498084 
-142.357053699 462.144117169 -322.122014101 -445.735741668 314.558454946 171.071613063 -34.6541994667 60.8487705685 322.512430568 -218.893273382 
-56.1143544942 316.398972024 458.951375896 190.517077845 -459.659642236 41.9981677957 -335.028668344 142.951006573 -173.722635709 -294.892889064 
-122.734411159 -460.697930561 336.183468095 86.6824378541 196.965050686 -18.4468296032 -236.567613202 200.927719861 459.563444048 -346.606012977 
48.800211491 -68.7944109768 -449.473259675 -221.216996588 -170.093844805 213.269504929 -330.522125849 70.9304824117 331.096759251 461.937944126 
460.378813798 65.1036629033 -333.004881186 -59.641728697 236.649086179 129.285931223 -204.725507362 -452.358231218 343.592321691 -86.6825140567 
448.715962276 92.3295129885 -427.624332354 -220.84656851 -332.41287615 29.046842517 322.382226617 211.804166639 -19.3661913225 -120.563277532 
-18.3450165288 -323.856989893 -450.266832381 -210.155054356 218.188725791 16.9000537851 -105.375005514 458.951443561 109.789282455 327.305712444 
459.127386997 -87.5343906263 346.932603992 39.64487945 -427.487651722 -321.734296136 -207.385115903 292.032880871 170.375663511 34.2495515253 
459.055770873 4.45642854719 -320.679205097 -212.095451257 228.614037483 339.172623826 -449.736716515 103.237951056 -421.214751354 -83.388002205 
316.056415405 -310.618664761 -176.668340866 -29.0401803296 -321.619126426 82.4293441521 -42.8364024514 190.284088952 453.469779525 -459.625036169 
107.827222792 -16.7839977964 459.616664573 223.965565149 -279.490870959 -158.222560165 -320.449750043 -441.330488142 -29.0566284101 332.049356232 
-48.5634275913 49.450201146 -142.841250511 -456.132938779 455.754704955 -314.137345464 168.422076419 235.364917098 335.0525193 -177.254385574 
126.071179058 212.301799275 453.971944651 322.462456988 -89.4203942529 -313.423246188 -194.121656336 67.5627754711 -422.440836639 -60.158547315 
-206.881718468 33.4097267307 -426.978978239 40.4940893848 170.233359739 292.014586983 -321.576315592 347.451920269 -87.1695774793 458.951997093 
-334.185953118 -106.994399199 -239.207081278 135.210821315 251.986152706 462.063217994 344.242059209 6.82543757597 0.871745431021 -460.645576748 
-458.289245573 247.100360773 -84.8062207168 -83.7582522993 139.184720894 -188.804731243 458.552012035 338.834703692 32.838978055 -328.582958243 
459.257629618 86.6784456493 -51.0750424306 -301.489753572 30.3516212484 182.886332813 316.009864247 -420.447989647 -204.824278319 -155.0028866 
461.663083065 323.150584308 -319.185135616 63.7322772354 -207.550717446 215.560211315 -32.3481790472 -85.1831951996 96.1009530431 -447.54367116 
-78.3911617835 229.118411968 -458.950172869 -66.2440482585 -196.965148909 54.2449651519 458.951246482 -324.231824215 157.640113062 341.120499043 
458.951549602 -461.050034606 340.806656045 -35.882072204 -247.525677831 86.6824414901 214.158730344 -337.220228464 29.0468425171 -128.368665092 
-461.685254071 257.107831436 -250.014059319 -117.923517305 327.294176949 158.264397033 -29.0468425173 29.0468425173 448.05995105 -335.872375411 
-451.614718397 345.971856056 -203.1140721 69.3426666789 131.185602831 -331.633711114 238.577793809 -87.7051735846 460.652532062 -54.8745051817 
-160.404451927 448.619448799 -325.884623993 -34.5535228658 -458.951441844 -13.6203131397 -260.409229804 324.123812301 203.271075897 98.1739887354 
48.9527550932 178.831710136 -72.5929441678 299.284426213 343.069480405 -183.855673803 29.0468425171 -455.545019831 451.068560017 -317.710020961 
-2.56566644871 448.065784745 -239.587380214 106.948560243 -430.169696092 -313.051149605 -138.227268844 -18.5594435516 234.705303426 336.495852762 
-14.5106186132 462.599174764 -309.596531573 -184.235029618 96.5366314173 -54.3111934623 324.049830555 -458.9514421 -337.212031117 194.506692751 
-73.1752806251 29.0468425173 454.873135116 52.5848866245 -188.954267129 -307.285792401 294.936442136 -409.014947902 345.494446033 175.56275457 
99.1083540932 -127.228289748 339.794345791 -459.279224906 29.0468425173 220.155432661 -240.433827239 -337.22494961 458.948811027 -24.5972333233 
335.396033004 -130.054762773 -336.503412906 -459.747995088 214.821586191 86.6805167601 -232.179650509 462.599174354 56.6916473213 -71.3723043353 
-210.919923894 -31.4527874669 266.13379719 -323.993702098 -455.144522367 78.5839635898 449.203950501 188.99081254 -142.951009137 342.691962619 
29.0468425173 104.076574724 -216.796147694 -325.02055956 -44.8563301884 462.599174764 -460.172407261 218.181231315 -99.0732196241 328.530030097 
-459.25441263 443.145063738 308.177419029 -29.0469405365 -320.461118325 445.610637741 85.0910004308 -189.784052375 199.405384138 -58.7895223601 
326.320461691 202.618349671 -266.526827487 -171.899465228 -372.249219024 446.514025822 74.9639389355 29.0468425141 201.353520664 -66.684647035 
-217.034655801 -73.940971356 -320.738516514 461.809229863 218.32912767 -119.013012952 335.029732437 102.787876519 37.2378202076 -437.417251447 
-171.552233133 -56.0964439122 -443.440355258 448.076671433 -298.737467495 325.018607908 67.5913625133 -58.5529691046 164.580274045 254.108634577 
308.288010874 -2.08652100874 459.946983755 -156.466805374 122.139260392 -457.47827837 -37.238090714 -335.912879906 142.950966715 -259.751124482 
-427.27347726 -207.732154173 462.59912683 337.498839689 -94.759877776 42.5244543959 114.216320228 235.284604007 -315.702601792 -12.0233343156 
-462.599174764 322.134960422 -30.7277051045 -126.924361806 460.689858644 61.1046546081 184.294652192 -334.811656591 313.025238571 -216.283751574 
316.855917136 461.476004652 113.464425311 -150.362891178 -458.128321018 -44.2330646646 11.5914948343 159.167231307 -345.70163864 -274.006330081 
-8.66299035748 220.372406336 -29.0468425173 -223.583120926 -327.767146599 -134.128146317 436.556552174 330.762453498 102.226729212 -449.05594618 
335.010620144 455.915336974 -50.0938962258 167.367660274 -141.074390453 47.9665579188 234.925428009 -180.497353991 -314.616509159 -456.189885571 
30.1335103168 221.628494125 130.324211809 -115.936444999 462.599174764 -461.060787333 -240.570795092 -79.5283756649 328.911902478 -338.009864521 
86.8369156301 -34.5301321577 -458.951364797 453.276287389 -282.937931227 323.026951767 189.868543994 -164.027708784 -349.338556202 -34.1093190248 
-164.07221744 322.140099378 -337.213315488 -284.004545071 43.8871335338 -44.383814813 183.028980548 -458.936951974 147.590921601 454.476328266 
-321.456238266 455.493750265 18.8828258278 170.273789176 -99.9152498065 326.896408286 52.7660782403 -448.066716526 287.238034677 -196.961924469 
54.402762986 -165.600713046 -405.408999346 307.191349618 456.459110211 -287.214433925 29.0468425173 181.741348317 323.955683492 -68.1893876037 
322.237630574 48.7394653126 -409.680347239 -292.085167449 -170.785659689 453.090129316 310.626496535 182.907966828 -73.9381302791 29.0468425172 
43.6292888806 -318.633498653 146.913185055 -196.965183028 -29.8573990808 462.321011539 -100.538334019 196.965147317 315.444409487 -443.897359726 
460.474905449 128.441713847 -458.951441135 24.1719020019 171.93934065 -212.149932153 -268.848735419 322.107368452 -345.658239412 -89.0655369273 
-413.150520923 86.682420442 458.227391039 -120.483573488 -151.806459581 152.869951111 -264.534839264 303.48653787 6.85405405406 -397.984791338 
194.933393561 -20.9355917476 322.762925293 414.399881428 -102.842108063 -438.968353626 -160.28437371 -303.316742647 94.0337838158 458.784233456 
239.096278282 -458.9514421 15.2742300544 -29.0468597476 346.038409977 119.95591564 -342.563552491 458.389241377 -125.85723114 -241.383020446 
460.944827707 -447.562818754 220.02504628 117.767298153 -49.379274187 -98.4954474641 336.536180349 -190.018266256 -322.555500107 58.6797115546 
-331.429476362 461.068400968 -15.9440299049 -228.17660601 -452.358249257 239.775587448 -108.200262288 72.7864516 336.072998741 115.373764547 
-29.8273086953 318.494912959 327.046568341 90.1183633556 204.055968099 -75.3609472565 -335.968449754 -458.928995846 -204.954893358 457.720968017 
-460.741175554 121.517569493 -331.058050709 -18.4094983511 347.977299187 239.86100743 458.951442119 -103.938026259 82.6271398013 -219.537698628 
-22.7075437503 -101.473802184 -322.920572537 -393.606532572 42.3358091713 450.92536296 95.0044824584 335.135333638 -232.535471805 217.701794293 
459.874511821 220.199007654 115.704107132 -18.2100718009 330.308745555 -218.082622794 -331.129743715 -461.034498461 -124.725025008 11.3673726239 
-111.782897587 21.7601189177 168.039952616 312.316686199 -227.098705211 29.0468425173 319.054238786 -448.556825343 462.599174764 -329.151332915 
324.137354519 71.6435598456 456.141549643 -236.39515633 -338.341487406 301.261644386 -36.8962500941 -448.793344161 183.987973992 -146.073504597 
-459.556279194 80.497208101 335.348832817 -133.369024774 -38.2812774193 217.975784167 -339.571576629 -231.548234748 86.6818417608 448.065786302 
460.692717964 268.465269763 -181.474846174 40.4012323202 -430.113911235 337.224060282 -304.110752672 9.3867402353 153.578010308 -108.259395209 
-234.395523578 -29.047670638 141.737579191 260.081859987 17.6746033772 331.275399579 -335.931254441 -461.343160412 -126.812871529 460.686053419 
-86.6366341802 55.5860413823 462.259784187 319.301016875 -212.435428977 303.533333665 -61.4251603849 177.070709087 -329.923922499 -462.558233453 
-450.558112942 189.561466566 -164.909859271 -315.196643082 461.361017918 86.6079728906 317.981779701 -29.0471446563 -30.4284122896 -287.674550862 
321.524953997 -335.277864891 39.2984583323 181.127051596 58.7923681808 462.599174764 -459.42809966 -79.8438867405 -313.211001575 -197.978502484 
-104.190155522 -33.5635023333 -216.452933116 459.618099975 95.7921667225 49.4524148874 -326.280888857 214.177170343 321.388726621 -460.585350748 
-181.821697323 -57.807882242 -48.1617603756 333.779731992 193.376712097 459.524268829 304.663583114 -460.025942333 74.6345242243 -319.732835676 
212.348641732 -86.8794231715 328.506150675 49.0553529868 -171.211068651 131.613873793 448.143776978 -56.1820009247 -430.076713379 -306.022619898 
-2.48075569241 458.95377166 -293.760359721 215.326088946 -176.984147795 -448.064616362 -326.232186979 -43.1888723857 113.675019691 328.008385774 
-72.0865764993 -190.774157889 -347.893319891 60.7477143435 460.123235569 317.494070878 11.0686157208 182.558619623 -453.605852972 -305.475571426 
-199.675107273 50.8841831987 172.056710317 343.554637149 -458.115848617 449.341054616 -324.227689729 2.32624842325 289.687308134 -84.9087325952 
-452.908783642 -86.6824414932 190.359654037 -304.910732575 -7.82503668668 310.525170207 323.411489024 80.9405493135 -153.930274817 453.332888219 
-223.847907332 -144.165759117 253.009456861 147.170089818 331.180516087 34.8589107232 -446.14197705 460.862346513 -44.3185033664 -326.265358578 
-210.800846074 -104.817685219 332.060091277 -321.068338516 -430.07525817 211.194327683 89.7446237491 -18.0533865404 52.7981195755 445.812178057 
138.04079625 221.011110847 322.261736773 -343.731307734 -219.610021021 -94.1070380544 41.5242730577 460.290340383 -458.951075236 -86.6842025705 
161.65355691 294.880295246 -327.301847418 142.951036624 50.4439165214 -444.165691945 -222.862001098 425.672086982 -143.437275283 -58.0574115805 
-459.741051814 -3.71480441525 110.337543789 217.826497443 -120.203564804 -332.381048661 458.951375228 -223.794156603 334.877363038 -25.9421599975 
-109.910304772 -19.3431017921 461.862821188 -438.000904462 -216.124724624 -324.435883737 24.0360834726 330.733223507 127.309482487 217.031442424 
-41.4387392382 -126.61885923 -237.078588738 215.277413004 460.4682062 79.383137237 -460.993301082 91.8288165193 -345.490073705 329.866672201 
-448.06586793 -64.8119204396 -327.461029939 185.583868395 303.942537943 55.1977675888 -71.3076514949 417.357678327 178.910896128 -200.549830357 
35.5794076227 -185.90361301 -453.125713593 343.593937912 36.5572695418 -321.870072074 -86.6824586539 291.629062391 169.704818731 453.37986457 
-206.116987996 314.423599854 462.216610685 -83.3360931072 43.0855911979 -449.250853688 -328.072939557 312.265740728 172.052157302 16.9632589622 
-195.869000929 -449.684432753 229.123000339 -327.761590489 86.6824413171 -34.8836430419 -95.9000323207 326.058862544 460.273352025 100.178831842 
170.106342045 -307.707448022 296.501475804 347.314932005 29.5937224518 -192.484338143 -435.673669941 -89.2306608873 29.0468425173 458.951449006 
459.829245879 -261.889355617 -323.054073588 -29.0468425173 -439.329875101 221.293564391 329.119489237 23.9601131941 -145.888568927 131.296020271 
164.262741726 -99.6533728233 -450.718375697 462.599174764 309.661538049 -213.113272313 320.352139174 34.739539484 14.2690256295 -335.04467923 
-29.0506860048 310.725182398 -430.113835095 448.06579349 -180.215564761 414.731667782 -34.3292264209 -316.639728515 219.137487497 112.077488373 
-310.172214953 -185.996004885 -445.500445767 -64.1022129652 44.4510539426 326.318560771 196.635499888 -313.376543878 74.0840157128 448.377367729 
-240.081672935 59.3058683521 -348.481774381 210.272040721 91.8802513514 -129.610280209 332.541590762 -64.5962479354 -461.243315972 460.855867816 
338.057340037 -159.819782311 163.685135467 267.823808834 -111.756937964 458.951442043 -317.200186595 15.002664917 -458.951454995 37.6830533418 
461.987144734 -193.799807535 -74.5110661593 65.0016139438 171.928127995 312.916893837 -324.818856123 -450.340457892 314.249792802 -38.8138678715 
55.9633626737 -56.2481690642 -154.036088874 -259.489607357 -438.777888043 77.1227920921 321.496886441 184.048744138 450.791130257 -331.224343724 
79.3709413632 186.864196483 307.854994173 435.776225924 -49.897556328 66.179354888 -249.851563157 -143.929042539 -434.654360106 -324.667272148 
-154.84024055 419.070085337 448.715249011 100.590456091 -293.241476534 317.056155817 207.634851995 -430.116203207 -32.5589099903 -29.0470012883 
-95.7114087381 229.030199237 -321.817164216 342.509296351 -442.703254768 -202.358506276 20.4488749375 124.611040119 -29.0468425173 461.13425116 
-202.918158863 132.938927033 -321.869417696 -113.782494837 13.2941966621 333.824750121 233.472009001 -448.065759137 11.7875192941 461.762813521 
196.184677665 452.858064306 -130.833366248 -28.416762543 154.624170273 -246.255660144 -339.298620221 -458.94954949 326.376057526 28.2320593024 
-54.9665565135 -416.761966685 457.426140441 61.6295851119 -184.426629651 331.189558612 173.841404516 -310.561228386 -64.851119896 231.140762655 
110.945297426 -336.876845908 -114.138474302 25.6073116091 -458.951441122 458.522905114 215.3997269 -220.342707364 328.291364568 -6.55265009605 
-86.212594052 -205.881083623 55.7750116233 315.410202546 -327.885219308 461.6632155 178.890730807 310.691803183 -462.599174764 -36.2499253399 
79.1495969647 -457.836915202 215.048479358 -142.85179618 -250.544421371 -330.565688724 -34.043800129 445.219253876 324.160166026 98.3399943831 
-344.644621324 -452.730255332 -182.213402403 68.3378519111 -300.437973309 -54.7200940483 316.74827309 -29.0468425173 460.02745438 182.958774617 
-252.095125647 361.34562034 -405.378747032 58.747003256 310.942982218 -47.1314873077 80.3667911684 -152.04764504 196.036867097 458.84906483 
-20.1233591754 -461.573856007 347.801794709 91.6520755368 -205.361781379 314.319515657 -101.17932503 458.951442275 197.820823141 -324.267041888 
457.642787253 43.355210863 -63.4365757945 -298.124412825 -318.659494724 -450.436120066 -188.623536007 307.479988431 167.786364292 70.7030738305 
-409.814594664 -279.3331827 187.826918285 -36.307060524 -29.1487844694 323.404390023 82.7099299004 -160.121560661 451.377749001 267.24454435 
-266.055609902 -461.76735842 196.427000327 98.6432347924 -17.1398207091 -331.922626119 322.993159142 -153.945453822 -29.0469893474 460.150689174 
193.482051382 -460.051135163 -47.6879098926 -319.879193964 333.85948672 74.8044363251 459.475417304 304.004609472 -58.0262378107 -182.116905243 
-82.5630581965 340.043796374 -336.003244391 243.766898651 118.631754093 -77.6084106536 -405.378747028 460.915689327 29.0468425169 -224.713572523 
180.446961845 -448.121284837 -312.799461559 -182.924617941 311.190899884 321.65584462 63.5703993855 462.599174764 -86.6841325194 -51.4053088903 
106.835455359 -194.006987089 98.2588883148 -25.0387975006 231.267232542 346.241139335 -328.317597571 460.003339539 -112.03765422 -433.318565133 
-345.062500449 -452.545886109 252.061928477 -295.930705517 -73.3753996012 337.222605548 -174.926879268 125.29542716 36.3299480768 462.440563149 
-310.92575844 -430.113833295 -182.13333815 151.091860799 43.4273677352 -42.1823179389 -86.6824460728 430.113819077 308.400530893 208.900984842 
-86.6824569392 460.097220284 343.219878137 11.3980676438 -115.981075315 216.183298579 -316.568454188 117.607742357 -215.539880655 -432.477455239 
-110.202294919 21.0294656458 -231.468015856 314.800836997 -340.231188233 -462.598919852 313.428854163 460.472869132 29.0468425172 170.821127148 
-316.210442509 -142.951296757 163.208723182 -118.820010867 6.22788710333 337.305600125 458.95134932 -457.76814041 40.436386574 268.655914434 
-26.3217431628 -195.446781839 113.591287461 334.476335983 -319.643207842 220.434144508 460.996080518 -133.845411788 29.0468425172 -445.495517223 
-287.50027487 -67.5078510809 324.141289779 -165.597365812 -405.595915933 29.0468425172 181.900869036 307.220027588 457.005057563 54.762021371 
38.1529332423 134.804128676 -210.688064581 -69.8057313096 347.075409207 462.599174764 259.981678465 -141.119536183 -434.978817523 -309.849252268 
192.748048784 -49.5463909412 -323.174793973 454.482783569 315.373854281 -34.7600872428 -451.94217254 87.7755742371 310.586107556 -184.252172176 
90.5108288768 -134.721628336 60.786404373 334.912749285 205.79404568 -459.050550602 -332.31695363 -31.9051087956 456.814592122 -247.693589894 
44.8099261937 -416.20079032 42.0705375092 -92.2396625747 -311.297465177 -206.150938188 309.423967186 424.503882055 186.997344293 -448.437644033 
131.649421925 327.216755766 457.624894379 -222.505824345 216.683221639 -458.951439435 20.9102650814 -122.923606616 -29.0468425173 -334.13367906 
45.3875251756 89.0920710052 -71.0420321728 -77.1817739199 -324.65497596 436.090891409 -208.95790737 205.171574601 316.791403109 -447.649103381 
-86.6824422851 462.599174764 -285.33480688 -26.7618229167 234.26286744 84.5444355743 -405.378563806 331.940786249 -168.737581704 135.747900389 
327.152104338 32.7618358257 447.227681426 248.662146482 -133.761475453 -230.608840934 -86.68244644 29.0468425173 -347.456610906 158.862164672 
115.450497631 219.759431145 459.908147159 11.2460289634 -331.029038757 -461.058962326 -124.723619011 -217.907937565 330.10520435 -18.3429316908 
42.4342201276 155.762964337 -206.450591934 -330.156624154 222.884233644 -462.5844445 -75.793362388 316.822101844 -91.4223221733 437.077488555 
-84.0342414142 41.7239864807 -314.47601092 164.51151872 39.9401553587 450.422358484 -331.245042823 -196.563995206 -458.951441941 307.105085481 
52.7391595756 -457.433322913 227.209026518 339.30736099 -331.956967565 155.671046863 -71.1106836315 -217.997657997 -75.7799686108 458.951442193 
-115.378310016 341.522394079 -327.135306108 458.951442098 83.9647809297 269.522310576 194.162546604 -33.5180715555 -216.606285954 -460.788081203 
-79.6874460816 57.5872506571 -88.3207589437 317.822287025 -420.325359459 59.1662633573 200.458860822 -205.40316051 -307.372858757 454.674631094 
-337.225606553 -461.689723127 196.965050165 323.325013977 -119.999891646 458.951015703 -19.6697782461 161.419147921 40.7309575759 -236.864623128 
203.102859146 -271.039956272 -459.094705339 0.689742975947 85.4774070959 462.593568561 -86.9899735567 -148.655209115 328.820366754 -342.170844196 
315.287247079 -91.429574345 220.45454989 -330.960243242 153.829969636 41.024322659 436.861921314 -208.967748614 -78.1137467751 -461.838941735 
306.190786042 430.11385802 198.220131311 17.8952649034 -127.724047062 -254.392468748 -342.263356876 115.525747283 -461.678242433 -86.6824415268 
310.153604093 -454.372208691 -320.827335773 449.269112836 178.710829945 303.602990276 -38.1622493202 -195.159562209 -86.6824504213 57.9360243927 
87.0128248197 -125.809951743 458.951445202 219.390713198 337.333132492 -236.140297725 -341.145528196 -22.8089018202 -380.138352103 177.7575103 
-320.694016084 327.443496694 -184.927896438 79.2926933213 29.0468425172 -316.3081826 -63.6690214073 -461.164636509 202.096479763 462.599174764 
-335.016333219 -460.722893754 178.191511969 -61.7192849489 15.4826791848 120.752975539 293.445253183 426.020282122 -141.89144476 -251.048430076 
-324.114524373 29.0468425172 -49.6457468866 -218.165979768 99.9245052823 324.753475424 458.951460589 -460.238734771 214.233123633 -102.078610687 
-44.3664427444 -33.557147464 89.0862797674 449.535278391 -392.36047106 200.213881003 -196.965149358 333.908607271 224.07964401 -168.954106401 
-318.261621655 -457.215122932 24.8075535861 -412.053949575 -196.261887964 277.051092286 416.500379058 145.26435556 -95.8053623575 35.5801179994 
-127.906012536 187.850256806 -5.78799186331 -232.842966618 -427.614734075 -344.164094853 319.48815031 111.446143439 -26.6856569924 450.115816605 
-215.780166357 -109.172670684 108.491453803 -460.132636301 -322.649002185 79.1067137791 230.822248208 458.951442176 -20.9835942599 335.660388366 
-342.320750684 -237.223820172 -127.582115243 142.951006586 266.814274601 125.217156289 -71.0922684296 407.706330121 419.047664387 -457.864766048 
-116.999883763 341.126958402 -229.543827216 455.149934757 222.858399822 88.6623352431 -328.594497238 86.6824126887 -31.2365147865 -433.638887409 
-44.1940963204 223.014764045 315.83463208 84.5104409308 -94.1292034516 -459.727698006 -209.143502821 -319.259320731 75.0447162391 459.548386371 
-142.951017614 108.306848883 316.307367526 28.1941523742 -452.241422304 224.481672586 368.358822615 -195.531600834 -321.166704221 -71.7913973011 
-462.453302537 -316.790333589 -21.207777722 98.1042364624 -142.951820941 320.760784321 193.646530819 458.951444097 414.993714255 -142.950513105 
-58.1610166845 54.0665362821 -319.792127285 331.137203753 -169.021619665 -455.387542341 86.6823689858 211.347798116 -256.804824264 461.450802167 
-217.4414412 -324.159048939 -448.058709204 -0.102399520298 -142.621757547 324.537877498 -35.6657783868 208.481341837 430.113834837 98.3676723258 
-200.043539383 -82.460704474 -320.664547321 20.9218974983 142.951005619 453.911170465 142.950006828 -459.846014461 304.046792804 -327.120884074 
459.417395325 -233.040322677 219.201977941 -431.905001514 80.7529983179 340.910367295 -118.908475427 -24.4827835176 -325.595843846 86.6824410081 
-461.063070311 -125.260208243 -18.8127404717 459.935151042 -331.063618129 -218.21574961 219.62623471 329.964889114 12.4581205861 115.479295482 
328.477032736 2.0259964819 -2.2538133201 220.10829573 -460.766043822 -344.8955483 121.4111102 460.791897342 -249.252155108 -129.411250441 
-86.6825363556 329.454988669 221.029966475 -455.23158319 430.114058025 120.293148977 -201.69517584 76.3333495544 -333.571671483 -46.8103317324 
-328.612057914 -136.281267263 247.598832864 -222.799952902 167.006128864 334.94522714 -440.668890626 -42.4366064144 458.882420552 58.7750132571 
-455.743246801 427.853048434 -333.228226265 -19.2438882494 -164.392326954 -260.115387988 217.396022204 -31.3082385802 324.945809385 99.8670863423 
-211.302761028 457.389748519 -448.076478425 199.285954057 -95.7736301343 50.6969226867 -319.93420248 32.4818204013 321.817467788 -430.21491208 
57.8352340588 318.756358462 -186.519039059 -68.8152756459 57.4848942398 -334.769867341 -298.883692377 430.113852592 196.634910263 -461.878181137 
-98.2122473841 454.709644177 174.229915562 -179.16668918 312.06795688 33.4157970827 29.0468425171 320.661040423 -318.085653464 -448.25742502 
157.199305766 29.0468425173 285.5742912 -315.288055781 420.201839799 -453.715803174 -101.316652097 29.0468425173 -197.703934755 -315.975803022 
221.692845126 -458.951268277 -29.0468425173 327.943788657 -326.013085512 29.3435577148 -105.977795817 -216.075364604 448.064844046 104.746219203 
-438.686231375 68.6916677341 196.999593579 -143.686022239 -244.2311222 323.387972378 458.951442129 -349.47972853 -22.9909682227 103.91619838 
177.479354279 -86.6824856878 448.065771086 41.941670837 332.664160858 -211.854434445 -337.734493346 276.064908748 -79.3841019223 53.081622148 
-77.9670846015 -317.808898016 458.912069243 -36.5580423379 -413.18422557 -207.829637975 208.788875126 109.64965169 58.1848397887 325.873748926 
86.6824415279 -128.365487601 340.80649874 458.951436237 -247.521811215 -337.220118052 -461.049279291 -35.8725014333 214.159104545 29.0468425173 
-166.307271663 -405.986407276 321.787834444 186.42376498 -24.3049115731 -60.1203311735 -290.470898178 306.127767132 74.0679605794 456.231922923 
306.48091816 152.164793944 132.950401031 -186.139458471 13.3761710851 -259.657856247 458.475191965 -344.719635564 -452.65888178 -82.1010475638 
461.999925459 313.192955693 -93.0336848341 -112.919057174 142.858031968 -339.259281845 -223.94824589 26.1495389631 -447.839561265 156.411859358 
462.555391378 124.428820543 -140.751571894 14.6582705717 334.369904316 -338.368692604 -15.5956515675 -456.064256132 230.339006816 -245.651514712 
-21.0401912445 -461.189930211 -29.0683207715 -172.047693494 -315.934909802 461.715709133 -319.179678987 111.783804158 334.049213285 223.862692937 
317.708034707 -216.82189355 58.8563980562 430.340972117 -324.689142817 -127.859209473 -461.598070345 115.649273611 206.057286608 -44.7475398028 
-336.630136079 329.048823867 -29.0587122648 -221.152781036 -354.602908715 212.682467694 -122.441307256 95.6335591239 -5.68011388738 446.682784434 
-447.412975634 462.041558686 -206.017257507 195.262710092 86.6369196464 -330.653357026 317.980704299 -73.3102971549 38.5483297055 -86.6824984589 
-46.2027236208 29.0468425173 209.387083269 -307.54134713 -430.113838148 327.804751888 83.5279970848 -206.929115257 -142.952887353 446.052802973 
-68.7517621991 -315.576307148 -458.951442098 70.8020972155 190.821700785 323.320577855 34.9385244017 -315.877698968 -175.123709946 449.361320972 
-239.448893223 253.764227781 342.446572697 -334.740641864 -462.599174764 -104.339307093 -29.0468425173 43.2305493492 460.316226442 133.990044598 
29.0468425173 20.1723276654 -230.177763712 322.098025116 267.237338645 -109.880336546 -338.580538451 461.08425024 -462.599174764 162.59439981 
310.210044345 18.1531555125 -227.648100315 29.0468425173 -329.816661927 -114.827526841 458.951442099 165.122226289 -449.87669559 318.17428156 
-53.9710587863 458.951441339 -313.525803675 46.6064955404 151.290861297 -88.7911725846 336.204298305 222.816336841 -185.141625654 -430.113818685 
-151.002888757 316.371096974 10.4740575643 -44.4778793918 462.548552532 -346.450701835 114.935682473 156.73010826 -274.847179657 -457.936784461 
-148.439663343 -55.8084232304 57.7299955149 182.218023111 -435.183594112 432.983162802 -254.221648707 74.5395617348 -324.616414708 304.569055946 
-331.625354848 122.310220506 243.448747217 -239.200549434 -21.9580859302 -461.844709629 338.857676818 86.6823608795 -108.900136823 461.083542112 
-327.680118747 462.185338761 55.3800861577 160.66670545 -238.041603492 338.757179144 -12.808437453 -448.065752356 -139.692775315 241.669151131 
-279.501886922 167.127672841 458.748875723 301.166276783 67.4949420743 -433.732840921 -139.823403348 307.592833385 1.16559039318 -86.6824414924 
-86.6824414977 -458.945988512 -56.4235377302 -326.605683266 448.066619945 209.603645492 54.4860075506 162.640853598 325.446119017 -207.565244056 
-116.53919625 334.730184491 458.405466043 -458.951441511 158.88142322 29.0468425171 -331.731439748 -226.485223426 260.201606032 -24.5585188964 
-28.6902292165 380.930595364 -309.43101804 277.000735362 -142.986673842 83.155769752 166.891621297 -165.526843163 430.14470642 -460.171273513 
181.548698076 -415.416515157 -306.400148009 293.551449403 60.7087533212 323.638814874 -186.932735275 -0.0444700141905 -79.5537541022 455.741388593 
-68.5467081306 -383.168800203 167.241159475 317.886109477 -100.680398063 -244.955100453 -395.696979727 43.0205115222 305.109807664 460.643241991 
132.641078642 -2.64608483129 -334.233066977 -117.72678844 462.277635138 347.997842735 -226.952006299 252.553832667 2.96294404262 -460.430820515 
284.678187626 20.075294892 160.072559048 54.1547504983 -307.64396148 -189.853194294 405.378748243 -79.734519145 -325.49074967 -454.496097834 
-341.3908969 460.131283341 339.975308271 -453.856354518 128.313546114 -224.010997136 33.6811676419 232.443873866 -86.6822828399 -86.6824417428 
-458.932118979 -49.6970902908 455.937871957 -319.083914982 69.9936236193 305.458707297 296.669538907 175.641037115 -81.6321423951 -198.758868962 
-415.692609385 451.913665475 84.8039628076 -257.083389756 -145.268691927 213.091630131 112.819761083 -25.9085952738 -111.405601027 335.684424595 
-315.160117563 -265.537789594 29.046842517 229.515563918 -43.436883016 337.851211733 97.5867751138 -446.087390626 -142.947509981 462.040138553 
217.46924902 461.906328807 24.1533105028 -19.3064714313 -110.16531177 -324.740001746 330.757187718 -438.159932633 -216.350147973 127.620049724 
221.187771328 -126.29835258 5.01404843356 123.176525683 -245.558442863 -343.214249726 -0.660382607413 -461.732639573 330.0376727 462.589672246 
-191.566668153 189.318322402 -81.7061422846 320.226955637 -306.408679387 442.543176029 80.9744423699 -414.984987042 305.310624909 14.127970852 
448.092794883 -315.129974337 -189.613993104 -428.548735477 319.813058689 -29.0468425173 94.0240141802 210.978207221 -52.0522011297 438.033094938 
462.599174764 -345.321294156 -455.412826869 -98.6205173974 43.8475130221 -61.0018529621 233.124589806 -228.627816704 122.020587941 337.816650951 
-191.381215244 -312.63908347 -45.4687823623 74.5695741369 190.151630758 330.523833634 -57.2193098614 -418.714114659 462.433221353 306.698687177 
29.0468425173 -29.1449886225 105.242327635 -208.698717175 216.363708466 328.620023555 -332.812772153 -103.698809601 -449.65046231 462.359952378 
-428.717953039 -377.925162801 -47.755761032 338.335551049 462.521197676 -58.8151642775 -297.7697807 87.8319380763 -53.7296950833 218.798184158 
315.548082117 -459.77437913 459.460198497 -45.4908342714 82.94705363 -318.918668442 221.878978083 74.8056667237 -209.182389922 -92.7592330139 
-286.744423974 -4.57390430015 -337.105373258 339.131580427 -454.610425958 -156.909409551 -29.050788224 116.008677135 232.392052966 459.375673329 
-25.2387438283 29.0468425173 -461.683932412 -142.82292864 -263.725575856 248.753416507 340.072702232 -333.536670715 119.676745584 462.138585126 
-460.183642264 226.787906222 -85.23665121 -126.435728692 -249.310886752 108.003333775 329.501909718 -339.53611914 18.7990614343 430.113794456 
278.986110414 30.7642593018 -63.8462482704 46.0023193584 -408.167882749 -88.6722220468 -217.71329208 -462.575724119 197.682943197 345.976807365 
413.247198309 298.038837256 29.0468425171 -64.6519808626 -181.876142616 -327.53909975 -461.87559081 174.694232495 -262.687068054 57.2898181695 
462.599155175 -304.295871437 -174.938023093 75.6103747459 -17.3004044805 196.965235011 -459.531701649 327.951476769 -101.956963046 -342.814300099 
318.432001698 -406.810801471 56.1313069803 -317.841715689 -81.7269313694 -188.017269831 178.669989215 -460.242277011 33.3176247817 460.795719858 
-323.870242251 461.598902056 173.088460339 66.3188968784 313.833418643 313.610940881 -34.2930747066 -192.414007234 -75.427384499 -450.218403449 
-70.6713536464 334.843237067 -63.5297083012 65.8246000828 -198.138082677 226.840087837 -324.482224722 -429.295274234 446.264814225 161.010702419 
18.9575572676 405.378748974 284.200593699 -327.234406093 -190.751185345 -80.7780070513 -308.336936498 53.4616720665 159.333258146 -455.501680726 
-122.128651721 -233.568612523 -459.196728316 -337.267027173 448.065771026 29.0468425173 205.125765227 86.4301284755 -34.6574019465 330.590650747 
-86.6827928902 -33.3832915756 124.14912435 89.2103188989 -320.813142652 -430.113818009 234.657535277 458.951445646 338.299410542 -194.61657565 
-43.6630278933 -456.749414127 -340.028360219 -159.977800699 458.952944677 320.376210134 196.289106581 67.3745330632 86.6824414847 -239.015844031 
-33.481351237 86.7224244857 -227.278295782 208.885903967 330.232336779 -333.147243817 459.978196851 -461.629037765 -115.662770358 39.4728292498 
49.1574654093 -104.186071681 459.67099959 96.2714965803 -33.3824300202 -216.532745905 214.518186693 321.746418453 -326.356858937 -460.527125133 
321.148540605 -142.945353085 -455.275278519 82.4761047909 -154.328538457 328.340290747 -24.9141702293 199.913647039 -304.362495296 461.490520813 
68.1736499483 -39.9430429615 336.860493307 -461.774989194 -120.45935815 459.104669739 223.273449929 -323.500100505 -194.583266294 112.754192057 
-456.00867285 101.700025537 326.032978288 337.220285471 216.117571985 -101.185786573 458.935420139 -200.005353436 -7.50745250573 -294.871848049 
-324.127431957 -460.238108039 324.76143889 29.0468425173 -218.186210719 99.9364934106 -102.190381737 -49.5878746558 458.952129496 214.237792609 
-12.4122214253 307.196346619 363.248499766 -413.342402754 -137.70351665 -284.133404159 86.5139696271 458.951442832 -142.95102272 190.443637776 
-39.429180191 -357.239186948 99.7918063783 -179.863473707 432.013212947 -461.266330059 -52.4827887636 284.585119201 -286.373342414 238.482991296 
36.7807203476 197.224537162 -21.4719841886 111.250245858 -235.822456674 458.95143836 -458.951442999 -337.220235796 -118.772916583 323.738987363 
317.667869509 60.4724582828 -221.546102023 63.5390109088 197.833454824 448.06576939 -329.051934386 -460.036412448 -109.57746665 -57.5026775484 
-26.7194911 337.835871997 208.262675138 458.951313902 -127.489007305 -459.320090193 99.202251216 -242.273768708 58.31030992 -337.222905183 
104.715419975 -235.371297631 -460.148554061 169.361268387 294.528767752 19.0774860992 -121.52927987 427.458175835 -344.225538825 -86.6830932138 
-224.108067244 -29.0468425173 313.615031418 313.900866969 -430.941364069 -321.640536943 191.992825732 83.0360294167 -137.612127326 452.610114834 
-201.694284921 76.3190864891 -455.232904297 -86.682877717 120.284573698 221.021326743 -46.8303804178 430.113835087 -333.568571602 329.445479099 
-133.411126922 191.004058186 -347.830175172 -250.745172276 315.850757843 -31.7339884811 29.0468425173 151.995763174 -458.951442099 458.949571698 
455.02423256 24.6753813277 29.0468425172 170.121964146 -329.708591367 -220.451689199 -108.920427346 -448.065754127 319.501169221 304.742356725 
-139.017324352 -260.614359187 462.113785897 29.0468425173 -20.8700435293 341.074271851 123.751738907 -461.708606117 -334.315669143 253.365327608 
224.339922901 -109.419817532 5.88823863184 -326.075299986 452.271875645 -459.66282079 -29.0717470922 105.1686959 335.517199721 -216.651374984 
-196.445076957 164.572989764 307.200836333 -83.6724815822 -314.44500778 -458.951441991 40.4627472287 450.445493438 41.7627066005 -331.274636759 
-323.798960283 -438.614638812 222.605967016 -218.355135228 462.210845022 336.489548474 115.280577922 29.0468425173 -105.442587597 7.72235213535 
171.133800941 -29.0468425173 -455.594401598 289.070003189 -304.605842093 405.378735409 -328.370097955 74.5744998586 -174.45414612 -45.502029111 
254.664456535 -259.350373562 462.599174764 130.49476899 336.080727384 -445.834277533 -337.685666225 5.71947814361 -29.053486177 -138.065784975 
82.9491079074 -344.844105381 215.225335676 340.410273595 -460.158201068 92.879707154 458.951566179 -26.0247808286 -125.492001135 -238.272910472 
-67.4587682803 -320.033836209 -306.828321719 71.4339253967 326.74305436 -174.642162837 38.1041256956 -461.81491351 461.354031461 198.545985544 
460.075065918 -461.766533593 87.0053902541 209.246214718 -32.7060491729 -227.514992365 -333.549881009 330.399920463 -115.981317096 40.1553240811 
63.1118834898 -323.954298729 317.759400263 -221.451241975 181.237345072 -73.6175938979 29.0468425172 -439.135103384 -191.75999932 458.951442099 
-226.852243696 29.6398994526 452.674103227 -88.2266566764 125.526953423 -333.505158838 -452.631364077 -51.8333649973 339.337380671 252.297488684 
-58.7742704296 38.3334660462 196.58640641 -459.473645411 448.065781423 -329.262786505 130.971548376 318.462895321 -167.924751801 -230.909973709 
86.5644936353 -317.506444956 -72.0695324528 169.663071137 -459.301663616 452.818762918 -193.440207455 308.057815135 -326.634029889 21.6348137573 
37.6787432794 330.056992562 -124.544582883 458.951427263 225.469318544 142.951040722 -458.951443283 -328.987530089 -45.3288114939 -196.965160102 
454.270875467 345.231114504 -33.1508774699 -142.951059353 215.525468331 -246.41303611 -458.951444335 85.8450922877 86.6816915391 -332.845205217 
-142.585775423 -430.113831511 267.986898339 405.378773912 -11.972810514 -129.482652455 -292.68493197 419.558328128 162.574169883 107.161674643 
-33.2882223396 214.531528721 50.0440454799 96.1519206122 -216.444752536 -460.529431692 321.670595302 459.677502953 -104.059482539 -326.276962145 
260.782285161 -196.976790114 158.545200047 -458.951442099 348.73868574 -63.2536295423 -98.9898403047 458.95143666 -324.429388886 40.0563320398 
-215.190504732 61.9831504852 -32.8019131948 -462.599174764 178.884678508 -334.200631221 -125.275120154 262.746328251 461.444362581 328.096345228 
-323.596416843 238.728275489 119.943490263 20.2097266965 -198.113265598 -154.209197118 462.566935919 -34.1508150206 -458.951440683 339.971088826 
270.68252033 -192.119044722 181.532755169 -419.496976188 458.397605452 328.920066416 -312.11056521 14.2674071716 64.822109389 -83.604872362 
439.694275944 -209.511676485 213.279366471 -322.622504868 330.740149513 106.796508207 -32.4708123921 86.6824087322 -430.113821618 -103.80425628 
-459.938438059 -188.573078053 70.9632442335 -316.099451617 -318.600792616 453.171144883 -70.6503099531 29.046842517 316.388240402 190.421728438 
130.696437256 345.639120005 238.355315412 -331.782865506 68.8062389627 460.665061004 -88.1236059108 -203.292631609 -55.1666639783 -451.620380318 
462.522665598 -456.952314436 -92.8806609077 308.533075051 315.204562725 -322.932105442 -42.0918080135 71.0565747494 -207.97164876 188.678271404 
340.23072107 -340.252563281 462.599174764 -460.966139935 -236.604968943 242.209039341 -15.7720401127 -125.621123313 126.885706791 23.3067019651 
-22.7831558624 135.402709432 -461.005777465 253.76748844 -196.762585211 28.4986114766 -143.918430552 350.766700806 -319.933211077 455.218945756 
-142.951010455 -289.943054626 217.000950624 -36.48855442 -418.321357737 326.181974354 67.3681814048 -143.287953439 455.807812421 149.267386995 
-222.802516035 -462.595048942 -0.0647984973972 330.331925539 -334.035965355 -94.244331884 213.920310449 152.065838909 82.901508084 460.550403394 
-336.878038202 -458.951442077 -6.55307770558 328.291993701 110.945622386 215.397934557 -220.344155923 25.5962214732 -114.143747441 458.526275107 
-335.021379839 18.2077163619 204.41761352 -118.565903264 -447.205034527 125.53963321 318.839688887 -23.7493163857 461.120013293 -232.111039535 
170.102772758 448.065770782 -68.1286229611 220.076658998 -214.282700579 322.390308996 52.6268358598 -86.6823082942 -458.949618372 -329.873264919 
-430.347591101 -69.6318056245 -322.108633994 -263.719836135 59.0813105076 430.497379659 182.614387967 -162.592811068 311.525360027 48.3272895017 
-222.267432663 -6.06884494413 311.062899829 -333.515536367 216.919011313 -116.787068195 90.5453125391 448.065771116 -460.926912133 360.506388795 
-413.738376445 458.983192953 182.175975927 -160.646334753 77.5726085387 -274.584275672 -31.5003937263 -390.564377227 315.600754187 -29.0468425174 
29.0468425158 10.2507960279 138.077807743 -215.635912178 -326.760880171 227.828482453 -101.241304625 -437.460945665 335.419750513 460.081347068 
171.429564388 -221.206811632 277.459587881 -92.1422898908 37.6694037099 457.596074454 332.156769749 30.4228838898 -424.919865956 -330.968793277 
228.454923996 -333.10375956 -157.407953872 -456.754959951 -27.7278611389 117.930451902 334.526682334 6.0209547884 -254.101183008 459.524515681 
311.723771975 -334.343763279 313.657468369 178.136685855 58.8076885511 -39.1431070027 -81.6110848455 -225.659238427 462.318386791 -462.375537276 
195.15176956 -314.318219406 93.2790036436 -437.466109071 439.357266564 -36.1518383185 412.489304435 -29.4056961796 299.286601355 -175.607818091 
215.394765856 458.524108053 110.94148087 -6.55967678428 328.293494888 25.5909620222 -458.951442065 -220.34809057 -114.152693322 -336.879733476 
-461.868213578 236.841739755 -11.0023404888 -343.990028403 -3.31880324439 104.467369434 -137.728210917 333.235418293 -253.253144532 461.028986188 
-457.969809381 50.472041889 449.261664378 -28.3928450644 -324.284284583 166.397686784 -77.6033148727 -197.375164621 342.302983788 283.388592695 
460.427253542 -231.436020095 -111.833984047 -461.55515598 17.3363921321 305.242342895 333.745216007 29.0468425169 -339.217605529 164.352991247 
155.992003606 331.152834261 251.275921599 24.720946319 29.0468425173 -196.965150459 -448.065784497 -99.2368969532 -321.844014067 452.066375664 
-114.890235843 -218.943885971 67.3395906536 206.657607565 -336.351593565 108.522236858 320.437215435 -461.918027765 -56.8806912298 449.179872079 
-23.8734514857 82.6183268151 -86.6824446436 308.440738874 451.827803501 -282.44033191 -418.526713585 -142.951067519 310.751091852 179.321268457 
365.304953415 16.2454079825 -142.95111876 -403.747578562 203.888224458 106.324825181 317.36233305 -87.3985208445 458.951442099 -224.33383581 
-460.17311397 -45.1451402792 -325.016856021 29.0468425173 462.599174764 -216.720530894 104.065462164 -98.9565018951 328.547499011 218.372631259 
-456.008672096 244.250998316 462.597550782 128.001010273 -52.3693118112 337.171526064 -207.341494662 -336.648218863 -102.079446431 25.8591550303 
42.039025426 209.942961011 86.8602747583 -226.303599491 460.254009852 -114.962807729 -461.963693809 -332.96430737 -33.0264465847 330.972866379 
458.951443247 121.515217349 82.6248091297 -103.938283635 -219.537402225 239.857912463 -331.057827118 -460.74109551 -18.4117266739 347.975437287 
86.6824131516 21.1411132258 -74.5264630265 -193.577056405 -332.244246391 169.485206368 453.989066574 -459.414821271 -313.999214029 305.987323009 
-216.765513077 -98.9832176024 -325.046476667 104.046079407 -460.172327022 29.0468425171 462.599174764 -44.962091611 218.216490771 328.531670796 
-434.354768789 92.2424648013 -37.4042739637 234.69410846 339.410753212 86.6824305067 458.951412985 -330.548656289 -119.1737352 -233.849666616 
57.302764887 -318.023590029 462.599174764 177.757372543 -91.5879509021 -448.631535392 -29.0468425173 -196.962637147 325.735386669 307.228744186 
-222.604475858 341.743459344 -330.246964411 117.251865794 -38.200854016 243.569844817 461.176241236 -405.029924208 28.6253498425 -86.9858654223 
-123.854842198 -77.9614171028 29.0468425172 -460.605694038 -335.474206724 347.781793501 457.802636485 241.233633748 -234.254893005 130.390227914 
319.069112266 29.0468425173 -67.7412650536 -459.243114463 446.608170781 -100.233279802 204.70759569 -218.353464297 -325.119548547 81.1970646996 
-79.7193143505 -198.172871776 -313.362829518 321.097091676 39.1757457822 59.3720060217 -459.38271769 461.670725586 -335.186520409 181.518387624 
163.981792344 -322.664547232 27.7661424652 -89.0907943482 449.788229607 257.221045021 36.7773027782 -192.652210581 328.59420038 -458.439847883 
238.332920603 -86.7878709277 -430.11383511 132.536942668 441.716538292 341.729594625 21.135310671 -206.555437947 -46.941118496 -328.319197976 
-207.928925789 -77.9612772742 329.27291833 -320.705888781 458.391375935 -64.9243500306 185.187277953 162.204706678 -431.113528398 48.3275502035 
86.4015676484 -332.099588511 -86.6824667441 330.047126955 449.181201663 201.329740409 -263.797608449 -458.952305879 -136.531008191 22.4305535942 
103.920158443 -127.632448627 212.257270875 -340.428875553 -458.951403757 -9.47829433081 337.8703773 -238.316268986 458.057755084 -21.7898656074 
-331.583567223 -141.172286442 330.121923843 206.911408896 71.5506056252 75.0867847591 -61.658827291 -448.065770835 -225.129675939 448.065701714 
174.494307351 309.151314575 462.157540151 -329.173416333 -80.7410920779 -207.368661858 -449.97146524 58.7605183947 315.622299878 -29.0468425173 
198.017716848 -22.9151947693 -462.454559231 96.2413393709 418.612744654 -142.951032937 -230.960653392 310.275503915 -26.6538372816 -332.087652902 
-338.111850319 336.141356181 -17.6236445103 239.613532322 124.732880047 448.179159757 15.7645725775 -455.254288017 -263.145297537 -126.696466497 
-29.0480319226 -331.592273074 -225.020198231 -8.32541134523 200.405117223 -462.291799145 315.53900314 92.8495195776 -136.763155448 430.113835077 
-70.4643267468 105.06502193 221.702823189 335.614076044 50.6287254176 -336.103711865 460.976645454 -117.933122496 -233.695341533 -462.260832875 
-322.386467701 -122.723953985 339.630133642 232.566653591 139.807702719 461.398271685 -38.9800310985 -413.085369767 29.7419608617 -204.680551064 
-229.638634225 455.521532361 172.54858528 315.128429845 -334.12276342 29.0468425173 22.9674723754 315.170378052 -448.065770008 -109.31474028 
-198.890918138 -445.254433534 462.599174317 155.9124067 26.036250482 -87.3758746515 -330.555157501 142.950955361 314.820715387 -217.520750365 
-458.951451921 -29.0468681904 15.2733008798 458.390059843 -125.860842412 -241.383420903 119.95437089 346.038144446 -342.562252137 239.095155179 
-405.378781933 -208.961753213 458.081667614 -316.566753413 111.98166412 -87.6688775409 330.8596807 35.3750517829 213.445165228 -29.0468503384 
29.0468425164 -230.177910541 20.0589013349 -109.933624526 -462.599174764 162.532035203 -338.568858155 267.210258912 322.128984895 461.062474234 
454.854187907 194.719228924 318.957407418 -311.744378527 -448.052940663 86.6487875194 38.5119988769 -300.548401247 -56.361869815 -181.012444362 
455.693696537 -309.842942719 76.5721456106 184.219585137 -52.7053503345 -313.560333267 -449.248139082 61.0136503067 317.605824504 -187.557492371 
-337.246339517 458.911645835 -24.6225608573 29.0468425172 -127.227293058 -240.365680334 -459.303492926 220.268451848 339.868656116 99.1380801318 
193.306606536 320.930116301 -460.898404364 -243.458200778 -27.215410276 -129.212330633 -344.517156523 29.2016851151 458.951629938 142.948338525 
231.075105755 -85.3486125669 120.759195354 -343.708059495 -233.863373958 -142.951347789 340.207086176 3.76625895285 456.266673856 -459.593533828 
-76.736262175 -462.064901127 142.993731748 448.099917858 325.411020271 -78.9406880422 -328.326629797 246.236400301 -209.94816645 48.9585841006 
-78.435603756 460.74891907 69.4815183755 212.974601142 338.065731643 98.2451430797 -339.547173972 -114.259118279 -215.913567933 -441.926064416 
-10.9623799363 101.272622241 324.268071559 -118.0057515 212.479118396 119.977439233 -216.92761102 -454.360795789 -339.18084406 450.521579637 
-192.361037207 -316.514880151 175.995202284 450.088834316 -452.605988598 36.8149779652 -86.6824453778 309.93670868 27.7233618421 315.639484275 
462.161109055 37.9526929586 -87.0328899387 -331.198239441 -448.065542701 87.759046901 196.964989217 318.677579346 -73.4863481772 -206.359392846 
28.499041544 275.330728047 142.951006559 -309.36031955 -416.719216842 -192.898784293 459.248761514 329.312259793 -92.4790959411 29.0468425173 
-107.18986213 -457.703734891 119.882519635 243.13835693 29.0468425173 458.951007458 -213.33889827 -1.72878585617 328.089481258 -332.643355897 
-423.734686293 342.764059544 -142.951057898 -193.774369484 454.471908798 223.748505967 107.120300476 -31.2834667 -309.737526651 30.7823754413 
-108.857462256 201.294814476 322.738210719 -317.331995842 76.1274875402 86.6824002562 -211.072464454 -433.868057083 441.105548458 -26.2790293 
-348.613562634 -453.722955144 -70.575750905 318.240108626 62.7146274179 459.664681867 -189.663270814 13.0206044746 184.226439677 -304.159682105 
-75.6406176933 -456.126483835 337.97689649 -145.270631109 94.5919792784 -229.614521186 458.951443533 23.7469317939 234.157903321 -341.875058425 
124.199045965 249.622598179 -461.885542329 -19.7879424574 -332.625076614 -235.723515732 29.0468425172 461.232796324 -124.688459507 340.478187426 
-10.0442965942 146.501464188 267.148758754 458.951451596 348.33685217 -320.686851777 41.1189294908 -112.746247068 -160.93216604 -459.007943105 
-270.342026131 458.951442109 210.506801048 87.479373421 338.466194744 -318.174159304 29.0468425173 -42.4863613656 -168.567080484 -438.549608877 
96.0089429042 -233.86741621 -117.63686656 334.844159679 -461.670287231 -20.2291683059 459.950155888 220.539903219 76.9657575517 -334.119805987 
-86.6824579328 28.8505768428 -326.523546955 310.337259901 34.5272990423 317.298887756 -462.045656162 -202.603381736 173.805121031 460.995958261 
-126.163203698 121.74512489 238.445308439 345.106545838 -461.229620986 10.559418202 458.951442114 -338.733430368 -235.537966903 -17.8440182371 
-237.717468583 33.2550671131 341.115641849 -339.692770144 462.599174764 116.729349074 -83.9346537167 -101.759532035 246.854164259 -460.669705338 
342.850755698 -17.136268546 -455.277641169 -117.476454798 29.0468425172 -236.566726719 462.599134373 125.703260231 -342.525328184 242.707544225 
-314.355787295 142.275608664 -332.207325168 59.2348691765 -460.430107628 -189.190165524 -69.4515485205 313.623715284 448.27040569 179.455858049 
302.336105288 430.113868452 193.667458642 -12.6474620827 -255.649356816 -138.891364092 -29.0469116337 107.077883328 -354.910063721 -460.051751106 
-343.264180388 459.679387394 326.730863529 -462.438331923 -29.2167973568 209.929079109 -282.897397071 29.0468425173 100.134734424 -155.331215493 
459.642190835 -456.36920876 -157.128945604 117.78797931 334.844093867 25.9643440308 228.439687216 -332.636285081 -258.258596234 -27.8562939682 
115.566960948 6.42707359537 -232.104159002 307.580572926 -126.56730347 423.283144222 208.315776586 -461.523700406 -29.0468425172 -336.914860176 
462.599174764 124.214057845 337.244208547 -103.699668098 -456.817507087 -52.0843412772 -328.505745816 -197.949466905 24.0139372415 251.636992391 
-449.729806688 -326.351434819 -98.8128437967 325.628634172 97.3476975891 -207.213712956 449.229410708 -33.2945288014 50.9336170273 222.105277808 
-227.072558934 -461.429826488 330.100442421 -115.552243625 -332.788278727 208.162137036 86.8320283329 34.9190087764 -32.4071589006 460.0044528 
231.212335645 121.108335438 456.270970117 4.40571082511 -459.580122261 340.236930164 -343.804207325 -233.468690226 -142.951235487 -83.8346341529 
247.554695516 460.024596459 121.469529839 -440.891362742 -86.6824499121 23.5124468671 -192.84552315 343.826572267 -91.3779803951 -311.52321482 
216.236438526 79.3288645121 -210.698621552 -453.794824842 -112.033242439 333.526661584 106.709580907 -319.202768128 449.700182773 -31.4746463627 
-334.634033292 454.740967302 11.8751990784 224.521916357 114.131562338 -237.43317028 -458.899548349 -30.2087341379 -127.493078134 331.667320336 
-456.324050127 195.370268445 319.524456411 -349.720665682 -36.41108071 40.7518729483 -252.382752975 449.074440355 -136.596601407 88.940202963 
-58.8345923808 51.9044809504 304.204580407 -405.378698652 116.995039106 -295.436176656 204.138399773 424.156357063 -86.6716048837 -187.202133743 
262.547324409 -308.338661317 -77.351979994 58.0563094931 -66.8398364026 153.164957492 457.702874395 -183.018716858 317.209588303 -457.579223277 
66.0602862495 -67.2079887231 265.400039329 -331.631857416 330.715746216 -451.944184297 446.080668522 -54.2762098951 -193.479467473 167.987780118 
458.953122902 -29.0468425172 -23.2662248266 -440.457559147 -247.987639257 233.213517491 338.268981832 -319.29777876 -158.116264187 107.586197847 
-29.3035547762 218.371444779 101.950531752 -110.087610693 458.952129481 -207.773535622 330.449903234 41.9387306912 -329.069866084 -460.793272005 
462.599174764 103.625191668 25.0006128439 221.593671798 -205.937598543 -142.951032115 -36.8868674626 -446.446993577 331.553571704 -318.007694898 
8.78068224269 113.729942828 -202.20428178 230.598048852 -42.364091733 458.93348988 -122.85460516 -461.027848997 -327.223276979 335.473487414 
1.79832585135 -107.834446257 29.0468425173 -324.924951051 333.550750927 214.108245306 108.101437849 -435.008193814 -223.774727343 462.042954429 
-43.63468431 192.563410458 316.839960888 -142.950446774 -328.760897088 449.609857111 -459.507563587 18.7776595161 -205.929350801 138.03913727 
-33.2713682775 -430.113842234 78.6214914166 -211.672358261 458.951444118 347.280060922 -94.7295043738 112.623298215 234.287029874 -321.29094631 
209.472043503 -454.388010051 -118.378669756 323.756101912 -213.640958312 86.6823370554 430.113834169 75.7301357253 -337.22022875 -44.8033425538 
153.114502718 247.259975155 -101.625342076 30.1323783717 458.951376004 -29.0496119249 -215.769876789 -330.856702216 -460.772896115 323.516647287 
-461.33774358 17.7494193025 -340.557436096 426.870107512 -247.686300008 298.774873955 -123.146553298 114.444863352 -86.4385484908 187.038876879 
458.951203706 348.161796641 129.974110778 12.5651172705 254.205485705 -237.402584431 -334.577042988 -8.2683177018 -455.9745948 -124.03514883 
228.392600059 -15.9402812819 -332.539693747 339.268435213 111.757821111 461.298637805 -462.555458072 -232.783200768 -112.947920141 29.0468425173 
-341.836806677 237.688794024 -220.37958036 462.599174764 -16.9254227896 -456.496801198 -113.912268779 22.9114326237 334.528556907 125.250967646 
-40.5789808838 -173.895415977 239.805887453 29.046842516 458.951674866 -275.689275531 -324.1152482 86.6824271445 339.140224119 -438.234955772 
333.605931613 459.397372557 193.354441181 -57.4736937436 -459.967876927 75.0813286199 304.474161083 -46.785649428 -319.560630656 -181.094954566 
-113.040837029 255.293894009 22.8396283589 147.122638276 454.96295351 -324.081608674 -198.284821432 6.53355641742 325.275662463 -449.839252198 
-334.426561951 -8.8680522186 310.308313138 -122.01410391 -458.951442062 142.950964813 0.227312924641 -227.255610591 138.067665192 458.95144198 
424.730497521 112.749516253 -271.365881691 312.826100595 -410.089438839 445.107065486 4.98571038772 -168.257789945 223.943985308 -48.4551114217 
-171.008507237 -291.826001372 -361.858579146 86.7185779202 -454.239892529 168.516497071 -61.7940806194 -33.4213278753 309.579727733 458.343265535 
131.974397854 -83.2388805141 -327.382919145 183.268759654 30.9598435108 -204.573891352 -200.45075901 328.522049585 -431.11802065 460.397478553 
-31.2867422329 -423.737279898 -142.951011948 107.115836103 30.7749568781 454.470125434 -193.780955766 223.744456411 -309.742130312 342.764213894 
458.892544086 -24.7844392583 98.9888312011 -127.318846261 -459.29351978 220.173761786 -240.544052141 29.0468425172 339.770878122 -337.361881252 
209.897794183 330.332746221 -324.271872821 58.3547996277 461.382424272 -65.4126667667 -184.46530528 -227.473105672 -444.975773693 79.9541598714 
-110.977202432 -321.523491925 438.329773883 -58.1429766087 -199.519863166 94.4653283114 330.609814016 204.973560734 61.8387953217 -441.289074661 
-259.778799512 459.551201082 -459.744730101 -47.9469507633 100.059834591 334.403189568 205.672891781 -349.071944887 58.8742030135 -137.863071891 
29.0468425142 -177.906358772 -461.767739882 462.599174764 -317.270969962 208.609736569 329.221726417 -314.67747818 68.306011232 -66.2701768543 
-189.650754155 -241.187389148 -438.996261701 462.599174764 63.4190212126 45.8850514779 182.101540912 320.65743721 -322.429301399 -71.3410395012 
-237.916530177 323.219565594 -438.162497927 71.8218123146 447.965763402 -150.858304559 204.394612666 -36.6673580515 -325.899044747 99.8187040679 
-40.4748359483 458.989530315 163.795573994 -314.124089806 56.8172760832 -191.778576385 -136.881067619 329.2917465 228.957398057 -439.328628723 
29.0468425173 340.051304921 -430.113835086 -89.5233874851 13.7411661789 -198.66845107 142.764193887 -318.84484644 459.541229706 242.031125069 
121.090596275 336.339460975 32.3961170919 -461.511340331 -90.7531831098 458.952686712 -94.4995531894 -335.665699287 -225.231067678 228.186298911 
462.599174764 -304.00435236 36.8628484158 -180.005564012 -154.558148763 -434.391218292 237.463269551 110.169880092 -45.3955676525 337.59077304 
-404.830066797 355.314435311 51.9766774133 456.404572301 -62.9614452566 303.762744875 -166.46829364 185.877031707 62.8204198429 -259.163495126 
-97.0561755941 -230.43439565 225.512857658 -458.951448663 -346.689555604 29.0063488465 -86.6824507799 279.159400025 374.250597091 138.581686016 
-218.916273099 222.475816028 -82.5666303424 44.3482069043 -336.825217268 -449.484589942 461.343237715 -84.6428608657 327.809260689 140.213381269 
-118.773138185 36.780444665 323.738608804 458.951431793 -458.951444844 -235.82229724 111.248818251 -21.4727487273 197.225496205 -337.220261209 
-44.8019629828 209.471070084 430.113827363 -337.220295186 323.756746595 75.7297791484 -118.37859641 -213.641565461 86.6824417521 -454.387674223 
-86.6824812576 -220.328598783 -87.2474747702 -333.774648027 217.669401431 -460.062142907 340.528186261 37.6428138875 457.941213192 126.170680405 
130.335475908 30.1359315392 -338.009084164 -79.5269537305 462.599174764 -115.935800981 -461.061146806 328.911793749 221.628549272 -240.570644552 
-329.354205051 -439.101276063 196.957433221 458.951441803 92.3444135993 82.6407160225 -151.45886272 -31.4466140264 -247.731084338 330.818176899 
-250.749414547 458.952107256 315.843123121 -347.773463073 -458.951442133 29.0468425173 -133.383539639 -31.7104560556 151.981745302 191.045104808 
-29.0479601325 -381.49367739 335.72756937 198.300313524 -61.0678171995 -172.38629247 453.886562357 -271.546114173 71.7959923695 196.967073711 
-331.79281396 344.270122331 116.956692096 -86.6825712644 -459.219647985 37.8635158183 -228.227072148 458.951609454 -104.18698063 253.339187806 
86.6824414735 -459.167851737 458.943023187 325.880807248 -133.320744913 -254.67011916 -43.9959921614 207.868120499 49.6790588467 -341.562398835 
-318.26953456 119.398416658 321.834592143 -220.378189088 50.7859476158 450.673690436 -97.7665212297 1.62302634882 204.604389315 -404.216658906 
-27.4925675301 31.6737514469 121.952786539 341.737739533 -316.794232853 459.608329397 -424.351797678 -91.8757776286 236.724667999 -202.624890395 
24.7177618692 -321.849005364 -196.965161847 452.068045516 29.0468425173 155.98067704 -99.2449863751 -448.065771948 331.153071513 251.278338534 
272.529818646 343.354512535 -200.688239796 14.0717731182 29.0468425172 -315.960112548 -106.695257895 -441.967333933 454.940390973 154.710011745 
327.111118061 445.867320063 -328.922340372 222.412296615 136.548277204 -81.7285193771 79.4051713336 -193.701232935 -29.0468425173 -448.069618495 
-440.275959095 333.916483541 -131.680037317 246.209263939 162.815381099 51.9667044335 458.921955385 -41.0611606112 -324.335642917 -208.904905582 
347.971432525 -331.059759959 121.521798217 239.856840364 -460.740435529 82.6373714923 -18.4024509678 -103.928773179 -219.530870557 458.951442112 
-293.388869714 -162.246914203 -12.2488815422 74.8410360611 462.122821224 190.186835813 -416.65300002 327.920202135 314.561042686 -64.3546920524 
-458.95144592 323.136070512 -34.1532795079 -282.72254323 87.2713152477 -163.713605812 453.242836463 -33.86453233 190.084964487 -349.178335455 
462.125234579 -448.065770948 325.446708783 -68.3816570647 -338.272105775 -98.9830461276 48.5241383232 247.33095736 -217.47093858 129.376551908 
-187.091976297 52.6450458782 442.96748231 165.011511111 325.332838111 -29.0764295465 260.214294511 -435.911187638 -307.267749011 -84.3507074993 
-210.657117018 -95.8707732645 462.599170686 44.909889309 -450.464695295 320.010891586 12.8572921893 -333.647993959 164.46823527 309.926064977 
-281.312037489 124.792680335 -73.4354716364 346.194473199 243.276219111 -30.9773451972 -405.371043492 458.951757499 -142.951146361 29.0468425173 
240.103212412 29.0468425171 10.447361206 -199.035290022 339.934264369 -91.4526727324 -432.250187242 459.127540907 139.977549667 -319.683231527 
101.827232425 18.1125614165 -118.013791619 326.867200936 -345.157280289 -84.0405219997 -236.841343125 -458.287342607 216.158749991 460.523056093 
142.951006496 -426.885211623 -203.199750148 269.963258026 -319.815014516 332.753402296 460.356039579 1.45977016001 -97.6847003326 38.2132373623 
196.216644247 -432.367880368 -109.474047283 29.0468425172 58.8856298406 -226.680609094 323.397006202 -319.891231277 458.951411614 -448.064898675 
149.080981355 -459.940038504 206.27975141 -237.089400893 337.960227278 63.7535574307 -29.9441006087 459.888743824 -137.81956533 -347.70616792 
-459.89662329 -71.3979607814 335.795452683 -195.967980402 -324.974369498 198.41995028 -86.6824771642 65.0724163932 205.863032137 458.958710445 
29.0468425173 458.887710495 220.198609046 -240.49124193 -337.363736513 99.0590171196 -127.322295588 -24.7173198757 -459.28852202 339.786966818 
107.844591824 -339.499348473 17.9491943202 329.013291004 430.113789806 -249.519469518 -460.036145759 -86.6824488222 226.601797428 -127.020763431 
236.847262779 29.0468425173 4.61433091567 334.394535157 -430.167439054 460.576023492 136.094879291 -195.325951166 -112.684999974 -311.953696237 
-332.465286754 327.048569067 -226.621893464 -462.289090945 247.313658926 35.7517606702 448.070115799 -86.6610500252 -78.7823660127 156.926283739 
239.542133314 442.315135549 -52.4062672894 -94.91757356 167.555273573 -200.760973932 -438.84014721 -316.150923469 326.182955844 54.8228244829 
-461.867717519 -307.043222908 65.0135916006 -57.2493011828 330.011055365 -322.56735674 210.591530308 77.9239381271 462.599174764 -177.144080876 
-457.272712698 115.0390793 -6.13678948937 -355.423027788 -147.290762688 462.599174764 -42.4302826678 188.676190755 -268.512390892 320.565510688 
315.123909799 22.9863083931 -448.065775288 172.541183871 -334.121920594 315.174285973 455.520506941 -109.305846016 29.0468425173 -229.633891169 
166.521292895 -53.5155847196 448.065770919 56.6435266406 -86.5640573576 325.836695541 210.045983472 -456.997046547 -324.738370479 -206.228967171 
329.450350284 -40.6854035401 -317.35030785 -432.211942536 448.065748944 106.76236881 77.6309249512 -182.132911542 -109.462961063 208.615916759 
-448.065771063 461.456039206 -102.197578464 234.569579472 85.6104527912 -328.754075567 338.591648866 -224.848408861 -13.6742504211 117.811358991 
222.319391138 448.13234522 -430.795436714 334.005552232 46.6452077185 -313.454554122 -55.2977189956 150.311975062 -89.9375861549 -185.848940947 
-209.055011788 88.6819238806 204.757411007 -70.6233844395 435.875386419 -447.522242737 -78.0195258136 316.600294302 -324.640995158 44.5093094493 
-222.160171679 56.3209180472 430.113840294 112.897608273 -94.5351478133 -454.190639337 -339.976641853 -55.9308402099 325.292120942 229.625133359 
-332.669899032 -230.75739499 330.851700209 -111.896402784 246.483917361 149.74116986 457.018729275 26.3048643367 12.6276597877 -442.918204477 
43.7207252461 -427.343738718 337.864381339 -205.806491217 167.179975786 -85.1883955111 259.100957322 -29.0468573 459.479711043 -320.274003168 
22.5426491738 241.54750974 -29.0300439202 -101.266943791 -455.835263187 -338.245806762 462.599174764 340.158742623 127.379471583 -221.71151474 
39.5220688836 458.900577204 -213.035911271 199.403895846 -458.968482599 102.743008368 -113.512640409 -66.8634158697 -330.943759848 326.329840261 
-125.481470714 28.6678558266 458.950932009 196.963238004 -344.703179234 325.223272562 142.831643184 -440.639510917 -243.580339795 -25.7131137456 
452.214825566 54.833089788 -316.451748558 -12.0978916034 -118.142963192 255.527804337 330.713196501 170.570313359 -458.695112386 -183.306129646 
240.435556428 462.599174764 -455.837014636 -231.076765661 25.2706533178 337.734234169 126.496916767 -341.417230208 -29.0468425173 -110.516720939 
-213.373719038 -459.393717133 458.951347983 39.6421032371 326.454514695 103.001333521 199.717932145 -66.3724415685 -114.353541306 -331.354923801 
-224.469826573 123.656952458 -422.257598205 340.601882007 238.098938545 -2.64244413119 461.695023385 -112.511479082 -9.42011121079 -330.197761534 
-432.895239883 -194.992195291 -308.810248566 448.065774939 -90.5304827496 -86.6824162322 339.18986756 252.019711052 150.839155708 30.6801315099 
-289.103861982 -29.0468425173 -47.6046508181 461.75118159 194.944462661 -443.334512561 320.12865224 93.0755628437 -168.486253627 -347.502441315 
105.265052552 -313.71877763 -432.557186797 461.384033391 -196.875670099 332.67328165 22.5181775445 -23.4505572931 -117.78270625 230.240117589 
458.951447975 -329.624851248 -112.618642959 216.594212736 -31.9809139913 -460.780311315 38.3468170982 100.14736357 329.382977913 -208.829482704 
-26.0663177913 334.861284495 -120.27306229 -459.745333426 217.792491134 -3.75371858704 -223.844506483 -332.395510191 110.289151058 458.951457129 
459.003399263 71.0018567204 -317.143649797 -52.1858182772 303.16295327 -197.548432331 -62.3173288973 189.498646497 -430.113843698 332.739672092 
-321.213493744 -55.4082139884 444.182399511 237.974642251 51.071734231 -105.359857614 -210.621818459 164.640046156 327.250815621 -441.631730107 
-253.727992882 -333.30014379 457.704561705 328.217985796 85.9565112324 71.3815926349 -437.953331218 -145.783741625 192.468622938 -42.4850853335 
-35.7327105867 -326.986339359 -71.9026285996 461.073158738 -461.160572869 68.4819891507 175.683083277 -198.141916348 317.282066611 306.776009944 
-462.599174764 60.3876020182 -80.1699297678 460.736633779 179.306849638 317.945813694 309.883833852 -213.064314419 -332.04687303 -60.660668069 
-405.423361853 249.24589588 146.33598256 82.3862846982 -284.446584121 -49.7417675516 -28.2805973361 -168.508200315 334.788657115 462.599174764 
216.735515123 448.064334645 96.619837049 -123.648731897 338.350565611 -451.884540778 -41.0844721796 -232.245683476 -333.92216944 74.6763028774 
74.5557198821 -72.0629812301 -157.674304023 39.9946665822 -419.518798613 -291.628122434 330.927656089 305.793779482 461.269576363 188.374591476 
458.951229808 -305.583317843 -437.835654501 347.247664691 -86.6835651209 -186.375059746 36.4834885854 29.0468425172 168.662230429 291.116022057 
322.854888026 9.12373934007 444.765521217 -81.7996523393 -331.271502273 -108.075369004 -226.815176067 113.064131406 229.404973196 -462.599174764 
334.797550064 -449.365323415 66.0883951439 -292.710998596 -183.994380267 6.25078847283 453.376405674 56.1062736778 -436.253129946 296.545105036 
53.5529269125 442.121647588 -29.0720965529 324.763028861 166.289967475 262.089292044 -306.5358404 -83.2826866247 -185.900801429 -435.847856284 
-32.1659329405 -336.733513383 115.490911094 196.964592268 322.871635822 453.497198657 -165.275197218 -290.283954409 11.5660125093 -448.065356071 
-74.5341358873 -409.296696761 345.989057817 454.748759308 -307.568897512 174.570405198 50.1795866729 294.049246337 -189.693447549 29.0468425173 
17.5052759082 -234.398380979 -126.914945557 331.471969179 -461.305834336 259.896511225 460.683911954 141.594577835 -336.13465836 -29.0478274008 
-228.032594076 334.589731428 -4.683468386 460.153529704 -426.808423524 109.404935438 226.815946057 -114.483261989 86.6815176446 -321.515586151 
453.433524844 142.950999052 -28.5700690498 -410.299456914 63.2984701141 215.344229227 334.281979454 -288.026404752 -144.776198667 -169.484339052 
5.72953319561 -434.408709307 448.065768888 333.304128144 -101.609878752 -196.965192481 107.661536494 -329.149133013 -233.45407261 215.712889654 
307.721080629 -279.280877787 458.774898436 -86.682441494 -433.796093839 -139.438461792 1.35276841026 301.013918083 67.4242067414 167.288223025 
-330.307818959 -461.969217826 331.603226822 -172.649719297 211.808839581 36.065061311 -251.074554154 122.889412917 -57.063671851 460.103165092 
117.258027675 -142.951072747 458.361358745 -329.693077758 -459.349484606 335.539347639 223.856682204 -42.0976899689 6.30041365823 -208.743219413 
-119.132315527 212.73968621 -461.947876419 460.058097659 71.6677922141 -53.9873401414 320.612190992 104.732211685 -341.371966874 -223.315639815 
349.486575254 -456.461389484 -57.3150906906 170.392676778 -207.144984235 -77.4756346542 -337.973103456 276.214441489 458.951442196 60.5604838728 
-74.802573186 25.0363486163 427.97216834 -126.723571301 288.219190272 -240.883373379 -351.060127994 -462.589066011 143.226536681 132.201579478 
460.023944721 -323.128170033 335.638906281 -174.71626805 199.232479304 10.8445431534 321.220962417 -111.617659763 116.069490831 -458.951442098 
-225.263443689 -461.368721892 336.646347202 228.658338249 -335.263072015 -93.9915402013 31.8477224611 459.155156797 -91.2926601943 121.703329752 
-29.9168931453 76.7789908198 190.656653421 -113.674930325 -211.450964936 184.608455736 323.346798918 -434.017998535 -329.102047252 439.41204239 
-16.0963444279 109.802526087 339.178733482 -322.89369718 462.599174764 -161.981226833 -298.391206835 -29.04684279 228.534600331 -449.695050487 
-3.59885701528 -221.283680632 -29.0468425186 -454.198359492 105.570442947 332.534894031 -130.363181242 432.415811515 223.163376883 -329.702870698 
