188.633865526 -195.337605755 -323.920459278 28.9664700005 132.600775097 -71.3414523288 -322.523985596 318.707174202 -461.638832694 461.686340963 
316.205248295 -332.689837295 456.53020813 182.012507999 -172.633856402 115.043690618 -255.708801408 -454.405271568 -57.9790642519 7.66036638648 
-328.26919434 64.8475300015 445.275070282 171.819287107 324.910957993 -75.2517659907 -206.707528894 213.295550877 -461.686340963 -57.9790504173 
-52.5962769852 300.911610851 -222.78953997 -334.083667361 -128.575679132 170.294113875 145.054964506 -459.606353575 431.338736973 27.1904068338 
-447.767692779 205.113243761 323.933785641 106.813830888 -3.00515865823e-05 -227.198433592 -330.528912025 -165.653362286 439.957958948 -48.2787065239 
461.139385066 -79.0043582875 168.427419798 -319.871748569 302.826036217 81.7146992899 -23.9449872376 -199.688959853 -419.941909036 -259.23928717 
-89.3789993598 -460.032028818 -321.124407846 325.534320874 103.423455097 461.686340963 215.219386379 -57.9790466774 -211.106606932 38.7212953574 
-73.1377717439 449.700821279 -461.686340963 103.75272576 -224.960783972 -333.836856245 44.966357499 332.452290346 -110.761152282 208.546602911 
-329.165146125 -457.59729253 57.9711154863 -208.912118482 420.05637587 311.399283083 -51.1162132059 -116.912952125 103.23443094 196.452664291 
65.4843362552 -16.4982488968 -231.884190281 -445.315364689 110.664970865 458.507610505 -329.499581044 329.937125542 -112.149103421 218.398132604 
190.897796979 317.431523699 -186.334663448 434.821233501 -305.957248447 -459.539813815 -337.025783157 61.6142942412 27.7484763764 -71.3107885445 
-446.125471938 -43.9386128685 201.265533023 -319.71774759 314.756709091 -195.059535102 410.517344089 103.867484671 -81.4325207714 54.8065582372 
-320.50902379 62.4866830132 -461.686340963 -201.121254493 316.670908634 445.919738743 84.0978677361 -69.1419338856 -58.1675923435 204.620158181 
-422.213481619 -21.5960773925 47.7635021756 -297.866284285 -177.729318277 448.991647416 312.308958756 -115.048215685 168.362926493 199.263317779 
44.7057200542 202.481959051 -10.9187389681 -113.704418046 461.686340963 -231.20190117 327.861624459 117.508975661 -456.682627031 -333.948973971 
340.092495561 -461.686340963 23.9345803721 227.785928858 -114.365434328 -227.301813618 131.691002773 451.842544816 -80.995625422 -334.804554118 
212.059328057 -461.686340963 44.1580794495 106.060553686 -34.4341700334 -92.7411605143 -168.009680305 -316.91247068 332.193509401 446.981161938 
-173.628728683 -110.331384142 -327.425282479 339.027952345 -461.686340963 102.935941559 -26.6577609054 448.010611813 223.834958008 108.611677932 
454.405273735 -134.100057828 336.318757372 -338.471540185 222.4815709 119.665848746 -439.957959609 -226.853807781 -26.6114927374 4.58499405174 
323.366850075 -0.0383257476166 -290.459180595 74.1059147251 188.844568931 461.039416802 313.345901738 -417.964245219 -57.9806557212 -163.332546992 
-214.159961983 233.164984048 454.404832543 72.667539215 345.948316336 -435.198515467 -314.837486522 -34.0681375282 105.15895074 -135.759277434 
452.339564971 57.9789907521 -455.423151049 43.0487945139 -191.223602383 170.29409621 -75.2247984854 -304.509430111 307.726649282 -331.250557863 
-209.071615991 -326.79110214 428.245674231 211.365943035 -78.8223880064 46.5267841067 -57.9790528857 307.562313177 143.330784365 -442.739672178 
459.733687151 -21.788325837 115.047800638 -127.324943553 231.730132623 -244.6643071 339.459674307 -347.735454828 18.9731957872 -456.076735133 
323.529440939 89.0048544396 -239.191048364 194.5584521 -461.686340963 -107.847565369 -339.377126759 449.416639738 -15.6573950189 94.4130346535 
271.119834562 98.2195157584 404.144919405 -202.198106034 21.3333694193 -322.943828071 155.583637132 -461.686340963 -324.544996672 -81.5405874819 
64.0871254677 -203.918384989 -327.028630113 -64.2475247193 311.988184344 461.686340963 321.35890738 180.276895052 -461.686340963 -57.9795969515 
-228.164378573 95.9222284387 461.686340963 -459.835526597 333.850209746 -336.969997516 -40.5975848336 83.2395592012 -120.987325141 223.067812374 
125.514812973 51.2990965303 -461.686039722 234.527269809 -210.861388722 344.544119478 -93.5901096054 -70.0496950079 461.686340963 -325.182261528 
215.476567082 -318.598719177 -214.967873919 -2.74849170848 445.84214666 117.137403418 -94.2351752417 337.200772642 -418.572190433 38.1542956144 
326.69442749 71.0639224142 461.686340963 -454.917292441 -122.409780024 221.422810755 -331.139602148 130.377267472 -24.0099722367 -224.111812489 
236.50731331 110.790463974 450.570733714 -308.658420718 -9.31887463126 338.010187787 -318.912519458 -165.697585413 -29.50487202 -461.686340963 
-65.0613214762 412.445488873 -456.6241591 190.035379467 -91.89177973 -320.784913451 85.9838237926 42.6367166685 -207.932481896 306.948026209 
-215.625930774 342.575308043 -71.2407741091 447.131304824 220.615874077 118.021447991 -323.943863543 54.4141590401 -461.686340963 -107.880492315 
43.7629899007 -79.7353797095 -333.364143326 -90.6934125023 -461.686340963 337.379447407 216.218256049 121.93111563 454.268498324 -219.680389283 
-122.26118739 -3.93848699985 238.548842022 -208.276703797 448.655234465 320.296846843 -452.152400523 -317.542265469 138.637334446 13.6305459974 
324.927216193 459.853494728 -0.324488826033 -193.838660128 -319.949340744 245.324288005 139.728018176 28.6874355158 -452.675857821 -130.102823695 
104.573743289 216.485824466 332.140621117 -333.97645241 -459.774464621 -220.900625916 44.7759489345 -54.4452451589 459.860332564 -187.202380839 
155.291527503 455.362071126 -461.686340963 -0.0328354500196 -336.328051776 22.9352531832 -229.781734332 332.309538353 -120.285176738 253.444382702 
156.189830185 -318.092399319 457.040749462 56.3366917527 -12.2386889492 -461.686340963 -114.631411934 346.38231045 -170.289463224 278.619489664 
57.9790502452 -74.554426294 -306.2870645 -442.400458146 314.010705386 -446.021271536 186.565351472 -197.623387768 -0.0405279782635 426.171914015 
112.076870417 -441.45285278 344.240594843 -66.1004695813 231.415111485 -330.809329504 10.2180121394 -211.918566727 -104.967551935 356.437512268 
-455.912735868 15.9313933235 460.721227038 -339.067663058 -105.423871872 339.440620759 129.6906055 -222.563360597 -7.63014656951 241.841892411 
-230.032756895 -66.0600826148 432.046973747 213.549846527 -108.066756798 -458.800389444 -345.215677829 97.8719530659 40.8974196957 322.484030834 
-231.827166612 -193.226660191 -336.356162776 -460.824122354 425.998069424 26.5653431569 84.4287120772 316.341807735 201.40989177 -65.5524700785 
461.492978396 -460.605124919 31.1497288464 125.962780117 -186.137716528 -65.6957376365 -322.346290759 321.386840914 -331.675173622 180.690139589 
86.6652829583 64.8600416084 -213.488318802 -55.1838940902 200.254361278 -123.531772606 -451.169153268 -325.442692154 317.891948001 423.801634292 
57.9624376378 454.455190052 332.834374585 -116.661607825 171.988260258 -316.670797299 -17.2582092342 -183.395163794 264.952115249 -461.686340963 
319.657289374 444.76899263 -323.694381206 -57.9790570051 -198.551062413 -461.686340963 70.2915626952 93.4564027812 -57.979114655 215.921449022 
231.678205415 337.542637938 -461.686340963 -152.694526068 -34.6955951711 -289.211171015 -0.0308056114527 -338.986156468 116.103541785 461.686340963 
-454.405269699 312.721470989 -40.1120990835 -191.470882237 -63.3346089681 460.585922169 180.206190302 319.881569971 -318.008438727 70.7901326586 
-0.000482749392763 446.279981749 -279.856407795 227.722327522 334.96431986 -454.405376397 -15.8788117603 -342.89921045 -150.707897628 121.161743784 
-439.957977279 -40.0267197911 -320.599235079 -256.722161207 -23.7278036679 77.5093915038 200.20643684 439.957959322 327.826931862 -164.107421494 
344.050201095 -204.317177011 461.0594154 253.12808409 137.496185721 -449.457907276 -316.142534453 -114.405053467 7.57868447176 13.775302701 
-458.822981096 114.841834915 -336.411178018 418.75477803 28.4790984382 -76.0738643024 -239.742364046 231.002991851 -117.940672159 326.409857454 
-64.3694545936 -460.657641618 124.844747492 -185.514669132 -331.640865015 321.286622496 31.4935871272 -322.230886201 461.162341881 180.39694315 
322.003167204 461.686340963 57.9790499296 -81.0365889503 -307.841048993 -455.012027573 -312.112077426 192.320163842 -184.688693686 40.1137902514 
173.376626342 115.03235801 -194.972581503 25.9954002976 418.572246086 -328.443588708 302.540411584 -176.725497344 -455.949680659 -77.0108074699 
-54.6400263517 201.402817056 -317.294851951 -176.878956525 -311.770111682 455.779303305 318.151476616 95.3239053857 1.32668720454e-09 -461.672831144 
200.549361628 -215.328691201 94.775996509 328.022451066 -68.5655034244 439.967395761 54.4962199974 -328.530217731 -111.26623374 -439.488827979 
-130.349880478 77.9002468238 201.901892369 -458.04245133 114.957199946 -46.4925449099 -328.366850849 427.476318622 320.401759828 -228.072299592 
229.372585038 -222.72554902 -57.9775528563 64.2621211936 -461.686340963 335.066030814 461.686340963 -106.362612184 -336.377777933 115.04373617 
448.128760695 -119.998395889 -223.657401803 198.89215603 135.255327646 -336.561137022 14.6520449533 -16.2522227681 308.908828616 -461.686340963 
14.3118726021 116.353617469 -457.106006091 -333.74637741 461.347071155 -219.48786663 329.700325712 -115.872069519 1.67662423043 218.471321651 
410.994943346 80.8041139998 194.041854759 -454.770504978 442.879147568 304.758609259 -48.801466777 -191.825852719 -327.873882238 -57.727175032 
176.095242271 -196.697739026 324.792174833 -57.9790756474 63.5735502362 439.957902579 -418.572220957 -310.696932609 233.268436226 -57.9790532087 
85.6701425288 92.0046795531 327.459563922 -319.427996239 441.758658976 -113.3598809 -23.3051030548 -439.957995301 -211.906467094 218.009022806 
47.2102324781 -109.066848058 -326.520404918 461.13871912 -459.229038548 98.4944239636 331.344388253 216.935299456 -205.796074012 -32.2936124901 
326.775444292 108.128986105 -134.636137298 -16.9280032472 -336.615581583 120.031032344 456.682726571 -44.8428103503 243.231441409 -461.686340963 
461.686340963 322.051364279 -329.677248927 318.674889032 -57.9871477195 -207.504607379 -57.9790552651 -461.686340963 185.98967944 69.6999182652 
-70.5049131967 -202.198570133 461.686340963 -461.686340963 320.639992185 -327.347567529 -46.449487233 69.5740591289 188.586202897 319.27562992 
-338.028974495 210.442328497 -102.703812874 65.3953445394 105.548753976 -460.310328145 -57.9790516267 431.421137286 -208.953924598 322.281468911 
-312.547660317 60.926239242 36.6989967082 -185.403676609 -454.070789691 456.423328646 -81.0208972743 315.878591486 170.294113695 -314.849965389 
216.08067814 -48.5434685444 65.8481782169 454.922384259 339.077861712 -256.594653291 80.9571132775 -430.045272702 -144.151930054 -339.969651123 
-200.81790731 -46.3145838694 -106.459072443 -461.686340963 210.592993514 58.2958644656 -327.336106505 331.375743402 461.118659346 115.043736556 
336.353357988 178.364322847 -202.453449756 287.074820863 461.686340963 -64.2275892633 62.5414680849 -439.95756641 -325.662333444 -57.9790512451 
320.25219327 -70.6540309991 182.64623244 -215.111302261 -330.701729131 -461.686340963 65.1236221257 461.686340963 -53.4833826478 316.034949289 
-177.524222191 -73.8168638802 -455.661138631 -295.701512981 148.534642996 -354.094909984 0.173836727715 279.839371122 118.768428312 412.988581077 
320.537206503 -5.22235060049 137.582607588 -209.132545534 -452.08502791 12.6618918584 -123.585419462 448.385012795 -317.957832452 238.012811999 
-232.968666736 3.12127781373 148.819406978 -118.716758445 -319.63670681 -447.289841086 409.065197977 23.5555278112 271.313564202 -423.005574084 
318.474413282 8.08249884708 -323.20904845 447.113088947 -452.169019159 139.227398335 237.041842072 -211.424352196 -113.795481816 -1.32745560794 
320.896352845 -348.638139819 8.69451216468 112.584171896 -457.483966269 170.294105155 -154.744989368 -274.080933766 458.765035634 -56.9255235643 
339.52149187 90.5152443154 -48.2026546801 -431.883088494 219.031310082 448.197768716 -319.853628564 -204.241739788 77.6062970379 -170.223366334 
461.686340963 -320.451423767 -57.9790718701 188.170526662 -433.260218476 -197.604200374 69.6988040992 335.473322278 -57.9790630209 300.34890024 
-455.321444429 37.1435235449 326.206506617 453.729008918 57.9789685798 -190.741247498 -313.426239406 187.052062437 -313.234566498 -83.9239802126 
59.0673093842 461.686340963 322.090085622 175.911493914 298.56939994 -170.294115158 -308.423702458 24.4794275452 -92.2621517517 -453.758572138 
-49.9085783665 170.294113744 -289.378571114 -26.2639892142 -347.193645174 95.2522477677 -454.405692812 315.525180996 -167.952896571 445.946202156 
-327.055421328 99.7096559952 -240.680500235 -142.944434917 -454.382918694 -43.1037284745 73.4353061456 214.09415202 456.059507922 326.84410771 
106.028296569 -129.3858429 337.23835679 -461.686340963 221.943290549 4.99464655916 -14.1183834236 455.099980325 -343.087547991 -243.779973809 
335.047129855 -456.264082376 -114.081593639 -25.1315345119 -345.267618871 460.325676745 22.5591883903 -233.890394037 237.155703892 125.702468672 
-57.979940417 -198.639435602 130.459524952 -323.151786882 -86.9354652283 435.502749273 -439.95807686 338.656127074 60.0062437667 229.021248456 
57.9789971889 -448.003040465 -50.8414725345 419.107214398 198.48590378 -196.441262301 95.3204380547 -323.699944321 314.119047712 -123.492016955 
342.293001207 -234.042480629 -336.932860061 454.405271567 233.822572909 121.802815334 22.1829595862 -104.44587734 -461.686340963 -91.2410521236 
413.323996874 -44.5640898962 -454.452170462 182.458059142 308.025819054 -52.8096163616 -175.265307496 70.0825396481 -267.954170414 -333.668708341 
-68.569082199 119.775366263 -115.036008751 -441.487409568 243.629467089 30.1192010678 461.681480527 339.640935362 -206.949241827 -314.07453181 
155.967483938 458.001886827 -201.278179516 265.202580958 323.141910675 -79.0169041469 -454.40520705 -57.9698698308 48.1364204208 -331.895978504 
-231.194336659 -456.70175825 327.822034047 461.686340963 117.325381368 -113.689133199 -333.943818091 202.393937763 44.5799402907 -10.892682118 
456.936281149 -337.587641459 135.998439883 24.4186548057 -461.686340963 230.597540343 -104.330643953 -229.524884518 -80.1905677988 331.365155752 
324.245933957 -329.959402532 49.8604956387 -195.52214819 -84.0491817788 -454.405276869 105.824305103 -35.0100307172 216.951330495 456.904098765 
455.149934837 6.92551765141 -461.686340963 -15.3608382046 -243.592022268 -129.099054973 336.933901452 221.262564731 -343.068703292 105.054210333 
0.0 315.866877906 -317.596388087 317.257455094 -452.643872417 51.4659716227 -197.039303393 176.819054079 -89.0760086177 461.28630782 
127.939634865 -458.523295008 -1.68773217624e-10 235.618780686 455.05718937 -318.795513051 337.684185198 -128.251397695 0.482796401684 -221.784851066 
218.050094441 77.7445187298 -115.043780359 108.526421029 329.878872475 -28.7523853386 425.776499395 -317.248590305 -171.935045585 -453.077726969 
66.5961991205 -457.898142493 310.075412094 185.443269932 -21.7747765361 -124.40759266 457.133418378 -170.294116932 330.923710233 -316.24990819 
265.421461804 -125.153674279 -334.136375622 -232.445114401 -461.686340963 -18.4699678019 145.318279715 18.3045647674 461.686340963 334.102344181 
280.186088659 40.6517810818 -0.463710470967 -334.199676423 -123.080469882 -245.754926777 338.438011962 152.446143532 443.226055176 -461.686340963 
318.346629584 190.182509083 -305.959201364 23.611717825 61.7485773009 -460.28258504 -185.594939923 437.904022368 -338.466673226 -70.0411810166 
189.085415765 74.9351010407 456.709069352 -325.063951729 -148.761363287 -454.405302102 -56.0345899766 70.715323238 314.873485458 -242.171040573 
-125.864435425 -354.596270711 2.42023295976 234.466376818 141.974224609 -87.6629658109 -454.405228904 98.4729630207 -239.761092848 356.438790281 
-454.405275129 330.420251948 -208.457526977 -323.812030493 139.809471493 246.727175211 -9.35169584706 461.002207125 53.3994295732 -115.043749627 
94.5036602371 317.919957245 -212.560867941 -22.7432582795 -327.314455546 424.568938363 -443.888934668 208.815604325 68.6606329532 -129.199610736 
-333.839354326 -235.893136722 342.134806142 -125.669561036 -461.686340963 15.0679590456 115.021102943 220.292001704 -19.4818503612 455.339570824 
-454.405276421 -36.85073595 169.221638834 -325.187293527 -312.445024016 -52.9416814583 411.71505084 68.4339601909 292.80444316 -186.70291571 
-218.489787837 154.410169439 -77.3072496499 243.316104459 292.391217655 -334.718309637 384.827818241 -83.2478459648 41.2446830221 -447.098068372 
0.0 -265.610797673 117.836860416 -461.686340963 230.87275199 -343.336877409 -23.9814045068 461.686340963 330.834675529 -138.028159331 
41.9395475135 103.67237422 215.407695208 461.686340963 -57.9790504172 -459.929486777 -85.9835366161 -320.829655226 -209.269309 325.636321154 
-326.54635784 332.940007105 461.686340963 115.040785302 -123.762910861 -461.686340963 229.935847279 78.6611888849 -13.6541357238 -241.618059251 
-461.686340963 -248.943977618 -334.803176797 407.870862218 57.9790513721 46.0405982259 181.835639318 -58.4459596973 -141.29173209 291.565079894 
2.55376537216 28.7117554637 320.51733765 151.575601242 -225.638592246 439.957933823 269.609977471 -109.895900682 -461.213386439 -333.773607252 
-72.9466232365 -179.530064763 -389.69003067 349.09975104 -298.013912071 17.1172638997 115.043736413 -199.95053549 458.571866079 231.287334387 
461.686340963 96.7579571567 -222.858860586 -126.16504519 231.48653834 338.471989914 -446.058969403 115.042475158 -22.0952632055 -318.621552343 
-204.168733554 109.795250763 -450.365256065 330.76334885 -146.940806324 -329.398108791 222.781557449 433.632112168 -30.1611421689 58.3664773206 
26.9174833871 342.327877891 -146.551596586 -59.3381779059 -458.467478921 -172.666687639 236.290498565 141.139135432 457.315503422 -315.23851281 
-160.270405043 440.795373459 -424.847223875 -21.823435462 198.381300915 336.012114017 52.0523400453 273.768035922 -95.8719744652 -290.563219326 
461.686340963 230.805694035 -460.620503745 -62.0170748901 -104.267739656 20.8878972141 -216.187990458 -334.935430828 114.939130111 331.418692186 
-122.819192424 108.547521941 441.595856352 -222.864469029 -24.7737293622 58.1835741519 -439.950915862 -320.119931225 226.672404926 335.108633916 
-123.604378397 -461.686340963 457.045253515 -336.89516148 339.975730047 -237.683012311 214.090709864 88.7516230579 38.9354633769 -35.552840524 
79.5492514507 310.756923299 -325.165584183 193.826058412 -53.7474232024 -239.968544596 -144.652376142 -454.407196075 418.588886274 66.2183718597 
-445.187013508 460.038201936 325.992253955 221.248271002 -83.7775113995 58.3644682404 -25.4074176541 -317.805324299 106.221039174 -205.042416574 
-234.598859797 323.973612963 233.426866265 -0.41758854482 -443.20427438 49.1839811642 459.579810376 -123.176098433 -324.673872916 132.564654603 
-199.870446623 259.76489497 -101.42086541 -38.328133276 -317.768953869 142.242595378 36.8868375256 356.560315777 455.126286877 -451.621733446 
-344.866407513 -461.562093765 334.536281457 -14.3873170838 65.4233741663 -237.606169852 -106.09698849 243.375769069 461.686340963 117.223074698 
-83.7988830632 -203.320990628 323.255967298 -21.651207412 -313.774608677 439.974448421 -418.572250012 99.3363078311 48.5627408802 217.978094382 
-54.3954057562 -49.4720302375 -176.190831304 77.5514913887 196.601163024 -461.686340963 315.847423657 -319.809917023 459.824183018 332.612162308 
248.78962012 -18.1722732318 125.568426464 340.839629093 461.686340963 -196.096253681 -115.043776341 -302.545355105 88.630284515 -426.655863889 
-316.253016413 326.164217056 -68.0183755302 -461.686340963 194.354702566 52.5087683312 451.300931782 -313.866302074 59.4462251173 -175.543730022 
229.961668105 342.7230341 -222.292895874 -457.916853069 39.8800546207 455.080566746 -334.544571509 -74.321624492 -115.043737381 138.919271667 
103.760352827 -40.0110677972 -461.686340963 459.982816919 -337.169147595 -258.034205893 57.9790466647 334.536567062 227.373100922 -144.572713123 
-24.3018969573 33.4501025702 105.369955017 -327.968512582 208.796611665 333.412280053 -216.705068074 450.324977658 -461.686340963 -105.350741123 
129.932067902 8.02800302143 143.341450992 443.16656601 -360.554084998 305.835288413 -455.466566803 -90.345983228 -306.502345817 -189.56510043 
200.468003108 101.762682167 -330.548538838 -30.9690351172 328.283094693 -158.596624441 -454.405273885 -251.945290146 452.655748285 -23.9441115298 
331.934606014 -334.154500582 449.563659956 -112.090037811 207.683402306 102.575566952 -75.0557552062 -226.464237497 -461.686340963 42.5875678808 
12.2752614084 -460.380553217 -339.124494879 203.021883102 82.7366443813 424.299932407 -175.807400504 -51.272423975 318.604186625 -270.100108136 
-224.654475038 23.3210037669 113.837626258 -106.202967851 -69.7824519814 454.391584144 -454.405271635 238.458824979 -318.474881728 333.814817725 
-267.168788492 193.831290557 -25.1911908783 448.864962704 317.487616618 91.841981508 -456.234326398 -162.174074798 -24.9340601468 -321.775246995 
-334.102797658 8.00347064825 115.043736042 323.766866238 208.764727788 -224.756067095 -130.406201547 -459.542538653 455.104558737 -23.7816937725 
-325.657268456 62.0641836016 -454.835552924 -307.311408041 -60.0188062961 288.707434753 -184.682193891 -32.4137542106 164.464857515 407.390427657 
-317.053063928 461.686340963 -459.26319424 211.58717025 -199.678003401 -94.8801401453 19.2103840069 325.716625886 -347.769314969 104.170664307 
-143.370392253 -454.406201982 -341.199234047 -16.7426207443 457.789666445 336.228186674 -0.511042574615 234.913355466 -265.766563855 121.067477074 
453.909913082 159.528453404 -83.2054731453 -192.329515025 306.917702188 -454.405505234 -324.752569903 -311.995689229 78.1610280299 10.2142809095 
-341.536630497 -91.9403545103 242.822032374 -216.34998545 125.329346619 461.686340963 30.2962003307 -457.915493939 335.264156917 -24.4640123105 
185.842119224 457.237738594 67.2590335099 -340.480556371 -63.6385083415 319.588009446 -229.754465923 -165.228393248 57.9790361825 -456.982338555 
-461.132312351 454.684928015 -325.607767648 -208.675704414 343.66158538 230.848722464 135.134938608 -119.082164332 -86.8875762165 21.5167838371 
330.517548346 461.686340963 -328.172983161 214.653816288 -4.75117745147e-09 -218.819605894 -117.093417058 11.4295380301 -460.549554314 115.208008544 
-342.823681431 20.3674267241 235.545988789 129.595591335 327.546400964 458.861467246 -220.961072851 -8.16287216971 -112.443178376 -455.755650327 
-115.043744715 -206.691151197 -50.2748394758 174.709141045 -455.270308275 57.9781002623 166.652922003 -326.200665712 414.1734596 304.695095658 
-216.396704205 -71.3317722973 57.9790488538 58.1661190108 418.572348317 -154.193954667 304.640376227 -454.405275662 182.399742361 -320.016127976 
-222.858856712 -457.731440831 -133.255738187 439.714648418 325.101911829 -7.36618947301 -11.5267380432 -330.562236551 211.8754745 121.980373105 
-204.096967196 -454.849141066 -72.5219158034 275.069371174 351.975860961 -335.852344311 457.596260017 163.007592479 60.6922689453 -57.9790595455 
307.419621856 8.14610683329 -456.008754682 -189.510158558 76.1318839504 -322.888917187 -322.78398199 194.858980404 418.572247775 -91.3777131718 
-340.478765504 319.58996691 -63.639526231 67.2600371627 -229.756001281 -165.229286238 185.841085768 457.238063133 -456.982346108 57.9790508239 
334.105684018 20.1700606273 123.662427068 -455.194160837 -16.4205017653 457.900249378 -124.785349023 222.528846057 -325.384640796 -213.47103215 
-461.686340963 339.227127951 -23.2113137259 -255.484595953 -320.9064156 234.146568746 -13.2153865266 461.686340963 115.031688458 -155.905518991 
336.50442556 -198.201651441 -450.6707035 223.668623417 -115.532140334 -10.3297890724 458.100711332 21.8709984204 120.71600201 -323.562455867 
-212.829468988 107.968687269 328.966905235 -89.6961306355 206.863386758 -459.082503665 -57.97759578 461.686340963 -328.398021137 37.466690129 
-323.491251935 461.686340963 -418.572270793 24.2436960161 -92.1395172883 339.337862775 246.932334263 38.1167471492 151.89650422 -201.158553923 
-335.266525234 41.8606376253 121.312259627 -444.307857434 -69.1795293859 333.112921632 453.417865572 -97.5762286133 232.534327406 -215.202531475 
-460.325036859 -32.6527741943 170.29446782 -241.522996797 -148.522626133 -329.154738124 461.686340963 93.3529819267 -5.42422020194 320.088970355 
119.708562317 204.42047091 -333.71935483 -456.809966302 -8.45566686746 461.686340963 328.077608819 -229.042438814 53.522079153 -110.396910047 
-64.7259536676 460.636772357 74.9457758901 -454.405485282 190.877968649 -186.837121684 319.72003071 -315.127624967 -19.3045136498 317.021329136 
199.3465308 57.991141788 -176.651897503 -306.567418906 461.686340963 -461.686340963 57.9787456022 -68.9394430826 327.440121805 -317.813597459 
328.115958782 236.301913421 459.559783808 -112.531152771 129.710238381 -343.025082298 -8.3789466206 21.2742059876 -455.668376479 -221.18874208 
321.411337936 183.195882795 -454.4055588 -344.63474322 -37.5292112897 84.7098823004 -171.708820567 454.405271533 -39.2245370462 -293.677002425 
-211.319747554 338.11277371 126.175192458 -76.8844287544 236.282512308 -57.9791803094 -338.203948521 461.686340963 -454.407301333 49.0707012754 
13.0871863279 302.059225914 439.967466931 -338.204104908 -100.644508452 119.903634528 -461.686340963 -316.677906586 -187.890316859 149.318889613 
112.214807617 234.615967828 -454.586938775 -330.236688511 -299.950711212 451.933477155 327.757343771 13.7502832619 -74.0041611319 -180.930500518 
-130.726141908 208.809131512 -24.6799812159 323.833562713 -459.502960244 7.84920818 -334.133994353 455.069988095 115.043736237 -224.913732342 
461.683896051 -333.928323924 -453.582546388 344.183040217 63.7141174454 -90.5803540999 -205.797520274 243.215433336 -57.9814103737 128.876620039 
-0.321147928726 336.239171873 234.998024612 121.227492963 -16.5825728951 457.863219963 -454.405493852 -143.148299083 -341.034723014 -265.370754188 
328.652862167 -336.234640267 -94.9196349021 27.2898409678 108.879447359 -218.466144591 434.616762712 -439.957961257 215.341566512 -99.974826748 
-456.9823044 57.9790573277 195.309004509 -229.982706026 -339.550687749 308.49181114 418.575100834 -165.658990369 57.9790504132 -66.6383042791 
-323.967413681 309.014053558 178.434397963 -308.113422984 -2.28227309351e-10 -181.186446793 -461.686340963 74.4431760724 444.625385954 -65.9803287848 
-337.1618869 -458.053351858 -161.213076989 -265.85676472 114.19252863 -11.4702220636 318.978767047 -35.4641168968 458.098243403 170.294045478 
-1.21224229046 -307.374440027 -461.686340963 346.076912282 -115.043747284 121.829045766 461.686340963 -147.263536977 142.493121302 267.755139702 
235.095359566 323.248014147 -176.352695813 -56.4377987242 -318.322451951 71.2219300774 189.965029315 -461.686340963 439.958857047 -58.3765792633 
55.5549724666 457.984440978 -214.665212984 337.530461253 -70.95801224 -460.152643307 -79.4332490953 149.695300835 242.415277029 -332.377956301 
-341.186915887 9.32531829534e-10 445.790473094 26.8066692533 248.916436814 152.239719025 -461.686340963 -255.637495767 325.462306975 -119.755353498 
319.165868453 132.933985271 -426.736501337 -73.7681018393 57.9790498724 -317.204826327 -61.1277620919 439.957980228 205.624871533 -189.555889902 
103.731379114 -329.154484168 -50.9992686426 57.9790225768 196.568744164 420.209680595 -208.724282151 311.576294648 -457.596136763 -116.429550963 
336.979849884 461.686340963 64.3682671228 113.551687024 -319.059691427 233.284900833 -115.64643917 -222.640262439 -32.2226605984 -454.649916434 
326.010558897 451.232278803 -316.50193954 -68.5069246552 58.2866701516 -461.686340963 194.283868242 -175.825230146 52.5835690889 -313.57650026 
-454.405271568 418.572206139 -206.75381639 -57.9790390855 83.0212794623 303.861821916 198.719927995 -317.506490334 57.9124725173 -84.5879556993 
-338.272341463 460.632214624 130.081599893 -7.9499245288 242.087152651 -103.950099594 17.3135694664 -455.763517074 -221.549398392 339.788380188 
-94.5814469451 333.333624494 -204.480421326 16.7661587181 454.406731433 -454.404424022 115.578589339 -325.952698982 235.658876615 27.6048102401 
-57.9790568517 316.68639332 -207.05331324 207.94395277 418.572258693 95.2112828915 44.0044585291 -439.957846196 -80.5930079403 -324.251522964 
-3.35861352618e-10 -461.686340963 155.471267281 22.8320114958 332.219615813 254.06533762 -120.266150937 455.340862524 -229.78679269 -336.339987974 
454.40527157 -138.084251648 -50.8266982596 229.742021809 4.41406729245 -219.082064552 -461.686340963 339.233993753 115.043729534 -334.953564691 
0.0 -460.532672014 337.085043282 -238.570272266 14.1350170995 141.297461338 -341.714750186 454.430497335 -123.386496401 263.623921512 
-454.405371909 -119.461787013 461.686340963 345.821136767 129.040571096 246.649828612 6.91763781963 -0.677025937913 -324.691022835 -214.742872162 
228.705311962 115.043736574 -17.6962426935 338.897283308 460.374002318 -134.106566426 -351.218550903 -237.520044117 -454.420171749 79.2104756223 
101.109259436 -461.686340963 56.963458666 -113.242879924 451.894949417 210.534840877 -228.873393653 -335.340109144 -66.25066309 335.270106018 
261.011602704 -228.507575469 -318.510683814 -6.50883791309e-10 -118.709164387 344.136195034 461.686340963 127.102311047 -438.466390057 57.8478499882 
222.858852003 -340.648709338 23.1806952894 -202.520249432 -306.965419351 -90.1011498077 123.129032638 -461.686340963 316.989102954 425.358962451 
121.312200766 235.067930912 -341.255418591 -265.283504177 457.753988504 336.242852957 -16.3900561778 -0.104849668172 -142.944492425 -454.427361539 
334.105440148 18.2250696804 145.242226223 -334.123920579 -461.686340963 265.339381569 -18.5336649465 -125.231109561 461.686340963 -232.470918137 
170.293973495 302.61460274 115.043906471 35.9132132022 -189.358706047 -65.585518478 -219.453923934 -323.872024799 -454.405270543 445.93746092 
140.69084119 -320.157011871 460.126316217 -441.55934241 250.398820558 333.190544988 -209.338042489 -69.7364082865 -92.1542491686 37.7668799365 
218.066414414 122.824806722 -439.959257864 332.819211917 438.065135083 57.1199263658 -58.0577580136 -94.91612009 -324.227446446 -205.121484549 
440.110460773 7.23293334223 249.656117621 -122.214829578 337.951801651 129.818722686 -17.0988813071 -457.668823159 -330.482521373 -249.732090838 
458.266918999 336.223441072 -57.9799184414 116.993906751 46.7225315809 -202.934875135 -318.728991763 -439.957959597 -71.1305696077 238.450873742 
312.798692555 -30.2194112397 317.644562616 454.405272028 -418.572286664 -286.263701034 -158.470259255 93.6332096105 -48.2515579951 195.370646925 
-459.190910138 -0.422302540462 107.665422702 326.180986375 -332.726463991 207.919592529 -137.353232012 456.395206768 -226.816487038 -10.5099600259 
35.2916269427 161.581894236 280.450042017 457.821308008 347.269825403 -323.007121122 29.3175626309 -92.5418722469 -188.915320459 -454.40525904 
-111.635314691 452.955350044 175.584576887 321.018510142 -321.185384135 -461.686340963 -330.604791021 -23.427288141 78.8869279478 -183.244660626 
-0.907532008895 322.430908105 103.505368888 -211.366097858 -97.9433436709 -461.686340963 449.605836864 57.9790453564 217.013190806 -325.981330083 
55.1824863467 -192.217702086 -304.93074996 -460.347497545 175.875038014 -331.213238242 51.5258047332 318.385122739 -74.7723059482 461.029085968 
56.3207920382 -461.686340963 324.495917539 -331.251699711 219.504648894 -238.996801806 106.284333579 -64.9289480248 -189.205629855 454.821456036 
125.476986519 341.651510895 -76.8026007748 -461.686340963 -331.321389799 454.942562712 219.757525848 -216.617444226 -86.7149319588 47.2725792626 
33.0724295482 -461.686340963 -47.4056419716 -238.389340275 329.978313433 -126.303423319 -332.419507316 135.772805832 461.685104717 222.238820131 
-208.783833654 50.0289870813 439.986140162 -72.7541622479 -74.736933386 227.594657821 337.497989355 -320.172386255 147.386506597 -426.376291054 
-444.291962672 32.3284729059 -84.0824901805 330.529449688 -312.113181689 144.806216158 -78.07260945 239.592838807 -186.600065997 457.756018634 
52.5974646613 461.135180512 176.956024191 -460.240217381 -73.6125093913 318.857855206 -331.361591847 -304.303004417 -191.831956713 57.9702290491 
-319.520354035 449.190047236 233.719240367 -166.00780324 336.147176783 -8.51878891089 -308.183059912 108.654998051 -461.686340963 -31.0515512712 
-61.4504061737 -331.11114333 -454.642293373 67.7263547463 317.65708276 421.803185692 -60.0729361423 162.582895722 -196.947320514 211.161576155 
-53.1123391612 -454.405984456 -96.4424279972 32.8967034211 461.521509077 121.679634482 336.588837596 -190.835081427 -327.395806543 238.929320006 
14.8787514816 329.883255122 -333.607059308 -457.304551554 1.93348176847 -115.470131337 461.269285171 -219.277979963 218.7242641 116.650594745 
195.305476354 308.438518434 57.9857039549 -456.987241082 418.572247775 -66.6259479239 57.9813049183 -229.866228932 -339.583141971 -165.678604665 
-57.9773417102 -24.6228777015 299.452048847 195.081601338 333.337973013 454.405271562 79.5714608511 -316.670979264 -461.686340963 -174.231994043 
-14.5263534365 -338.166308711 344.236596274 128.690819845 239.368766659 22.3489194447 -461.686340963 461.686340963 -115.061648625 -233.795505131 
-96.4395029476 -194.350680271 25.7045601064 158.460178673 -327.672649031 276.739929888 346.256194713 -454.142678599 30.9409997223 458.423548392 
64.7901538949 -112.141256058 327.315820964 460.990685457 -57.9790544753 -461.686340963 -216.014865617 107.878462367 -331.817309387 221.256225989 
222.444124466 -21.7670891222 456.185189008 342.762667819 -237.897238552 -120.53748748 -461.686340963 75.8361413041 99.3025654393 -334.992284172 
-461.686340963 115.043681532 -336.213193667 32.4932333883 -170.122191784 339.367255582 -59.8635691429 461.686340963 250.635514007 -241.05270916 
-461.686340963 0.0 311.716602097 -76.0367270448 -192.85058408 184.473273483 -329.038806688 57.9790504105 -316.678677647 419.545619426 
107.101540151 -461.686340963 79.3582843255 458.712794481 -121.384718117 -344.781286365 328.539385201 215.131531883 -240.993828472 -21.3317216971 
451.214839475 -175.919974551 -313.559421869 52.7690918986 -461.686340963 -68.5744746874 325.954672878 -316.665288317 57.9928429789 194.339989807 
312.207558222 -324.27612301 317.344114439 45.3182032085 -202.479742631 -454.405514797 -93.0222639988 -6.11730598117e-06 458.193989955 175.618095336 
-228.725008422 -461.382399433 -339.133264432 138.18310041 -77.9356225305 318.179077926 -109.077190828 23.3484707352 439.957958937 224.056707964 
461.686340963 -208.519343977 -96.6779729897 328.127231476 -459.689138212 -8.16533248073e-05 38.5723648946 255.310238392 162.060675513 -324.83161928 
53.1634717295 -130.188116393 -343.943993229 461.68632858 332.408831788 122.599859873 -225.031042549 -75.1174277534 230.464616233 -457.928966705 
102.580481098 -231.228695933 -338.428789283 428.496454004 274.328219371 -119.81951725 194.419714126 -461.686340963 416.159719987 -14.969095581 
329.647459016 36.0218010875 -209.247289373 12.5558146498 -99.9584170586 -446.104191712 231.26769245 -324.810094698 460.651579843 147.816509984 
428.633932916 -458.269181632 -129.279302544 114.986594654 78.0101434692 -328.1290642 -227.308102563 202.494577865 321.319643694 -47.1377412851 
343.840140574 461.686340963 -42.1553689194 64.9206121431 172.794875032 -65.7016451325 -197.913718421 290.979337526 -439.957973301 -324.078305378 
176.330181914 301.667644933 -0.000761881574392 316.334212086 -214.027249196 -459.983722632 105.741209114 -116.18297674 -336.877376247 461.686340963 
0.0 330.836989434 -150.130494959 -444.072902575 -30.3477106859 457.636497487 114.406326892 -281.789257133 -339.391587663 228.188355545 
-335.79434105 17.8522777147 -185.658944216 -69.3730396847 62.2940022348 -459.767874958 189.550932008 433.537502028 -306.418731462 316.198717383 
270.833005476 19.4222390528 -461.686340963 403.938893827 -325.548014569 -84.9297486675 150.465469967 -322.735234167 -204.0714751 109.853056649 
148.118928044 -73.8948708568 -208.517651654 337.346553795 440.43979272 50.6642774478 -319.373156477 -425.092309026 227.626984428 -72.4556367059 
-145.947035127 -341.816443638 443.199969462 109.938068474 1.66376634692e-12 -24.451968007 329.879239665 -455.309040258 219.030584863 -262.998830589 
454.365609351 205.139745132 57.9796710248 87.7292532607 334.038953887 -128.933966491 -343.821561408 -66.0474031591 -238.000100192 -461.046801453 
-58.482662909 133.956544736 -316.677802529 240.557514991 -202.221158818 459.748830786 345.039389343 58.0550103135 -438.120887279 -81.4384186744 
-239.892225936 -76.1049057767 230.978400074 28.5219435516 -118.124288693 326.365692271 -458.689904657 115.038780102 -336.309342994 418.573524421 
235.655447786 -107.198404087 -222.794562631 344.869974041 71.0443117192 114.427387312 -461.686340963 -24.0239431182 -329.127216666 456.741487572 
-330.740575743 234.976451275 -213.717486314 122.811855214 -98.9868291171 -88.7051280538 341.64415637 20.7177966977 456.015252483 -461.686340963 
301.112067753 -191.431268179 -102.767514256 418.572228006 -306.95068935 -4.42127785512 17.7497199406 -418.572248405 201.333682677 127.872787415 
-33.7642938824 443.683312787 -57.9790554697 -187.963697842 -428.480666208 410.224342544 -313.541104159 281.198069636 195.553962819 73.0811158475 
206.342991856 -454.405274228 61.7746589989 328.391616799 -350.048847867 436.030771637 -19.8031996183 -138.133090789 110.004417887 -234.509861934 
-329.156350133 -27.9078564509 330.247291169 -203.687965634 -450.256174395 -143.042708344 433.095194061 111.003458654 222.585869979 58.8555888214 
-66.5813335519 57.979050408 -184.103802604 461.686340963 -306.011644845 199.18971443 -310.081185739 60.9262098109 -444.34689516 324.495981025 
26.2950934773 -116.59166451 224.208077118 -320.455379387 -10.7703162029 -451.37220715 -193.774116938 336.623844232 121.352363688 457.942839036 
-322.108858005 -24.3309527444 -161.645760363 -24.2935712943 92.5417776811 -266.363380317 448.880434218 -456.160743334 317.748300244 194.461220374 
-461.587745156 -334.255221525 151.97783804 -203.181809087 372.842475114 455.835508898 288.338867684 -58.0967177986 72.1369017061 -64.4294214472 
29.5320517578 288.508746562 -322.457649909 -186.524748046 -303.6679304 -73.5962539083 57.979050313 164.689865629 -454.91757531 406.162883555 
149.010403037 -208.160051954 -330.099250553 241.408893816 -460.007554066 -100.053230699 452.268534619 318.628826385 8.01282578088 70.8362522454 
43.3072773309 -95.6008137211 327.209760327 112.792312458 -323.161294285 -207.922550039 224.932041749 -24.8698176566 444.637596286 -461.686340963 
3.2508272932 461.686340963 132.470661723 340.056962629 -242.783688229 -461.686340963 -333.729979613 -112.469539707 -2.62533102896e-11 249.510646551 
-328.956616215 -456.305124139 -72.709022514 -248.324206628 187.585491499 127.091055455 300.754975581 -111.229664644 423.710274799 23.4485321735 
-48.3654400853 455.186648258 -251.520938988 320.393939119 -166.567976645 1.86825906677 174.146382415 -331.624187677 -454.405347332 115.043702449 
-30.3022630994 -194.486454298 -424.705292492 -303.5489895 170.293879923 316.666363331 -125.372835113 461.686340963 142.936768654 34.4711083956 
-229.653296224 -461.686340963 -109.600509845 -339.359153278 461.686340963 322.253545735 315.480395735 19.9637764344 170.944323388 30.4081929994 
454.411058378 -131.749162937 -5.39445873711 333.498239562 -254.855437292 -348.305079668 -457.596008192 124.504495838 238.612934251 0.650743499632 
101.978422714 -116.984760242 -14.3502804144 337.352503101 19.6799395109 454.41467914 -334.737085729 -461.686340963 216.747669565 -235.342138054 
-262.257960998 318.494980629 -460.391260709 424.842994107 203.614457897 3.36526057258e-12 -50.4027954404 -173.957042278 -339.21714459 85.2475695228 
-206.181348483 461.115754136 99.0291135543 47.3828269135 217.458606777 -459.108517689 -326.943703489 -108.973135302 331.537749617 -32.0088161345 
424.567964408 204.276302399 -459.271565271 319.901821064 82.3711176123 -48.8742302783 -347.243704789 -40.9003582733 -177.322288911 -298.758443017 
59.5883555404 -454.354695269 324.85404355 252.573510823 428.76900949 -313.474724518 -114.634815063 -43.9098219009 -170.373001926 142.878839586 
184.370846397 57.9420231083 -329.029111364 -216.196067148 1.45992231785 -115.047789827 326.989437596 -459.89978712 447.474755433 300.284606579 
213.391128497 -37.7796263108 -235.823609161 457.681589529 39.353926555 -335.195074798 -461.686340963 -121.417933474 86.0016099726 340.113823077 
-108.884292338 458.927643288 -17.1059319358 -226.937830527 62.359384848 108.358465887 -328.871785807 -461.686340963 333.343469387 216.164925558 
-89.6557753673 -454.405271566 30.034228859 115.294015929 229.307543818 -341.739308125 329.638249286 -223.86317135 435.610959783 -87.4325413195 
-329.678977859 439.477005041 -218.467326064 148.998999602 322.342647264 -460.952105999 -120.964565631 27.6060945125 -16.0537957084 264.127136404 
-296.179802014 200.905160382 -321.516671183 331.838614073 -170.376094402 27.8396510007 -453.619036797 -78.7124509776 458.685856895 121.979582561 
-155.078416516 -405.352868333 330.717938516 308.800452388 63.4445438476 -280.735901307 187.369993282 36.6978715993 -57.9809490093 454.404784934 
-432.553096082 112.609230708 325.984959584 439.957947699 -77.8753468183 -127.046945763 19.1702562512 -179.733309483 -299.082559492 210.866076237 
45.4285633987 209.931185985 -208.059489452 88.1638177789 445.798509952 -321.215272137 -57.9800371182 -84.2747578361 318.871076903 -461.686340963 
313.514113394 -461.686340963 -11.704004939 146.02021071 -100.254380006 -328.67627862 42.2022706434 204.427688221 443.97402039 -218.7885901 
460.120880353 -325.850030767 300.018112025 -99.1334689454 33.8707753977 168.513975239 25.5246312454 -453.083907047 -199.346143431 323.576428796 
-115.043565651 457.168160899 242.785926486 124.539823614 347.920811274 -92.0411201171 -456.347559232 -197.40232727 -324.822732354 24.1506418813 
225.123016811 -340.658430559 88.5185887421 -232.684746262 -460.737553385 -127.53648891 454.4052694 342.164350288 -32.5145660939 87.1862826589 
-11.8438387631 -338.078439012 6.08068189898 454.82801368 226.603821319 108.831315711 -241.906505638 340.10480361 -129.180370391 -461.686340963 
338.943973911 -106.558414656 226.360703842 123.277136358 454.40527159 17.9372422528 -452.038596496 -327.152200075 -36.9678938201 -213.635453587 
-51.5810701133 279.667961822 350.427075209 -231.872378042 158.57135968 -330.585265598 -153.182702081 453.751000031 -461.686340963 57.9790091001 
-44.0267588693 321.99311597 -329.973884721 -461.686340963 141.930059654 -255.843485736 219.675073653 37.6009657276 -149.64023633 442.950451458 
135.748399153 -227.617102375 -101.138295931 -0.00441694327896 342.550312704 20.4552968478 -332.511170023 -460.967186094 461.686340963 248.722417608 
461.685855417 327.282665452 170.294114264 115.043654447 -101.750941881 -202.982883742 -461.019020688 -314.580189774 -363.141419984 16.3943334914 
336.466927199 5.54539422233 122.938995899 -215.926384204 459.740336508 230.99444059 13.9907706033 -339.06169002 -455.996822866 -113.410289468 
334.562744931 457.863737037 -204.707520452 -103.722157365 -453.070700827 -331.210966623 245.527756485 152.593776064 21.550758371 27.7090704609 
300.317586001 -433.279138808 69.6885205471 -320.455767793 188.158757664 -57.9790513066 335.47105051 461.686340963 -57.9789619287 -197.607968158 
-9.72793875426 18.6214826325 -455.942873849 -220.793276409 129.660026304 339.49333014 241.525435346 -103.119410445 -338.241654698 460.452478721 
-458.285993702 -196.150489607 303.953273287 -45.8138685765 143.628901134 61.0274652034 205.969241196 423.686214197 -100.756903172 -322.301490374 
46.1775195331 422.571497756 -141.044638083 152.867067222 -214.170427872 -456.995413755 -59.4887834876 299.10505765 156.319815179 -328.458990439 
435.250678862 -193.763277137 111.639053756 -47.6628416348 70.427051617 327.448514267 -332.338103185 -170.286825959 213.992647079 -461.686340963 
452.087026801 -224.2403639 -331.135419936 199.955404115 131.547864588 -108.340740491 28.578724952 328.127924552 -461.686340963 -23.2842939079 
337.540226134 442.528624698 104.004905057 -236.363191188 -461.686340963 276.157640451 -337.470516866 -115.043773171 204.088692717 -13.2935812855 
-345.660270838 89.9216554368 -65.0459819725 -461.686340963 212.869437107 332.552988108 -233.307247614 57.9889718241 -128.962200578 461.686340963 
458.411919605 -198.668278949 -65.9749617266 -100.434583473 38.3255805593 153.050600748 350.913724509 257.409857173 -457.163208856 -324.126916395 
448.175628987 316.993437509 -214.848764835 -461.686340963 -57.9790659504 60.2255199627 -98.8626417816 63.8499682549 -325.05574113 198.7634643 
454.464627103 -238.052718359 141.474567982 337.151957416 263.672315448 14.8766464883 -122.935910457 -341.582829345 0.0 -460.776379987 
-455.356891135 -63.8216050187 327.778222403 439.983432495 -337.515228097 219.209547425 -206.995492409 123.804415552 -98.1247296402 44.6276246984 
-235.608021323 90.5916535436 -33.450695442 456.722732168 340.613527951 215.283325581 -335.895425538 -461.686340963 40.8763249632 -121.400180251 
-387.517871828 -230.006148206 222.858852073 -287.556811837 327.93843806 109.399819864 455.203123748 -146.521308202 -38.7448229492 58.5157308542 
160.375128718 16.2969749642 -303.88007887 453.129286419 -413.956160012 333.433626047 -183.62193374 57.9790476188 -73.6441899991 287.137992049 
64.8392593634 210.068752653 -242.147363992 -353.384394426 323.555933792 102.617931769 -22.5196362215 -138.533384093 430.124945867 -456.423935153 
213.432196014 -3.09134255823 333.703157458 460.769162135 -461.6734627 120.333545323 -115.695643613 -242.238483418 -97.6817400239 -347.353293158 
-339.944429262 13.2213421843 111.195881011 -229.171357612 461.686340963 230.127279315 330.031087193 -113.362980434 -461.686322414 -38.9175640086 
82.2398239025 -40.4999297032 -459.331426508 -298.567166221 319.826926389 -177.111573106 -49.6507030325 -347.862522228 204.201069516 424.451083324 
-454.9256707 -313.257887912 -317.813803939 328.257940358 -191.255422047 119.490911751 222.858852079 26.7582347631 461.686340963 -86.1008086247 
-124.749031791 114.752722996 -241.564338969 424.131287243 -341.114146347 331.28690912 229.695800728 -8.49783937068e-07 -454.404922993 4.55489698582 
288.530626828 419.743466894 -451.432945216 52.33431702 -80.6240032695 -305.766587147 -180.244920654 41.2596193864 -311.132404007 160.430969379 
-307.191316818 91.5581508552 201.94402908 319.246750314 -456.086341899 -316.668825728 -33.1144593121 444.491141905 -171.961115322 -2.52105942144 
341.363130736 -170.29412283 123.830713666 249.170322591 -47.6699579155 460.026944518 -454.405270392 -170.294156237 51.2768605494 -319.815007886 
-454.405267602 39.7674276786 -189.444523911 281.12286909 53.5689618203 -408.006980587 -313.294867415 -75.3962656907 408.360702584 163.01963945 
-152.313233729 461.686340963 232.122058182 337.724189755 -289.044739096 -0.00405171413759 -339.012567393 -33.7966602229 -461.686340963 116.452409126 
336.400482071 -439.957844705 62.5724740154 178.461071117 461.686340963 286.94661197 -57.9798761854 -64.1821351027 -202.533819132 -325.606465554 
19.0312417121 -336.937265209 316.335477982 193.381667132 -116.748407472 -223.076944962 -25.4804533838 442.295878971 -461.686340963 122.954164396 
114.347080915 456.827585657 -328.952920761 -107.119668519 -222.397344664 -461.686340963 -25.3191832758 344.843043635 68.1823554764 235.563011676 
210.416613965 -442.049722313 -278.89829297 -49.6643641199 -304.758128108 -1.08655948518e-10 331.661073198 440.428201267 -155.321237931 92.5261428373 
350.747088618 -459.096645752 247.452629025 -81.4045787947 129.67978204 460.964590308 -94.722928214 -222.25149554 -341.682084145 36.2453705002 
-453.422308757 163.578339452 457.676701842 273.484825057 56.1457812404 -56.4037658782 321.275461378 -197.971175856 -69.1808102799 -329.665275214 
-459.6950004 -199.860839429 460.04106567 -76.1069156728 325.462885279 -340.526973441 -242.780275307 182.215871322 28.1818615749 113.094310016 
442.859713336 231.289860987 -64.9330570952 -207.765797645 -329.722491979 -57.9790913629 66.7861018512 324.5949743 -461.686340963 185.677209782 
459.62203268 -224.16546153 -456.381114756 210.027116446 328.470537328 151.898626438 -5.71112110677 49.0195174584 -335.854923755 -116.326107733 
-454.405271468 1.81057360944e-12 -0.37927927187 125.708062625 -331.366679072 -127.670258141 -222.85924983 230.304773151 334.874800354 441.807402922 
166.982661425 215.307080398 -117.623111145 -336.478679955 -217.586105855 80.0909602218 454.405270943 -461.686340963 304.297334411 -26.671834047 
327.34495109 -95.9064970495 42.7726589382 -461.686340963 225.141414817 -24.4809756694 444.637957285 -208.597775174 -323.352432199 112.852156151 
-177.06239355 280.040676486 413.357581344 -295.143771387 -354.109383172 0.234130845017 -455.780882163 -73.5034744342 118.916687641 148.862192643 
-208.952327232 210.444034426 -338.029221745 431.421548954 -460.310195523 -102.690072506 322.282052626 65.3953904296 -57.9790555899 105.559775699 
-63.1730436664 65.9373098911 328.524450968 -164.716109181 -228.884689322 -338.456004683 -456.37244206 210.243496567 455.782574191 57.9790499249 
-176.126568694 311.470570318 326.141352284 -57.9790504301 454.748591938 -295.064752048 79.21725469 195.6944943 -407.77444131 -28.7865078167 
-455.288944991 458.080848942 84.3863041283 -334.886859321 191.095683841 -244.036337402 -34.4046933426 327.162061956 -134.67480293 80.3988788475 
316.664520495 -14.4553198182 -418.57230206 329.71945476 187.355476335 -57.9812981225 -288.275749324 84.1591353409 460.21029397 -158.914860387 
415.198013018 306.831465443 -55.7019464194 -178.780239329 191.430053925 -0.0891080422156 -454.326310755 72.5420007579 -324.558975011 -309.120434532 
-72.1217518616 132.320995274 -353.753639731 -293.644476935 282.28742013 -175.670288997 149.525640394 411.973762749 -455.487749446 12.0835579687 
-53.8847662067 170.2940595 -348.257556462 -171.083115409 101.334882287 320.110911479 -298.372891901 446.999569353 -14.637800229 -454.405271663 
340.774091177 81.9842326014 -132.663401928 108.735597908 -24.9729608232 -348.239667757 460.534797287 230.725769163 -454.40527044 -247.056923353 
155.006134145 -444.359034446 57.9790010962 406.243689479 -230.106884321 7.50967546612 -311.926122913 -128.128053298 262.631350367 -426.177089883 
332.190126234 254.257966869 -120.329235182 455.338813862 -461.686340963 -336.308698016 155.444687218 22.8013326257 -230.010933114 -7.24229291989e-12 
315.535648847 29.8226326432 -344.662343659 -457.558851618 -133.070641627 445.657445251 -36.2546774869 178.993357146 152.403955091 -251.936285341 
328.97805515 461.686340963 -459.084094178 -89.6510942183 -212.793549143 -328.378040175 -57.9790324477 37.518119317 108.000947767 206.871772681 
459.751025388 -225.684547251 -4.62702134764 107.340309207 243.372372576 -336.06898899 -418.572247528 -117.466970318 337.336158158 125.061611292 
315.783884326 67.081154246 174.823636846 -208.67332459 -340.36093378 -11.6366336808 199.224180955 439.042039939 -93.0300629571 -460.860996332 
-26.7392325632 -327.961811931 224.07371675 339.563375701 -175.604974268 104.182877754 -112.139169478 448.047033587 -461.686340963 104.29702131 
408.228604402 78.6511620938 207.22086658 -39.2045062028 -330.354272088 -455.362308542 -104.823053608 57.9790492002 -211.701776869 318.135767177 
310.505522961 -114.89252395 443.904020196 -439.957959592 -8.01378273969 444.511238449 -305.446246368 -217.912486224 193.810924082 63.6756057718 
306.890486879 -311.948569939 10.27055961 77.9072497886 -83.1604621229 453.896921255 -324.771080605 -454.405275686 -192.312550789 159.445118782 
148.237187974 243.051774308 -336.753391554 454.679659049 -452.493268071 45.6408161002 339.808691228 -164.541241219 -259.756758039 -48.4908929167 
-439.957957508 180.482580795 -336.309463421 -253.901055477 93.1542060154 -72.6896589765 279.030900791 419.13982961 -146.792999041 -1.73842060609 
2.31857264378 256.414695247 -117.989089756 149.959077083 439.957637166 332.127426686 -324.545883795 57.9790186681 -202.426006641 -439.958086296 
-185.264495898 458.525618601 136.696788851 -255.967823259 339.615761189 -76.6616672119 -454.405280728 229.794366303 -341.624766704 18.2528597456 
-312.457783119 211.309432994 -115.065470635 -461.686340963 440.042496377 193.168387849 78.9341719566 -31.4172763589 -170.29411505 325.000403091 
-77.9686755091 211.333220183 332.217799245 -209.707469702 -439.957959975 -84.4010796206 439.958216286 43.7602298884 119.187987755 -326.154895475 
50.572935966 320.860551907 -76.6333917671 164.781470857 455.154334439 -312.210383612 51.1763845947 -194.308273872 -327.587003573 -454.405271693 
-24.4156811086 444.500184586 113.429397136 42.34344451 226.146117504 -208.403186391 -96.0347849888 -323.484196976 -461.686340963 327.610370195 
253.692781019 152.104415929 -461.686340963 -341.424191035 29.1367819522 -255.79359365 445.488464991 -28.7258520285 325.053071636 -123.602835592 
-454.40532121 323.963025365 -19.2359997127 -77.4792337148 -170.29420255 -309.254000042 75.8577797418 195.174996268 320.097202887 459.442290412 
-231.393111944 -441.670457585 -330.204602343 327.801964067 41.5638700314 230.519936354 137.808993614 -111.320052483 -58.3408740362 457.930799631 
-74.7969991366 -175.098530475 320.419719414 -461.686340963 75.780334857 -315.895346357 -32.6294386313 461.400660204 328.197426563 196.338780646 
-296.416179877 -66.1657348638 114.987606436 217.965233391 -3.85172771771 458.951299792 332.903638701 -461.252402342 -331.135134863 -169.983031284 
-458.049521353 -265.825323812 114.205003256 -161.188563678 458.093779565 318.972022082 -337.156808863 170.294060407 -35.4338613915 -11.459865531 
124.446540458 80.2153338397 -21.9899635368 -425.619156495 340.290535006 -231.940515991 461.686340963 -332.221092442 249.200399384 -114.039051165 
240.395276917 461.686340963 22.6158519998 126.107008395 -191.35817648 -85.4252308286 -202.061306836 -461.686340963 349.896806663 -336.620823216 
333.70519279 -57.9799616228 461.686340963 -107.389647303 -327.195187569 -461.648857117 -202.727073484 210.125765324 115.048595988 46.2258821674 
-143.910991353 -456.678034835 418.553311657 -319.551973018 329.211128696 -207.574629378 57.9790499456 92.6266163437 206.897457043 -40.3853608238 
-11.7565736419 -454.405502598 -115.043736274 228.478722784 187.806797239 95.7930612394 316.049355748 -350.937900253 455.32726627 -231.831669093 
455.506277187 -334.899432438 58.1854501551 -226.255622944 206.271365835 -40.3149347625 323.70619086 -448.50829427 108.512872736 -156.776590361 
454.405271548 -174.236595656 299.446731885 -57.9791155093 333.340523863 -316.671083542 -24.6348830903 195.092884932 79.5763328356 -461.686340963 
106.065042657 221.56750832 331.162962425 25.3133244825 461.686340963 -457.760846455 -114.142340204 -345.868744476 -234.767329704 -72.2352691895 
141.528959157 436.30996311 -442.525678676 36.2912773999 -209.871134879 -331.75023058 -60.475641051 233.167583204 -90.9658068044 341.296857604 
-9.52479495525 194.838620779 306.734611095 -343.964615761 -439.981831416 -231.368229964 -1.65063667555 -124.351553414 115.73993864 434.628430957 
-0.695916988176 178.519404862 56.3882928943 -461.686340963 319.347612362 315.282740536 461.686340963 -73.1142092922 -329.816459676 -213.236735149 
-461.686340963 22.3993007484 461.683627629 -121.379578856 -336.659224505 -14.0422840901 333.612183424 149.492818487 269.933392258 -231.523004713 
56.7270103358 -407.655910031 149.621418346 -169.595058384 266.028855134 -133.997014414 -15.912099078 -286.338265256 355.144503372 459.702881634 
-317.225113459 -324.344439502 -461.684841465 -83.2237520573 295.658944286 23.6356478459 445.223955344 -200.434415044 182.876982212 119.300131647 
-117.052834214 -8.86305375458 -2.23390945131 419.246290986 116.673510458 217.706270362 -334.738095598 328.512927488 -230.945262813 -454.405256942 
-62.5880708115 -461.686340963 32.3729517851 189.078148784 -170.294105537 -233.050466873 312.310211389 -332.056828851 439.957230815 121.23901522 
-209.726445795 -336.995974812 -57.9790504312 -456.41142559 24.4943390097 239.78922417 460.942048453 336.712949054 126.722105028 -108.252225931 
-321.547774927 109.467185721 -259.925832771 218.082635109 0.0 449.871759021 -461.686340963 -149.548254821 -36.2864244726 332.092399863 
-461.686340963 461.686340963 230.861458269 330.871673995 -343.322858365 -138.103099624 -265.676839553 -24.0790357867 -4.10704695821e-08 117.753879155 
342.035231007 461.686340963 -240.129970748 -461.686340963 247.488192837 24.8318584173 -57.9790504175 135.015026553 -105.550537571 -334.55631445 
-458.537680214 -57.9790544013 135.984031745 244.3214808 -310.972832885 -53.2930144142 317.625001746 63.0539107457 423.253511794 -170.294147804 
-64.9999078855 -336.249617486 188.293973058 -459.736947666 0.804617329252 -305.513269601 -183.498862871 434.502427303 315.480304433 63.2980720262 
300.409431795 -212.918888035 -458.062816073 424.411047928 154.691000392 161.46323161 -56.2662822253 48.4207559617 -328.506748754 -136.878007817 
-321.924915863 114.363176125 336.248951574 232.068231391 -157.866815244 -11.991879925 -270.046906798 -454.405292471 448.70073698 -24.0902911557 
315.821109732 6.57773490055 145.714771986 432.943818216 -255.74808337 253.523576278 -461.686340963 -115.043794043 -15.0783221223 -341.59790277 
41.145445371 134.308801482 -59.0409405491 -350.527894036 -254.062629075 -159.155959606 251.853208083 344.492955689 461.686340963 -454.405271563 
454.405271568 -58.0076391207 -458.227860073 206.98570963 115.040885023 327.03503827 50.5935458167 -332.058795749 -111.603073661 -214.398360795 
185.75084613 319.009286758 -60.8411571327 -57.9790534984 68.7941362452 461.686340963 321.82529551 -208.286154194 -330.458591814 -461.686340963 
144.951769741 -261.382974744 -164.351024986 -30.9346121388 -439.943837926 -326.950758097 305.125364317 431.019553569 170.199102087 38.5903853085 
39.951765602 -201.527508989 135.793847314 -328.354748343 457.686511451 329.424776104 -86.996223314 -461.686340963 247.367033355 -74.8067402027 
-456.696347492 -257.856128258 -134.928250745 334.826926049 450.811207187 -18.0679085687 238.114876184 127.141655679 -346.824672045 31.0886611655 
-169.633880282 112.914932864 315.924156854 446.434438036 -5.11072599597 -303.643097516 -321.470834564 229.068461575 -461.686340963 -34.4650038385 
-114.769945288 461.686340963 136.597487589 -458.514474554 -344.444943212 42.6077984578 222.858850164 -222.617354496 327.685693573 -81.3347829725 
-293.673670637 -39.2260108859 183.19337149 84.6884348794 321.421944734 -37.5153723252 -171.73091239 -344.73649678 -454.405298054 454.405271537 
58.0803457629 459.077607997 -73.7767383381 -152.515024077 -252.762531179 -346.497033481 122.543036606 344.48891203 -455.043272714 226.392028911 
-200.940778887 94.8723674836 277.171767652 383.893685812 157.166101936 11.9752705929 -331.305934952 -86.0862436346 -448.057443109 -211.973830119 
-337.386802847 214.386995561 -461.686340963 110.152033534 -11.937151396 -229.078646711 325.796736557 -121.132565367 439.958857367 -8.88562611507 
-218.121929304 -11.0124711379 41.9709767132 -461.686340963 313.492336549 -328.3906928 205.112695082 145.530772325 -100.004058799 443.894280277 
-340.478897087 -120.832400216 143.861711733 445.035183337 323.950412473 -250.660492845 -461.686340963 13.7731824488 243.418914244 -0.151038194393 
-84.156295288 421.599840568 229.773943157 -332.628725189 345.60495031 132.040536286 36.2716047787 -202.444552912 -80.2683908815 -461.686340963 
114.902072566 -337.41510922 -117.975726774 173.620120254 332.737249483 -461.686340963 10.859921484 -257.07001331 458.780088309 -145.921138611 
-3.24273674579e-09 -299.981456563 76.5291210762 206.762675123 -177.984091832 -457.649484355 -345.565550019 -53.7240619587 445.331977704 313.649925255 
-50.4166821569 -303.244792995 459.61176751 -180.127335896 102.710861848 322.959313135 -458.127330674 194.519753336 -2.63775392741 -345.332614868 
461.686340963 -461.673942227 -206.382227005 342.208183855 227.592042238 -324.747109798 121.972985013 -3.62580212829 -106.736493955 3.80233093976 
29.1806823561 -271.779507678 -437.184008054 249.67001927 -13.6924621818 -117.480874984 349.360647926 460.431143907 189.146458593 -340.283038504 
-337.02247988 44.8988408724 -49.8925990293 147.561215646 454.877160795 -165.024012723 242.556726373 -259.873068299 340.209964848 -452.845016695 
328.588841873 461.686340963 -316.778836043 -314.360567571 80.7354539599 -60.7126937789 -461.685842504 -182.321952736 207.592137683 51.2360881132 
461.686340963 -461.686340963 14.5473605986 -118.446580091 -340.460979029 345.679396064 -228.697832324 245.520070183 128.315507013 -7.32086265374 
-38.3937896343 -31.2134496512 -454.587917356 92.7124573392 313.641268775 448.930996866 -323.918963567 -305.852367866 -174.90970471 170.294200627 
-52.4831045027 85.5756330666 -459.177496937 -221.267812128 224.499203628 368.484556324 -174.249409681 -45.4218732687 -424.373881473 324.893847679 
-206.137541953 120.848225735 -461.686340963 457.188365967 104.066779598 325.762164814 -11.5010376085 -99.8188567429 -326.267706945 230.045789323 
-0.000501317723681 311.820081173 81.4413115981 196.804667856 -174.995312347 418.57220044 -48.7560889882 -325.374917018 -450.483441008 -307.372671009 
334.314299132 -219.815581479 -458.264777402 246.339620031 -104.343260007 -346.453770312 123.661741793 37.4618170233 461.146815694 -28.665094879 
239.364764239 -15.8988794137 128.695733034 -221.810327622 -338.632656059 338.841576583 461.023587711 19.3018671767 -455.827115923 -103.759242243 
-456.427942344 -171.71710353 457.330141962 43.6546493595 -66.6015126133 315.872482591 -285.565803694 172.033644641 120.586511679 -355.278153545 
461.686340963 222.858849014 -114.056917604 326.048291204 47.627901421 -221.01370109 -343.794196355 -458.602030721 139.461743971 -76.063332847 
-183.861572616 331.6950097 54.0803376365 -316.614425281 -115.043736587 -461.686340963 -8.51117126835 454.437146115 167.330505343 250.251241979 
-454.405181345 461.138520049 -314.914168467 177.077167888 320.351399782 -170.2941619 -87.5472159114 57.9790316679 315.366488162 26.2463317121 
45.3716616919 -69.5224852999 159.620304839 337.073498828 -57.9551676248 234.622889055 -418.839911868 -194.787393165 454.405271561 -311.97876618 
159.372959524 454.395005681 331.168219627 -89.9790022459 258.624347057 -320.495766994 41.6592509651 15.4198860323 -191.622263598 -460.36923254 
-459.145778473 -206.257326851 46.5420116053 216.882555459 461.138628889 98.2477401544 -109.397478062 331.201854629 -326.872362835 -32.9342857722 
227.888008061 439.959411164 -77.2501747777 325.534719186 -435.453276053 -325.009796389 -218.290241058 -102.703357801 125.56297381 17.6215499393 
456.7434757 -123.256008437 -207.750090253 -13.100054504 -445.732833383 55.5435668171 222.342099799 329.555037567 112.095949033 -324.729968385 
-73.4055870582 198.276306749 321.926480094 -316.670926293 -94.7656022667 47.4612298228 58.0630404725 416.900881192 -212.662543689 -356.438759433 
328.965934122 37.5280809374 -328.370561982 461.686340963 -89.6237891498 -212.778243273 206.887532379 -459.09140514 -57.9800021286 108.047326602 
99.6257768395 318.755167585 -235.746035305 205.935222207 -441.305286009 -164.748707946 -324.539028609 57.9790387728 439.957955449 -51.2295861156 
-460.558451045 292.461889308 -151.526791454 88.1086275893 171.046131161 -46.6858859778 459.08841708 -366.170661306 -286.606759079 383.421588261 
460.709324984 110.465603552 -196.966287655 -448.097331537 -62.9449649252 -57.9790700207 57.9790457018 -316.670972654 222.095903182 329.330707875 
335.031867021 -457.716362456 115.076222824 232.429502152 18.2500390106 -115.043745162 -324.341518531 -40.7339405537 -198.887152054 458.091533011 
-194.137918563 315.176844829 68.2462486918 -57.979722449 175.531392142 -52.1195567626 -451.190730791 -326.214387352 457.989505315 316.667964877 
-449.775189647 165.57681873 38.9515006633 318.217386321 -39.0916520728 -116.888114276 -336.986984534 175.937677464 -217.344943138 454.405438431 
403.650302146 -461.686340963 -338.837735314 302.568572436 167.747241956 -331.301283985 8.56287175853 -219.5516998 -96.173255882 91.2214520875 
75.8618820042 195.183983952 -77.472308228 -454.40519817 -309.242137942 -19.2425066106 459.439757674 -170.294114282 320.100113868 323.971955446 
-50.7853365787 -420.932410555 -184.696918751 252.497010048 336.738248454 -301.368190899 461.686340963 144.230116822 57.9790504172 -57.9888554051 
78.566203781 -461.686340963 461.686340963 -27.8504997968 243.367643718 -243.6814152 120.239958605 -115.043825586 -333.310283999 338.915037016 
-119.007313349 -340.642151727 -7.71503511798 -461.686340963 461.686340963 -229.654838997 128.163161233 14.1551832904 245.065959346 345.207298855 
330.548655023 448.567305652 203.32043892 -327.136764289 92.9945640127 46.6720099105 -461.683194784 -235.381840149 -131.229271089 -80.4761195817 
65.3800275798 431.397210846 105.731043074 -208.996794488 -338.058335632 -57.9790521416 -460.244176817 -102.568794832 210.432339062 322.25426207 
-329.274389554 144.131330603 -99.9037235229 268.202266843 6.1723244905 317.357134008 447.062518145 -461.686340963 -201.883894269 41.8500283361 
-127.794937861 -461.686340963 75.5772730152 272.715684921 341.589803688 -222.858867288 -324.981805558 455.934860309 -40.8236489348 186.493369087 
-346.019576282 328.252735338 0.0 -125.815741755 218.862793715 121.911567367 -246.528624315 461.686340963 -461.686340963 5.34696450977 
454.87690128 186.169612069 82.783062419 312.814893051 -38.7981658666 -452.814084193 -57.9770782191 -187.293372349 311.837803541 -324.619931997 
-223.417341664 332.810076403 -345.21087993 -456.331607129 233.771664576 126.003141016 460.542140009 -12.4654756699 19.7909860571 -115.276636943 
40.1195612419 13.2344524222 454.32235242 -91.1311878789 157.271068283 331.196474084 -320.117665504 257.126926736 -191.386298757 -460.283013392 
201.294929066 100.346299439 -334.945913921 -271.065790283 424.799325831 -12.3135681154 -461.686340963 -142.529505359 317.731141486 -57.9790504174 
22.6075572614 461.611420449 90.8860131884 234.010486233 -179.23058664 -314.082921819 -91.1100596542 -458.807733741 -314.11179781 341.897265266 
63.9427029528 -206.686924054 314.986372607 -49.6788664526 115.043714596 209.935394232 -443.033761681 -102.006813885 430.070154376 -328.384884482 
454.420171848 335.183454765 204.623992134 -429.381905063 52.4124388197 90.1276805291 -71.5174310375 -117.121524969 -326.612081987 -218.02618933 
63.5721480516 233.265963911 324.794044893 -57.9791724691 -310.694439394 439.957946203 -57.9790569391 176.096629522 -196.696869948 -418.572242853 
-82.5154399685 258.224163519 -198.014385163 439.958124152 41.2350269216 -333.760823974 -57.9790148847 332.439918223 -454.405366309 161.121547613 
440.051735016 -170.294124381 10.6529681754 222.85879403 -61.0334600941 -443.416045179 118.226037974 -192.725708392 -318.578379707 321.107703036 
461.150530086 -109.443970009 -459.033777364 217.040056596 98.3939843418 -32.8976240734 331.273057307 46.4386436205 -206.41841828 -326.947390917 
312.767565229 418.565847971 -336.067371293 57.9790504167 -169.53125501 -457.36501882 -72.1486434466 57.9791613284 -228.045137603 189.528390647 
229.018178204 457.525517649 -136.980446164 3.46944695195e-18 117.588192747 -262.184877395 -444.496355858 -340.396996041 -18.3552140276 325.238876479 
323.387260839 -163.381294044 188.864067254 -290.493385659 -417.941065284 74.1968138919 -0.512421760487 461.041559289 -57.9790578401 313.34577624 
-325.221303745 -78.1154960688 51.8377468927 -192.856087902 -60.8823637974 324.465350797 144.3929583 -461.686340963 457.166873735 252.527082592 
-140.808549178 347.902615294 -28.3624341925 58.5146313299 259.386022588 -310.169378396 167.446602807 454.405275707 -170.294146535 -450.009136721 
42.2911988674 -82.9186214399 456.391067988 336.504709457 -334.15579391 -88.280429579 214.135319834 -461.686340963 124.318438357 -220.029893191 
-327.44286463 -194.373386397 345.841905022 276.059042551 158.329215698 30.7418578865 -454.035243438 25.8780379963 458.386640153 -96.4098221186 
-1.21607835967 68.4588446305 452.813839311 199.271399178 -337.345066061 320.845823045 -460.03837858 -104.232669474 -231.299487402 421.853254685 
-250.640689848 248.119856519 -2.0450424687e-09 -25.956345323 -323.851024942 335.236019494 -156.917135098 114.548761193 -444.082827495 461.686340963 
461.686340963 -74.8288583429 25.3263248143 249.143559188 -418.652448417 -303.912585871 151.447456758 -207.215476742 332.904569691 77.5454814645 
439.95795806 130.445333023 35.4207811762 -90.7321854047 -195.35440428 327.03659039 239.180144788 -439.824552895 -74.4585343007 -313.40092518 
-234.79276851 0.0655780545481 -115.226546696 323.139526831 217.735977038 -452.463708114 98.7376416393 -338.46337631 454.882914536 -32.564288414 
316.992317871 -57.9790504146 198.763445475 -325.055150335 448.175545551 -98.8632579158 63.8515652078 -461.686340963 -214.849571466 60.2078538401 
-193.808478296 461.686340963 -414.475220685 10.6675095184 117.692811135 -101.6153869 333.931455379 -305.627635035 23.5105983274 250.517751331 
331.388932668 -115.043737865 456.749163931 -327.59300005 214.353302737 112.585238898 -50.4992168329 -454.405305678 57.9886107303 -207.678678837 
169.574687246 -218.981051663 -330.861711595 -57.0002362987 -457.89210529 169.113685465 51.4792333651 319.893016464 -165.982983772 459.250654079 
-88.3917364206 -219.410860052 329.801830412 244.924034648 -338.508534809 -446.675717186 453.413454858 115.043736304 26.5798533811 -130.44482473 
205.093735281 57.4743850411 -122.250711519 332.137776942 455.556111103 -21.5774167418 109.508016581 -246.20256359 -336.973017515 -461.686340963 
-461.686340963 272.88879251 -88.7922135943 26.4317980722 -326.492961643 401.604986577 -199.005165973 147.682033009 -318.361741162 40.0197252126 
126.297235847 31.6338134692 -330.261655122 -185.737367005 -460.597058167 -65.0841364328 321.425884054 461.512506512 181.331860533 -322.541468217 
-202.619606262 320.536601429 69.8235637023 -69.4934130692 461.686340963 188.458471551 319.200388003 -461.686340963 -327.250421165 -48.8703066637 
340.613746146 -240.566088218 -338.797884365 -125.39226701 126.681458711 -460.410886146 455.045932901 247.300969983 4.46299702466 -3.55461607821 
-336.869474188 262.362897748 -60.1060809869 -147.666141679 141.845757399 460.78877126 -207.748148418 -461.641007203 352.293026753 51.0165404802 
-98.8641806709 60.2192139371 448.176608912 198.767820841 -325.053740626 -461.686340963 -57.9790509568 63.8517204947 -214.853947292 316.990725902 
-11.618295342 231.797211355 119.078688386 -308.487712822 -461.686340963 449.838878201 -162.323748353 -320.412965649 331.065655593 -24.9574327369 
63.1249493378 458.979708843 108.774644091 -461.686340963 -328.818639701 -17.6134419659 217.693962147 -110.181715418 -228.141204331 334.081938819 
-34.5216992516 229.822386244 -168.691518897 -16.5942033736 461.686340963 338.822015607 -319.934233731 -461.686340963 -314.256581085 110.782935025 
12.4254204468 194.70686066 -341.178762723 297.068691885 -461.686340963 418.572249441 115.043691827 -127.865585977 -247.673396296 -94.0718326401 
-330.498270375 139.863478542 237.994593985 23.5290300279 -208.584587908 -448.797765199 332.431278096 10.8265215187 458.170108156 -109.203414338 
25.2625977312 -230.065393599 -454.40527117 -343.696719436 -95.3224717157 -106.351312863 194.918000889 439.957935443 114.451696035 330.400860247 
-251.04155116 121.6765318 -439.957931926 225.4291623 -47.7283492118 -330.18838928 307.806825818 -167.126900284 57.9790504168 403.526184827 
38.5611320856 -459.652653013 328.130709331 461.686340963 -3.09295644652e-10 -96.6709297704 -208.558364986 162.100182801 -324.815214877 255.367084915 
-73.4055910097 -326.929381946 -0.0258124445771 174.745715126 458.740027913 316.716714423 57.8097294852 310.269250739 -450.45199262 -199.599326534 
-460.045046572 -93.7293079575 454.359611746 331.285496226 37.2753288641 -192.669998611 10.1006805379 -320.667555753 154.342037281 254.517651047 
57.9790442879 288.509891082 -454.917869743 164.69078411 406.163046504 -73.5962289604 -322.457859875 29.5333240191 -186.526554964 -303.67018105 
454.405275149 -206.225423329 215.806478936 -70.7168716757 -321.343738019 -429.452326707 -83.9927339207 50.6138493916 338.476963829 120.954390751 
-96.6914352111 162.004703077 328.102893693 -208.580092104 38.5736402666 461.686340963 -0.0045380262781 -459.675777437 255.170345799 -324.830078561 
157.241862445 307.459063918 -165.399255524 98.6161343772 -283.265171384 -454.405274389 -57.979287223 -322.93600311 446.062925252 3.27581422878 
223.434680724 -243.535101125 0.0 -127.705776921 1.92126230483 112.077895917 -461.686340963 418.573242252 327.45596414 -344.834858205 
-94.1676301943 -311.203348316 -323.219310641 -194.963825288 -460.52992038 328.616552782 22.6168807608 223.408508892 461.686340963 119.176069468 
-180.017098438 455.506993159 -461.686340963 31.6854687903 -318.310603376 -303.904256178 64.0013003477 -73.8514843047 185.924574324 312.337730235 
-333.716012486 461.686340963 -456.798098615 53.3430509431 119.52976886 204.325371548 -8.53193322144 -110.481328519 328.034274631 -229.106158223 
-174.965667373 82.4765462143 -339.074568662 -267.702103758 -460.406762909 203.355493719 -51.1241211967 14.7572770985 318.580758808 424.688053213 
19.9672672867 330.339674317 461.686340963 -215.94938075 -106.014292492 -335.170587237 -460.709756723 113.534157246 229.471573697 -60.6609212195 
-342.184692561 454.37820189 170.294114232 328.662383512 -134.584665642 186.724802489 68.1511583329 -41.6885646329 -459.425768201 -263.231854513 
48.4887981834 297.503889541 -156.424032787 -237.710461394 60.9150200674 -457.153957739 423.23543677 -346.156109826 167.217374636 -69.6987995714 
454.440754186 -321.479580811 -454.405265085 232.272477853 -109.196444413 14.6955711022 116.810983674 -57.9791626489 335.239610964 -205.717767089 
-449.979378103 443.891096779 63.6430700521 307.415748441 -57.9796571221 185.056328628 315.885100263 -329.186702678 -62.6639218141 -198.710050548 
321.964157055 -324.950877987 -216.212694395 4.52925678643 456.316866988 -455.870143676 196.985240338 -115.043737462 4.1507993079 115.044099016 
-129.077735037 -343.029444438 7.01958116246 -243.556310329 455.155838547 -15.399257302 105.053737668 221.257904956 336.952784764 -461.686340963 
338.817332207 -461.686340963 2.29859807489 -108.98426899 -194.735175561 439.957952826 -318.072528415 34.3731011311 146.163745133 268.044683319 
-315.593209525 -317.684108335 -461.686340963 341.91861406 -179.066861452 114.449332045 461.686340963 -77.3602108425 245.815420565 33.0016090126 
-461.686190708 -321.955981717 403.148853893 272.952043872 64.7396498666 4.88559555894 -337.031005607 -217.376357549 -111.613133725 170.294114277 
142.680401856 -327.302574523 -103.018230075 245.316827093 458.959915111 -213.693694685 25.7893648784 -446.381460455 335.717948503 5.37779033123 
330.600808378 -445.151383999 285.912567664 -319.526839704 440.765022852 -19.0878078416 -103.899814825 -206.481445109 200.263371007 87.0221005955 
245.016940713 -75.9592669312 29.9171393761 -337.416559595 -242.038559285 -461.686340963 461.686340963 337.377167606 115.043739715 -119.808721109 
-331.211135163 123.696143699 -1.51091246417e-05 434.826178254 -215.817856162 19.6141755444 -109.098755121 -439.957972744 205.10816882 312.791454263 
57.9790100515 461.686340907 -184.104123384 60.9219192615 -444.345967943 324.496587708 199.188866791 -306.011965818 -310.081779264 -66.5812850152 
222.858778287 -107.310547452 -62.5385679417 -336.06588386 -229.032004623 114.754507297 322.643931747 460.88690222 28.2590497073 -461.686339975 
-461.686340963 230.69722237 461.686340963 -138.185818708 0.0 117.638584693 -265.907843128 -343.323493275 330.842600828 -24.4251554881 
79.4576090692 229.181914834 -133.708770105 339.200295031 115.083224379 -454.409523054 460.490613643 -351.108117785 -237.216375128 -17.2843798131 
-75.0567507122 -342.37996238 -455.682498963 423.61857346 -211.152597693 322.145865856 108.845546174 202.873731142 -312.372872142 2.67632463946 
-316.639432361 58.1876697421 194.140670183 -461.686340963 -175.927464738 325.908445977 52.3833627582 -68.6187084718 -313.469596117 451.207207125 
-420.020767172 242.770177188 -27.0329713917 -165.470887931 -296.417044793 329.86732552 197.384597564 86.7106107995 -57.9776344689 439.958644634 
-55.310580031 -155.180537295 445.655848274 -286.320035617 321.697935868 -439.957867068 -313.060504449 192.266557464 72.0530984196 47.7732946453 
455.661766219 8.49203627259 330.65548209 114.864732622 -327.760564463 -455.38328247 223.019227177 -37.3172219945 -126.97983885 -236.649174246 
455.447089454 29.4089720908 250.438756242 -95.9667740591 -315.648957427 -451.436474393 -199.818561177 -314.5057944 20.6867541004 133.939810539 
200.499431016 -320.565843883 -196.061085798 -446.362812496 410.043370875 -45.5416251033 53.9155930116 -82.0440611293 314.301018068 102.169937007 
-234.041343859 121.799284591 22.1777393528 -104.438467422 -91.2430825768 233.823706942 454.405271077 342.291910282 -461.686340963 -336.936647541 
-6.9628550495 -229.519217637 -454.315291701 219.366661331 -115.045064287 118.51407262 418.572315977 -334.08368637 329.626425333 -0.458501884748 
144.620111033 224.589788 439.957959603 40.583904929 -198.75912699 318.25959984 -53.2532936467 -324.097056702 -92.741275709 -461.686340963 
-208.221662934 -64.5197606595 445.880940341 107.748179612 -461.686340963 -57.9813941159 59.2153337858 210.561047289 -325.245322177 320.968949247 
183.850495521 -249.274963557 439.957992796 -345.354610894 81.461586338 -26.2432662374 307.719893709 83.7410500818 -120.720717129 -461.467092168 
38.7654159148 -56.4735252439 169.411064748 -335.286376936 291.897428753 -454.405278424 410.816685424 158.739807049 -136.465098994 -214.233385771 
-235.216405437 85.387738886 213.383143836 -334.494498721 457.433110623 46.6424289467 -38.6388762496 -461.686340963 -120.139213938 339.967593339 
-51.7761812811 72.7880002474 -238.044530693 -333.477487833 -452.374447434 212.405677134 57.979042902 461.686340963 321.561171635 -174.560719651 
116.308832556 339.490994955 -11.3428627319 461.686340963 -320.986114636 234.900957369 -461.686340963 -21.7179633826 -154.110343792 -254.253503317 
198.843444248 -68.6197224279 318.294930124 57.9790651071 -303.233305504 -332.196853967 -460.161281719 -188.431261109 432.838714933 57.0809926484 
-337.15825513 57.9790503603 -39.8682639364 227.549025328 -257.891734165 334.556429256 -461.686340963 459.9885349 103.972165691 -144.331472166 
-452.010633011 -329.698948213 189.033595467 -261.778305765 -14.7642445465 -161.075881058 -42.104949316 89.8296139511 455.632774211 319.582470326 
454.405267347 -461.686340963 273.983134203 341.915767648 150.416923037 -335.37836395 8.79792624415 -228.616861562 -112.623095038 25.4823966021 
97.9381191139 -131.639219201 336.311560126 -250.034809807 -21.7684339451 461.686340963 57.9790501827 234.765527173 -333.167134384 -461.686340963 
106.399558512 -170.252450482 -311.962249302 -313.682205734 -2.37094521793e-09 446.690536937 -454.75239789 319.527355695 202.476177848 -30.6680383141 
-309.864856953 -179.6577183 77.2377893342 209.606002383 461.686340963 -49.5430298157 -0.000641997653997 -444.386428171 -310.258231243 326.568077123 
323.872803424 -440.131372304 -321.378409356 -15.878471209 34.4763348598 -112.922155594 201.716678653 -219.727131881 113.971004113 425.504666441 
-47.8359401324 170.294028558 -342.078024824 155.98564415 309.557198658 -132.132646114 -461.686340963 449.168612155 -263.448149458 40.4901395614 
-225.504474793 46.4086912846 -326.521149145 -2.55652374704 461.664870674 -102.322096487 340.839282751 -461.686340963 234.775383041 122.584145187 
-46.9999136638 -71.5155916321 69.0246459424 188.438187409 318.902318734 -461.686340963 -203.035762098 320.975589185 -327.753517213 461.686340963 
93.8620798132 -178.049295185 311.101765549 -70.574865296 -444.164579573 184.810071266 -345.722557339 -17.0941754107 461.686340963 -294.584191972 
0.0 -180.531454932 -316.642008262 45.3776445116 -69.1655294991 -458.776028064 167.135321279 418.031114377 277.870796057 387.850725122 
-106.32055616 326.877456421 -451.290713623 -327.556211408 451.666899231 25.5237229537 108.943723753 208.991308735 -226.001344968 -39.9677890175 
331.274210528 18.586258604 258.112368194 -191.541078018 -320.832857652 -89.1736862489 454.366864196 -460.94451385 159.535316053 41.2419246138 
-55.3559792844 445.566204336 72.0305766314 192.405002275 47.9864653847 -313.024429265 -286.445930192 321.749332917 -439.957896391 -155.483387524 
-343.98834429 -40.9217503192 303.862042627 137.124294846 -454.405270505 -226.886205868 420.203322999 183.590741945 24.8731132189 -111.794120238 
-9.50866675609 203.01167433 -411.022207299 85.0109847351 -167.723454402 320.139469995 -294.449211643 329.835955256 -106.47585016 461.379638012 
-319.099578744 80.0511322655 461.686340963 324.977492713 -447.357535205 -69.3663427206 58.251086984 -214.162434875 205.593147459 -140.76721431 
-71.7523214728 3.59286023982 333.288415872 301.560562317 -196.570398092 460.207651744 -327.966566441 109.756106789 165.597429114 -453.825576951 
113.206499798 -131.045649878 -39.5751763233 -222.858928308 446.622319332 4.78219752745 -332.869023747 182.954399522 -454.40664055 330.98991193 
96.182432393 -138.874696371 -455.58398297 -242.104850902 199.571274375 324.093284186 -64.5242715362 424.094030847 -335.462221718 65.1724733966 
-211.143805195 -456.865467082 -55.6686141804 246.196299892 -322.779095225 -94.7123822154 121.153253879 458.499130664 34.4833663886 338.05460989 
57.9523348134 -461.686340963 461.686340963 -138.459405029 -330.898954997 250.755099564 -228.234944947 333.501280355 138.748719284 -33.6504307961 
461.653910663 -96.4315969984 218.257331209 -211.056618755 57.968124795 101.123212808 -323.028738401 -460.057716743 324.324679546 -28.7040023795 
3.90401252992e-12 212.646572289 -461.686340963 -215.266912973 -330.443741487 439.957953037 -19.478156193 -120.025821288 321.992324722 108.762471888 
-205.765756154 221.30163411 106.335708172 -84.501861421 460.003981147 58.0731592437 -445.117838479 -24.9755078663 326.058742138 -318.311278852 
48.4199324238 -198.680316107 -461.686340963 -328.217013842 226.55075328 -95.2672384843 448.905808021 155.230827003 322.901146444 8.84086905034 
-207.483805445 -328.322151067 -108.178510699 -439.958103327 324.614820745 106.949353865 -49.1397524965 212.013306517 73.9207009015 441.21911328 
-191.219818816 170.294092285 -455.423606381 43.0496107554 57.979018331 -304.51074668 452.339136991 307.72705154 -75.2227180327 -331.246214911 
-20.1462480377 -81.9013989725 -306.561376175 329.314636244 76.6443719 -454.405292132 -170.294117108 195.346302615 316.670988577 459.695832107 
106.383056577 -216.476071389 222.89155465 461.549205893 -57.9793968991 -461.686340963 -97.5625893617 -322.646728729 29.0278678794 329.539499105 
-20.0498745124 -154.960379465 -270.746757828 177.187386262 320.26363384 -40.7563018826 100.268348689 447.277093177 -454.43608242 -342.707336215 
57.9810505301 -303.444911289 -60.0999637246 -461.686340963 206.261295207 327.527763879 -319.153096201 461.686340963 73.5842304529 -179.224718564 
-106.354751774 461.686340963 -321.066294485 255.314647467 141.191484793 20.6714430131 0.694856912308 331.736366289 -195.81607102 -461.686340963 
311.090510773 -328.349970019 62.7592595872 7.47965778203e-09 461.686340963 -70.8467286489 -206.357305734 -461.686340963 319.198627663 177.385405496 
185.706674218 -29.082918016 253.255960097 -461.686340963 57.9753506867 -338.914848292 328.977375431 454.405273381 -237.529031666 -145.299874846 
320.065030483 -50.8911887587 81.6879882282 204.34350704 -41.8232814596 -178.297035378 -347.421583916 -459.445408512 -300.107960063 424.85570222 
447.637585865 -233.936167893 -461.686340963 14.8036486368 -78.8874398119 -119.884976915 -339.163588142 224.904951048 327.887673906 105.746822707 
189.304533278 -197.347738637 227.806641568 326.376732025 -57.979050859 439.957974376 71.7283967841 -324.684749573 -441.211788554 -57.97906287 
-181.734288942 32.7723146259 373.516848015 339.578590669 -212.848122411 124.149695912 -461.686340963 -78.9971994656 -335.333208481 227.505301451 
-48.7936490405 337.703357219 -214.576928693 454.395993311 82.6778582175 -429.83586585 -325.600760931 212.223799174 -143.227947077 61.1672236175 
-442.776273699 296.630319809 -193.421412655 423.9950319 -78.4901012792 -414.38930622 53.0679268574 -283.788928072 167.203548905 34.994959153 
83.7331845236 183.84498383 439.957957469 307.714401107 -461.46802935 81.4709350626 -345.353938496 -26.2440981159 -120.719021257 -249.273552335 
58.2878046172 194.256710191 451.245527738 -175.823671282 52.5418813746 -68.4846192566 325.997476431 -461.686340963 -313.587789408 -316.499766396 
222.544194105 -213.469496947 123.59404034 457.983884958 19.3396952621 -16.2255238824 334.216840447 -325.442488285 -124.553770503 -455.255251203 
-448.167437174 331.411196573 -145.008054707 458.010644428 96.8186804558 -300.853411688 201.302472891 -18.0680773382 235.497216214 -135.900263421 
326.620056309 48.4461543696 45.3700986963 188.652069217 450.970540805 -196.215915505 -413.785125621 -302.344731051 -89.2336099103 -441.264319186 
-461.686340963 -124.489029674 13.2152790202 -8.78128403325e-11 -335.404580504 246.434710751 -229.077343144 337.840031395 456.726754581 142.645609038 
316.890255451 -329.109653255 -142.956816122 1.08634397595e-11 201.248072453 -459.559180491 424.457166493 -222.419228289 99.3925719464 -35.7468299924 
-344.630313663 -263.430712713 145.522877164 -456.282605616 115.351528398 287.27426651 414.487865511 -191.638121727 -80.9826577182 21.1514501896 
-207.819878916 -57.3736555626 431.705011524 -78.6469399532 45.2313193805 308.49428523 -441.516455029 206.222937693 -325.321975684 141.933895609 
-461.686340963 -313.248811638 -170.294114284 453.675840615 119.504737743 -44.5532998901 336.900456024 237.428935252 48.604644859 -80.2254558023 
-320.380260078 317.49807555 461.263229188 17.2906331812 173.498994958 57.9592678597 -452.398178421 318.130779889 -198.625616542 -88.2214608024 
-1.14999676448e-12 101.549733214 -295.377634473 -425.287022453 435.362366902 -157.129682409 -141.531954711 205.824994546 -14.9194199089 316.223083754 
223.723433779 -226.727670664 -283.256846595 71.3302094558 111.406512327 329.485462392 -141.296979867 -31.797601977 457.419745932 -382.382400798 
451.741749357 -60.6411180541 -355.543451316 57.9789460851 -305.224544992 -188.606399849 -454.405270334 -53.2164754864 271.908968224 156.892416101 
-14.5448318746 -343.308594963 310.54930462 -149.551882485 -269.163526911 107.606027358 -19.962547744 -454.662930521 194.6919863 440.660862304 
222.096431366 460.709359811 329.331063366 -57.9791044418 57.9790335528 -62.9447628438 -448.097698085 -196.967563347 110.465185788 -316.670949076 
459.696006387 -20.1479362384 -170.294126172 316.67091455 329.314030847 195.344285677 -306.561397562 76.6416663104 -454.405270037 -81.903159446 
-454.405261358 -191.540598487 180.209081222 319.906595225 70.7605808299 -40.3249666115 312.672361122 460.600417243 -63.2748558049 -318.018415878 
443.197077333 -145.942237348 -262.994779576 -455.30921989 -2.58537274374e-09 109.936314577 -24.4462543401 219.023304873 -341.812094654 329.877206109 
-85.101805136 142.633615149 418.575302342 -57.9790551166 45.0046398495 -454.915860235 298.399629959 -210.709137167 -341.586438286 197.312976859 
252.637445287 -57.9684780533 336.745417936 -184.747466019 57.9790502388 461.686340963 -50.7892568931 -301.384559438 144.242719147 -420.916159048 
-461.686340963 260.495699447 -138.956591749 -351.139506623 154.966083833 -237.886643948 84.5300798406 14.9420623871 -86.1618141943 418.571189606 
-321.76766129 -269.236592442 -446.632165171 454.405247864 -53.7160399447 202.462660136 69.481326492 57.9764290286 -175.130198835 334.667330338 
454.40527148 54.5393177246 58.0231838995 -327.319405127 -442.430590528 332.83499493 193.105777476 -70.7838202537 -268.020407823 -169.239141652 
-334.46686593 -446.005236859 329.123993317 -101.389260379 458.940053328 101.372544276 119.686036724 -222.31612327 -6.04120341455 224.690009951 
461.686340963 -461.354485191 -76.342914119 -201.252830477 -335.852266447 47.5381258054 182.539067073 -220.441953327 319.693303355 61.1093783688 
297.062895825 -247.690140409 418.572242518 -94.0630789666 -461.686340963 12.4258168363 -127.876573815 115.043734117 194.69614433 -341.183219921 
337.974505393 -223.106366613 -328.322093921 -461.686340963 461.686340963 85.3448533016 227.17605977 -133.812796024 79.0057167747 -44.0824496238 
-206.788324248 121.809872919 244.767704866 339.991052318 -441.601901084 -314.075118652 -67.5640007218 31.1720743705 461.686340963 -115.023567445 
139.018312521 228.678031964 -442.851852639 -329.814245233 42.5805914961 458.790889053 -58.133625185 -109.200830032 -228.693970961 328.41239006 
-303.675021976 -322.456044817 288.527186547 -73.5924848419 29.5438141288 -454.916282747 -186.528591896 164.702496311 406.166637319 57.9790503476 
127.782366763 432.318169311 -461.686340963 237.984672025 7.57142269681 -113.419912117 -198.899844899 -325.404285854 337.949371602 12.5710888282 
57.9790748009 -128.84425374 205.155205339 333.990458163 454.254074486 -66.0465275848 87.9046091551 -461.077725204 -343.798302915 -237.833239718 
-7.53306352519 -115.043736554 -327.727050719 -456.71719829 221.611108922 335.000979845 -222.306547589 125.775820788 -0.45851553158 443.443287169 
422.481313348 301.324217815 -130.734655831 -60.0425218353 191.961219121 -461.682603252 -335.198386467 152.451697776 -218.737128333 38.9691128458 
19.0701751324 -228.55976728 -6.48182775192e-05 -459.682372122 -102.468135169 -332.831622837 461.686340963 248.551257048 135.541513194 342.301905383 
20.4778768495 330.214548809 -123.380304846 208.193666893 -327.471530742 131.107690339 -222.870990909 -57.9788967736 439.957904251 -461.686340963 
-81.1369771435 -461.686340963 117.284197844 -28.9178524291 -313.390289362 453.180484357 -163.719098426 55.1800400162 334.378119339 229.375538722 
164.317234387 -184.961279323 289.128713011 -326.393119798 -307.076747672 -454.739023616 -60.4802839766 61.4603818717 408.020476288 -32.998961308 
439.957959314 -177.155288394 -59.3730557564 221.381364132 191.120369986 -320.865608799 -35.6536127918 -461.686340963 323.841879767 73.7517865458 
-227.637353393 -163.356876228 -4.03001667496 461.686340963 -457.916825507 -332.146193937 218.520356779 332.943991347 -57.9792102247 115.046421403 
-437.530930888 -42.2657605261 413.451501717 -311.321471797 197.655003195 -182.172652123 93.5394159065 -43.0810661194 441.275489772 300.365839104 
42.9558255902 186.844140376 -205.556023175 418.967054716 -320.56972969 -417.772463953 -454.405267062 -88.8733837078 305.917984823 57.8635233644 
-461.686340963 58.3131431884 -68.4836623703 326.028407766 -316.49752377 451.227507057 -175.819048668 194.311079448 52.6213185033 -313.568341515 
448.971754872 -304.105877233 -173.272540034 -324.377807081 170.294210508 313.042623056 -40.7381794471 -454.4052711 -30.542264779 91.9048673305 
-225.231367289 -461.686340963 461.686340963 319.324482463 170.129138235 -32.1570686208 162.527983121 -339.757363432 40.0951843612 -115.467797959 
-221.847104887 240.233563882 340.004568725 -4.92864115981 -332.941759039 460.83931282 -115.020960486 -454.407973939 134.940394199 20.4638310883 
-366.02452028 132.742372719 -458.735359351 10.2439413687 285.700690717 416.48547531 143.437287119 -309.262716566 -91.8043294819 -193.436330954 
-11.6261799755 -341.156925068 -457.142683907 -141.068984111 226.140831078 330.430942264 -248.809041872 455.511727855 -5.07007505157e-11 123.646244397 
66.7792581218 447.124524453 179.879160929 -213.19220772 -69.7041817378 0.0 -319.396072201 -421.854078472 332.230571379 267.079833654 
-337.4208042 461.686340963 115.043723465 29.9114098408 -242.042790293 337.373497825 -75.9646423696 -119.813276067 -461.686340963 245.014526608 
-334.129913589 -458.595219969 115.043736532 43.5989399858 454.420226962 -117.126104621 329.290207546 -68.2243506938 212.811654265 -219.748075306 
192.05688525 58.0417442402 -174.431462369 163.836803527 -115.043804543 -449.249622514 304.968000126 424.444745982 -318.27443488 -33.9730019235 
115.043736467 -18.1696193806 450.421661469 -250.288354785 -454.540695235 -324.62122658 202.765170982 -3.62323119915 -142.595583898 325.906973801 
58.0329618443 -114.694742441 -168.196360175 319.689761744 239.820663482 129.179981037 -458.370084054 -311.289909926 -36.4511175351 422.973465859 
-6.07824787558 -224.639453816 50.1291779452 -456.434002264 152.5618826 -116.71654465 210.110428173 -336.034386869 328.483666175 459.732977126 
-69.6421090204 -190.07696207 170.294098256 447.674360759 303.176984645 82.9360524894 -313.339063784 -458.290102244 -327.872218365 16.3067011382 
-234.018422448 328.311199804 222.238149598 -110.86422432 -337.472313561 36.9204659622 -68.1106858517 -461.686340963 461.686340963 130.886317406 
459.832598479 -176.180868716 315.892348135 -54.4061250072 77.5439355818 196.602331934 -319.838316152 -461.686340963 -49.5824560068 332.584544616 
200.171525423 326.443894758 -461.686340963 450.660607841 74.3146323452 -315.431284001 0.0 -313.118941766 -176.616682585 -57.959781068 
460.363012127 -58.2456935374 220.139874984 108.27037152 57.7081994333 -316.591526343 -447.516447347 -55.0690728796 -193.628857352 326.897735061 
-56.4509228897 461.686340963 -57.9817909489 -418.573029292 -182.346445107 237.431648366 62.3855580826 137.899415062 331.66937635 -298.893948532 
-93.2936309997 458.428780373 336.173880608 -208.448237623 -446.327582521 -330.266829065 235.948007601 27.7857025408 -59.3227778295 121.277257421 
328.97648556 -1.45635709038e-08 74.3054509317 -58.5689895867 461.686340963 -316.049669038 -177.173179543 -311.5976916 -461.686340963 207.865430787 
219.293739595 50.9492900517 -57.9795437898 460.347848262 326.780657974 -318.208692746 108.044105971 -62.3599949352 -447.300540693 -198.164625228 
-64.2932274723 -182.803376691 186.989467491 -312.583278268 314.177856512 82.3748373714 14.3710746427 447.773501885 -461.686340963 -323.265515218 
161.73383053 419.353395372 -99.5196835305 115.043724075 28.0020159389 -454.405274759 -113.109463043 -350.405067332 289.657506962 -228.271408868 
329.906838069 461.686340963 -318.113051868 13.4784655261 -419.372294057 129.605052869 222.88454267 -108.07274074 11.4708756962 -207.921491934 
210.517276371 120.384740201 -162.774250949 19.3141190442 -418.607674942 320.940847094 -293.01224652 461.686340963 -39.3554459712 -148.930506602 
57.9789570203 323.803513786 -212.630031796 -97.7861730926 461.315681538 -28.9100066559 -460.511480955 217.639948815 -324.030647967 100.599912313 
-461.686340963 318.88617566 445.78066603 45.3605091238 88.1795407598 209.937977786 -84.3379586215 -321.201691856 -208.088885329 -57.9790308606 
-57.1532149444 -154.894428666 -274.217964313 458.763208538 -348.65289001 8.63686676281 -457.483301098 112.576201163 170.294083357 320.878502319 
-311.200708187 -458.35612529 126.995525161 -366.802891013 -196.582014425 2.00549835181 411.064430157 279.119986072 -97.135788619 134.845678395 
-55.3554841342 -320.352184363 -64.5154263457 205.770268329 60.8538709465 -456.338218294 146.166626099 301.777669289 420.352548349 -194.223488382 
460.841719406 237.120718384 -456.272396145 -24.2553301492 22.865922328 -234.124221699 125.972043176 -114.006646938 335.394160057 -345.260003957 
3.27871063632e-12 -154.834640546 -455.227993127 -29.6042412103 116.299157779 334.770860057 -342.34156305 230.72182826 -282.899720267 457.692586031 
-222.76404075 235.348521893 -129.1788857 454.948002386 -0.79002895473 -459.071963947 127.105578158 337.448302356 -318.95437731 0.0 
-13.0933092657 -115.048286482 320.859124566 444.913941388 208.531643071 95.0250444917 -195.565699139 -30.1412954757 -319.768063397 -455.921999597 
-243.834503268 -5.30234639778 -434.128593754 460.303309154 192.809712886 -130.598413089 322.580098608 -346.182379756 -21.1333614134 113.806247526 
57.9801632887 95.3911882285 -146.528797793 -229.233135456 454.404983069 -329.394073424 224.6153477 -461.686340963 -50.3055445673 341.726543872 
-330.160932414 -131.223600754 125.200861088 -455.022111287 216.01100011 448.912501363 -247.951251592 326.416935504 -7.19126768616 -0.000312407859375 
-167.69395748 -115.521888435 250.756420681 358.008724855 -243.044648687 -425.60601888 91.8516514167 -20.7382255121 140.987637934 358.461454518 
301.66771676 -133.33786743 -461.683150637 191.853285067 -59.784063471 -335.711903583 -219.009354635 39.325179929 422.952932841 152.646611641 
461.292308209 -317.128035709 95.1260550157 -418.572632985 239.698202801 -86.5711958348 -19.0115752554 332.533995844 -199.663272929 115.045013682 
106.451486492 214.53278508 -240.877539445 80.0102851421 -344.51543297 -21.0948212594 459.016654529 328.461402444 -120.876996275 -461.686340963 
461.686340963 -229.818864169 171.675309872 322.068954593 20.5570574259 -339.438059798 30.4422306243 -109.431809375 316.350421173 -461.686340963 
-339.853491079 312.61828435 -221.434698473 38.8724150722 177.318471411 -448.571126725 -116.627731516 71.5211724005 454.405443037 -73.5494020772 
-86.9049856528 -439.957961526 111.978739717 212.401811282 -196.180778673 30.9981151285 319.430179304 -62.5177034058 439.235314926 -320.109609682 
267.500430889 -157.0758506 -115.043747795 110.206348359 -16.2982154311 418.572229017 -449.018755492 133.600364916 -310.454708301 408.265590083 
344.372523511 41.1209173695 -58.9045247106 -454.405271567 -158.961287141 251.720042513 461.686340963 -350.670968378 -254.008200838 134.166572964 
323.162164417 -10.0128788051 -242.909493322 125.546965971 228.801338565 -133.537924344 -327.095789898 -445.108901365 458.146992327 39.6729376542 
446.554795344 -439.957935592 61.0723756874 323.739444829 -51.6523459412 -318.249431985 -91.4569668495 -208.146729688 205.464466892 72.5581996263 
-332.328839971 -104.730766999 10.352090744 40.3892639975 239.176016445 458.5356234 332.266965111 -449.770878268 -211.840760906 136.892015023 
-169.892149187 71.0323633539 -458.115230742 -348.310801659 -63.8175455335 455.568361754 -280.131768915 335.583999794 57.9790488729 203.670351637 
311.898556394 -130.952505183 174.845387791 -343.56637972 -35.8133827618 121.307149824 -227.029011484 -0.160674023187 439.84886951 -442.717943372 
-40.9321093917 309.543092821 -318.155940198 -427.381202871 417.325772342 84.0466440276 195.906147897 448.00299568 -192.867822481 -57.9790504311 
-199.282230858 19.5574883526 317.209890201 -88.6740787581 318.508872065 -452.528613986 461.332507541 54.7410980217 173.249175684 -320.68167642 
-98.7604057642 455.656368336 24.75162914 -447.474778379 312.985289078 -423.464608699 -212.130406299 158.278334712 -315.189093818 141.677174739 
461.686340963 -148.065964673 -264.238777774 -330.124488193 5.42101086243e-20 -16.2735607057 329.696363728 -461.686310853 213.084758804 106.502754547 
274.10121362 405.203021826 -461.686340963 82.8955820222 -202.428884652 -321.070801718 -80.3264399978 163.209359325 21.359387179 -323.730248647 
