314.688959432 454.534639763 -371.635908471 86.1385582094 -461.686340963 -179.373260003 182.036395452 72.2387746391 -210.82085335 -320.325579232 
-66.9782515295 332.849512578 -344.102428182 -183.669057709 182.580009403 461.686340963 58.3771241447 281.416187274 -459.725526951 -251.329698843 
-461.686340963 453.079215925 328.087252448 -319.695221573 -377.880247488 -147.317101026 -209.555837163 -29.1627722822 99.0369496045 208.427736382 
137.062262065 337.332423463 -443.935941276 -198.842990576 32.0499489305 247.631270746 181.533486915 -69.2356869679 432.520041845 -201.172807577 
323.837197622 200.860679154 434.415232539 -40.6653922908 -118.664363759 -427.498653676 -313.625523708 -455.652616512 66.6685811495 286.641715499 
301.815999091 32.0926970701 436.184744149 -169.506154006 -301.119288135 -446.006486721 172.735682668 -440.275050143 134.335991385 -53.8572099811 
461.686340963 -22.1322617299 -140.032789144 -180.172146269 103.431265871 224.148624835 -361.541558459 -295.960226169 -461.685325051 329.48336311 
-458.200090104 -147.516984273 112.596356529 327.244246417 11.6617459927 -64.5237007956 -205.275837622 461.686340963 203.21003566 -316.528322034 
55.6554964041 181.695951705 -167.069032938 -461.211127224 340.875538215 -408.918879099 47.5976370109 453.34130489 -295.759326664 286.069538883 
338.07775715 -13.0533869012 -439.020493544 113.544647136 -149.02840593 223.59161082 461.686340963 -296.402702232 -288.618472394 -439.31904752 
-310.230716543 459.011742864 -92.6163550939 -190.943207876 341.619966293 35.0313596576 -461.686340963 236.466377322 159.489635456 -370.584147444 
-256.548568103 210.488709624 -279.587523442 -127.216875941 123.896714141 -379.292401888 14.2960964688 -452.423513159 329.253218823 446.293205427 
98.5442821583 -461.686340963 214.374656587 -360.92510871 -195.434443397 -28.8089153841 -305.509619915 455.232191231 -150.582703289 330.715114066 
-14.5023578741 329.666855147 -177.81375198 128.165356907 -459.597138449 461.686340963 -341.283329558 267.297971722 -63.8196802992 -265.740137865 
-138.693295089 -461.286283779 -150.116664721 236.31485222 129.059234136 327.715978783 461.686340963 -1.41417615159 -304.748876535 -354.436054166 
271.966696953 159.464102485 -311.946675896 314.698590605 -46.9504410671 69.9141474693 -461.686340963 -367.560009597 -180.364576891 461.678159801 
-10.5572956062 239.487136438 461.682679809 318.015642672 -302.385825282 -453.510436212 122.566356022 -77.3352366364 -179.198440986 -432.511443887 
-459.18517564 97.8425220212 461.686340963 -184.140719544 -123.892032127 -21.5939122677 -308.325767984 226.623632863 -355.28490734 341.481904901 
110.677731758 209.71820768 -461.686340963 -363.380194074 17.4833461153 -181.215070374 -306.319582939 -86.2807198626 325.485549712 461.402818478 
-118.678775039 107.868306733 -380.690700262 223.100072648 -1.30184937484 -212.706201923 -457.473140217 336.944761665 437.58109975 -293.038318381 
-303.162252591 67.3725015531 339.599750088 -461.686340963 -178.494352749 457.694224766 -52.861572839 168.43160684 -361.715341765 228.27966196 
461.685504565 -298.188951886 -151.074393289 -378.981319166 -252.666396837 339.411071058 -7.62095597883 127.241330663 244.978831609 -454.38609104 
-163.21228969 76.2611292596 172.752426582 -302.622332177 432.605644286 318.096697836 -460.637610417 156.232915966 -21.2612197194 -353.995084427 
97.3888684064 -359.544776801 461.686340963 -109.736172708 227.498075216 -285.170745537 335.996627962 -14.8875741672 -461.686340963 -168.403771558 
-307.483182306 331.283375963 -191.756248059 231.050166918 440.022077485 181.962188952 117.373730722 -61.3393454138 -443.205128408 -445.209803535 
236.280734072 326.581758512 -454.61738037 -11.3149494935 112.446482894 461.656253883 -242.73142293 -172.920888145 -52.4063092434 -340.856293629 
203.509296985 -54.2272098605 -248.940993528 -341.761878487 -39.4753410296 85.0366388404 329.397289088 461.686356504 -454.405300557 -174.293734453 
461.491716925 -59.4695796837 -299.252491318 -461.686340963 297.602846687 172.414919553 67.2694272884 -363.491220375 -183.340543329 319.697207784 
76.2155741219 281.340277377 -461.686340963 -198.621370284 -66.3508847868 349.703490183 -367.715245644 -261.287960388 221.185211076 457.590751947 
-32.5368251802 -460.586886282 -67.6940399334 -186.220350531 -258.411912703 -348.665265711 332.420173285 93.6350710867 461.686340963 223.565100391 
-14.3838247651 -116.240015072 95.8503686446 -284.585335825 461.686340963 -458.707646735 335.128055002 -187.563155052 -348.344606278 204.508712153 
396.229460297 157.341993206 461.686340963 119.604314064 -4.91300151479 -45.7166134128 -212.07370683 -445.46115305 356.85211432 -422.37771708 
249.072532555 329.371585266 -216.194944312 461.686340963 -20.8907080959 7.16429971059 -328.185873291 -146.641466387 -456.78866008 137.268749632 
458.859731809 -461.686340963 332.751011918 -230.549630331 95.619328345 -119.500376274 55.1022332858 215.952306068 -80.1168625555 -336.055384712 
