296.255282582 85.6583867882 215.988638294 453.579728698 -20.2289739741 -19.9540633768 -424.588336988 4.52647326069 411.043399247 -229.811833783 
-53.890103031 -308.885875379 -228.451151598 -423.820064447 -94.2735210812 0.500937735766 167.442446396 366.385542024 44.5682836639 188.095509737 
-28.693867773 -91.8470872356 189.482532129 -237.85048525 215.886964686 437.579519254 -10.3042600073 166.803591263 -80.7925413725 412.169514613 
-131.806733236 186.577726416 127.457790843 -195.85745561 220.956035581 -389.657692095 424.824987783 456.804123834 -161.737042385 56.9318330523 
329.588981606 102.815274656 -156.950337096 197.668781491 446.889357943 -174.419621181 285.957935372 76.8086895666 -111.441051412 -362.062609121 
137.841694332 -327.815355034 -152.481060937 -7.68323793531 337.16777585 119.393548767 428.964920214 -133.341565317 -52.7060190796 284.543584881 
-6.7342094189 202.07961635 439.946335658 4.76959779258 -31.1159657615 311.249093454 280.266156659 -219.955466118 -29.05488429 -222.213427692 
56.6433596736 -437.514573251 448.532633741 -325.960843146 -240.029080909 268.10078058 58.1084764807 4.68945223405 -34.7232061413 -242.741580427 
-152.227869257 83.2012296682 6.35974614308 32.808546603 -251.558389577 -214.524561344 -404.915009559 90.8263181111 223.952939045 338.083129174 
283.803136723 -108.429272079 -145.318775541 432.125434454 104.687322876 -334.581923784 -28.9248930937 353.987618632 -348.510985689 144.564714273 
-215.754046554 -50.218466506 452.344022855 7.13232729755 258.298413073 120.467588554 -13.3459517931 -317.007807008 433.624423065 275.402397735 
383.998603111 -216.678745884 -278.888171891 166.786220116 355.929456214 147.590197391 -42.6974918571 -94.4008808965 179.56894884 -118.276853137 
-78.9012298409 -29.0302312419 409.371106382 202.821044525 -0.241222885421 214.980576834 -227.818241052 -80.1366983457 436.518460759 184.932387368 
461.686763744 323.381026877 -426.575362178 -24.547842538 45.5845833032 4.71474166658 -233.739835073 -315.327044639 -200.928982634 207.850674692 
-440.38156366 32.2136212117 436.669885869 396.839309671 -138.720160825 -325.458499198 -26.4541996889 77.8085008484 -249.767903565 287.802682971 
-196.19665436 -422.583535106 -232.607158653 338.851943454 -156.917159634 195.963459256 -28.9263443722 236.552069553 66.6522238918 -29.1116030878 
-166.237535955 394.826116889 29.0758235338 -335.78830797 304.857319739 90.1675951033 89.6548080419 455.259052102 22.091973385 -161.758758348 
-48.845604721 184.001013706 29.0467929025 -31.5032833571 445.190785525 -241.232012254 -251.698480974 -356.01045325 186.293379362 251.440076095 
295.073961897 55.0142833951 -9.84405090162 285.31778891 -210.740626072 19.8351731718 -209.265750504 453.552609913 -327.833664915 31.2911540801 
139.017439106 449.434557476 -178.459753382 31.5307941883 -84.8809997149 -369.884071037 62.3977605551 315.63084361 -148.954269274 322.065672607 
-213.454225587 -72.8884100276 244.682889813 -16.5330392282 18.0653301101 -60.6476961445 237.438080459 430.719000439 287.609261528 -312.576959306 
29.053463289 -285.529118657 22.1239545279 167.481580883 386.462303913 306.654439674 230.280029046 444.102532462 -386.928153421 -86.7571447182 
432.414859382 166.853441052 -331.847554806 -159.981306075 -161.520835299 240.497164071 37.3483995982 434.682595372 -123.312081503 266.554011527 
-64.2920389417 260.264130236 -28.9855901509 -408.476696177 223.853616094 -226.458700205 -290.522805104 295.666133461 29.0176319726 94.816376412 
344.821048318 121.186315657 120.063381295 353.326921773 -142.701283878 -124.195077837 -371.707493293 -192.906554174 -130.304119041 122.496424912 
396.860961706 -326.666321109 85.0034274418 461.887298481 137.546667234 -29.2850062776 222.889854094 -356.467658721 -63.4223383699 -167.508510011 
-104.44205279 -135.100333512 298.589501089 -168.19467902 460.115596818 118.878499978 -323.668085573 -29.0468643706 86.6823541101 -357.568015936 
-30.5874504178 97.3490160034 -220.671538286 -26.962181248 352.994772793 -3.37023443127 457.179207928 246.622906613 423.97465158 -333.997623004 
-199.059983087 366.448340152 22.5746444433 -415.46565292 9.70465168261 -188.47131026 -227.542521537 176.680743911 -406.166302704 61.4667678494 
460.552131234 37.7499224711 -111.889161199 -422.619517174 189.516614055 -228.920034625 -287.948315019 98.5136556826 -29.0450968887 320.612282387 
-176.369181301 144.88786114 411.512257034 333.49046402 21.8455835809 52.6256352304 -287.286084038 -420.201890088 -225.119402899 -1.41145686807 
237.606528457 39.9802096584 -6.57217400928 446.583949576 -153.878393277 -403.363674013 24.3673930906 121.517483186 -294.302919858 -130.226424494 
