45.7952972531
45.968420062
45.9123714448
46.3197707174
45.8807903169
45.8960792271
46.1083831665
45.9642261982
45.489918252
45.636526214
45.7024956277
45.8738016939
46.009559405
46.0329797736
46.0825402141
45.6792917527
45.9058056719
45.7062283211
46.197869043
46.1083829178
45.7892730891
45.8319491407
45.8010070647
45.4271879123
45.7031627462
45.7653019401
46.1702216511
45.9623797008
45.4746098927
45.8931655325
45.7711000474
45.8928471702
45.8432139084
45.8931498791
46.2646789826
45.6423268291
45.9169197385
45.8100152689
46.0656278524
45.5136900054
46.1388398012
45.6823013512
45.6787802061
46.0928985255
45.8239532268
45.7053999227
45.1760097851
45.8965806434
46.3310351694
45.9580744278
45.9441156789
46.1091190017
45.7083020961
45.7638233147
45.8456592301
45.2558560017
45.7791660172
45.8944701456
45.9417613781
45.5631757747
45.4197395427
45.7317984009
46.1060485028
45.9417609867
45.9417608437
45.2996475543
45.6583843848
41.0540965372
45.9798977677
45.8210528493
45.6919860914
46.1430086622
45.7442729602
46.1390305749
45.9918433626
45.8205866657
46.1387610732
46.3166396905
46.0825662527
45.6881996735
45.6859751034
46.1083833963
45.6870619422
46.0011737583
45.9534296064
45.7816958652
45.8679468196
45.9762000567
45.9417476612
44.2042049185
45.9417613519
46.1210319617
45.8985024409
45.9136252709
45.3890590838
46.1210330189
46.0825165321
46.0498979239
45.7145170021
45.6446734756
45.8888415473
