0.986270690043 1.09135984189 1.08874266559 0.723983260432 0.876259621515 1.03378542997 1.14241158123 1.16675393088 0.768339653017 0.929564362656 
1.11033966979 1.14242692153 1.12791647827 0.992007054033 0.90665556481 1.02924804999 0.906801299187 0.936517906531 1.13595307678 0.992141754135 
1.11552461109 0.681403095201 0.792799553358 1.14213143477 1.14213143476 1.23712405853 1.03996149951 0.910134556425 1.07029690677 0.759397928127 
1.05663719781 1.11811703546 1.14212897356 1.31852710058 1.17437182744 0.648261811695 0.834123971783 1.00979976151 1.14251150374 0.963763643095 
1.20823227815 0.8003920048 1.02177365942 0.992692023381 1.14204156204 0.934775019675 1.58905222863 1.13162975337 0.904383850874 1.14706482626 
0.974143072575 1.4536125232 1.08000185883 1.11442210937 1.00366514662 1.39092050665 1.01879080599 1.10308908822 1.16911180309 1.14209404894 
1.00377527299 0.999477032025 1.03357795857 1.22048446024 0.79238358804 1.26796759896 1.14212966747 1.04395493921 0.632573124056 1.1095912026 
1.67427253439 0.983995623348 1.50060453849 1.14213008491 1.1670360744 1.24596033284 0.964325141765 1.02312951245 0.71253701756 0.712348413097 
0.926582471525 0.920933916759 1.08842793678 1.29010056327 0.776071715797 0.999389315267 1.14213143491 0.866786753674 1.14213143477 1.27388124107 
1.34014366103 0.885769880029 0.8842881642 0.604100961265 1.14232139418 0.66525770825 0.982111713053 1.05341681206 1.14213143476 0.970428262785 
0.979519462848 1.22188163983 0.963062262796 1.25621778716 1.05927397755 0.993425189525 1.14236131605 1.33432848202 0.760462499869 1.07533017843 
1.14251670933 1.1421290802 1.01243402595 0.965268047001 1.24530335396 0.982128628281 1.12871755187 0.814465226309 0.846471718018 1.17549872858 
1.14204950986 1.14592095578 0.692910279781 1.06053473828 1.14515945985 1.0253519742 1.053682434 1.01172926636 1.01713297932 0.896771648756 
1.04042008761 0.969826817779 0.967815539357 0.976754557101 1.14213143477 1.36797822969 0.95320601082 1.02449844718 1.18794627327 1.14052818584 
1.44998691327 0.969525256768 1.04091933099 1.14213001927 0.888184750558 0.960791657961 1.14178911265 0.986305045164 1.04868536248 0.993965506511 
0.890545180626 1.13546257267 1.14213143424 0.998724708635 1.21125516856 1.44006677353 0.782381493986 1.01344908508 0.82047567353 1.55027466095 
0.848996111012 0.956364830741 1.01371015352 1.41159473311 1.27411178753 1.14213133086 1.14213031941 0.6312575888 1.26876682297 1.10145958746 
1.15812405356 1.00449477364 0.982671483035 1.32634578949 1.14213511836 1.14182076097 1.05793435497 0.99249314562 1.09079807833 0.923572749157 
1.33568057353 1.14213156278 0.838006831768 0.643963882531 1.02814700669 1.00287096642 1.19286161882 1.77453977953 0.963908842024 1.14213088283 
1.10984648511 1.22187767085 0.99952430082 0.791811766216 1.03344058988 0.632579241125 1.04384649743 1.00391440293 1.26813066342 1.14212967729 
1.25451573283 1.08350068317 1.01878837475 1.1421314345 1.09514751504 1.14207722786 0.677014934297 1.28603513646 1.03526748785 0.960272766249 
1.22071848176 1.1421314348 1.4462144958 0.534596315412 0.939368071277 0.966039953518 1.15660640804 1.10783273971 1.01639236826 0.964445087019 
0.946673096346 1.01933041158 1.14241674435 0.980504861863 1.14923966959 1.09976105332 1.13099897466 0.965644311049 1.05717131326 1.01873245156 
0.605105172841 1.02032993681 0.908874517866 1.14213143477 1.37631844378 1.31721723294 1.12169861375 1.07720777607 1.29042214064 1.03157557045 
1.14213143477 1.05884473982 1.14194846915 1.06498168307 0.807392281462 0.881049649585 1.22255530537 0.947660413731 0.994063677106 0.970350744198 
1.39825951695 0.885536065702 0.842625880335 0.878215683557 0.885361657184 1.14110847172 1.14213143477 1.03352904302 0.757643164708 1.12996934732 
1.14547520649 0.992335230337 0.672037032542 0.756374026633 1.14249263809 0.958054089152 0.923050328691 1.18765354298 1.01326808648 1.14213052951 
0.954464028614 0.857377322981 0.941421017509 0.827956533673 0.987982638603 1.10214237365 0.894886432281 1.14248205499 1.26352767447 1.11791573682 
0.851939690206 1.58506791737 0.988402929524 0.903809198709 1.05628995885 1.26309149418 1.14213143368 1.20336717049 1.08221698542 0.95406470602 
1.37389458846 1.14213143477 0.964645009909 1.046966885 1.22796491888 1.05945116924 0.945897157476 1.04707446264 0.815529954196 1.14172399388 
1.31816101014 1.14211041753 1.1422784374 0.947376722831 1.13461332216 0.966061031919 0.906281807773 1.38346017217 0.978583243139 0.998540192887 
1.14213143477 1.0680941431 0.911333632765 0.832518727094 1.22830788936 1.36158686869 1.04605979475 1.06430033265 1.1416321724 0.900519276399 
0.896848538665 0.893492894792 1.14213143477 1.06195341656 0.963001646106 1.11346405442 0.739752048695 0.874750957557 1.14213143477 1.09126784023 
1.21415114955 0.980678704907 1.07190507211 0.956598601983 1.04633628364 1.01080299885 0.80393289036 1.14172371296 1.14213143477 1.39527829415 
0.955544752205 1.1788630973 0.649525077485 0.953698799749 1.14247897064 0.975824326577 1.01124655434 1.14375371771 0.95175734276 1.14212944716 
1.24461897347 0.704064885159 1.03354268588 1.42592687958 1.04095216886 1.52017331462 0.995344577257 0.931647644315 1.40112417203 1.14213143532 
1.00179761144 0.930347284736 0.780699645305 1.02635988205 1.1421305216 1.08068097069 1.14213156243 1.48781367577 1.1855028809 0.81997371663 
1.01894894136 0.993458773313 0.625527802084 0.97576852601 1.03145790995 1.21708894896 0.56483999404 1.15686671646 0.963443859658 1.14213143502 
0.637313800883 1.2271672814 0.997469052886 0.997542663592 1.14212853306 0.901983751455 1.10014397728 1.30428069655 1.06802922494 1.26273854627 
0.933905752971 0.974004491699 1.06424009584 1.42904602099 0.683675825862 1.2341770012 1.01604590393 1.00230272169 1.14213074971 0.981940552998 
1.49532616063 1.04982813483 1.50924866006 1.14180286688 1.16183576052 0.981574703032 0.955540776211 0.991956756405 1.01839184712 1.14213015968 
0.993108630373 0.732690254118 1.01067511133 1.24507532477 1.2065812256 0.994907222144 0.942434990755 1.14213143536 0.640176450772 1.1994278278 
1.13749066478 0.710135710892 1.15125873538 1.00590301544 0.899670809189 0.914695432904 1.14213143479 1.2678068116 0.953452183344 0.73807668815 
0.908609420525 0.98748987432 0.931414050972 1.07074288233 0.8912573498 1.09499689628 0.886612333343 1.14241550787 1.10524775307 0.692620352942 
0.624140069753 1.00005294367 1.00757217686 0.905971515976 1.32537974862 1.07457283408 0.894315280775 0.86158898643 1.22446244244 1.1421302628 
1.14212521343 1.49490104022 1.03166931692 1.14213143477 0.857385553042 1.19464759394 0.998794109331 0.815093476782 0.923855996713 0.747679636186 
1.14213144899 1.51498385965 0.774286062453 1.13654757121 0.624129017939 1.30330674829 0.700682358226 0.848878309486 1.38511377545 1.14213143436 
0.839470041201 1.08538118578 1.14413899125 1.35156154772 1.06721697486 0.598597143924 1.09156527632 0.998994300253 0.995580886436 0.623308834967 
0.96174691391 1.1425046624 0.89940671031 1.00956574044 0.653129519591 1.14212864453 1.11817861415 0.958474374763 1.16305816873 1.17290817763 
0.818963755819 0.988131455668 0.960148040726 1.09403458591 0.890808494639 1.08291483838 1.14249842375 1.10609727362 0.936043766126 1.11787216293 
1.01371139225 1.14213099558 1.66335117382 0.821468736802 0.989853904063 1.19410270211 1.22275086585 0.885199376702 0.981469484747 1.24703514963 
0.650359558307 1.04853572169 1.14212990405 1.12197422822 1.14213165628 0.758003509258 1.04477074008 1.1699022509 1.26445918981 0.998573551141 
1.41039991169 1.0517153467 0.99611457735 1.37174143366 1.03421562776 1.14213143596 0.682370290127 1.02111529165 1.141647879 1.24727585575 
1.23452091985 0.617332394456 1.31324976525 1.14330832287 0.98922024842 1.12601420641 1.24282823096 0.993796259403 0.912505425432 1.06320196015 
0.966908747711 0.699957676412 1.08146420711 1.14213143477 1.14213143477 0.921927808776 0.740964029405 0.877449995215 1.10024414562 1.33724070739 
0.935813453854 0.755661955113 1.06995549236 1.12812769792 1.18640622501 1.14242807087 1.0162885774 1.16761959688 0.962459486518 0.706923581756 
1.37033512769 1.26600241885 0.995331942468 0.915279053725 1.26165662708 0.999621939065 0.941490749862 1.14212856622 1.34247619362 0.842747887977 
0.689857308858 1.36028804436 1.27972479171 0.856797958896 1.04565520493 0.993491212207 1.00561892876 1.01172871752 1.80097486267 1.14213143946 
1.40424749105 1.61125136982 0.820443344233 0.930258661742 0.982190731955 1.14213069835 1.00858572471 1.14134937643 1.03751554116 1.55841125189 
0.837935253511 0.700227584635 1.14213053145 0.982013610201 0.920551671444 1.2430071287 0.924719261627 1.01565930925 1.00855100975 1.64893344967 
1.14213143477 1.1525434375 0.946603111442 0.991652468784 1.0667349061 1.14245769749 0.757943391679 1.14711503539 1.19933199791 0.793034461648 
0.954249110714 1.06219202969 1.07279431152 1.11322654992 0.991735027643 1.25326484463 0.607625815423 0.984128472081 0.995074077008 1.14349561333 
1.14244231428 1.11177311074 0.897911166487 1.04804786409 0.878985589345 1.16797478463 0.991706858314 1.0368201629 1.22776714407 0.94264213717 
1.14134981423 1.40479921575 0.982226916045 0.820421120569 0.930347990289 1.14213069997 1.61253031656 1.00831584572 1.03748867325 1.55852028455 
1.1413486062 0.930145939957 1.03743768148 0.982036247659 0.820452180336 1.40372409501 1.55828225049 1.00892179326 1.14213069771 1.60978657705 
1.0684471639 1.30887655872 1.17182812803 1.32670003615 0.894060682828 0.940548821582 0.824306320144 0.813824587669 1.14241962146 0.981996258997 
1.14822353649 1.00196967539 1.14319023767 0.898203621446 0.905984562147 1.06413715497 0.898383892354 1.05859485835 1.14213143477 0.608579448815 
1.14214822291 0.975594441555 0.724212343785 1.14348582709 0.873883014805 1.04635760927 1.14104630822 1.08649969219 1.11595935285 0.953690561141 
1.09149993444 1.14251573293 1.13654969536 0.913208767528 1.01004803447 0.605447055132 0.964501994071 0.941878154518 0.975203719912 1.27497904489 
0.902995039421 0.920881119813 0.929649579885 1.0081579568 1.20438088643 1.17586197564 1.14213143478 1.03489057882 1.49988434225 1.13788403862 
1.60507782916 0.922660010979 0.832004827719 1.02204782693 0.838100110704 0.939005423115 1.14024798573 1.14212948795 1.64752561275 0.95498909025 
1.1104063633 0.946878230306 1.30470509364 1.00345156736 1.14245596227 1.07241757511 1.02788715069 1.14213143477 1.17564402503 0.656268289901 
0.997249354801 0.712631998494 0.615656822075 0.863571663591 1.14380236772 0.834029738687 0.988440785346 0.867904554969 1.08293830043 0.990635377415 
0.881391540397 1.33819247525 1.14243202786 1.1949486086 1.14211603159 1.30612270493 1.02236442615 1.01812380787 1.08050872688 0.938565685894 
1.36666035997 1.04153959424 1.1414851972 1.1209860183 1.06197910379 1.27964516668 0.89760078403 0.87057823136 0.81983355812 1.14213143477 
0.998755371332 1.08209233286 1.14213143477 0.914739553585 1.15604029108 1.17827056325 1.14212469636 0.647643877839 0.83830871306 1.20626643055 
1.49593075965 0.959607506141 0.937963860179 1.14177681347 1.14213018461 1.04947467799 1.51103638247 0.988643306936 1.14894216256 1.02980607016 
1.14212853462 0.893955659163 1.1718459564 1.14251560411 0.649988948016 0.964956722389 1.11810098364 0.894741895951 1.00920547262 1.08385780276 
1.04756176327 0.98501288073 0.910131879949 0.901722206281 1.06232149953 1.14169967599 1.46029044098 1.1421300963 0.953330113412 0.88707758128 
1.2615812704 1.14213143477 1.03643596268 0.853122984136 1.71291320895 1.14128443299 1.04331936511 0.87879224339 0.886576347016 0.997614460657 
1.40414636995 0.863087921233 1.13806103918 1.05715299122 0.92899635623 1.47846848965 1.01370942752 1.14213143478 1.04145187123 1.28141775828 
0.632581251981 1.26807694276 1.04322515578 1.03348870984 0.792124481386 1.00386948353 1.14212967251 1.10971447447 1.22127821984 0.999502271711 
0.972003923876 1.01855417485 1.28181957933 1.11059801045 1.11681862428 0.8609080916 1.14213034087 1.0105460153 1.23393384789 1.11996667089 
1.17255371107 1.03001386887 1.18260926842 1.10968043219 1.16387001592 0.942776305869 0.620446613964 0.884180719176 0.990895528092 1.14244147354 
0.71686828692 1.05221909589 0.992831172425 1.15300328246 1.02963872932 1.14213143477 1.28912158432 1.14188429712 1.11159499482 1.38663500084 
1.14213143296 0.999493725468 0.816998136061 1.14213143477 1.40290276409 0.846956027331 1.37844918495 1.08624534111 0.554060086195 1.06947742174 
1.18239938981 1.14213143614 0.992406136454 0.590286483183 1.08678757394 1.01811875126 0.988305129563 0.608255942118 1.27455729459 1.30046277631 
1.10583070396 0.906347435154 1.12305249758 0.903342735459 1.14242391753 0.93607583212 1.06248171602 0.970682953866 0.990320266663 0.850105653467 
1.61875824664 1.40697051077 1.55880342685 0.93056512332 0.820344226988 1.14213070134 0.98291136515 1.00694121753 1.14135619206 1.03764983547 
1.14401787902 1.22608065261 0.966356638675 1.14213141473 0.777558758792 1.17151867172 1.29594775421 1.04919238382 1.58630829261 0.93306813423 
0.930240916673 1.00863438078 1.40418788968 1.03749973144 1.6110719285 0.820450609604 0.982164243478 1.14213069831 1.14134934359 1.55839121536 
1.02888918939 1.23263839513 1.00222615234 1.00158830067 0.556746024493 1.00667611753 1.0328624304 1.25863376059 0.971874227387 1.14213143523 
1.00982043758 1.17709326867 1.33323335006 0.958709032157 1.14753408527 1.12163122005 1.02106888537 1.00592822664 0.615639899405 1.04355980583 
1.32987477728 0.886618535211 1.06959358013 1.14213143541 0.679026300259 0.994256586692 0.971411877397 1.1327125764 0.624793787092 1.04366098666 
0.79853440656 1.21019154734 0.853084791429 0.840593810415 1.03575573811 1.059821586 1.14246303867 1.0178921397 1.14210727504 0.947806303127 
1.25438604711 1.00208659128 0.55675535062 0.972060731181 1.00173627681 1.14213143526 1.0288786583 1.23280196243 1.03334354617 1.00633466825 
0.88792221437 0.946812562134 1.04827469307 0.991073694641 1.45510290633 0.964971116219 1.1417642905 1.04655142461 0.963031557378 1.14213004379 
1.5578149001 0.967334558251 1.14137472021 0.862629899805 1.14212981605 1.061423653 0.881800163641 1.03762625161 0.849461707258 1.02976800179 
1.27848327475 1.07084416005 1.79220798831 1.06641176241 0.708793874863 0.997806328014 0.919128451475 1.37110340627 0.99866758788 1.14213143789 
1.01284549051 1.38451962751 1.02956880557 1.09206961424 1.23395689982 1.24042105236 0.943377599585 1.14213063744 1.15442497118 0.973241566387 
1.08891053966 1.01889582642 1.14241148533 1.05208067095 0.92953018543 0.75988044683 0.706593414965 0.986412421911 0.992729377331 1.05390653816 
