0.985790506302 1.06988929837 1.08701770959 0.723471567359 0.875586652886 1.03929425244 1.14241068714 1.14999987657 0.76786316572 0.928892127268 
1.11034845825 1.14242670858 1.12768227618 0.991919330517 0.90640678631 1.02915239266 0.906800074139 0.936450147547 1.13492716597 0.992037825867 
1.10995292143 0.680781752711 0.802732979525 1.14213143477 1.14213143476 1.15 1.08079765198 0.912717858282 1.07208581258 0.75972626253 
1.10514166408 1.11998740011 1.14212901488 1.1499995204 1.15000001033 0.647800402886 0.820601059545 1.00500789545 1.14251839605 0.967678634869 
0.972193231642 0.963838695919 0.945392503739 1.02002289024 1.14088588858 0.929710260038 1.14999999996 1.14131472628 1.14999999873 1.15000000073 
0.97425826544 1.14999999998 1.13186119149 1.06907561187 0.839380896356 1.15 1.01576543185 0.889155401747 0.66816922352 1.14200838442 
0.981764789907 1.00178602908 1.15 1.15000000002 0.819572151873 1.15 1.142130968 1.04567491315 0.624863078318 1.01900863908 
1.15000000007 0.981742982103 1.01897479853 1.14213096746 1.04650881418 1.15000000001 1.14999999992 1.0017820153 0.624868730723 0.819591831311 
0.907300250643 0.959871858491 1.08795854011 1.150000122 1.14999999851 1.04202469573 1.14213143508 0.877943893504 1.14211417878 0.882657464827 
1.14999999998 0.876089098941 0.871562798741 0.545269468403 1.15 0.60012326286 1.01718738762 1.05547945146 1.14213143477 0.953033397762 
0.986226782656 1.11675905394 0.976938701706 1.14999999998 1.05868513517 0.991451590517 1.14227519739 1.14999999994 0.766498614634 1.06952493828 
1.14251161365 1.14212830504 1.00874087479 0.964478714357 1.14999999909 0.983675119143 1.11449328508 0.797006175179 0.855278569804 1.14999999362 
1.14204947426 1.14557142317 0.692594898651 1.06014993259 1.14514649636 1.02595112853 1.05415337045 1.01168117262 1.01698674611 0.900997477881 
1.05424053929 0.94164677797 1.1029344726 0.915003297222 1.14213143477 1.14999999999 0.966940119693 1.05037310596 1.10950193692 1.14172643615 
1.14999999999 0.982742721707 1.03566825443 1.14212974347 0.882446135827 0.986142826601 1.1418854263 1.04309177445 1.05255633096 0.986803610209 
0.947760308568 1.14094498809 1.14215071971 1.01358335024 1.14999999959 1.14999999973 0.785438645591 0.964963795988 1.1255412559 1.15000000001 
0.77594994764 1.13385089251 1.00726034693 1.14999999891 0.837009828652 1.14212828692 1.14213119825 0.622239814178 1.14999999901 1.13137887942 
1.14999999939 1.14507705874 1.00727092147 1.14999999847 1.14404437378 1.08940784585 1.00848779528 0.614484304643 1.0813774765 1.00541475627 
0.961293486344 1.14213147691 0.900572837149 0.554649633729 1.15 1.0134931571 1.15 1.15 1.11066211454 1.1420930489 
1.01898018484 1.15 1.00178999733 0.819548522282 1.15 0.624858822861 1.04565826738 0.98177649272 1.15 1.14213096788 
1.15000000039 1.12876842813 0.995169221048 1.14211417882 1.14999999981 1.14212475896 0.683900851051 1.14999999995 1.1500000066 0.983112578191 
1.15 1.14213146053 0.964631994615 0.583445057417 0.915563174965 1.11657364743 1.15000000011 1.09895955536 1.01588483294 0.975913660219 
0.944865067345 1.01787410959 1.14242828873 0.980819145029 1.14655811092 1.10014582427 1.13285371407 0.966328976503 1.05856402367 1.01877742717 
1.15000000262 1.02582769699 1.12343775885 1.14213145792 1.1285981332 1.14999999595 1.04431538952 0.768373869713 1.15000000001 0.985456474059 
1.14213143477 1.13744333326 1.14150217297 1.04715444957 0.824302363409 0.899262925927 1.1500000015 1.15000004267 1.00509685601 0.994909829431 
1.15000002043 0.986281666101 0.727789245242 0.868450145607 1.00337542494 1.14132155508 1.14213143477 1.04488702661 0.959907412457 1.07849165271 
1.14999999153 0.994172276846 0.676366061257 0.757203074778 1.1424998795 0.960264399394 0.932351348239 1.14999996293 1.01082536509 1.14213007319 
0.955098095351 0.870698626557 0.874996139807 0.843392996935 0.987474929846 1.10417206486 0.891989398116 1.14248227835 1.14999987418 1.11833052701 
0.749267645708 1.15003077559 1.00096810401 0.714397373087 1.07194941528 1.1500000319 1.14213144406 1.15000000015 1.1009745553 0.928115718461 
1.15000000118 1.14213143477 0.984750469942 1.04411292293 1.05300408301 0.993515518778 0.85928016575 1.05717797145 0.964232644888 1.14176500625 
0.985574466184 1.14211575629 1.04318694344 0.93440240943 1.13550483371 0.951867183495 0.918857329812 1.15000135305 1.04276422829 0.999768271699 
1.14213143477 0.994460745843 0.983878860122 0.963717716679 1.05532525047 1.1500000479 1.05694189709 1.02518994098 1.14176201782 0.859951369841 
0.896850753076 0.895006927828 1.14213143477 1.0622194035 0.963575425055 1.11337542546 0.739749064971 0.876527619925 1.14213143477 1.09022808813 
1.05430219425 0.98404579085 0.994974600655 0.859357113256 1.0573545004 1.00622275207 0.96358515181 1.14176125927 1.14213143477 1.15000000602 
0.954093378781 1.14999983072 0.656041983194 0.959225896198 1.14249639113 0.973815863667 1.00825119964 1.14393604935 0.948628741395 1.14212891244 
1.14463284844 0.76102647678 1.01956918745 1.14999999957 1.09892427084 1.15000000008 0.987798174316 1.14999999779 1.15000000464 1.14213160041 
1.00475815999 1.05317310165 0.792141484352 0.949149175285 1.14212095695 0.960057421735 1.14246668368 1.03909780084 1.15000000517 1.14999740259 
1.02681998592 1.14999999999 1.02665431791 1.11026100724 1.03194171323 1.15 0.617959426485 0.770801782346 0.96925547219 1.14213145942 
0.630158970667 1.15000000828 0.975905469823 1.00111295525 1.14213075499 0.798988280972 1.0601919077 1.15000000002 1.11136418015 0.980154689578 
0.920511329495 0.975394886386 1.14819945947 1.12006666683 0.673719121986 1.15000000018 1.01830974894 0.998709091111 1.14213093452 1.03721432058 
1.15000000022 1.05214193047 1.12577138999 1.14182929249 1.14999999901 0.962892853421 0.944602268144 0.989073051961 1.03143208509 1.14213050622 
1.00275414518 0.757854995974 1.02971163563 1.15 1.14999999981 0.974617978323 1.12134670411 1.14213146351 0.645926243745 1.10459495879 
1.13565519614 1.03603819384 1.04059300085 0.999822242486 0.934519394318 0.917875901158 1.14211576649 1.15000225258 0.953725186363 0.982904535509 
0.908581001837 0.987504743378 0.931377312059 1.07036151709 0.891397819454 1.09501536139 0.886688911944 1.1424154196 1.10504561775 0.692138596647 
0.615645326959 1.00323221413 0.987169762219 0.797048853666 1.15 1.01315925063 0.923244029225 1.04513767099 1.15 1.14213114909 
1.14211807424 1.14999950072 0.988343424848 1.14211417882 0.707297240014 1.14999998416 1.00461948301 0.850886370738 0.668547553165 1.15000000119 
1.14213143809 1.14999999965 1.14999994575 0.991868231616 0.709869169471 1.15000000355 1.15000028411 1.02040491147 1.14999999394 1.1421288776 
0.843219029515 1.12332828453 1.14413053973 1.15000001962 1.07237258735 0.595549725001 1.09137984945 0.994176435352 0.994244034351 0.62428730355 
0.963533595315 1.14251085996 0.895615375407 1.00788121499 0.656776704289 1.14212804879 1.11804762248 0.959514427558 1.14999974743 1.14999986264 
0.819080705334 0.988068077586 0.960172191105 1.09412740438 0.890598208585 1.0828366391 1.14249849897 1.10609349189 0.936110387221 1.11787162251 
0.999027998087 1.14212947247 1.15000327266 0.818230806565 0.981504148156 1.1497771899 0.941552513949 0.797701188717 0.989053318725 1.15000000012 
0.65306184783 0.908935577368 1.14212278407 1.13061332579 1.1425235148 0.769663813902 0.96679979754 1.15000000001 0.990734543345 1.0052657073 
1.15000000023 1.15 0.988891965885 1.14999999997 1.02598062946 1.14213148576 0.728415268037 1.02632156765 1.14999999999 1.15 
1.14999999997 0.605977984141 1.1499999999 1.14330894591 0.99644608524 1.14999999882 1.14999999151 0.986801213746 0.96762066928 1.0633602182 
0.94374471005 0.69184349976 1.08048870543 1.14213143477 1.14213143477 0.943411931914 0.746230021921 0.86145777745 1.15000012345 1.15000029297 
0.951001980465 0.756109636203 1.06600304799 1.15000004485 0.851936190048 1.14246940587 1.01473385129 1.11655116992 0.961921362201 0.703357201757 
1.14999999998 1.14999970528 0.991866178137 1.00204704831 1.15000195995 0.974634501164 0.806656869708 1.14213036329 1.15000029086 0.831345104477 
0.669940141182 1.14999998338 0.878692332445 0.980511153032 0.919831075857 1.1500000892 1.14999999379 0.982324645067 0.739043287537 1.14213143477 
0.982754037711 0.986774713603 0.882488855935 0.986169211352 1.04314432816 1.14212974396 1.03568513429 1.14188550359 1.05254319926 1.14999999976 
0.86017247791 0.844791350975 1.14213115541 0.989328273466 0.914184643151 1.15 0.819174919944 0.99891577116 1.15 1.15000000001 
1.14213143477 1.15000000011 0.949554095629 0.991462129934 1.06182260585 1.14245909619 0.764387856534 1.14654967648 1.14999999836 0.799151119786 
0.972364794194 1.06336715005 1.07774493234 1.12148760187 0.994210430208 1.14999999888 0.6059490121 0.9871724871 0.996476878188 1.14362645885 
1.14243813604 1.11433205474 0.900757112196 1.04881602391 0.882937931075 1.07159344521 0.992510995762 1.07615331702 1.14999999998 0.943381928887 
1.14188598944 0.982731831736 1.04360898771 0.882524752957 0.986328545967 1.14212974374 0.986727901053 1.03561455262 1.05257852466 1.15000000005 
1.14177163374 1.00865070126 1.04806446928 1.14999986388 0.888145550952 0.935316007999 1.15000000017 1.10667656885 1.14212962913 0.969688425579 
1.11193332721 1.15000000001 1.05555862664 1.15 1.04197908846 0.945500035965 0.777366452891 0.842064331309 1.14243333581 1.00744349446 
1.14824592751 1.00178739732 1.14318694409 0.898955742626 0.906319018842 1.06418735675 0.897722617541 1.05684894601 1.14213143477 0.610185571284 
1.15 1.14999999996 0.900368035679 0.87835971945 0.763071279371 1.14999999956 0.953516066238 1.03457588822 1.14202457423 1.14999999993 
1.09584442248 1.14251268081 1.13579775846 0.913041257174 1.00869524854 0.604545277534 0.963599536761 0.946902200862 0.972076701435 1.15000002249 
0.864309649755 0.927101924361 0.918682908996 0.981877876418 1.15000000014 1.14999999972 1.14213143494 1.06550981145 1.15000000006 1.13754635641 
1.14999999718 0.945056282329 0.95881609417 1.01645245899 0.886738607111 0.938801461119 1.13942622558 1.14212973968 1.14999996558 0.950501645653 
1.1065151332 0.946057836999 1.14999999999 1.00213050621 1.14244764994 1.07279240527 1.02508698362 1.14213143477 1.0852748836 0.659056196782 
0.99728930012 0.713747004989 0.615560669118 0.863023024023 1.14381659011 0.833862163194 0.988254723024 0.867589206816 1.08336282038 0.990766994131 
0.812359540522 1.14999173036 1.14242600327 1.10351912435 1.14213143477 1.14997868337 1.00821938809 1.0170211854 1.08213789076 0.938147837939 
1.15000000007 1.04188024535 1.14113870701 1.09500825662 1.10250633071 1.02044825353 1.00239861458 0.822458023469 1.14964279941 1.14213143477 
1.00028373289 1.06631308097 1.14213143477 0.920067598488 1.14999335238 1.14999883787 1.14211877658 0.654425508746 0.850548426885 1.13861650364 
1.15000009536 0.931213677796 0.915486614054 1.14179363059 1.14213053905 1.05155610681 1.12901896047 0.986191116947 1.12947606381 1.04878987627 
1.14212834759 0.893884903948 1.15000000132 1.14252166049 0.653375365612 0.966678071408 1.11809537274 0.892871594151 1.00818755967 1.08332324916 
1.05261931963 0.986052688317 1.03896699805 0.985296139379 1.03581871762 1.14188419369 1.14999999932 1.14212977455 0.982855429007 0.882797597572 
0.728148973519 1.14213143477 1.04474833765 0.986759285417 1.15000000006 1.14132337726 1.07987754818 0.869255084744 1.00292151797 0.959094529746 
1.08554443565 0.865178250908 1.14086803191 0.969019493789 0.898282767208 1.01093775754 1.02779752623 1.14212762521 1.14999975679 1.0550492787 
0.6248720774 1.15000000074 1.04562150241 1.15000000002 0.819625555737 0.98178585946 1.14213096833 1.01899401975 1.15000000484 1.00179552069 
0.973130270651 0.87944278533 1.02289947248 1.08421207781 1.1499999996 0.803815204548 1.14213021726 1.01077992939 1.14999999995 1.1161701425 
1.14999993514 1.0374842939 1.14999999006 1.11374318843 1.14999999998 0.944057390109 0.622739266873 0.891270723316 0.992689312697 1.14244289796 
0.821277194432 1.04638546055 1.00446630467 1.14699606993 1.15000000001 1.14213143477 1.03527976578 1.14142768231 1.03985999497 1.15 
1.14213143242 0.952301158321 0.997977182058 1.14212565631 1.14999999975 1.15000000001 1.15000000085 1.09044794614 0.556831309568 1.06135956304 
1.14999999521 1.14216958016 0.997968469462 0.626122341778 0.831880086781 1.01914464946 0.985080029368 0.583655539632 1.15000000001 1.1499999973 
1.10583070396 0.906347435154 1.12305249758 0.903342735459 1.14242391753 0.93607583212 1.06248171602 0.970682953866 0.990320266663 0.850105653467 
0.986850364325 0.982696959801 1.15000000058 0.986048267176 0.882264886578 1.14212974478 1.04278595995 1.03563240089 1.14188450023 1.0524988611 
1.14213143733 1.14999999562 0.92455213747 1.14213143477 1.06572283737 1.05285708672 0.95334191873 1.15000000577 0.695446793623 0.847634821522 
0.861907543476 1.08298515893 0.947540445411 1.05086642311 0.970311428035 0.880336084515 0.877749783145 1.14212989683 1.14173614447 1.15000000211 
1.03006385227 1.15 1.14776146044 1.01759128166 0.610378765508 1.02790150807 0.985279586788 0.979392735711 0.974837438202 1.14213147148 
0.999794368012 1.15000000325 1.14999999772 0.923326915825 1.14631962712 1.11607355575 1.0597691311 1.00420648441 0.613019955514 1.04213765773 
1.14324583491 1.14999999997 1.08707060853 1.14259302559 0.929127403487 0.984177246382 1.14488746312 1.14999999976 1.02484811959 1.07591195064 
0.798678324709 1.1499951456 0.849645458435 0.837750531436 1.03739644332 1.05860004031 1.14245560759 1.01937000965 1.14210972399 0.945134868702 
0.97966847945 1.14777001384 0.610352179584 0.974818557738 1.01755653483 1.14213147148 1.03007799714 1.15 0.985300134854 1.02791789035 
0.881559454695 0.987957809795 1.05202937072 0.986468967955 1.14999999681 0.98227650401 1.1418842875 1.03506334684 1.04503923029 1.1421297679 
1.15000000001 0.982806436608 1.14188588355 0.986474698702 1.14212974654 1.03568366624 1.04415999047 1.05255935537 0.882576485952 0.986738507108 
1.15 0.768368863408 1.12860283091 1.04430290758 1.14999999991 0.985460796297 1.12343348065 1.14999999958 1.02582685665 1.14213145792 
1.01360751046 1.08387936836 1.02184097448 1.13076608524 1.14999999987 1.09296908673 1.09912989664 1.14213066396 1.14999885702 0.974360922548 
1.08891053966 1.01889582642 1.14241148533 1.05208067095 0.92953018543 0.75988044683 0.706593414965 0.986412421911 0.992729377331 1.05390653816 
