329.332424317 66.8187401069 461.686340963 -223.70581744 -332.837826945 -461.686340963 183.467330088 -174.364537571 -57.3972055216 307.046433189 
461.686340963 171.999116006 -461.686340963 332.362813345 -5.05431490646 -215.925657022 54.0239356226 296.802986827 -335.596273399 -96.4289233187 
-461.686348702 221.835426906 -139.904458789 63.120618955 461.686319977 -70.6167868443 -339.270829641 112.752099853 343.417311209 -210.386291132 
-461.686340963 -61.5072514382 461.686340963 -330.832232045 332.908956613 -76.72262847 -202.12277477 197.918118054 61.592351197 191.264269427 
-82.1570363871 138.590913539 -339.899447581 346.642646734 248.340081115 -86.8468063071 39.8886431718 461.686340963 -222.40076468 -461.686340963 
461.686340963 -229.764585988 -461.686340963 -330.820735441 -174.353667641 99.06871312 20.8059926904 -46.713178056 214.294292014 332.334174655 
461.686341145 222.858822369 -338.015129414 166.332412219 -209.512789274 49.1726023392 331.302472478 -461.686340963 -81.5446870155 -72.0300975926 
166.338899715 461.686347639 -72.0214075715 331.306457235 -461.686340963 49.1854391885 -337.994552344 222.859465714 -81.5002147645 -209.491702478 
-346.265483454 119.768531146 337.343897282 -255.477067733 209.794242198 -461.686340963 -80.1238590911 -139.257957765 461.686340963 29.8624629915 
-273.695087263 -346.80955305 -134.17304314 224.361634593 100.471772418 -150.134456288 -461.686340963 342.125073751 461.686340963 -12.6076960872 
333.148621286 26.6350760049 461.686340963 -460.473583425 -218.832862288 -16.22288124 200.005446699 -104.255384716 -336.758469149 130.091707534 
61.5349875352 461.686340963 197.804788714 190.880432704 -329.774944601 -461.686340963 -138.806234007 -18.2229703296 -249.17212063 332.775526831 
461.686340963 224.415435889 -54.8546155647 -330.452853317 -183.260775929 -461.686340963 340.599975908 -21.253915328 -261.026688013 97.0961633719 
-461.686341159 -15.0093623117 101.23907811 -255.749557728 225.012173141 -182.026351356 -52.4295150969 335.982923402 -331.151255642 461.686340963 
-49.0202980063 -167.51006942 -461.686340963 222.899411199 -332.253790985 104.658249767 461.686340963 -225.118801995 336.173347178 74.9765408471 
-135.959830392 461.686340963 252.560612271 347.945467245 129.48618569 24.1572568308 -213.786775922 -461.686340963 -336.562154194 -64.6524394598 
-215.742311614 -114.939183849 200.281256016 33.2944455812 -332.400102499 461.686340963 172.63241053 -48.7428713831 325.932304389 -461.686340963 
-230.996108379 -114.080248498 461.686340963 -461.686340963 170.287340655 326.756782853 253.720945192 12.6193265938 -334.304512543 44.9710651739 
-355.771232761 97.7980847347 -227.447692518 -28.0036546793 216.649831667 219.035792025 342.429286347 -102.980491664 -461.686340924 460.695260326 
-72.0342172589 166.331086279 222.858877654 -209.512225057 -338.011448821 -81.5410347546 -461.686340963 461.686341351 49.1724119973 331.300319184 
-74.6127712966 -461.686340963 196.148307168 177.279351738 327.859027226 461.686340963 -126.38108513 -233.251163407 47.2283593 -337.616924657 
-54.652587118 332.084504159 208.890596979 70.0215783547 -287.696682539 -165.91646553 -461.686340963 -344.530233066 80.880353358 461.686340963 
-213.696952038 -333.247758904 203.215839537 335.461392701 82.6721012449 -461.686340963 -182.804791267 461.686340963 -63.042726698 67.8529445039 
19.293943724 236.947790479 -332.419810865 330.394066442 130.521146231 -171.03529672 -461.686340963 -224.498898897 -52.5460972136 461.686340963 
229.526658531 -461.686340853 461.686340963 337.458071133 -154.134078572 -334.925676017 58.5621201338 -64.4597680239 165.389997367 -226.82972833 
60.1718294013 -333.769600402 -211.051630622 -178.008271273 165.375048634 461.686340963 230.84822169 337.792000302 -61.3705264682 -461.686340963 
-333.318623432 -461.686340963 -116.092261712 -227.854701315 51.601337089 180.369807787 -69.7313477527 328.897932148 194.690555381 461.686340963 
299.912354551 -461.686340963 -220.543133916 -337.066464671 330.578487874 461.686340963 39.5245825998 172.045966379 -93.8355623082 47.1180472537 
-335.091352765 -82.2918533716 107.334753829 119.978550717 -461.686340963 -208.255569191 340.780277059 -0.916297092782 239.672336904 461.686340963 
52.928772632 228.083482571 155.146512254 -461.686341093 -333.971830041 -225.82290739 -170.295052563 338.556215223 -71.3775338793 461.686340963 
16.4000736996 269.157677835 144.682033978 -461.686340963 461.686340963 -339.545718671 -99.4764841413 -123.02329317 -246.939300897 346.999099316 
228.190105296 -225.708450447 154.959256431 -71.3131282881 -333.995792013 53.0222951298 338.584530188 -461.686340963 461.686340963 -170.51451023 
-97.8109705548 -339.297677785 461.686340963 88.0054297305 -461.686340963 339.361760424 -247.670391075 209.062071865 17.8651971151 -122.947246079 
-333.937247113 155.047898027 -225.613524989 -170.298033038 338.644925158 -461.686340963 -71.2676813157 461.686340963 228.217038116 53.0458895648 
-212.499924613 330.929654373 -83.9543487363 185.887831202 57.2942901977 -62.7140497566 195.972313705 -461.686340963 -334.622741386 461.686340963 
-35.8671843153 -223.929267142 239.987778211 132.726325289 -461.686340963 -159.484397764 461.68634096 -329.077120791 14.1447432845 329.112762768 
198.824827834 -461.68640644 -184.452264914 194.777856749 461.686340963 -229.80631402 67.7570521459 -333.216557014 334.142742147 -53.2608873022 
89.6824405469 -339.758333878 -111.469125735 -213.268170994 -461.686340936 -51.1587056484 77.9778910114 215.255567442 461.686340963 333.281126054 
-94.0909906914 168.233560694 461.686341105 223.416045433 332.36249017 -210.852806038 -338.366855769 53.1691645797 -461.686340963 -64.0560536444 
-282.462573716 461.686340962 -156.14247445 209.065756197 -343.881923606 50.8690840717 108.070577356 -47.8034972019 332.460444784 -461.686340963 
-179.529558218 336.000535009 -53.4133784377 461.686340963 -328.15580327 -192.540373959 104.517708346 73.245866334 -461.686340963 223.391234316 
-461.686340963 -209.118915416 241.952784251 -60.3401904446 133.745731529 461.686340963 -333.406632533 332.279091041 -146.911536926 22.5975801684 
461.686340963 144.340020895 -247.250348787 346.864343987 -461.686340963 -99.94379649 268.801062647 -123.287625252 -339.384382964 16.0375937373 
61.9396221937 330.258551571 304.173129695 -461.686340963 -207.222979208 461.686340963 -60.7153358019 180.272454604 -336.09910317 -82.4110476801 
-56.2944671226 222.849952225 461.686335447 -220.154818411 44.4294730552 -330.745354878 -461.686340969 -98.2055780277 164.149036292 330.311301419 
461.686340963 -208.626694832 -461.686340963 188.439461191 53.586171877 332.126589624 197.086832432 -335.566423272 -118.65002344 -63.4526618126 
54.90711413 181.120058535 -335.973844915 193.450517072 -74.2289829789 -71.2184333809 -211.42144269 -461.686340963 320.288373995 449.30473728 
-226.8187772 -461.686358552 172.120580459 -335.652056168 46.2620453924 -100.879428512 329.273967538 231.107064685 461.686340963 -78.6934761201 
188.526791814 59.2193663602 -333.656938005 196.960981837 -80.15032711 461.686340963 -64.2507508673 -212.321909783 -461.686340963 331.91529453 
-94.3892648831 331.140187641 298.993880153 -337.898371754 30.1357905652 -461.686340963 170.293693109 461.686340963 -226.522712089 46.2079185171 
127.030745706 326.196777204 188.149150554 -125.76971661 455.797982906 -333.662591046 -69.3462969842 -228.401927121 -461.686340963 55.5044691915 
-90.989550512 -57.2958063423 461.686340963 -461.686340963 63.5901176986 -207.30226095 193.496478615 333.763878961 -336.52953455 198.128738206 
7.31005928193 -461.686341106 461.686340963 126.82882403 238.41408037 329.512651888 -196.636773038 -181.464094081 -331.851051343 -56.1628484352 
-85.3079745601 -57.9784597454 -337.934574123 179.499336045 461.686340963 56.9163970492 -461.686340963 241.857173579 -215.169450405 328.322294338 
101.437257242 215.388503858 340.017980144 51.2951788927 461.686340963 -461.686340963 -225.751651705 -150.959929037 -332.09874344 -84.0424913809 
150.684089817 -223.041219981 298.622846831 -460.14670333 -88.6801198056 23.5106735316 169.362985523 -344.792866782 424.707926629 -108.586721464 
56.6136259267 -347.849540941 218.156755558 -461.686340963 171.387857225 461.19401057 -193.059781106 332.218910334 -315.029081744 -67.697409717 
-75.6990377563 -413.230824151 -300.303977284 37.5420729429 -186.311357792 -460.082911739 405.459996248 267.86821034 155.953363034 425.055090882 
-167.515200043 74.9681288642 -332.258685565 104.647255322 -225.148445575 222.89535763 -461.686340963 461.686340963 336.169656816 -49.0267377539 
-123.503112204 -339.603968773 329.909012748 461.686341012 -461.686340963 43.8578821385 -251.350190258 219.681238088 -24.4672013693 163.720419202 
461.686340963 -461.18296661 127.312818056 -88.7651750034 350.551363561 -215.53780335 -125.486485473 -341.564808481 19.246242512 229.955696843 
-207.386073999 -461.686340963 330.744117968 64.6114144962 -338.500689261 -73.9285947151 -72.604839414 461.686340963 237.638031347 177.964584204 
169.723020905 461.686340963 44.3430394276 -97.8028744135 26.4989238259 -335.619220662 332.786903825 -215.058364991 -461.686340963 295.261052519 
461.686340963 -167.533598629 -225.119126033 -332.252065535 104.636119137 222.869848293 74.9401788914 -461.686340963 336.162572665 -49.0511666345 
461.686340963 103.334255256 333.744210493 -225.191310572 -332.35101692 -168.227210159 -49.9804245775 -461.686340963 221.399854507 73.9634427701 
461.686340963 -81.5983000499 -226.918041864 -91.749339349 65.2565823811 296.401025167 -338.623855482 -461.686340963 170.294030229 341.080845921 
-178.729542199 -302.851705047 101.194554059 -18.9201738599 -340.140478332 -461.686340963 -124.924787216 345.233930979 461.686340963 228.573950971 
101.266904264 -461.686343279 -147.431174738 -230.973852846 -340.904829779 -38.801631507 461.686340963 105.063190574 335.931281664 231.256627641 
-461.686340963 138.501972559 461.686340963 29.0325029581 334.665547155 -12.1691055541 267.896030349 -140.087003637 -218.114631326 -328.014678162 
-122.137768678 -338.719689908 -461.686340963 339.850217494 10.2803878908 -115.852522991 262.999863467 -244.577880079 137.417717257 459.743365359 
-16.2276119114 -461.68634094 -139.480089424 344.698840898 -267.377944975 50.0595669479 461.686340963 255.673624158 136.263523978 -341.974150499 
-222.858923926 67.6861404799 -331.321161878 86.5363790053 -58.2529396242 339.235415867 -461.686340963 461.686340963 -172.946839595 216.51876095 
238.340397634 -95.0206438899 -68.7840210181 -218.215171487 175.523747973 53.4209141436 -461.686340963 -330.114426364 330.011487412 461.686341017 
209.001553084 -219.437796838 -60.8192279428 -174.468449941 461.686340963 -330.24989434 -461.686340963 83.4050824331 334.941831566 63.7840902208 
63.5023504667 338.921005594 461.686340963 -206.562241171 -461.686340963 -338.76531531 167.930464364 -170.294139436 -61.0408756489 234.231719965 
193.156825527 -334.880689986 186.858165159 -461.686340963 -108.416962128 331.5218592 461.686340963 -75.5951918761 -231.778314491 47.2307234456 
-179.324724928 -192.439262537 105.111500268 461.686340963 223.834627364 335.964435519 -53.2599393802 73.4495147425 -328.028065876 -461.686340963 
461.686340963 -461.686340963 331.776310812 58.3160551378 -78.771241951 188.136797766 -64.6320611124 -331.07218099 196.787819511 -209.114988701 
336.21156449 74.853609162 -225.445257521 104.91148926 -461.686340963 461.686340963 -49.1085393637 222.9638927 -167.583753035 -332.29820175 
-211.101077714 230.775372533 337.736943435 -333.813702125 60.1021610313 461.686340963 -461.686340963 -178.118970734 165.137423353 -61.4510815816 
-234.543457105 123.125096301 461.686340963 -461.686340963 -341.324227169 101.942177294 342.02503088 244.615211085 -118.527168306 -20.5134889478 
-81.5301165348 49.1631754524 -461.686340963 -338.018084858 -209.514859707 461.686341203 331.298620257 -72.0421130173 166.327099186 222.861296297 
461.686340963 -330.411569651 208.892409249 -57.7148240731 -461.686340963 -198.518578652 332.850703692 94.6856707672 58.3069184753 -187.50314585 
-461.686340963 -213.51096489 -334.377148644 461.686340963 -95.5168513619 295.332462191 27.4184684921 49.4738679098 332.854421808 169.450845905 
-64.8577099245 337.646796424 165.635043689 -189.101651695 -461.686340924 230.138638761 -334.376766523 461.686340963 -231.86843551 59.3502955673 
461.686340963 11.6118566734 -233.198892388 109.049581769 -335.892666957 -152.510738978 -31.4114194872 -461.686342552 225.077036026 343.043007369 
-461.6863412 328.677768977 -217.975033112 26.7794392731 160.593248118 244.918253075 461.686340963 2.31505318298 -102.268147434 -339.56209283 
461.686340963 57.200404333 -461.686340963 0.000400903610027 174.689099764 299.3652035 -91.5390160761 -335.532437188 331.80264218 -209.232469553 
75.0223454166 -167.480852881 -48.9781863224 104.706530584 -332.242311046 222.947885473 -225.114898886 -461.686340963 461.686340963 336.187781397 
-49.1793854211 -244.066813761 111.218682184 461.686340963 344.49888374 -342.297715432 -461.686340963 73.9118311232 225.01147651 -141.410320669 
106.450765845 -461.686340963 -166.765121891 336.118652565 76.113730717 -332.045346532 -224.886474421 224.722364967 461.686340963 -47.9788431214 
85.0607403901 -65.5051019132 -333.012392875 -166.734646203 62.281445232 -461.686340963 -210.331805106 208.924723427 461.686341952 332.153385572 
227.972669246 -248.774022059 -340.814540227 35.1868694835 158.777068718 327.086181052 -119.201352467 461.686340963 -27.3083902612 -461.686340963 
-189.311687315 -271.90917933 -461.686345572 328.832661557 -61.7122243429 461.686342115 -329.977424082 90.0350890328 -34.2570671539 212.946573316 
-349.747850991 212.350307339 -143.711153751 -281.308940774 -461.686340963 332.848963445 -30.5812865816 -138.276673893 461.686340963 95.8129846066 
208.924056004 -333.015215313 62.2742531691 461.686340963 -166.726964686 332.156667306 85.0687822822 -65.5087238339 -210.335760014 -461.686340963 
-332.076579356 105.736020002 336.126571098 74.9144469983 -49.0804993426 -167.556468402 461.686340963 -461.686340963 -224.618503996 222.958996349 
-49.0592410806 -167.535037936 461.686340963 104.616971967 222.875411935 -461.686340963 -225.118575705 336.162152361 -332.262394174 74.9369088594 
-52.5477351613 -224.494442774 130.520759483 -461.686340963 19.2941854223 461.686341742 -332.418305585 -171.036182796 236.94736079 330.393270844 
103.938461567 208.985326546 -48.5558890369 -461.686340963 54.4374076009 -165.09157449 -334.231785143 332.638205981 -263.076883434 461.686340963 
461.686340963 -61.4540107846 182.819556169 -461.686340963 306.453871229 -176.845752327 -211.238477854 329.802287003 -334.09140729 59.9119916806 
