329.644953372 66.3080380114 461.686340963 -223.885167078 -333.128871123 -461.686340963 182.872794109 -174.452364527 -57.9296666083 306.513623373 
461.686340963 171.981485463 -461.686340963 332.40780452 -5.02316320742 -215.902123774 54.0133405502 296.798718161 -335.50750562 -96.4525724321 
-461.686341814 222.83650452 -135.661661368 65.3901412628 461.686340963 -61.4867368041 -339.942555087 117.066124665 343.892373451 -211.950601467 
-461.686340963 -66.8067114135 461.686340937 -336.190516791 333.842819794 -79.5635237294 -206.780111424 199.579285195 56.6317812398 185.970337426 
-80.7991946019 157.565736874 -338.072927914 348.893065455 276.534602508 -87.8239138918 40.1640899134 461.686340963 -221.022591198 -461.686340963 
461.686340963 -245.564143049 -461.686340963 -331.919366249 -180.323199556 88.6074342179 -3.06745395268 -54.8303997679 210.653437621 333.380315381 
461.686340963 212.754141907 -336.050384755 175.425270153 -206.551328141 55.720205036 327.260906705 -461.686340963 -80.5211768649 -65.9631713511 
211.890637148 461.686340963 -63.9799195027 331.198521242 -461.686340963 57.4376313915 -336.524686187 151.357988147 -101.027379966 -210.837573628 
-337.358988745 106.108927133 339.630341061 -246.835530237 211.880631646 -461.686340963 -115.061162375 -165.959538638 461.686340963 -8.63447545702 
-265.112915703 -343.130529718 -129.059958583 230.680459833 108.851556029 -138.936420672 -461.686340963 345.936605694 461.686340963 -1.94289596178 
335.982679496 25.9191060615 461.686340964 -461.686340963 -221.041913444 -16.4284161247 203.969419113 -104.896455935 -338.160541146 128.722271326 
56.0645030688 461.686340963 199.784350367 185.651976595 -333.912448331 -461.686340963 -138.78408042 -18.0152904046 -250.116759249 333.861783644 
461.686328613 224.411188538 -54.8566579165 -330.4661313 -183.261190327 -461.686340963 340.577931722 -21.2547060922 -261.02735428 97.1073981689 
-461.686340719 8.2747213791 124.02314211 -236.013254902 247.698051248 -156.904281413 -27.5438036177 342.394310267 -331.801684929 461.686340963 
-46.7561949125 -165.183222293 -461.686340963 226.624807411 -331.574987016 107.621749546 461.686340963 -224.023552859 337.253027671 78.5608066699 
-117.163046123 461.686340963 269.256672386 346.820752269 146.518497081 38.7054516261 -210.040964906 -461.686340963 -335.536810792 -60.9872807207 
-219.987472834 -136.366803637 210.906002242 16.4789458055 -332.461406281 461.686340963 138.955691384 -37.047212651 333.021102697 -461.686340963 
-253.942414356 -149.156340512 461.686340963 -461.686340963 115.024739299 329.092610345 217.424931679 57.9790471947 -334.90424855 -25.0538385693 
-337.156703376 56.3785329705 -205.055126888 -79.6081921245 181.048460602 202.807151195 333.576803664 -64.8477348185 -461.686340963 461.686340963 
-66.0334509465 175.348671767 212.741883414 -206.57589615 -336.050525857 -80.5429659625 -461.686340963 461.686340963 55.6438354192 327.229819321 
-130.482737682 -461.686340963 174.364289584 204.50953091 332.471470635 461.686340963 -76.9758315378 -260.419607126 43.4256902707 -335.607478099 
-51.8588499884 335.353534373 212.868864755 72.4560479653 -285.564305219 -163.501656432 -461.686340913 -344.135002316 87.0656426387 461.686340963 
-213.231603768 -333.054160085 203.387865847 335.578310261 82.7852094127 -461.686340963 -182.47985086 461.686340963 -62.759868481 68.2066587709 
40.7999496803 163.470613626 -338.430980319 316.45503183 196.917426262 -176.014224904 -464.824002454 -230.683841324 -71.4959495764 457.700998637 
219.202229063 -461.686340904 461.686340963 335.216492774 -151.294690018 -333.326311156 72.3856534942 -53.9387020085 168.92859319 -222.151158821 
119.281034264 -333.467479997 -154.544177221 -253.478969977 103.240976183 461.686340963 241.017214673 341.656245429 -22.2817943349 -461.686340963 
-333.965026572 -461.686340963 -116.817098858 -229.778032756 48.404182016 176.807256725 -72.9536390346 332.329268847 198.887686765 461.686340963 
300.195404327 -461.686340963 -218.974862083 -336.708668962 330.805088935 461.686340963 40.3972371771 172.342102539 -93.5415427642 47.4009956899 
-334.828126818 -82.0341077558 97.4878329204 137.571559999 -461.686340963 -206.925144659 337.275443879 11.6857197468 244.119017644 461.686340963 
106.054171496 228.150858589 82.9418357608 -461.686340963 -329.66834962 -207.401973807 -168.756413826 337.911765248 -46.5383146795 461.686340963 
21.0312882121 271.131514636 146.900529725 -461.686340963 461.686340963 -339.049581459 -125.124590595 -95.6830431695 -245.102762194 347.689100511 
229.526825264 -207.005849698 83.7839214396 -45.6030901835 -329.456808008 107.329606902 338.183934539 -461.686340963 461.686340963 -167.953456299 
-97.8145733256 -339.606270347 461.686340963 88.0224822861 -461.686340963 339.381811159 -247.678326146 209.073763439 17.8621410259 -122.917065002 
-329.514650863 84.4853050324 -205.999660299 -167.284135157 338.635188603 -461.686340963 -45.0588467052 461.686340963 229.488183406 107.581480922 
-213.089544931 333.519495957 -84.3709321554 183.512682529 55.8224386013 -63.9127259803 199.867073332 -461.686340963 -334.850642433 461.686340963 
-53.107308052 -223.887955566 258.784036266 144.468041299 -461.686340963 -170.482210885 461.686340963 -332.379336508 25.7854501233 329.090048041 
202.652837155 -461.686340963 -188.786705394 185.087246251 461.686340963 -329.532658669 61.3049844665 -308.166232154 334.215466566 -60.7737632194 
95.3091507813 -337.312955512 -104.593516639 -210.152130204 -461.686340963 -36.2246555642 93.5696367551 228.204590408 461.686340963 335.295445808 
-91.3009346665 179.802318388 461.686340963 213.383649848 328.53658325 -207.441948678 -336.608174158 61.1151296706 -461.68634095 -57.3568411413 
-274.305692054 461.686340963 -147.985016115 211.620188706 -343.142017556 54.0625140179 118.127369547 -41.2806600023 333.302261781 -461.686340963 
-172.554346684 336.841751966 -48.6721125709 461.686340963 -326.977623426 -191.55994891 106.818963316 77.0475730906 -461.686343321 225.562016658 
-461.686340963 -206.668873232 257.247723732 -56.2795866562 153.098392509 461.686340963 -333.248720278 329.171679908 -130.258602853 39.2417989128 
461.686340963 145.105720728 -244.111383979 345.880515917 -461.686340963 -91.4913314508 263.692299828 -122.240077608 -338.54881801 19.6685803018 
61.9441409334 330.249279077 304.180608463 -461.686340963 -207.285919654 461.686340963 -60.7303731501 180.274016267 -336.167275058 -82.4035686675 
-50.3580283487 211.413991591 461.686340963 -216.159086375 51.5952630684 -329.542945394 -461.686340963 -93.2898678675 173.092230177 326.48547009 
461.686340963 -176.685268473 -461.686340963 179.992495863 55.6219985089 334.015263781 205.270576918 -334.055207383 -225.076946921 -59.602857177 
-37.6848275354 122.149103398 -242.24947755 235.610806499 0.816570012469 -168.977524323 -338.938452868 -457.284168676 337.858268142 454.405271542 
-228.863278417 -461.686340963 171.798988424 -334.010639566 45.2861255237 -102.340242067 329.017781056 235.41284484 461.686340963 -79.8460245006 
186.994672657 57.9891551103 -333.965960144 199.788247283 -80.6358902563 461.686340963 -65.7873001039 -212.976399298 -461.686340963 334.030791977 
-94.3992221266 331.177823943 298.990886439 -337.888152278 30.1285963096 -461.686340963 170.294472392 461.686340963 -226.520678252 46.2048786328 
126.845310332 330.032078053 206.489500789 -125.954528767 461.686340963 -335.521678573 -76.293243306 -233.163094141 -461.686340963 47.3079476644 
-98.9978868042 -63.5853006039 461.686340963 -461.686341608 58.6695991177 -210.65982772 189.204264661 334.039728214 -338.34420661 198.940633886 
23.427825838 -461.686340963 461.686340963 142.150518462 256.667214352 328.876377658 -190.951717672 -183.959648507 -328.897616978 -58.6764067414 
-84.1166106327 -62.0988322127 -336.6173126 181.684545875 461.686347269 59.7509543755 -461.686340963 252.634096257 -216.503596335 330.492769533 
103.859708154 214.997706264 339.946091775 48.4961707543 461.686340963 -461.686341 -233.542257964 -148.603864296 -333.574282649 -77.6297434082 
149.18695225 -222.20062182 298.249600252 -460.266577024 -84.280749164 24.4607030384 170.190955972 -344.740892171 424.484710282 -115.043809475 
60.5828512966 -328.309477109 209.539095305 -461.686340963 181.019608392 461.686340963 -191.13793268 328.099626615 -310.461372788 -64.8930433659 
-81.3271985609 -236.446531158 -336.435866877 49.8791559909 -108.998247393 -461.686340963 461.686340963 170.294094195 206.867250044 326.864939055 
-163.173155444 114.086277158 -331.239216214 37.7504164577 -224.357565214 236.046601857 -461.686340963 461.686340963 339.663621302 -42.6187043194 
-138.658975519 -342.04843801 331.587488527 461.686340963 -461.686340963 54.5720409836 -265.563581853 135.270561792 -33.5988106333 210.097031827 
461.686340963 -461.094768632 128.696220042 -89.4926410784 350.483138804 -216.188461325 -124.099368795 -342.29241037 21.6259937612 229.298986664 
-205.860752099 -461.686340963 331.36385411 65.6296408797 -337.475127124 -70.8974450065 -74.0506945269 461.686340963 238.408889142 180.001874892 
170.294064319 461.686340963 45.2055573275 -96.8218589647 27.3193200448 -334.658287303 332.379654074 -214.991167198 -461.686340965 296.086721211 
461.686340963 -163.16760889 -224.351786722 -331.235882947 37.7978545615 236.072329652 114.111613835 -461.686340963 339.675900676 -42.6105604565 
461.686340963 37.7510002163 339.633205884 -224.347393363 -331.237553703 -163.187634473 -42.6409088889 -461.686340963 236.017445238 114.059506257 
461.686340963 -62.754432952 -218.416018877 -89.2087021687 74.4045788772 312.960232124 -336.358046812 -461.686340963 187.467987884 325.186837581 
-178.737702616 -302.85822242 101.307725774 -18.9579282432 -340.12396876 -461.686340963 -124.902004543 345.336006633 461.686340963 228.508610968 
91.5344818782 -425.083683229 -88.5477619742 -136.204224716 -275.249985817 1.72207249637 463.49140382 175.221385087 253.411111907 233.416872955 
-461.686341821 136.84309528 461.686340963 25.1270529851 334.752938831 -13.014745673 266.383097533 -140.620772283 -221.606249139 -330.009321154 
-112.642337163 -340.244744826 -461.686340963 345.879739967 16.6210681227 -124.377917204 262.3556782 -250.930083575 137.961718474 461.686340963 
-20.308788295 -461.685567186 -140.386662861 343.687560245 -267.146616492 51.2458062673 461.686340963 250.449118738 130.094905605 -342.092048854 
-224.073507821 67.9886801611 -332.886655864 85.9063626307 -58.4298959414 339.25268606 -461.686340963 461.686340963 -172.931294711 216.651354842 
238.598793787 -94.8545719101 -68.5504211268 -218.072656981 175.68598632 53.6106822054 -461.686340963 -330.071425431 330.040511066 461.686341111 
208.898512628 -224.478801082 -61.0709599208 -174.992501265 461.686340963 -333.380919301 -461.686340963 82.5669109141 334.770389154 63.9094618333 
111.168932446 339.206040706 461.686340963 -198.727484002 -461.686341725 -334.9529906 90.3902763495 -161.630013315 -39.696478602 233.140274928 
198.749483133 -334.880188096 180.547921876 -461.686340963 -107.354117372 332.368573837 461.686340963 -77.6514612993 -231.319069858 45.1462802781 
-172.357507684 -191.478650184 107.256312672 461.686340963 225.895353489 336.838033373 -48.4997034288 77.2286478008 -326.895758707 -461.686521961 
461.686340963 -461.686340963 334.093457706 57.9790387306 -78.7669928313 187.513995319 -65.2598692282 -331.137723826 199.640237554 -209.306039874 
337.290156399 79.3613258728 -223.965833352 108.807294856 -461.686340963 461.686340963 -46.0690923732 227.769288126 -164.646817714 -331.468104696 
-157.482544326 237.582522646 340.324255341 -332.590189861 118.147511322 461.686340963 -461.686340963 -254.601443762 94.0104636538 -28.9413010283 
-229.914502053 134.953188314 461.686340963 -461.686340963 -342.383605888 140.452918706 347.369138083 261.716280661 8.23493539573 -110.124653012 
-80.5321348285 55.6765724101 -461.686340963 -336.065363468 -206.571536589 461.686340963 327.24050591 -66.0052736443 175.38905829 212.747510931 
461.686340963 -329.217380794 210.290748551 -55.1479726991 -461.686340963 -192.657930148 333.611344766 102.338060498 58.1345795452 -188.462037832 
-461.686340963 -212.351831316 -333.454767524 461.686340963 -93.3037232647 297.302660803 29.6350139867 51.289025403 332.012600084 171.503554596 
-46.0318623109 336.370712414 74.8863334397 -178.789725188 -461.686347067 222.955099255 -331.542550435 461.686340963 -220.698735568 101.101951284 
461.686340963 -42.5856951748 -234.132013946 103.109177371 -334.6839592 -161.083579271 -13.3686414097 -461.686340843 220.462280265 341.004764227 
-461.689694036 330.377844707 -218.733392838 23.4312065889 165.542242425 263.415741624 461.686340963 24.0939285613 -103.498662688 -336.722117819 
461.686340963 57.200404333 -461.686340963 0.000400903610027 174.689099764 299.3652035 -91.5390160761 -335.532437188 331.80264218 -209.232469553 
114.151090299 -163.132873156 -42.561315285 37.6542718881 -331.219254555 236.13649023 -224.307582163 -461.686340963 461.686340963 339.754613355 
-227.27891969 -355.987995548 346.245254986 454.405256015 255.759771109 -25.8524699517 -459.594969646 -103.20213912 148.544398456 79.0134719543 
37.7480819249 -461.686340963 -163.176438864 339.65860012 114.080803534 -331.242075321 -224.359360068 236.042127098 461.686340963 -42.6227228621 
88.2102446547 -64.1631967606 -332.827779644 -163.721419277 63.4202808926 -461.686340963 -209.884137161 210.150333894 461.686340963 333.630401596 
229.176721508 -257.551968001 -334.551333453 29.6032603157 154.674551881 326.69468553 -130.186618484 461.686340963 -37.0957666607 -461.686340963 
-150.750335728 -234.642193838 -461.686340963 329.29302355 -20.6909973387 461.686340963 -332.55906481 138.887110464 9.90267899732 251.409133239 
-349.936968035 213.317883551 -144.168886925 -281.799470723 -461.686340963 333.379640268 -30.9016953503 -138.541422465 461.686340963 95.9152749184 
210.111709768 -332.837701623 63.4033141369 461.686340963 -163.749886169 333.587949855 88.1805351443 -64.1713257751 -209.892973356 -461.686340963 
-331.545850746 108.019512258 337.283275449 78.8494880725 -46.5146191984 -164.990313902 461.686340963 -461.686340963 -224.025669611 227.009358993 
-36.9415104043 -159.311123286 461.686340963 115.0437172 235.339151936 -461.686340963 -224.879445254 339.201131171 -330.905571978 90.3368940325 
-57.9845396194 -222.858918149 208.978384099 -461.686340963 57.1625832195 461.686340963 -332.573232758 -172.262927321 170.294114754 328.445398794 
113.127108841 211.184900757 -43.8612342698 -461.686340963 55.4000770177 -160.492464041 -334.051449255 333.426387614 -258.143049911 461.686340963 
461.686340963 -61.4540107846 182.819556169 -461.686340963 306.453871229 -176.845752327 -211.238477854 329.802287003 -334.09140729 59.9119916806 
