-290.752594307 -461.686340963 -333.316406625 -15.454628521 341.40278504 461.686340963 110.761342238 -37.9668623474 235.901232066 -166.685732004 
36.8412168222 329.222096173 -461.686340963 166.269165925 -133.001257379 -8.45953732474 -250.178453632 -334.978781177 461.686340963 235.857795568 
48.1127829651 273.158176321 -97.507476908 35.8466251525 -461.6862567 182.143144275 -211.9895565 461.686340963 334.647710973 -332.790640812 
-333.216832784 84.169189369 461.686340963 86.4554553898 -460.191727872 -56.3257704082 205.596432605 -165.401476679 -218.974832538 336.957819232 
-335.236359281 343.480972157 249.868276188 -138.154184982 -35.9990893004 461.686340963 -461.686340963 132.14903931 -203.100509252 57.9786540831 
-224.778230235 -461.686340963 341.187260368 461.686340963 117.021160766 240.03209241 -40.1526747003 33.0282326092 -331.123034342 -161.764451127 
-332.132031531 -227.077708926 57.0723079667 180.973129947 461.686340963 333.57619423 -180.392268322 -58.2930020385 204.804699411 -461.686364803 
-197.671146775 461.686340963 -55.7704167106 208.790863249 110.172722656 -461.686340963 -190.026222421 333.371463827 -332.952610241 59.9395030425 
-461.686340963 -207.769467935 -58.397322813 -91.7721394581 -336.9001546 199.161690141 334.600013952 461.686340963 192.295668676 62.5682871236 
461.686340963 176.973427274 212.694851459 -461.686340963 -333.85984321 57.6534228502 -64.7068789669 327.662065227 -80.9846815822 -212.836971307 
-131.380492735 -207.1795372 -57.3999725696 259.807661174 461.686340963 38.2762163216 -461.686340963 -333.484609957 153.493034249 329.15240048 
209.978892591 461.686340963 -48.9091042797 174.886600134 326.599679621 -328.776520072 -461.686340963 -194.302053921 -180.89009722 55.2641524284 
-149.540006652 -457.404918535 127.660138882 -22.8007605171 -339.287541715 338.280873418 454.405271563 -241.364153113 236.948601292 1.88074206891 
-117.464284699 164.86429619 39.8958667066 -461.686340963 236.567097159 -32.5440071402 461.686340963 -330.996023547 -213.258464796 327.744713221 
226.358571385 -44.7439048451 62.9837558375 -246.628622952 -337.328528735 461.686342383 155.995582858 -461.686340963 -139.572824454 336.57548445 
325.62979478 -100.724387198 461.686340963 -332.953900413 211.097039084 169.572383996 -461.686340963 -50.8568546627 47.1449484953 -224.688632653 
-222.993765247 461.686340963 -62.2670019111 -461.686340963 66.2244598284 -176.588961681 328.141248514 -333.311363261 311.175591412 187.911800327 
174.518460303 299.164006604 -91.8288978633 -335.536054201 -461.686340963 -209.377849364 -0.937301558367 56.9725121769 461.686340963 331.856763179 
85.6802577732 -51.8997771031 -342.244967247 -139.154563594 461.686340963 -249.093367708 -461.686340963 333.25024757 212.886022452 70.6973214366 
-165.273922013 -331.580226315 -461.686340963 -46.8805023542 78.4260896671 461.686340963 -224.038037498 107.456215107 226.422037732 337.270855876 
-69.3355559075 268.885756882 -461.686340963 -311.280548444 329.346670781 -191.99850131 461.686340963 -328.051421119 170.676084652 51.4955033224 
-461.686340963 -197.366543935 240.263847423 -39.3752708862 119.594449191 -165.105078647 341.347572517 461.686340928 51.9272461439 -327.486118257 
38.6628700131 -101.62627852 34.5699045217 287.555861257 -461.513602269 -213.140382006 167.872400236 350.323769394 -339.263996885 461.686340963 
-214.638120077 118.110522028 -461.68634149 343.112594117 -337.301144753 -70.6217246055 -134.632472554 56.7597831952 220.794676021 461.686340962 
-210.986517275 332.943726266 -178.541890258 111.481087453 210.920836299 60.1040281769 -461.686340963 -61.649174569 -333.767444497 461.686340963 
-53.1202237028 -176.541618947 -461.686340963 215.280152077 -337.319403525 461.686340963 -8.47391235859 338.806027091 98.5131927519 -250.190711886 
-331.461534824 227.984033788 -223.986905028 -45.9348570743 337.298090491 461.686340963 79.5162441854 -164.542210592 108.961976266 -461.686340963 
-461.686340963 461.686341135 -273.185550227 -35.881508442 117.432398425 211.958092168 -7.73720196401 -333.619157284 333.497891586 -162.408679472 
176.131166952 461.68642526 47.2416811511 -97.8349650026 -66.5157507693 -332.82810956 197.929868143 -461.686340963 332.025299737 -223.815534965 
174.623702463 -209.286214509 -335.601245333 299.309457163 461.686340963 -461.686340963 331.74752602 57.1440212414 -91.578768154 0.00576023033933 
67.6689998911 -332.82333991 -172.602245001 -57.9790505118 334.961423309 461.686340963 85.2418081134 -461.686340963 211.925930382 -224.100780516 
57.2804609642 331.796860759 -210.039166767 461.686340963 -337.014530433 299.412538291 -461.686340963 0.255950324009 -91.5638089536 174.742938587 
-160.488192831 333.432045757 -334.048262394 461.686340963 211.186024443 113.150809276 -258.132262234 55.4336424447 -43.832070239 -461.686340963 
-164.887871932 340.251497066 212.785651287 461.568205653 90.6945317925 -133.50740013 -286.67127196 -34.9636226588 -461.686340963 -346.71293913 
333.582810031 -332.840904103 -209.900569398 -163.752632544 63.4013528446 461.686340963 -64.1722409275 88.1776684357 210.110746244 -461.686340963 
339.954929964 -343.789912062 461.686340794 87.1797094362 -4.28442795472 -129.974323852 -461.686340963 -265.858993102 210.502024797 -143.083914541 
-335.833703197 -140.580879009 115.034053909 -76.8541927844 -461.686340963 206.373087982 461.686340963 -232.971971208 328.778458324 45.3096449719 
267.329124555 37.148582732 -1.47157617568 -331.057055505 -130.41249561 -461.686340963 146.384071026 -210.814453522 461.686340963 346.702030298 
328.645778536 -334.475551037 -273.815300685 133.289669113 -149.466368787 0.00778642150115 -21.0263350706 -461.686340963 461.686340963 242.934516038 
-76.8887690466 -461.686340963 45.2524589782 -232.982975809 -335.824707505 328.794288376 461.686340963 206.369700894 114.995035918 -140.619190202 
-224.691487206 -161.739465052 240.132563003 117.088823056 -40.1290163552 461.686340963 -331.190249182 341.202664684 33.1492601728 -461.686340963 
-336.005340155 222.705288363 -168.46119061 461.686340963 335.665031091 83.2515294549 -461.686380201 -46.0391537641 101.796473079 -200.349505388 
-93.6054030245 242.9126728 176.932703945 461.686340965 330.093429867 52.7087191699 -461.686340963 -219.078741796 -71.9617205828 -330.466915046 
43.6101592547 -461.686340963 170.293975679 -339.466967932 334.877944111 461.686340963 -222.826097807 211.679220557 -36.1906288756 -105.315605616 
-332.836216655 210.117489965 63.4078439619 -64.1678252989 -163.747188467 88.1833497206 -461.686340963 333.593510705 461.686340963 -209.891218033 
59.311585178 -182.063184341 -222.857881279 461.686340963 -332.47256329 -461.686348467 177.812613392 209.293658174 -61.9899136304 333.948915558 
60.5515637217 76.7014090113 -64.9837349077 201.310845571 -330.50298224 461.686340963 -193.074595111 334.089966917 -190.157202693 -461.686340963 
-91.9472332904 -334.556760727 -134.447361353 461.686340963 43.4555206025 209.546512658 118.298176795 -461.686340963 331.75964748 -228.968536387 
57.9790078145 -461.686340963 -260.03471976 217.948876597 103.122959612 341.307855892 -48.5621579272 461.686340963 -334.250528823 -165.194540985 
-211.919465159 -67.269158719 -93.6301296011 48.943808254 349.967087059 -338.897063726 461.686340963 164.659574545 283.329249723 -461.686341213 
-13.9405720395 -337.989374161 -461.686340963 219.246918647 461.686340963 96.7437113486 -53.3136755726 340.742790554 -254.842999958 -177.87433721 
461.686340963 -244.140181518 346.01236707 145.35000809 19.9773427181 263.873935699 -461.68637521 -338.619811761 -122.261260176 -90.5496586827 
-219.052396153 205.602240446 461.686340963 84.1642792613 -460.1828949 86.4494555494 -165.407215421 -56.3447879188 -333.223379075 336.951383131 
208.492684959 -72.9995961031 178.058456322 54.3060974724 -461.686340963 328.536345354 -110.382650327 461.686340963 -338.4367448 -242.457897463 
339.303842198 -183.337060208 213.949503441 461.686340963 -222.858874684 -332.845067976 -461.686340963 54.1276086073 101.237259134 -65.2109843305 
-236.060158302 340.408192038 106.343102524 461.686340963 -461.686331862 215.599918141 -146.182411769 -78.8766940405 -337.007647993 46.8673314657 
185.780399493 56.4228509306 -206.945164251 -336.359064926 461.686340963 333.826666966 -66.9963513397 -79.9914709489 199.924142165 -461.686340963 
54.2358585253 148.769937538 -338.431008868 -68.8090265814 -219.611888519 212.287432981 -461.686340963 -103.689153243 329.586783023 461.686340963 
233.882996497 -168.785430723 340.103950428 -461.686340963 461.686340963 -192.18182749 -43.5963963606 -326.122739577 57.5662199591 111.656618663 
-224.101329443 461.686340963 67.924283459 85.8587220085 216.621332149 -172.987733294 -332.879521158 -58.5012504651 339.245697213 -461.686340963 
461.686340963 185.967205676 -336.237055632 -461.686340963 -66.8096927633 199.62508918 333.866297466 56.6190693855 -79.2508221443 -206.78439074 
275.414086813 146.445206945 -461.686340963 -133.242503701 461.686340963 22.6316087997 -21.4217706013 -333.093257391 334.812980575 -223.466487983 
211.969697859 461.686340963 -56.1161500339 19.4543991396 -145.599164238 -461.686340963 -332.407797422 -207.454184951 333.214834875 118.962954068 
-100.597377083 -335.919462538 27.3304699955 -212.617829528 266.129984201 168.032449491 331.176269229 25.9924998194 -461.686340963 461.686340963 
-104.091387001 -68.9311310134 461.686340963 -220.155595437 -338.44596907 148.378227063 56.0723199566 331.91675637 -461.686340963 213.922628566 
50.9369425212 273.615350614 -156.089086227 170.702187541 -260.187155135 -336.675229638 461.686340963 328.440027882 -461.686340963 -58.1520006398 
-335.888204143 -35.883998794 -28.9616534132 332.880190972 461.686340963 211.106098377 -461.686340963 -273.187510143 90.4400470055 -168.762427356 
461.686340963 -74.7808823227 -332.154210993 -461.686340963 -195.05594752 -196.899029042 333.07499374 171.801164882 52.2049080832 262.713113804 
166.280332067 -91.4773274635 51.6693278593 -217.483395 -337.125047826 266.254834689 461.686340963 330.084867082 -66.8022284874 -461.686340963 
345.949795612 248.624637881 461.686340963 141.763771032 47.0069219632 -214.984430991 -461.686340963 -73.6114483631 -84.0497460231 -332.324874107 
-192.023810543 -200.314489657 57.7375725348 -334.485343346 108.856979375 -461.686350783 332.772805524 207.680820711 -57.8061426544 461.686340963 
-336.064154846 -461.686340963 206.703919814 53.3208970276 -86.337843323 -69.1963577969 177.358369143 -215.889055186 324.809483586 461.686340963 
299.392334125 -329.834730553 461.686340963 -69.4698412808 175.195673179 -91.6614111672 54.7722948669 -217.283411021 -461.686340963 331.587267319 
461.686340963 -461.686340963 -128.459332174 219.246196306 20.5189799731 124.33711963 -120.895721907 340.74171319 -249.825469764 -341.220037406 
221.02135055 -338.478753316 -122.63451467 340.905278019 98.8484337615 461.686340963 -176.957576082 -14.3000880104 -301.393193817 -461.686340963 
461.686361367 -85.0574877746 59.4323133621 -220.207456037 -74.7650810545 -338.718441681 176.421177106 329.799420798 -461.686340963 210.989734278 
53.29273677 -215.937419695 461.686340963 -69.2206751056 206.783661872 177.339007487 -86.4189056852 324.817628935 -461.686340963 -336.066889555 
-338.5812396 144.776007654 346.861443472 -242.904826623 -123.716620006 -461.686180594 265.194807732 25.3459567594 461.686340963 -92.5275370477 
330.320828917 -461.686340963 -218.640303752 -336.969965624 23.0752826765 263.177124659 -103.865774812 165.592235912 461.686340963 23.8096942744 
-461.686340963 274.832748263 -92.6923079205 461.686340963 153.64825612 32.3926036687 -87.7749560969 -225.257455784 348.507054429 -340.31237619 
68.0017861941 461.686340963 -461.686340963 -332.885142556 -172.919734548 216.658044801 339.255516869 -58.4171968248 85.919793506 -224.069719477 
209.587720033 -331.443621508 461.686340963 -178.609977102 333.381860429 -461.686340963 -29.8964788446 -300.034153451 -56.4195700053 84.709057412 
461.686339446 -461.686340963 340.737166702 123.688541631 219.246204848 -216.230816129 -75.7898628141 39.9885035443 -166.70143091 -336.996338087 
59.7298471715 -333.487449476 -461.686340963 204.899545934 330.394130172 461.686340963 -166.57092555 -211.052714223 85.2321264677 -67.0293017855 
-72.664665386 -330.896106021 345.615619769 -461.686340963 48.584652147 461.686340963 232.303704574 -208.922156654 -79.8156024764 120.517750277 
-337.244010699 461.686340963 344.818796236 136.688185369 254.392323279 -89.9918464021 72.6851037671 -11.4450147864 -213.869970375 -461.686340963 
-461.686340963 -258.138853831 333.421567777 211.174514073 113.165177509 -43.8453471456 55.4038753467 -160.482310816 461.686340963 -334.033021339 
-230.303733354 -24.0255137894 -342.26783072 333.883558899 -461.686340963 -113.37430011 131.875617094 461.686340963 56.5221231549 214.268026002 
-229.420468947 333.436006148 5.15901801185 -461.686340963 129.216356178 -334.889819178 -146.837306835 461.686340684 211.960551225 -35.8787822201 
123.233958378 -129.557691536 461.686342242 -234.077222823 328.611456245 -77.0127843567 -335.899822643 -461.686340963 204.960148399 47.0241393046 
-68.1470504489 330.785212502 461.686340963 63.492815384 -211.572394889 212.00340527 -85.7476262711 -338.546754987 -461.686340963 182.534622885 
-183.283216699 -461.686340963 -332.887538394 -225.310382144 330.02287192 -64.7856249277 180.36360829 54.5197533587 252.565582879 461.686340963 
-8.6918911132 461.686340963 115.533929192 -137.1683209 -297.482335444 -348.925223683 348.119576965 -461.686340963 224.659432986 -170.294348215 
-339.631311106 -461.686181736 -247.597603767 17.9190934645 461.686340963 339.549573968 -122.859640837 -98.1255148207 209.213833929 87.9882119276 
211.675512999 -461.686340963 461.686340963 -36.1947398667 21.6934033098 144.269932772 -129.14933736 -253.108405572 -337.491908641 333.428049452 
40.514286222 162.651954164 -342.202048974 461.686340963 -216.006324988 23.0162579401 -100.22703067 -461.686340963 281.864465998 349.822532408 
-244.174508096 334.539130403 -461.686340963 -136.802106287 288.713309066 -7.58231644242 157.857537432 461.686340963 117.227019566 -333.169606569 
35.6434080546 -461.686340963 -212.17283401 -123.122207235 -16.3309438648 -343.866132655 341.057378707 461.686340963 221.260165351 98.6172339989 
-46.4755013235 76.3626428017 -261.846437698 202.896913476 -164.693123902 201.237229492 -336.276409957 461.686340963 -461.686340963 336.602481725 
33.614143723 -461.686340963 -178.248071417 -336.803867884 -83.5049110875 129.900830461 -233.594845295 186.489565451 454.405271568 322.001913001 
344.866786382 92.6101787643 225.195570855 -52.0411012113 -337.188451357 -216.383460362 74.7234913409 -461.686340963 -103.390871906 461.686340963 
-180.854988086 208.570046259 -461.686340963 -332.19366255 -64.1992152852 -222.857878567 461.686340963 139.566107824 48.1781481406 330.510750005 
87.2585248212 461.686340968 -333.475424762 -59.8545079455 -224.028225201 203.756700505 -461.686340963 335.178502656 -175.696233306 32.0539402744 
-342.97528517 461.686340963 -275.581980966 -461.686340987 342.107952756 106.442069508 222.974219503 -26.7550784787 -149.916586161 -13.180076995 
43.1632290543 -108.414411824 175.645997323 -234.816244594 332.431449638 -461.686340963 202.478457912 461.686340963 -82.1594332567 -336.136818623 
-267.575045883 -335.490951016 81.4398200164 -198.20473882 -75.4977864256 205.86815517 332.459458611 459.433102925 51.0125669704 -461.686340963 
211.734632038 -461.686340963 338.464127547 -116.156487543 -239.967530506 101.111028482 34.2475516561 461.686340963 -87.388920561 -338.145272141 
-461.686340963 340.384530145 98.2620513228 -105.763177674 216.966091869 461.686340963 -341.022208529 -126.142306827 12.6540002345 -251.66554619 
152.346009459 -113.832029944 -461.686340963 -339.770786602 27.3245936534 10.3272894299 -224.919763344 272.097664552 461.686340963 347.812681883 
-461.686340963 225.987511203 461.686340963 -145.608142097 77.9996264715 338.729945691 -23.7750246404 -333.562688519 143.297966623 -251.276237742 
205.92828608 -53.700509619 336.687916862 57.6318742446 -214.079753919 90.719624003 -338.75771103 -128.256391439 -461.686340963 461.686340963 
-332.632704271 59.4852849459 461.686340963 -461.686341016 184.91942537 -61.3777942381 -224.135058913 326.842794155 -182.55613283 271.909514747 
124.898251628 -331.025168539 -230.760619253 -174.580535787 461.686340962 23.3657768951 332.391774785 -45.2042221178 -461.686350521 209.531385609 
23.5750770877 49.8295091533 168.844853356 294.287275888 -461.686340963 -225.673797688 332.82419173 -336.591900227 -96.4530032187 461.686340963 
94.4728711204 -336.65969702 336.783435864 230.316096505 -35.8731797777 461.686340963 -210.259365177 99.2799034382 -461.686340963 -86.4829130818 
113.428336103 -132.091301895 -344.423928534 -248.541632105 461.686340963 339.25059037 -114.285674028 -461.686340963 233.105628224 4.53845620968 
-75.918881965 -232.959150449 206.787964586 -335.464150936 127.102315065 -461.686340963 330.452181338 47.7181396817 461.686340963 -125.697409628 
-335.219455384 461.686340963 205.43044351 -139.645650187 -231.080936264 -461.686340963 -73.8074642041 47.7574268177 327.857738716 132.577498612 
-74.0604344286 -98.4185170757 171.501970604 49.9539822047 332.330182258 296.153391407 -333.181631228 -461.686340963 461.686340963 -224.928262624 
461.686340963 149.27620704 344.008071633 57.9863883882 -224.713792723 -334.397576128 -179.303001055 -67.461443209 253.608358367 -461.686340963 
-75.2960753117 -231.661892768 -461.686340963 172.143043194 -124.734737052 198.438755492 44.4199473026 461.686340963 331.572683624 -334.940829513 
-96.3566419288 -333.452023557 328.838466668 461.686340963 -104.976773532 207.339590426 147.51542925 -461.686340963 44.3388266979 -225.965447773 
-83.1975323451 210.320421024 -97.2000416061 333.958541147 -331.762511899 52.8347860416 168.512672375 459.909517939 -461.686340963 -223.144042753 
84.2248039926 210.430045917 -332.949559951 -224.232685363 -58.6336907567 -173.124210001 66.7933510925 333.770817254 -461.686340963 461.686340963 
461.686340963 219.252469997 -205.631680649 108.382243706 -144.189483149 -331.127086375 334.925799396 -52.9916856344 72.881515979 -461.686340963 
185.918027 -79.4944024703 56.5839263877 -66.859091666 461.686340963 199.560449633 -206.796401858 -336.157525221 -461.686340963 333.849123558 
335.186587702 -461.686340963 -224.008645255 -333.478976606 -59.8776335717 87.2331933442 32.0446231552 461.686340963 203.741374172 -175.713384462 
86.5774486341 -184.56579536 332.609378622 209.576415973 -261.487564162 -330.736902087 -21.801157832 461.686340963 -57.3733131658 -461.686340953 
-60.2461990032 461.686340963 -210.602583684 63.9534327029 203.192910891 196.340111272 -461.686340963 -338.385974947 -85.591040349 336.229543848 
461.68634082 -178.270087689 -272.806564979 91.5220996917 -461.686340963 -44.2384327386 212.934435893 -35.3987312075 339.424426158 -337.982273116 
47.1870616171 -50.7636707596 -224.633084352 461.686340963 -100.668919671 211.089298838 325.636230903 -461.686340963 -332.939340888 169.608640338 
461.686340963 182.728117856 59.756266912 -49.8929216116 326.436128981 -206.30241567 -335.588541753 -461.686340963 206.004327227 -84.343818835 
70.052250629 217.256848656 100.926916292 -461.686340963 461.686340963 -206.500451879 333.911079304 -151.455528027 -331.313945868 -55.805788222 
-7.44492450865 345.94946573 461.686340963 -461.686340963 -271.235381859 230.359079009 106.839421121 -149.036113211 -128.484126378 -343.742825809 
-461.686340963 -335.671921834 461.686340963 331.8860746 -96.9911249639 171.072081096 -5.43021798563 296.004046037 53.2028779636 -216.221017935 
60.1092072947 461.686340963 -210.996911748 210.950489774 111.490050586 -61.6575695251 -333.774266753 -461.686340963 332.957095619 -178.546853593 
-461.686340963 -174.014554666 68.1265772957 333.096257904 -264.951076802 461.686340963 215.559020375 152.344101919 -337.597424026 -57.8593511061 
215.256181884 -461.686340963 -176.564832084 -337.322545837 -250.228115745 98.4749620817 461.686340963 338.783099345 -53.1511803996 -8.51774250609 
-189.166339767 93.0640303752 -272.891675004 215.790705316 461.68636652 339.444168779 -329.510273664 -35.5071175509 -60.2944599311 -461.686338864 
-329.394371674 -461.68634091 81.6452868913 461.686340963 -182.749224471 63.3221499355 334.902631579 -59.5218526729 202.795370932 -193.644869316 
461.686340963 209.588321784 -29.900768659 -178.610167912 -461.686340963 84.7087303023 -300.034062917 333.38245447 -56.4195806679 -331.446175103 
-61.4010662906 -192.993082983 333.705565962 461.686340963 66.4176756742 -186.376996351 -329.808875782 82.19254278 210.279534867 -461.686340963 
-60.0917860427 -230.302452434 461.686340963 61.0605427584 -190.072262857 332.666048193 -334.876991432 212.849512998 -461.686342344 143.523463096 
-461.686340963 209.516822219 -172.156738688 461.686340963 -332.551103516 329.33483134 -57.8375094631 -222.85898738 170.29426097 57.3669434198 
87.5584647233 237.676417629 -461.686340963 -38.7111558823 -210.490457438 -164.345792614 118.715719346 340.729674387 461.676916084 -329.822161781 
116.006384164 461.686340963 233.240214574 346.913912555 -223.653970287 -73.2090184281 -110.505752301 -340.607476503 28.9965932885 -461.686340963 
219.48120169 461.686340963 -210.447372348 70.6047997498 -461.686340963 -333.439361978 -60.0002114414 341.5543407 -177.855344081 92.2362304416 
115.043707364 47.9317057396 329.330722592 -146.385042984 -75.0476621501 207.170657752 -230.419242683 461.686340963 -332.581959468 -461.686340963 
-226.504910567 88.8132884618 -461.686340963 235.934484633 461.686340963 -38.3796677762 -331.492906895 115.043698139 340.158911461 -161.720973799 
-177.117685509 -251.868150374 461.686340963 -330.76504747 -10.4414856341 228.321938572 -50.3632930326 103.634161139 341.464773449 -461.686341237 
165.722285598 41.005843394 349.118369495 -341.173151689 23.871694095 461.686340963 -461.686340963 -214.369331822 281.999089873 -97.9656769693 
113.222751646 -43.8395659333 -258.124096906 333.430867348 -160.464857602 461.686340963 211.19337999 -334.041927283 55.3528469065 -461.686340963 
-177.072486932 -223.831322311 202.302831768 335.643332393 -461.686340963 -333.760988283 -62.564517338 82.9727776084 46.4327037617 461.686340963 
-331.751672961 213.991619764 92.5370736485 -25.1115263541 -297.726238206 -175.828956689 -64.8260570525 -461.686340963 461.686340963 337.9298415 
-461.686340963 338.941160178 -329.767275269 216.017634021 -185.619864558 461.686340963 84.2071290532 -61.1377169235 67.1704842377 -193.234980971 
331.225703063 200.242405755 -104.4315213 -461.686340963 461.686340963 -333.776876233 170.658844089 -228.700067006 -50.9375645083 43.9558805223 
-461.686341312 65.4103128015 -211.950882987 343.910681672 -339.951366305 -61.4823243361 222.888812125 -135.594448316 461.686340963 117.134385814 
-59.6288739354 110.528745042 455.002382478 -461.686340963 209.210717327 -175.63487767 -224.281461464 10.8657887559 321.858740345 -333.535162677 
-329.214932606 -52.1987291399 -181.524320691 93.4905554359 461.686340963 -461.686340963 219.246359357 -304.975982151 340.669471198 -36.3720261766 
461.686340963 -14.4015186292 -53.5871679011 -338.57574254 -178.187346111 96.5560604931 -255.234099112 -461.686340963 340.713918515 219.246898317 
57.9519094802 -209.047435867 -65.8586104451 333.599709592 -461.686340963 180.355263534 461.686340963 204.223919773 -78.0701882261 -331.007014905 
255.20156427 -87.6946590937 24.9547806137 461.686340963 -335.895369889 -132.567267629 -232.672358612 144.954449138 329.046321294 -461.686340963 
330.575674909 -69.046446551 -461.686340963 -330.448359643 461.686340963 86.6361831202 -302.691661478 -181.161359112 -32.1196935233 208.946366702 
-355.518533693 -298.988475944 112.299787485 219.248709675 -147.005476825 -189.32843616 461.686340938 60.7085694609 -461.686148438 -28.6956377423 
-212.809190241 -99.2705688942 -461.686340963 -332.282690235 316.67090038 193.781219302 72.2470304918 453.604633967 246.740005945 -55.8301579443 
-227.403231032 -334.995453004 461.686340963 -461.686340963 163.643691755 -175.040838579 273.767123547 44.8911174584 -74.7584051048 347.31706845 
247.469212883 345.521178234 -83.9238899211 140.491820863 -218.271461951 -76.4580569735 -461.686340963 45.7126088407 461.686384237 -336.64196543 
330.089856534 57.1199090575 -461.686341918 -62.8117919346 461.686340963 -335.144069463 -190.921570178 -235.370804656 173.872319648 270.630627302 
461.686340963 159.928047182 38.8170194614 -85.0214160941 -78.7390428316 -210.394467269 -338.050299594 349.579998661 -461.686340963 281.257164131 
-328.874787644 103.041881425 336.150741255 -461.686340963 -203.617609466 -179.724068874 -53.8552240371 461.686340963 71.1983802511 222.850820122 
-335.857624807 -215.664491962 158.651673978 212.869716944 59.6097354575 -461.686340963 461.686340963 -93.4864889418 331.553550532 -64.7274445648 
-63.4220432907 -338.879341852 -245.911616855 -461.686340963 19.4956102255 142.579252345 461.686340963 -123.368458177 263.134999667 346.320111235 
331.62169438 -203.476446118 135.480041061 -461.686340963 206.41227838 461.686367232 -328.20535438 -160.490679342 -33.4957276709 91.575847959 
-257.727612226 207.050967294 54.3107415221 -44.1168710307 -333.944673758 329.580942372 -461.686340963 -160.510020063 461.686340963 127.557233489 
-180.995161438 198.525509927 -193.421919436 183.991135205 -461.686225371 56.2204289987 333.280268565 -48.7039595627 -328.333773559 461.68634096 
461.686340963 93.1482639886 -329.363387342 -189.128881025 -35.4729587829 339.41218407 -272.864853612 -60.2879975093 215.804289006 -461.686340963 
-331.881499587 -57.6348339662 -461.686340963 -10.4035656715 210.705756724 -182.709929841 333.496752738 -251.835853707 461.686340963 87.357885769 
-7.39635637233 -170.706089835 230.763952364 -461.686340963 -335.975488765 -43.6283715937 -249.270637091 461.686340963 345.309215876 111.076205452 
-461.686340963 -50.5505422122 -331.881045685 -213.061004667 -175.289324229 461.686340279 336.557293193 75.9825713859 99.4519619643 219.325757393 
331.788799072 269.069840647 461.686340963 171.617639849 30.8479674939 -461.686340963 30.7610694457 -95.551568902 -209.688355461 -336.454804052 
-335.851248653 461.686340963 79.7649605614 -47.479950486 -212.176860757 343.853897785 224.765761021 -461.686340963 100.601786434 -85.7447184658 
461.686340963 -336.282441944 175.762872102 43.3277868558 -234.578234515 -461.686340963 202.546075263 -108.241829237 332.481974322 -81.9922409328 
-28.686513725 346.938110598 -143.303380251 34.6427891154 112.751341262 -343.799661078 232.69977828 -272.407202501 -461.686340963 461.686340963 
23.2290805891 -461.686340963 461.686341159 148.104491698 227.328508808 326.497315754 -334.276336665 -18.5160955488 -257.851878251 -131.500426678 
-461.686340963 -220.981342128 -124.53466063 160.169108882 327.189284564 -333.467798077 232.501214291 461.686339484 34.6226468797 -38.3246702845 
331.282211824 -90.5518882057 -209.113466022 -335.995702566 175.898563323 -461.686340963 461.686340963 301.005519118 58.9257336226 11.8030428609 
-332.954061446 211.13485048 461.686340963 325.642111694 -100.721633022 -50.8330470612 -461.686340963 -224.685924208 47.1529843771 169.583948108 
-275.580807934 461.686340963 342.076313908 223.058787212 106.407071478 -26.7577365502 -13.2059897083 -149.909502126 -461.686340963 -342.943194648 
461.686340963 -279.16549667 74.8797101051 308.661572189 329.281435385 184.952888453 -342.292654542 -164.633194057 -461.686340963 -48.9568660209 
207.22024909 -86.9904363003 461.686340963 109.324954981 29.62158751 333.170448851 -113.587071458 -461.686340963 -337.36583159 -238.996676248 
-232.776601648 -335.931607124 -461.686340963 461.686340963 -132.562566087 24.818333133 144.721543959 327.577579188 254.758167345 -87.8350757224 
-27.3020513636 -265.734751035 334.116953869 461.686340963 -26.8585303393 94.0535924217 -461.686340963 212.094459232 -335.379652525 -166.398289251 
55.393235049 333.418167295 -461.686340963 -43.8312203726 113.181310412 -334.051726764 -258.148067101 211.171388938 461.686340963 -160.467423382 
461.686340963 175.053207082 -211.418753711 -461.686340963 285.019602363 -337.003539568 -91.9625193761 25.8979688277 51.1471846919 329.468079971 
-461.686340963 -87.0014690734 207.224653519 333.163791305 -239.039149669 29.5931321911 -113.61708035 109.323135866 461.686340963 -337.421224824 
328.990978815 -55.4311339854 236.070512689 -157.213910576 170.853027973 461.686340963 -461.686340963 -331.364759696 61.3248649484 -207.060378016 
341.521764334 -335.236722515 -31.4982612107 -199.528486795 -156.812233693 -461.686340963 123.032857915 95.3937602765 461.686340963 241.575086983 
-137.649535906 -461.686340963 -330.514850145 461.686340963 338.37898056 115.04373657 228.043043424 -203.787753705 78.5064505364 -47.797706992 
64.5150416267 -59.9079527902 298.358860456 461.686340963 -214.498952443 331.738397595 -461.686340963 -159.664722729 173.656642882 -330.005099868 
-78.6228165567 -336.338520718 -137.665963006 -235.256721265 45.3009574596 115.027061767 -461.686340963 461.686340963 209.217542983 331.951662662 
208.913778227 -327.21605407 86.522883932 -308.480512019 -461.686340963 330.537689492 -183.428997427 461.686340963 -56.3720529329 -32.3175067046 
-461.686341913 -65.3004782008 -183.431395717 54.0332728536 101.201677442 339.270785131 -332.873322919 213.896220275 -222.858852546 461.686340963 
-78.2245188569 -145.578166127 216.742987539 -336.889965558 -235.587751075 461.686340963 341.077500195 106.961812764 47.4870308993 -461.686340963 
66.2336835798 -186.561065826 461.686340963 81.9269432627 210.11908917 -461.686340963 -193.042548925 -61.5747207661 333.563564636 -329.858147642 
326.891086395 175.878096088 -50.11336926 -461.68634216 -333.940550757 209.9241629 -184.337472511 -193.151863257 56.5136609376 461.686340963 
145.097990201 -122.539041781 345.533747655 263.491008383 461.686340963 -90.2174242974 -338.534176882 19.828899959 -461.686340963 -244.245688316 
330.423350556 -74.0106895322 -213.716208801 -335.273588012 -461.686340963 461.686340963 177.121348289 68.5291466579 302.002006976 -67.3252770509 
251.211894347 9.67125287408 168.916199481 461.686340963 -233.145343645 326.98058915 44.5497367892 -104.25184122 -461.686340963 -336.86841655 
-339.636668172 -98.7434227906 -124.229819572 101.693613381 -246.915588688 -461.686340963 461.686340963 20.7173828136 219.399947988 341.563322501 
-99.0951592198 209.275174453 17.8124017499 339.589171377 -122.841417707 -339.921998378 -247.778125017 87.9114832548 461.686340963 -461.686340963 
-461.686340963 -55.6912576842 461.686340963 -288.487067845 335.583662158 214.691730606 86.2870580849 -166.656173126 69.0049804468 -344.255050181 
-75.7847703708 -335.11136154 -125.022392442 -232.04510461 331.450294784 198.336058961 461.686340963 43.9333499246 171.637722209 -461.686340963 
-271.950007974 340.429983952 -130.753908716 97.9898393868 -461.686340963 461.686340963 -344.351595994 -147.945666775 218.586641869 -10.6773904739 
461.686387782 -175.862897309 67.7876096304 208.875557143 155.325723026 -188.194770906 -41.7190009475 -326.338628906 -461.686340963 332.30749252 
-239.151683406 -116.375103338 28.738584584 461.686340963 208.393702018 333.913891498 -69.2681360751 -337.11863271 110.028964765 -461.686340963 
136.183750006 86.2731333985 256.843056312 -336.050324781 345.878391767 -12.6451544545 461.686340963 -212.075691683 -87.5754593497 -461.686340963 
45.2374033415 -232.99437033 206.353044595 461.686340963 -140.625713494 -76.9033226998 328.789456093 -335.831296833 114.944013656 -461.686340963 
461.686340562 -234.408355392 233.40313801 -125.92116095 -341.733775622 110.361279198 -461.68634096 -11.2522408494 346.161948631 107.423149432 
-333.912321507 461.686340963 54.7810412542 -461.686340963 -136.004808249 213.764930817 327.817694859 176.67078107 -13.3115709724 -249.605090178 
-17.8115941767 -331.204527936 459.388709231 -316.670926307 227.930486953 -211.35536512 -461.686340963 -119.660932225 339.150725638 101.389898731 
-216.906322098 461.686339516 -109.023598159 -461.686340963 131.490257595 -337.032304493 -8.97345560149 116.654260205 250.316724558 343.767342829 
-64.6696624803 461.686340963 327.627332612 -81.0639078111 212.74032527 -333.869351184 -461.686340963 57.6730275254 177.003464236 -212.812522265 
175.737889326 43.306157338 -461.686340963 202.507127614 332.472421665 -108.242946178 -82.001824617 -335.950777492 -234.63271844 461.686340963 
333.913104921 -461.686340963 208.390026884 -337.108710947 28.6819265778 -69.3315767515 109.999218149 461.686340963 -116.391756344 -239.156718515 
-185.110800857 340.738764008 -225.135455958 -461.686340963 -336.082149214 -70.6776973339 43.610960583 219.246210999 461.686339228 124.423944997 
32.119153486 -331.309593513 -224.808006315 -163.131450744 461.686340963 342.372992128 -461.686340963 243.306548318 119.156334243 -41.9797150436 
-339.701908828 -223.843085821 42.6030490042 461.686340963 -461.686340963 -94.7422225503 91.6253748705 214.453849312 -83.129022246 342.845939749 
-171.853404596 80.8683327856 -40.072296467 311.556146668 461.686340963 351.420277578 -418.572247775 -296.494705042 199.260057608 70.9387056428 
461.686340963 27.9125796687 -338.332311036 -90.8456222491 301.280031928 48.4994402223 172.176924263 330.122008558 -461.686341901 -211.907709601 
461.686340963 347.267148217 233.164820014 -128.103342703 -343.830796946 125.245542351 -233.495993074 -461.68642416 -7.04479952577 5.40476774541 
336.629650177 -338.287113554 461.686340963 98.3152741598 -461.686340963 -79.3075339991 -243.215261084 210.625187082 -120.993042978 22.3606398156 
-461.686340963 -9.51215728997 -150.611443433 107.019738084 -270.471789292 339.417266424 461.686340963 -115.085477764 211.223026969 -343.713329111 
296.262556054 -84.0234224103 -137.30822677 171.56708634 -334.547351723 -461.686340963 332.425689641 48.2668209699 -228.217216518 461.686340963 
-206.070224571 333.481097218 -15.5969972359 -461.686340963 129.947067152 -329.113561213 211.958196665 461.686381921 2.00155878956 -143.494613539 
-461.686342644 -87.7948153976 -80.7749623717 -338.075881549 157.590782701 348.910997183 276.568922888 461.686340963 -221.037469364 40.2081304988 
461.686340963 -21.2411427472 -461.686340963 -142.989944443 123.43132476 -272.147197256 100.865392839 341.870553112 243.98097399 -342.540020334 
-175.828760963 213.990430543 -461.686340963 461.686340963 337.928601214 -331.74568976 -64.8305818628 -25.1099486272 92.5425556688 -297.725239971 
175.960136715 -66.3669249933 -332.959554035 461.686340963 47.2019001628 331.946799068 198.057180938 -97.9555317396 -461.686340963 -223.94342971 
461.686340963 208.370088695 -26.0838841257 -62.4106216632 330.294828471 84.6327429206 -265.085607134 -461.686340963 -331.301326655 -188.508533383 
-58.6023069027 333.780103349 461.686340963 -173.093911678 66.8235647606 -332.938307487 -224.193658253 84.2360919593 210.44678321 -461.686340963 
461.686270101 76.7453678009 -129.841942505 221.210588866 151.710845468 -461.686340967 -257.47722819 -18.9974637363 337.270700776 -340.756201949 
124.123078336 247.803946319 -331.796493045 342.502279573 8.32159181671 -235.973836172 461.686340963 -156.856856318 -461.686341494 -27.4863643474 
-60.4572535213 -329.636465573 211.686952141 -185.373380206 -461.686340963 67.4208356953 334.849995586 -192.971042731 461.686340963 83.276774007 
-108.418535014 461.686340095 175.458882589 43.0722203347 -82.2221535967 -461.686340963 -336.246811573 -234.86582275 202.675067992 332.363568524 
56.5107278222 326.890962566 -193.154565076 461.686340963 175.875478589 -184.345974256 209.928884094 -461.686340963 -50.1245258762 -333.942330221 
-122.680892315 18.5483334077 -339.706533146 211.020663713 -247.380926889 89.1242127869 -91.1015479353 -461.686340963 339.046594544 461.686340963 
-332.625318651 -253.151411561 92.223308045 -461.686340963 342.222721989 125.182582802 461.686340963 -154.736155208 -26.1896131915 243.601012665 
103.067596937 59.9861574236 209.793593952 -334.531678683 -461.686340963 -60.4805972976 332.586502532 -191.217854309 461.686340963 -206.366311232 
-75.349700736 46.4683032596 203.734807218 -335.495221257 -140.042106559 123.388823368 -232.036795974 -461.686340963 461.686340963 327.570405198 
-46.8649043309 -8.63683372821 -343.016077035 222.006669577 -143.835310124 -461.686340675 344.343422006 -234.108847872 101.90646475 461.686340963 
-335.526281488 298.528075334 -209.569859608 0.0690188047367 331.830560474 461.686340963 56.2589535349 -461.686340963 173.749171836 -92.3239169138 
-78.7311365634 -461.686340963 -134.221250097 44.4827849035 118.527338297 -234.918572676 461.686340963 329.146877635 -336.234066663 204.145087306 
461.686342765 -227.993796009 -461.686340963 123.80817043 336.17304013 216.392736343 -68.202056584 -333.957351365 56.9552259511 -128.986230973 
-106.147185846 329.609776849 -461.686340963 461.686340963 -59.6439287184 263.333698105 -336.083916059 47.1097979314 -209.472099448 161.391226639 
-214.798202376 141.497021858 -137.008546022 -328.296594046 -9.11099599881 -461.686340963 461.686340963 32.7278293519 270.542976584 334.720992442 
117.538614458 240.562689875 32.7275261877 340.89658787 -224.568539786 -39.584720149 -161.369766074 461.686340963 -331.156503163 -461.686340963 
-57.9790683686 -334.165789146 241.010824849 61.069749682 -205.68206208 458.766964209 -115.043736576 -461.686340963 325.539619932 179.487739993 
461.686340963 -331.578186678 334.726112462 -461.686340963 -44.351978492 226.314029026 -220.041354905 -176.145758994 74.5646505695 104.458513571 
-21.9398694205 -343.083431818 125.941217533 245.484455672 85.6084621678 -461.686340963 -145.344912492 342.888525151 -274.66207595 461.686340963 
81.3271774749 62.6068044818 333.603783531 -170.294114389 461.686340963 -191.704065191 -64.9445880839 -325.675867006 -458.797512235 209.320984945 
323.202823068 -461.686340963 -207.988186588 178.933507588 -65.4147570094 -336.632310456 -84.0190916706 461.686340963 204.831032422 56.0713017712 
111.519420163 -461.686342336 -192.649028845 -184.716022707 6.25646447648 211.969258115 461.686341395 -329.442892215 333.225293294 -57.9790546159 
-223.720198711 -53.1020295016 25.8130880211 -461.686340963 -332.350584437 329.087040926 144.495090984 -170.454756923 461.686340963 258.810338141 
-189.489489226 338.204961888 111.620443571 81.169313178 -43.6372682594 -461.686340963 -169.514680551 -325.308140849 228.40634839 461.686340963 
328.183370397 66.2286274969 -461.686340963 187.90987979 461.686340963 -222.86771915 -176.587404965 -62.26910967 -333.27962884 311.166350286 
-333.435771688 208.898509651 461.686340963 334.762211217 -175.004424466 -461.686340963 63.9103141088 -224.686290542 82.5549124593 -61.0707369757 
276.120965266 349.489829783 37.4124574842 -166.395160281 -269.256065561 -335.377633904 156.70971871 461.686340963 -71.9540853925 -461.686340963 
-461.686340963 461.686340963 175.734360727 -82.027351073 -336.263353512 332.468631134 202.52470713 -234.651503495 -108.280441611 43.2861749701 
-461.686340963 -340.163808344 348.11551621 151.479607577 -113.631486498 -234.504609636 -93.8380558274 272.305891571 461.686340963 30.1279142637 
-168.416344193 -332.046783232 336.992161408 105.60279618 -49.0906394612 225.678726829 461.686340963 -224.696995234 -461.686340963 25.2656419225 
-461.686340963 461.686340963 -93.0576475706 -339.815078989 33.1044431357 332.154610664 270.950291973 33.0929375293 173.509666223 -211.738036774 
169.008607687 -461.686340963 251.411411076 -336.818830677 44.6455391885 461.686347416 -233.228303838 9.90535734646 326.953429181 -104.251253626 
198.813192285 -43.3729239764 -325.801384759 -189.278584225 -455.698350892 -173.658922715 461.686340963 188.451530569 334.017238835 60.7634777022 
106.211280046 -343.83206786 -128.816767664 -461.686340963 -7.75675069519 -271.739292786 229.993871015 345.856984482 -149.635252874 461.686340963 
101.898418805 -21.3295268215 -261.090384843 -19.8141559477 461.686340963 -160.719621904 -461.686340963 -335.193391182 340.813068212 219.838439231 
84.569722122 -34.2569076612 461.686341231 -61.6498054389 -188.913322253 334.992959264 -461.686340963 203.90845335 -329.617857617 -271.909050003 
-223.653449881 -177.046820887 -461.686340963 335.638024513 202.301773052 -333.726674055 -62.5472769249 46.51388108 461.686340963 82.9673099762 
331.113241736 -337.03831271 52.0931497799 -66.569592798 461.686340963 267.096622659 166.870022906 -461.686340963 -217.333029515 -91.171076062 
-341.942074167 339.963568917 9.12989976188 -228.677550334 461.686340963 117.850322344 -20.5417456909 -461.686340963 -118.327281758 217.420087127 
152.0798169 -207.766964811 -461.686340963 5.2923950298 233.416543698 461.686340963 328.683524144 -329.800836741 40.5170930834 -123.732737645 
281.84685211 -215.919265818 -461.686340963 -342.147206947 23.0391330934 40.7150196027 162.643069779 349.838433762 -100.206086104 461.686340963 
-461.686340963 -339.644299995 461.686340963 210.81505496 -247.642172196 -91.1467527449 -123.033118062 338.847722828 18.3423997 88.97517436 
-91.6050706748 -217.269284709 175.306370247 54.9879564481 299.623590664 -329.869304283 -68.9273118208 331.530821976 461.686340963 -461.686340963 
333.519548724 -188.754962033 102.401352534 -192.31297069 57.9790491537 -55.1788934205 461.686340963 -329.23269465 210.195329606 -461.686340963 
461.686340963 329.178500881 -461.686340963 -133.111987616 235.770442927 -250.267022414 -334.936128511 -8.56333568218 166.216169458 36.792285679 
240.281754245 461.686341077 51.9337431431 341.346878512 -197.360587332 -165.084490941 -327.481467081 119.609490249 -461.686340571 -39.3546305171 
47.6065644864 -65.7094274828 461.686340963 -461.686340963 325.57747069 169.307362308 211.160201287 -97.522099627 -332.762079606 -223.491442205 
461.686340963 -332.945443112 -58.6394052147 -461.686340963 -173.120099425 333.78135069 84.229816719 66.7908412848 -224.202651121 210.444843139 
461.686340963 -82.9780718948 -454.815040663 -50.9810028789 -198.394711182 214.179253154 330.034926351 66.6260218992 184.449958496 -327.132740138 
206.003217563 461.686340963 -461.686340963 -335.58774481 182.729363906 59.7567313629 -206.301190689 326.436509103 -49.8904915721 -84.3426356945 
23.3580945978 -103.422866062 263.9913009 -336.664307634 -461.686340963 -218.64208548 24.7793796077 461.686340963 165.800941541 330.944961504 
236.54833848 -461.686347877 -32.5596709783 -213.278997785 461.686340963 327.741749745 -330.994694423 39.879126094 -117.484789234 164.850856165 
-332.839212501 -172.600333416 85.2458892757 67.6718329845 -57.9790724589 211.938493183 461.686340963 334.982345344 -224.132277887 -461.686340963 
211.260198019 -96.3476541443 461.686340963 -69.4310654224 -461.686340963 324.5117302 173.015204808 49.2388159297 -332.474310001 -222.765714297 
-251.724459766 87.4775636595 210.832201785 -182.629655306 -461.686340963 -57.541184065 333.587352704 461.686340963 -10.2727876901 -331.874064788 
-222.859015393 57.3772998076 170.360955904 329.30739496 209.494300755 -172.116615891 -461.686340963 -57.8190954974 461.686340963 -332.534347567 
-308.479307079 208.912889243 -461.686340963 86.5250457319 461.686340963 -56.3705248966 -327.225327354 -32.3172690911 -183.429453444 330.535133568 
346.973112654 26.9802229489 -223.20811908 271.130580275 -338.786922081 461.686340963 10.3265181629 153.651307628 -111.706949951 -461.686340963 
131.401016986 -461.686340963 -121.378005237 -214.223594222 219.246258061 340.766403649 -338.098183586 45.4067739626 -74.7896794957 461.686338627 
-254.959642684 461.686340963 -53.3744804359 219.246914214 96.6784440422 -177.925114526 340.692238729 -338.037615912 -461.686340963 -14.0780249326 
-341.906182307 128.854170758 333.337428676 -35.874362134 461.686340592 -461.686340963 -140.627789544 4.42569363436 211.964540549 -264.471640862 
162.264820564 461.686340963 -211.913941293 -74.9589914541 -461.686342242 -338.652703184 350.717236154 288.975045414 -92.0057531472 45.1886398963 
328.719016793 200.870970935 -80.4007013353 -243.729567774 -338.44635328 21.569226941 -121.570095878 457.20113898 95.7063863903 -461.686340963 
3.96043997524 -154.448553968 -461.686340963 -281.227529964 126.816454122 331.733620574 -57.9872509562 -334.62144675 461.686340963 208.303621828 
-174.011318443 87.5534103485 335.716783087 -224.288036811 461.686340963 -59.9003319429 -461.686340963 65.5762332177 215.460898473 -333.153291998 
461.686340479 12.8410799358 -461.686340958 -227.716907786 -140.752802974 135.310963731 -40.6171277369 209.974530948 332.536475298 -334.863500111 
59.4511517326 327.745882955 178.495647541 -54.41398578 210.444588083 -170.294133508 461.686340963 -207.865969582 -331.727547224 -461.686340963 
-439.957980606 216.810021889 85.4501959421 -189.117794844 461.686340963 -82.5522590998 335.359264409 -316.605973709 1.0903988976 211.492992546 
-224.712863248 -50.8410443423 -100.746379427 169.580196086 325.62404664 211.094620283 47.1393933993 -461.686340963 -332.961685592 461.686340963 
-242.954689461 -338.35048467 191.17353212 -461.686340963 -116.418283077 461.686340963 46.8848622253 -79.4512047183 331.643904771 185.284746733 
461.686340962 -461.222015488 -26.6120871234 102.895468559 339.883980162 32.0880389821 -154.294614015 -332.799360822 211.948541239 -215.373276921 
-163.522297491 461.686340963 10.7219362681 -38.3475481115 -332.887996575 132.497459936 252.106973267 330.78644322 -461.686340963 -233.950864491 
-93.9455745691 461.686340963 -336.890863359 330.973166074 299.872766968 -461.686340963 39.8971293433 47.0778445231 172.087716211 -219.515580317 
88.92101851 -461.686340963 -64.6248371613 338.923858316 -163.040051622 215.611511367 -210.158177432 -333.044374127 63.7312879692 461.686340963 
341.571816042 -144.082583033 -342.617482779 -263.448964306 -461.686340963 89.04813125 -4.41002597489 461.686340963 -115.043946676 209.354081226 
332.855870608 -330.850939947 199.620646972 461.686340963 -67.1116056388 179.080261093 51.6615400919 -115.088113313 -220.11963207 -461.686340963 
70.8006898516 -210.462770456 219.72152614 92.2122738777 -59.9854120038 461.686340963 -461.686340963 341.686600341 -333.46108894 -177.918073419 
-96.2501979096 -341.264186058 -0.768153549759 181.750609106 461.686340963 -461.686340963 242.289750658 332.722559896 55.2074332612 -213.850010773 
83.316573247 332.299128515 -287.806896185 209.806248346 -461.686340963 67.0462908752 -165.984874461 -54.7973191175 -344.201076671 461.686340963 
-342.705316118 203.189643992 336.537405769 -301.143608811 -175.865118417 83.867124613 -461.686340963 -60.4675937801 461.686340963 49.2724578592 
167.066680521 -96.1818651621 17.2559469383 -461.686340963 427.311787744 296.580212274 -312.71697857 -344.544562822 -198.677952844 142.604108369 
461.686389367 -78.8239897726 -222.866128621 282.857682405 44.6975608575 -98.0945500701 -331.714723969 -461.686325964 161.335672306 337.337441942 
336.105733182 461.686340963 -209.412725045 -54.3598006127 73.1918797679 -335.468399176 -104.569026096 99.7234099416 216.540266738 -461.686340963 
-66.3953816473 169.080412212 325.6551319 -461.686340963 -332.536416558 -223.410397731 -97.374858269 212.286786717 47.5009096248 461.686340963 
316.581803604 -461.686340963 -332.610043424 -51.3139217934 74.4106638406 186.110462628 -114.873579115 453.557413743 -203.29082344 246.620019042 
-50.5052760311 221.037061776 -461.469258434 -213.496501452 34.1744935936 461.686345061 340.500969846 -176.016921458 -334.194581604 113.042208516 
18.420072792 210.969116511 -91.1016486623 -339.592540235 -247.543203181 -461.686340963 -122.953444949 338.930765539 461.686340963 89.0402349458 
-461.686340963 331.53667383 -231.895566262 -125.191333623 -75.5161935938 -335.103153973 198.402518158 171.94362176 44.235780602 461.686340963 
165.936928943 -461.686340963 461.686340963 -153.339683748 -214.686561569 272.950789095 -336.568577985 51.5609559957 -74.1307137956 347.838316922 
-90.7720103187 -338.970728102 -82.6656957141 38.1793605857 155.77006121 346.421952713 274.985368421 -222.640276621 461.686340963 -461.686340963 
-56.4195662795 333.38179052 -331.44359878 461.686340963 209.587675429 84.709055085 -300.03415735 -29.896536533 -178.609980503 -461.686340963 
-49.0872043441 -217.475074464 -329.939543924 50.190189363 332.197441362 200.610841989 176.378609011 -461.686340963 -94.821514853 461.686340963 
116.763495198 -162.298508636 -331.182911504 239.785367225 -225.587022247 340.971394954 461.686340963 -40.6121940561 -461.686340963 33.2272386865 
176.668392357 461.686340963 327.758579383 -461.686340963 -249.639012014 -13.3920921206 213.568592935 -333.878038394 54.7908570552 -136.095935055 
87.6859276183 -183.741680271 -259.866292025 208.89468882 331.803450766 -461.68633563 -330.667981031 461.686420176 -56.4156484519 -19.877404321 
-331.312328071 243.261642427 -163.16051318 -42.0237282111 119.118198035 -224.811467489 342.355511167 461.686340963 32.1561362216 -461.686340963 
-28.2146305076 -280.928735521 -128.055962124 209.250723516 -345.856062318 456.943012517 336.276679809 -461.686340963 91.3298743203 -159.038839912 
249.753367823 -257.883919655 461.686340963 343.888806964 127.935072168 -461.686340963 -14.2577014323 -131.6108244 107.213854348 -340.588395599 
44.8343095651 -461.686340963 461.68634674 138.790146015 219.24622933 -81.8454884196 -113.885238046 -341.985850947 340.819528089 -226.754019168 
143.643685313 268.143390889 -247.800812588 -461.686340963 346.933296103 461.686340963 -100.698629201 15.3728685055 -123.630018867 -339.471829851 
-14.4269737847 461.68633835 -146.820733394 -230.758844858 333.466511584 211.959344051 123.796486122 -335.192307995 -35.8801205459 -461.686341066 
175.887795298 -184.317558776 -50.0991339017 461.686340963 -461.686340963 326.906116437 209.958659891 -333.937121238 56.5240399432 -193.14230417 
185.503416438 -260.149371625 461.686340963 -461.686340963 328.837148045 -173.662744846 67.0744559787 308.956376814 -333.661605858 -51.1792331017 
160.900887464 279.056300565 349.110324462 43.4081847212 -338.484371565 -54.6874478857 461.686340963 -211.91041833 -92.6381008206 -461.686340964 
-461.686340963 202.560692822 -108.158200375 461.686365431 -81.9128085981 43.4007092856 175.821389101 -234.503021186 332.505738622 -336.252958897 
-281.746878546 206.004977424 333.682883228 81.7060420109 -328.148464955 461.686340963 -192.217225037 -461.686340963 -64.2514781903 -46.8881434517 
-331.491876028 88.8134564285 -226.501605804 115.043654575 -161.720826952 235.934868737 -461.686340963 461.686340963 -38.3799035521 340.160502916 
32.0837539566 -331.337358034 119.138578472 461.686340963 -461.686340963 -163.177849139 -42.0271363021 -224.860566094 342.381406339 243.29230392 
257.84875593 -461.686340963 -143.840398613 -333.613011827 28.7115391196 -60.5237100868 344.93775455 461.686340963 134.049871693 -209.084943776 
-13.2016921894 106.41537755 342.096948514 -149.918398469 -26.7372454133 -342.962189711 222.919241815 -275.588560808 -461.686340963 461.686340963 
-60.7227127474 134.90568189 -209.224834809 -143.655751931 28.8640764375 -333.751791545 258.539454089 461.686340963 345.086047627 -461.686340963 
341.186246436 461.686340963 117.017113933 -331.12358596 -161.773506225 33.0515988555 -40.165781574 -461.686340963 -224.806811704 240.022256334 
-461.686341017 461.686340986 -21.2424694198 -261.017045792 -54.4508414878 98.0220298901 221.745506502 -182.850543564 332.909013051 -330.326586638 
-461.686340963 -106.28015219 -326.790363943 -206.916422736 -317.506089861 130.867189508 258.699449257 383.661768358 11.5077433937 455.305423041 
348.472594725 461.686340963 155.680896043 -335.574025938 -109.58675801 -461.686340963 -229.945556912 14.2316358785 275.257213292 32.3759861809 
-86.7249118911 -461.686340963 213.592690197 165.14369469 -80.0061789506 58.8110172718 332.136851319 -207.40477436 -336.486579991 461.686340963 
-332.55193297 329.336295973 170.294182687 -461.686340963 -172.159298374 461.686340963 -222.858931548 57.3650733099 -57.8411064729 209.5176157 
-206.649953363 333.839757058 -336.005954916 199.649490808 -66.7196563832 -79.6138790964 461.686340963 56.6772303288 186.056748202 -461.686340963 
-331.882287326 43.3289945687 328.718257899 268.53372692 461.686340963 -461.686340963 -215.276582065 -108.15245152 -67.827106447 161.299238263 
-181.300574698 335.20801669 209.809665798 -334.430282486 -461.686340963 -211.946110185 89.0976352732 -63.6709110353 63.2492310958 461.686340963 
-461.686340963 -84.7602878437 -70.6042784409 -337.065596598 461.686340621 56.9458664491 180.272379192 206.02976058 -209.135160342 334.274168738 
-461.686340963 45.5682682085 288.008412874 166.128772395 461.686340963 -303.046669551 349.028532879 -186.364630091 -343.56230578 -74.3897022787 
55.6763371806 -206.570737203 327.228947966 -66.0014566124 461.686340963 -336.052751424 212.729716564 -461.686340963 -80.5317935192 175.380730761 
344.78522241 -337.256443764 -214.08271151 -11.5709107017 72.5454761427 -90.0163808812 461.686340963 136.600034149 -461.686340963 254.312542912 
-331.577872576 223.013452174 -461.686393354 -46.1823318146 101.141907257 74.2216089665 336.469609416 461.686388981 -178.725950579 -221.255513953 
-461.686340963 187.42013062 -61.5726457531 461.686340963 204.614362546 -246.637562277 334.963524398 -336.6030202 -176.397615229 65.7626813672 
63.3768137658 333.553647444 88.1650367083 -64.1926405122 210.082006104 -163.764741196 -209.901508492 461.686340963 -332.848066635 -461.686340963 
175.836260537 43.4888771097 -81.844534824 -234.457781634 -335.876825421 202.616501725 -461.686340963 461.686331535 -108.000926426 332.510527937 
-335.777076266 335.999789922 461.686340963 209.085031748 10.7693805437 -143.503159666 -60.4693973744 -213.30200318 -461.686340963 109.083483723 
88.2977246485 317.540033928 247.758714498 -461.686340963 -342.938848815 -155.33334878 453.677150277 195.942253859 -276.645120532 -34.467096925 
296.758037005 -461.686340963 461.686340963 -73.0424876399 330.940631072 50.5337278468 -97.9758037274 172.012433575 -224.522784608 -332.73320698 
33.033817643 -331.115846527 240.039616784 -461.686340963 117.029240453 461.686340963 341.186966637 -161.761118868 -224.765929239 -40.1511647173 
-461.686340963 -115.552307106 461.686340963 27.515702605 211.469733364 -240.834771536 -87.562326413 -337.957157575 336.002877745 102.075587612 
179.210344194 -225.408783632 304.404532773 -332.912285857 -68.1847232905 51.6083549331 330.015278385 461.686340963 -461.686340963 -163.341566269 
